0 -0.1679907739162445 -0.4320344626903534
1 -0.05064844712615013 -0.5771335959434509
2 0.40683674812316895 -0.14977137744426727
3 -0.7909620404243469 -0.4666591286659241
4 -0.331450879573822 -0.2568003833293915
5 0.08192462474107742 -0.433369904756546
6 0.2859680652618408 0.002450616331771016
7 -0.6152679324150085 -0.363742858171463
8 0.23333418369293213 -0.11896374076604843
9 -0.24831949174404144 0.3357415795326233
10 -0.41168349981307983 -0.13609164953231812
11 0.2623431980609894 0.08810695260763168
12 -0.0014167595654726028 -0.5317283868789673
13 -0.4242187738418579 -0.37011557817459106
14 -0.2709060609340668 -0.05126895383000374
15 -0.23822949826717377 -0.4925321340560913
16 -0.34426626563072205 0.03860746696591377
17 0.3794197142124176 0.14506806433200836
18 -0.06953484565019608 0.10101862996816635
19 0.14688076078891754 -0.062265798449516296
20 -0.48035356402397156 -0.05220067873597145
21 -0.41107064485549927 -0.39234039187431335
22 -0.30848416686058044 0.49188971519470215
23 0.1672486662864685 0.07315633445978165
24 -0.45621249079704285 0.1803111732006073
25 0.41548556089401245 -0.06182084605097771
26 -0.028092704713344574 -0.2063583880662918
27 0.25762516260147095 0.4339626431465149
28 -0.31213217973709106 0.1534116268157959
29 -0.12608709931373596 -0.08224611729383469
30 -0.015980040654540062 0.31794047355651855
31 0.09088677167892456 -0.059909991919994354
32 -0.15020175278186798 -0.7743914127349854
33 0.45809394121170044 0.27563127875328064
34 -0.23593227565288544 0.2601737380027771
35 0.4335711896419525 -0.6353449821472168
36 -0.13925880193710327 0.01692197658121586
37 0.04118494689464569 -0.18672050535678864
38 -0.009380058385431767 0.053127456456422806
39 0.11660028994083405 -0.24751617014408112
40 0.224544957280159 -0.05277378112077713
41 -0.4035225510597229 0.19281958043575287
42 0.0857686772942543 -0.4009802043437958
43 0.5741028785705566 0.6807234287261963
44 -0.01926467940211296 -0.07697925716638565
45 0.0467381626367569 -0.3951147496700287
46 -0.30544254183769226 -0.3476475179195404
47 0.6195104718208313 0.564013659954071
48 0.01547271478921175 -0.031076405197381973
49 -0.37462902069091797 -0.14520661532878876
50 -0.17418614029884338 -0.03228003531694412
51 0.5854717493057251 0.1888606697320938
52 0.447868674993515 0.13076376914978027
53 -0.3143669664859772 0.2317240834236145
54 -0.12097415328025818 -0.25200802087783813
55 0.3329094648361206 -0.16505421698093414
56 0.017337961122393608 0.12042713165283203
57 -0.045351721346378326 -0.13544127345085144
58 -0.20580963790416718 0.1561419814825058
59 0.2179461270570755 0.35843154788017273
60 -0.22105053067207336 0.4120725095272064
61 0.3048124611377716 0.2189047634601593
62 -0.26839005947113037 0.27141866087913513
63 -0.1536787748336792 0.13899634778499603
64 0.24677875638008118 -0.20769107341766357
65 -0.04739129915833473 0.2808768153190613
66 -0.03404340520501137 -0.09425318241119385
67 -0.27617624402046204 0.1843418926000595
68 0.5990734696388245 0.06897825747728348
69 0.17801426351070404 0.610172688961029
70 -0.2437918484210968 0.06591156125068665
71 -0.8114469647407532 0.0937211886048317
72 0.08834217488765717 -0.03977153077721596
73 -0.058037616312503815 0.017212960869073868
74 -0.6284726858139038 -0.06832563132047653
75 0.07366789877414703 -0.1781710684299469
76 0.027246670797467232 0.05743207782506943
77 -0.277126669883728 -0.09204383194446564
78 0.18271200358867645 -0.15719106793403625
79 -0.10293224453926086 0.6741780042648315
80 -0.0008969084592536092 0.21647605299949646
81 0.16071471571922302 -0.047043342143297195
82 0.5937038064002991 -0.3545452356338501
83 0.35526400804519653 -0.023405438289046288
84 0.30629831552505493 0.5253710150718689
85 -0.19680817425251007 -0.46902385354042053
86 -0.3374392092227936 -0.03430207818746567
87 0.3391209542751312 0.30674245953559875
88 -0.13717515766620636 0.4836599826812744
89 -0.019489500671625137 -0.06347424536943436
90 0.10407594591379166 0.10400567203760147
91 -0.08712492883205414 0.31166204810142517
92 -0.2110547125339508 0.12965404987335205
93 -0.1478104293346405 0.29605868458747864
94 -0.18953469395637512 0.17184337973594666
95 -0.138957217335701 -0.01294636633247137
96 -0.11194160580635071 0.02824307791888714
97 0.08696151524782181 -0.21112196147441864
98 -0.28468388319015503 0.10254253447055817
99 -0.25277119874954224 -0.12475558370351791
100 0.5062606930732727 0.23742246627807617
101 0.19982115924358368 0.2741689383983612
102 0.19047142565250397 -0.13688886165618896
103 -0.37077417969703674 -0.1871149092912674
104 0.03492836281657219 0.1571553498506546
105 0.7592567205429077 0.06269238144159317
106 -0.7903094291687012 0.2944236397743225
107 -0.2892027795314789 -0.1972680240869522
108 0.03257300704717636 -0.1131233274936676
109 0.13514919579029083 0.20210278034210205
110 -0.0439707413315773 0.5691945552825928
111 -0.286598265171051 -0.4226953685283661
112 -0.1523667871952057 -0.048213377594947815
113 -0.30064067244529724 -0.20415648818016052
114 0.3516044318675995 -0.13858138024806976
115 0.30041199922561646 0.19336865842342377
116 -0.22338539361953735 0.13411001861095428
117 -0.42266222834587097 0.9040558934211731
118 -0.07047685235738754 -0.15917539596557617
119 0.4204626977443695 -0.5029820203781128
120 0.23843158781528473 0.1948619931936264
121 0.05738865211606026 0.4424610137939453
122 -0.2299579381942749 -0.2543068528175354
123 -0.024117479100823402 -0.3985712230205536
124 -0.7328259944915771 -0.2561008036136627
125 -0.24224449694156647 -0.10416676849126816
126 -0.3087935149669647 -0.05738724023103714
127 -0.01359231024980545 0.20529820024967194
128 0.7768175601959229 0.526337742805481
129 0.5561128258705139 -0.38646331429481506
130 0.3975405693054199 -0.0669373944401741
131 -0.1325865536928177 -0.07096149772405624
132 0.4584347605705261 0.09067903459072113
133 0.35299384593963623 0.04529827833175659
134 -0.029502656310796738 -0.27983179688453674
135 -0.2606648802757263 -0.4804976284503937
136 -0.17898106575012207 0.09802131354808807
137 0.6182712912559509 0.4291832149028778
138 0.04629674181342125 0.04995619133114815
139 -0.3670257031917572 0.2818281352519989
140 0.16768907010555267 0.051095712929964066
141 -0.16773472726345062 -0.17864608764648438
142 -0.07506442815065384 -0.039851244539022446
143 0.03713983669877052 0.23457442224025726
144 -0.2402564287185669 -0.6801780462265015
145 0.21320857107639313 -0.052879251539707184
146 -0.1380489468574524 -0.2839590609073639
147 0.17535392940044403 -0.39604511857032776
148 0.07295180857181549 0.17047889530658722
149 -0.16722631454467773 0.22310185432434082
150 -0.024135079234838486 0.1996743232011795
151 -0.3488626480102539 0.09403221309185028
152 0.20101913809776306 -0.16214708983898163
153 -0.047449175268411636 0.34825101494789124
154 -0.08514759689569473 -0.21721185743808746
155 0.27958327531814575 0.19755253195762634
156 0.17933224141597748 -0.2708490192890167
157 -0.0880260169506073 0.3934679627418518
158 -0.08336231857538223 -0.42649587988853455
159 -0.5782274007797241 0.6332904696464539
160 -0.3067267835140228 -0.38596999645233154
161 -0.035138219594955444 -0.17388789355754852
162 -0.24345757067203522 -0.008717477321624756
163 0.30696341395378113 0.36111244559288025
164 0.004054941236972809 0.25022390484809875
165 0.748261034488678 -0.21884001791477203
166 -0.5996101498603821 -0.22500313818454742
167 -0.49499091506004333 0.08840127289295197
168 -0.1279209405183792 0.3091402053833008
169 0.2669145166873932 -0.47009599208831787
170 -0.06172924488782883 -0.10028423368930817
171 0.5458312630653381 0.017868539318442345
172 0.04714733734726906 0.3191531002521515
173 -0.282249391078949 -0.3744889497756958
174 0.05890369415283203 -0.26120129227638245
175 0.14623649418354034 0.01332355197519064
176 0.03955826908349991 -0.5349351167678833
177 -0.14556600153446198 -0.0118491742759943
178 -0.03246990963816643 0.16339755058288574
179 -0.1152096688747406 0.17141544818878174
180 0.0382135808467865 -0.11573575437068939
181 0.2534211277961731 -0.06080927699804306
182 -0.465641587972641 0.4571636915206909
183 -0.16901704668998718 0.06908899545669556
184 0.028690408915281296 -0.019134797155857086
185 -0.27906811237335205 0.4184304475784302
186 0.10187333822250366 0.010883277282118797
187 0.31883296370506287 -0.25429368019104004
188 -0.14661000669002533 0.18079884350299835
189 0.03241640329360962 -0.47750821709632874
190 0.3110722601413727 -0.14627933502197266
191 -0.14982765913009644 0.5119319558143616
192 -0.04202340170741081 -0.08025535941123962
193 -0.254008948802948 0.1663239449262619
194 -0.7331106066703796 -0.21028107404708862
195 -0.11710016429424286 0.1746991127729416
196 0.04266684129834175 0.24186326563358307
197 -0.34063559770584106 0.17807747423648834
198 -0.8233454823493958 -0.17338275909423828
199 0.08387928456068039 0.19374777376651764
200 -0.0835861787199974 0.6435107588768005
201 0.0212489515542984 0.050079263746738434
202 0.42945441603660583 0.13649363815784454
203 -0.7781622409820557 0.06301330029964447
204 -0.10366618633270264 -0.23834872245788574
205 -0.059659671038389206 -0.10210483521223068
206 -0.10148593783378601 -0.2983406186103821
207 -0.3898065388202667 0.059959325939416885
208 0.1826484203338623 -0.07755570113658905
209 -0.16859547793865204 0.24183641374111176
210 0.2135748267173767 -0.29599735140800476
211 -0.2792028784751892 -0.11393897980451584
212 0.414341539144516 0.0513644702732563
213 0.43929335474967957 -0.052372246980667114
214 -0.06592537462711334 0.17134106159210205
215 -0.09547004103660583 0.2864491641521454
216 0.18851637840270996 0.11968046426773071
217 0.278921514749527 -0.7294847369194031
218 0.3520083427429199 0.2277904748916626
219 -0.05192658677697182 0.3263893723487854
220 0.31570202112197876 0.4273373484611511
221 0.036305684596300125 0.3762620687484741
222 -0.2537853419780731 0.11823582649230957
223 -0.052762217819690704 -0.1521984338760376
224 -0.18049770593643188 -0.02212691120803356
225 -0.099506676197052 0.9639711380004883
226 -0.11778901517391205 0.15754307806491852
227 0.044455647468566895 0.5241726636886597
228 0.41447797417640686 0.11038211733102798
229 0.21344803273677826 0.21300853788852692
230 -0.17445458471775055 -0.2347598671913147
231 0.28113067150115967 -0.42625969648361206
232 -0.04175027832388878 -0.2694413959980011
233 0.06438509374856949 -0.07744868844747543
234 0.2929629683494568 -0.18040096759796143
235 -0.01411620806902647 0.01290898211300373
236 -0.5267341136932373 -0.0738910511136055
237 -0.004200882278382778 0.2763586938381195
238 0.34607061743736267 0.09014151990413666
239 0.14825589954853058 -0.0031449287198483944
240 -0.009427592158317566 -0.0005896741058677435
241 -0.04386886581778526 0.29871028661727905
242 -0.10231398791074753 0.4156344532966614
243 -0.016144031658768654 0.09919384866952896
244 -0.15221050381660461 -0.30082225799560547
245 0.13999570906162262 -0.4938795864582062
246 0.23596304655075073 -0.7129285931587219
247 0.1873852014541626 0.05040429159998894
248 0.3249356150627136 -0.40392690896987915
249 0.08367296308279037 0.04165951535105705
250 -0.20384880900382996 -0.14938044548034668
251 0.15596303343772888 -0.21804870665073395
252 0.3832312822341919 0.08002340793609619
253 -0.11361511051654816 0.08679245412349701
254 -0.44680631160736084 0.4332534968852997
255 -0.09627721458673477 0.5812867283821106
256 0.2717146575450897 -0.13821165263652802
257 -0.2527333199977875 -0.13153348863124847
258 -0.22516553103923798 0.19135388731956482
259 -0.1599954217672348 -0.11272096633911133
260 -0.06116526573896408 -0.3021617531776428
261 -0.14108377695083618 -0.33718594908714294
262 0.2918294668197632 0.13582122325897217
263 0.2988092005252838 -0.28886324167251587
264 -0.3369252681732178 0.007062985561788082
265 0.04621400684118271 0.42515698075294495
266 0.4569362998008728 -0.20869724452495575
267 -0.058424629271030426 -0.4450167119503021
268 0.09748367220163345 -0.529028594493866
269 0.11264175921678543 -0.15357086062431335
270 0.5145849585533142 0.007114437874406576
271 -0.0915641263127327 0.07082294672727585
272 -0.19935527443885803 -0.21842654049396515
273 0.019876258447766304 -0.23110781610012054
274 0.018369441851973534 -0.19805939495563507
275 0.0983516052365303 0.029505547136068344
276 -0.09587562084197998 0.40277647972106934
277 -0.0628313198685646 0.1442413628101349
278 0.284416526556015 0.21662893891334534
279 -0.12642927467823029 -0.1829078644514084
280 0.11623350530862808 0.41999995708465576
281 -0.176174595952034 0.18027172982692719
282 0.21101199090480804 0.1438058465719223
283 0.35920944809913635 0.2541247606277466
284 0.3016844689846039 -0.4269958734512329
285 -0.13175426423549652 -0.09048157930374146
286 0.25751954317092896 0.2580356299877167
287 -0.5566830635070801 -0.20896291732788086
288 0.094709113240242 -0.24632962048053741
289 0.15535755455493927 0.03126544877886772
290 0.43810322880744934 -0.28498294949531555
291 0.1698058545589447 -0.21009910106658936
292 -0.2736417353153229 0.41344571113586426
293 -0.07669637352228165 0.3378222584724426
294 0.3146668076515198 0.131062850356102
295 -0.07248662412166595 -0.2417094111442566
296 0.19782449305057526 0.10766974091529846
297 0.26025235652923584 -0.21670331060886383
298 0.34205442667007446 -0.22849969565868378
299 -0.5705232620239258 0.041646283119916916
300 0.3026726543903351 0.30982840061187744
301 -0.3288583755493164 0.14533232152462006
302 0.7439751625061035 0.7008220553398132
303 -0.03986447677016258 0.2102447748184204
304 0.18154242634773254 0.2323298156261444
305 -0.2463558316230774 -0.21514569222927094
306 0.002838144078850746 0.08840050548315048
307 0.38857996463775635 -0.14607153832912445
308 -0.32837989926338196 0.11182855069637299
309 -0.39767706394195557 -0.008519249968230724
310 0.1587538868188858 -0.5821910500526428
311 0.10846291482448578 0.12068407237529755
312 -0.34277135133743286 -0.38819533586502075
313 0.27736717462539673 0.24643175303936005
314 0.1500309556722641 0.3104608654975891
315 -0.07299279421567917 -0.6375240683555603
316 -0.6465350389480591 -0.1182376891374588
317 -0.13043315708637238 0.12627698481082916
318 0.1673838198184967 0.08751637488603592
319 0.17801761627197266 0.45340803265571594
320 -0.4038643538951874 -0.3254389762878418
321 0.26822927594184875 0.14389847218990326
322 -0.13461990654468536 0.465570330619812
323 -0.10138515383005142 -0.30399090051651
324 -0.3360268175601959 0.6242935061454773
325 0.07193305343389511 -0.1374664008617401
326 -0.3278370499610901 0.3039039075374603
327 0.15741999447345734 -0.2654213309288025
328 0.49056172370910645 0.09829431027173996
329 -0.24287238717079163 0.18767233192920685
330 -0.4060695767402649 0.4073941707611084
331 -0.2769317328929901 0.27956244349479675
332 -0.05295601487159729 -0.34278231859207153
333 0.3571254014968872 -0.22398065030574799
334 -0.000577983446419239 0.07612821459770203
335 -0.597791314125061 0.058663710951805115
336 0.239252507686615 0.013965770602226257
337 -0.2655088007450104 0.13198024034500122
338 -0.18368227779865265 0.13956892490386963
339 -0.07400680333375931 0.12370528280735016
340 0.23493991792201996 0.3499036431312561
341 -0.04927562549710274 -0.008289353922009468
342 0.263597697019577 -0.09218277037143707
343 -0.08224926143884659 -0.18829528987407684
344 -0.19933728873729706 -0.08064031600952148
345 0.47414323687553406 -0.06711609661579132
346 -0.43953391909599304 -0.42533162236213684
347 -0.08892215043306351 -0.37747007608413696
348 -0.1505892127752304 -0.12442085891962051
349 -0.15672408044338226 -0.0033488094341009855
350 -0.38606807589530945 -0.1079249456524849
351 -0.1190950945019722 -0.09140777587890625
352 -0.36768263578414917 -0.22429655492305756
353 -0.3147298991680145 0.06389511376619339
354 0.03440601006150246 -0.7506893873214722
355 -0.2508152723312378 0.38443541526794434
356 -0.5718380808830261 0.09040307998657227
357 0.5526542663574219 -0.12630851566791534
358 -0.3745160400867462 0.4670151174068451
359 0.1299523562192917 -0.012540146708488464
360 0.1008097380399704 -0.01126772165298462
361 0.05070580914616585 0.7031781673431396
362 -0.6765716075897217 0.19194214046001434
363 -0.06261593848466873 0.29561007022857666
364 -0.4276682436466217 0.3679811954498291
365 -0.21706630289554596 0.12593974173069
366 0.17987284064292908 -0.00944390706717968
367 0.12408067286014557 -0.11447983980178833
368 0.30571532249450684 -0.07286875694990158
369 -0.0951661467552185 -0.3619843125343323
370 -0.36773428320884705 0.4268598258495331
371 -0.0552879236638546 -0.3960351049900055
372 -0.1096380203962326 0.30932196974754333
373 0.7099114060401917 0.047362782061100006
374 0.0972980335354805 0.1008685752749443
375 0.12866677343845367 -0.06250597536563873
376 0.14412496984004974 -0.3209676742553711
377 0.19066977500915527 -0.02004937082529068
378 0.23562993109226227 -0.4289977550506592
379 0.17610713839530945 -0.10576531291007996
380 0.17845311760902405 0.23429487645626068
381 -0.12518100440502167 0.3477458655834198
382 -0.20883052051067352 0.044999588280916214
383 -0.42544353008270264 -0.22664625942707062
384 -0.1100204735994339 0.27009913325309753
385 0.0046454500406980515 0.18253806233406067
386 -0.12296561896800995 -0.42392727732658386
387 -0.3267582356929779 -0.6451635956764221
388 0.17998948693275452 0.14283834397792816
389 0.05449423938989639 -0.24210818111896515
390 -0.06581912934780121 0.045380111783742905
391 -0.45255300402641296 0.3153385818004608
392 -0.20493412017822266 0.476435124874115
393 -0.04490702599287033 0.142365962266922
394 -0.10942341387271881 -0.21044686436653137
395 0.08928269892930984 0.04979997128248215
396 -0.4064844846725464 0.11107687652111053
397 -0.08262471854686737 -0.07357296347618103
398 -0.456818163394928 0.1352030336856842
399 0.11011746525764465 -0.8732014894485474
400 -0.2701641619205475 0.18048255145549774
401 0.04301602020859718 -0.20822717249393463
402 -0.28146687150001526 -0.041980814188718796
403 0.4157589375972748 -0.19061589241027832
404 -0.9013188481330872 -0.11249588429927826
405 -0.18587234616279602 0.1569882184267044
406 -0.002644733525812626 -0.11033651232719421
407 0.22252631187438965 -0.012340504676103592
408 0.1452571600675583 -0.2125275433063507
409 0.08999942988157272 -0.34594017267227173
410 -0.48062828183174133 -0.035230718553066254
411 0.23925507068634033 -0.1555972695350647
412 -0.26145070791244507 0.1261996477842331
413 0.028812197968363762 -0.19025918841362
414 -0.47726476192474365 -0.34820443391799927
415 -0.34725889563560486 0.23939138650894165
416 -0.05085688829421997 -0.22960670292377472
417 -0.5398659110069275 -0.3796927034854889
418 0.5288938879966736 0.0954929068684578
419 -0.12813112139701843 -0.11708185076713562
420 0.26258766651153564 -0.2937556207180023
421 -0.29513266682624817 0.4310678541660309
422 -0.15527500212192535 0.4631373882293701
423 -0.5717514157295227 -0.08131664246320724
424 0.29054439067840576 0.009543021209537983
425 0.17684237658977509 -0.32738539576530457
426 0.04781447723507881 0.17813464999198914
427 -0.04838777333498001 -0.4751661717891693
428 0.19257022440433502 0.0344211682677269
429 0.13183251023292542 -0.11218884587287903
430 0.11245792359113693 0.21641889214515686
431 -0.2960488498210907 -0.14802972972393036
432 0.03230412304401398 0.12060531973838806
433 0.06809220463037491 0.36599093675613403
434 0.06357432156801224 -0.2519204020500183
435 -0.117076076567173 0.2161853313446045
436 0.07658890634775162 0.1975918412208557
437 0.16098244488239288 -0.21642857789993286
438 0.44260311126708984 -0.04154273495078087
439 0.3214586079120636 0.05965922027826309
440 -0.007779459003359079 -0.17534692585468292
441 0.431004136800766 0.053051017224788666
442 -0.6346249580383301 0.6243790984153748
443 -0.4330848157405853 0.08434755355119705
444 0.5064877867698669 -0.2453976422548294
445 0.28763753175735474 0.3210580348968506
446 0.35035213828086853 -0.33785346150398254
447 0.06597837060689926 -0.010923552326858044
448 -0.22508317232131958 0.2830592691898346
449 0.009729879908263683 0.3311481475830078
450 0.00023965949367266148 0.4763915538787842
451 0.38818955421447754 0.1451970487833023
452 0.580251157283783 0.07897715270519257
453 -0.4110092222690582 -0.2860628664493561
454 -0.3651238977909088 -0.3155210614204407
455 0.12082166224718094 -0.19066418707370758
456 0.29770296812057495 -0.10817642509937286
457 0.10491780191659927 0.36075326800346375
458 -0.1519966721534729 0.06741786748170853
459 -0.14021854102611542 0.2201933115720749
460 -0.037002310156822205 -0.34878915548324585
461 0.16557548940181732 0.03923773765563965
462 0.18859924376010895 0.0468268059194088
463 -0.2754592001438141 0.9620073437690735
464 -0.18176120519638062 -0.32957735657691956
465 -0.058877162635326385 0.07755885273218155
466 -0.16924694180488586 0.16716234385967255
467 -0.08687351644039154 -0.4828927516937256
468 0.1433103382587433 0.17691367864608765
469 -0.3295144736766815 -0.3035067021846771
470 0.27989646792411804 -0.4070943295955658
471 0.04408758506178856 -0.36769798398017883
472 -0.5017611980438232 0.615813672542572
473 -0.17369410395622253 0.4069216549396515
474 0.06573594361543655 -0.07183117419481277
475 -0.5155423879623413 -0.21483710408210754
476 0.04246039316058159 -0.1992107480764389
477 -0.2797739803791046 -0.257938951253891
478 -0.07504495978355408 0.02899513766169548
479 0.352988064289093 0.11768649518489838
480 0.48757404088974 0.035627108067274094
481 0.4474673569202423 -0.4024609327316284
482 0.27162614464759827 -0.11631868034601212
483 0.049744728952646255 0.08809448778629303
484 0.0543271005153656 -0.10193140804767609
485 -0.34485846757888794 -0.15640167891979218
486 -0.10971927642822266 -0.2778142988681793
487 0.03178806230425835 0.47307756543159485
488 0.45411112904548645 -0.05698487535119057
489 0.17671211063861847 0.31821951270103455
490 0.22800077497959137 0.12558285892009735
491 0.38506826758384705 -0.19809338450431824
492 -0.07724153250455856 -0.5084090232849121
493 0.1594170480966568 -0.34073716402053833
494 0.567410409450531 0.4579658508300781
495 -0.16868649423122406 -0.40666624903678894
496 -0.2832772731781006 -0.6161213517189026
497 0.010938648134469986 -0.11709611117839813
498 -0.3602124750614166 -0.32261747121810913
499 -0.17390382289886475 -0.3990185558795929
500 0.2635533809661865 -0.620583176612854
501 -0.24890343844890594 -0.00965485442429781
502 0.21503771841526031 0.05413799360394478
503 -0.2453751564025879 -0.17234286665916443
504 0.22696930170059204 -0.044526178389787674
505 0.39924484491348267 -0.23691487312316895
506 0.12068162858486176 -0.37595850229263306
507 -0.18130847811698914 0.5229240655899048
508 -0.1718309074640274 0.14343996345996857
509 -0.24667443335056305 -0.02785169705748558
510 -0.030920187011361122 -0.18308083713054657
511 -0.26708537340164185 0.01660517230629921
512 -0.19664829969406128 -0.0017686369828879833
513 0.11603039503097534 0.10274898260831833
514 0.1995142549276352 0.011903965845704079
515 0.1214587390422821 -0.33811941742897034
516 -0.16428102552890778 -0.1356515735387802
517 0.46481621265411377 0.02994786575436592
518 0.34142839908599854 0.10977663844823837
519 0.18192718923091888 -0.11529863625764847
520 0.6831201314926147 -0.10085920244455338
521 0.1550162136554718 -0.1463235318660736
522 -0.296461820602417 0.3287627398967743
523 -0.12062934041023254 0.1002248153090477
524 -0.00824406836181879 0.23558355867862701
525 0.33902934193611145 0.3777911067008972
526 0.2721919119358063 -0.11476587504148483
527 0.06176033616065979 0.12624049186706543
528 -0.1939968764781952 0.19367210566997528
529 0.20832480490207672 -0.2731403410434723
530 -0.5233328342437744 0.1394796371459961
531 -0.16478604078292847 0.2457134872674942
532 -0.0078614866361022 -0.09047329425811768
533 -0.15541234612464905 -0.0452452190220356
534 -0.34380364418029785 -0.09441523998975754
535 -0.09645732492208481 0.20997537672519684
536 -0.015533802099525928 -0.35851627588272095
537 -0.17904233932495117 -0.08362548798322678
538 0.2243797481060028 -0.014226499013602734
539 -0.4087223410606384 0.2763305604457855
540 0.023746909573674202 -0.33726057410240173
541 0.656888484954834 0.5753089785575867
542 0.2245148867368698 0.25875723361968994
543 0.10224165767431259 0.09994128346443176
544 0.35849863290786743 -0.2893916368484497
545 0.5744755864143372 -0.4858463406562805
546 -0.014386828057467937 0.3600316345691681
547 -0.21749526262283325 0.1214945837855339
548 -0.38525551557540894 -0.016469765454530716
549 0.08893287926912308 0.5561422109603882
550 -0.14775441586971283 -0.1978309154510498
551 0.025037255138158798 -0.06276760250329971
552 -0.20442165434360504 -0.21117322146892548
553 -0.4491732120513916 -0.12966972589492798
554 -0.3202153444290161 -0.194937601685524
555 0.11332187801599503 0.5097181797027588
556 0.01719844341278076 0.5667886137962341
557 -0.18287131190299988 0.04955960437655449
558 0.029624251648783684 0.47999307513237
559 0.3306983709335327 0.07008938491344452
560 -0.3687647879123688 -0.2556132674217224
561 0.17048197984695435 0.240506112575531
562 -0.30910980701446533 -0.3951408863067627
563 -0.511506199836731 -0.043175000697374344
564 -0.3596470057964325 0.14767174422740936
565 0.0920271947979927 -0.03129531815648079
566 -0.1554955244064331 0.10741768777370453
567 0.36659911274909973 -0.3156963586807251
568 -0.09499900788068771 0.09968036413192749
569 -0.04994526877999306 0.4907791018486023
570 0.9735838770866394 0.09580405801534653
571 0.12600500881671906 0.37173929810523987
572 -0.5785300731658936 0.23847231268882751
573 -0.3320619463920593 0.37952402234077454
574 0.16694046556949615 0.2364305555820465
575 -0.37686413526535034 0.15637657046318054
576 0.15518154203891754 -0.6173319220542908
577 0.12326180934906006 -0.5538640022277832
578 -0.8991410136222839 0.10265866667032242
579 0.5537570714950562 0.7264662981033325
580 -0.24656009674072266 0.5239455103874207
581 -0.29704776406288147 -0.4455167353153229
582 0.13271895051002502 0.11702924966812134
583 -0.4979234039783478 0.07193034887313843
584 0.5644002556800842 -0.19853505492210388
585 0.10989059507846832 -0.4218146502971649
586 -0.5814929008483887 0.666218101978302
587 0.03981122747063637 -0.05530545860528946
588 -0.030731720849871635 -0.3043479025363922
589 -0.14766018092632294 -0.3788478970527649
590 -0.13206999003887177 0.04102500528097153
591 -0.11218248307704926 -0.015549475327134132
592 -0.15843091905117035 0.3353377878665924
593 -0.17157435417175293 0.5445399284362793
594 -0.5900275707244873 -0.27138397097587585
595 0.31112197041511536 -0.34538692235946655
596 -0.1287313848733902 0.009220435284078121
597 0.23270943760871887 -0.08995144814252853
598 -0.08633638918399811 0.10409071296453476
599 -0.3460431396961212 0.011201110668480396
600 0.22859905660152435 0.14863938093185425
601 -0.21688157320022583 -0.8188803195953369
602 -0.026909053325653076 -0.03265554830431938
603 0.10502353310585022 0.6520761847496033
604 0.24115218222141266 0.2762399911880493
605 -0.10866326093673706 -0.08105244487524033
606 -0.7446038126945496 0.0878339558839798
607 -0.12203293293714523 -0.32151371240615845
608 0.26750561594963074 0.2954903244972229
609 -0.25946953892707825 0.4550597369670868
610 -0.009165514260530472 0.35180357098579407
611 -0.22279077768325806 0.003386450931429863
612 -0.4625316560268402 -0.08460423350334167
613 -0.555593729019165 -0.5406436324119568
614 0.1419219672679901 0.026451703161001205
615 0.051055245101451874 0.03965243697166443
616 -0.19124989211559296 0.08236951380968094
617 0.13465292751789093 -0.08308553695678711
618 -0.01818675734102726 -0.17266608774662018
619 0.41706252098083496 -0.2548445165157318
620 -0.043246496468782425 0.14293521642684937
621 0.1869731992483139 -0.3758195638656616
622 -0.32214611768722534 -0.49665567278862
623 0.4658636450767517 -0.4270750880241394
624 -0.13317976891994476 0.1657639443874359
625 -0.2775414288043976 0.6829907894134521
626 -0.2862062454223633 0.25281500816345215
627 -0.0885930135846138 -0.11969061940908432
628 0.2682052552700043 -0.7604062557220459
629 0.4780634641647339 0.38020479679107666
630 -0.23538024723529816 0.2009861171245575
631 -0.19438087940216064 0.14292223751544952
632 0.5295540690422058 -0.033674824982881546
633 0.07753482460975647 0.1654605120420456
634 0.2458423376083374 0.045085277408361435
635 -0.1267787218093872 0.28528112173080444
636 -0.2127474844455719 -0.14190103113651276
637 0.1790163367986679 0.3499033749103546
638 0.14077140390872955 -0.21932846307754517
639 -0.167831152677536 0.2543715536594391
640 -0.06071414798498154 0.14068879187107086
641 -0.37439706921577454 -0.3549959659576416
642 0.26308804750442505 0.0015939187724143267
643 0.2737160623073578 -0.06787502765655518
644 -0.1498241275548935 0.2318490743637085
645 0.14845477044582367 0.17855140566825867
646 -0.8940077424049377 -0.10317710787057877
647 0.11705108731985092 0.02578558959066868
648 -0.8904193639755249 0.3354978561401367
649 -0.0806005522608757 -0.07431133836507797
650 0.46720653772354126 0.21553681790828705
651 -0.14235812425613403 -0.3694450259208679
652 0.10589069873094559 0.2732703983783722
653 0.58861243724823 0.5842140316963196
654 0.062103476375341415 0.3888430595397949
655 0.40256306529045105 -0.025960693135857582
656 -0.1746678352355957 0.19854135811328888
657 -0.2524278163909912 0.1449805647134781
658 0.1185726746916771 -0.09175875782966614
659 0.12996558845043182 -0.1265542209148407
660 0.2721697986125946 0.29397451877593994
661 0.44535234570503235 -0.14729565382003784
662 -0.4636194109916687 -0.10817308723926544
663 0.2523309290409088 0.11158394813537598
664 0.10934600979089737 0.21731187403202057
665 0.054448120296001434 -0.32402053475379944
666 0.15692231059074402 0.6446244120597839
667 -0.014102590270340443 -0.049022410064935684
668 0.4190659821033478 0.08808716386556625
669 -0.21789678931236267 -0.32638078927993774
670 -0.032625552266836166 -0.3099330961704254
671 -0.05972782149910927 -0.36061322689056396
672 -0.12655389308929443 -0.31622952222824097
673 -0.012818089686334133 -0.705176055431366
674 -0.07659385353326797 0.3263499438762665
675 0.4743053615093231 0.2079598307609558
676 -0.2925916910171509 0.009524008259177208
677 0.24053052067756653 0.05010483041405678
678 -0.2542354464530945 0.09864605963230133
679 0.15739275515079498 0.3441375494003296
680 0.30548369884490967 0.28900274634361267
681 0.23602303862571716 -0.36136552691459656
682 0.1094333678483963 0.3007672131061554
683 0.10426338016986847 0.301471471786499
684 0.005175964441150427 0.09519871324300766
685 0.04990891367197037 -0.06488387286663055
686 0.3912622630596161 0.00919114425778389
687 0.1750296652317047 -0.23830421268939972
688 -0.08255168050527573 0.36058855056762695
689 -0.06585060805082321 0.2726267874240875
690 0.4196925461292267 -0.1932760328054428
691 0.06535811722278595 -0.1992260366678238
692 -0.008725250139832497 0.21982088685035706
693 -0.1867397129535675 -0.06704568862915039
694 0.2808040976524353 -0.560107946395874
695 0.3642144799232483 0.020004084333777428
696 -0.454273521900177 -0.25997692346572876
697 0.3029578626155853 0.06138880178332329
698 0.24255365133285522 -0.4321361482143402
699 -0.07769066095352173 -0.5011520385742188
700 0.609780490398407 -0.09967085719108582
701 -0.42468708753585815 -0.015682119876146317
702 0.022862527519464493 0.3438752293586731
703 -0.08703956007957458 0.26623234152793884
704 0.11926203966140747 0.4746858775615692
705 0.2511768937110901 -0.48221367597579956
706 -0.5399868488311768 0.04534555599093437
707 -0.3233289122581482 -0.29961350560188293
708 -0.008320250548422337 0.2650695741176605
709 -0.1427401304244995 -0.05199898034334183
710 -0.10512001067399979 0.14636868238449097
711 0.08238158375024796 -0.06612636893987656
712 -0.03387260437011719 0.501900315284729
713 0.2917298972606659 -0.2996632754802704
714 -0.01713690720498562 -0.284070760011673
715 -0.4397842288017273 0.14454853534698486
716 -0.18505233526229858 -0.39710891246795654
717 0.2339179515838623 -0.49667707085609436
718 -0.5403314828872681 0.11520896106958389
719 0.15115056931972504 0.1536143571138382
720 0.3280409872531891 -0.31253132224082947
721 -0.2692224681377411 0.009917252697050571
722 0.49328914284706116 0.28849953413009644
723 0.16374917328357697 0.1327448934316635
724 -0.596199631690979 -0.1876295506954193
725 -0.26841098070144653 0.16803772747516632
726 0.03151313588023186 -0.41568639874458313
727 -0.27877146005630493 -0.017724139615893364
728 0.31980249285697937 0.43479421734809875
729 0.003957689739763737 -0.2844221293926239
730 -0.30507317185401917 -0.24688197672367096
731 0.0499393604695797 -0.08207704871892929
732 -0.09294606745243073 0.14781807363033295
733 -0.26484107971191406 0.18928050994873047
734 -0.21333028376102448 -0.37388867139816284
735 0.7851225733757019 -0.2998323440551758
736 -0.48847854137420654 -0.2716667354106903
737 0.07439002394676208 0.7760096192359924
738 0.15193012356758118 -0.03285088762640953
739 0.08064918220043182 0.32129672169685364
740 0.23629604279994965 0.11436736583709717
741 -0.3910408616065979 0.007208670023828745
742 0.054501306265592575 -0.06709868460893631
743 -0.2844995856285095 -0.11448626220226288
744 0.2921067178249359 -0.06718334555625916
745 -0.2789396345615387 -0.07347378134727478
746 -0.3675360381603241 -0.22773651778697968
747 0.05717231333255768 -0.30308660864830017
748 -0.5574015974998474 -0.24076028168201447
749 -0.129896342754364 -0.10044045746326447
750 0.6932439208030701 0.24920424818992615
751 -0.21631328761577606 -0.28042635321617126
752 0.06233729049563408 -0.011597181670367718
753 0.006225044839084148 0.2561438977718353
754 -0.3010560870170593 -0.04005037248134613
755 0.2756495177745819 0.3118402361869812
756 -0.21144653856754303 -0.5269142389297485
757 0.09724625945091248 -0.5117990374565125
758 -0.6068407297134399 0.3710658848285675
759 0.4652291238307953 -0.29974400997161865
760 0.12876710295677185 -0.18705497682094574
761 -0.41748422384262085 0.3243482708930969
762 -0.2359013855457306 0.3606705069541931
763 -0.07394628971815109 -0.03554116189479828
764 -0.03535815700888634 0.04578350856900215
765 -0.003597269067540765 0.08887326717376709
766 -0.29587066173553467 0.19361570477485657
767 0.3462713062763214 0.1392698585987091
768 0.09599792212247849 -0.22169820964336395
769 0.01566336303949356 0.30225205421447754
770 -0.06850221008062363 0.45490726828575134
771 -0.3891551196575165 0.4888891875743866
772 0.03116331435739994 0.027558721601963043
773 0.18272267282009125 -0.06181776151061058
774 -0.4264550805091858 0.5509429574012756
775 -0.08382449299097061 0.19765503704547882
776 0.12318947911262512 0.13521677255630493
777 -0.08263839781284332 -0.059417568147182465
778 0.047830794006586075 -0.15064747631549835
779 0.05673744156956673 0.23536117374897003
780 -0.5024216771125793 0.06998751312494278
781 0.15286602079868317 0.056902654469013214
782 0.04196912422776222 0.3055680990219116
783 0.25111356377601624 -0.1515825390815735
784 -0.15079227089881897 0.9658149480819702
785 -0.1388004869222641 0.8629465699195862
786 0.2149544656276703 0.24708862602710724
787 -0.01476240810006857 -0.22555941343307495
788 -0.07688245922327042 -0.02124194987118244
789 -0.13834236562252045 -0.3490074872970581
790 -0.24571771919727325 0.09127525985240936
791 -0.359005868434906 -0.2973085045814514
792 0.21111375093460083 -0.3250350058078766
793 -0.22610032558441162 0.02186676114797592
794 -0.06633049994707108 -0.22333143651485443
795 0.20717179775238037 0.07842781394720078
796 0.10551248490810394 0.04646298289299011
797 -0.008859500288963318 0.08411900699138641
798 -0.47638165950775146 -0.11131441593170166
799 0.32761576771736145 -0.14385023713111877
800 -0.3338228166103363 0.04277629777789116
801 -0.2652067244052887 0.5004675984382629
802 0.01699070818722248 -0.23153483867645264
803 -0.14210490882396698 0.5206508040428162
804 -0.10534502565860748 0.08454179763793945
805 -0.0959794819355011 0.20843425393104553
806 0.15279394388198853 0.46582189202308655
807 0.31289175152778625 0.22091518342494965
808 0.24937228858470917 -0.0734485387802124
809 -0.29221129417419434 -0.005459624342620373
810 0.36431801319122314 -0.27557122707366943
811 -0.322404146194458 0.028330694884061813
812 -0.36796823143959045 0.2442590892314911
813 0.1249285638332367 0.2773667871952057
814 0.16584886610507965 -0.09708599001169205
815 0.3897189795970917 0.04438319057226181
816 -0.021768739446997643 0.37868010997772217
817 0.32577428221702576 0.3440987467765808
818 -0.01577802188694477 -0.025459276512265205
819 0.3244113326072693 0.5321725606918335
820 -0.5338989496231079 -0.0066764215007424355
821 0.128780335187912 0.2139849066734314
822 -0.4323028326034546 0.06984002888202667
823 0.07057525962591171 0.09657937288284302
824 -0.03830331563949585 0.002558209467679262
825 0.3607497811317444 -0.3815918266773224
826 -0.08435365557670593 0.7832353711128235
827 0.6994180083274841 -0.18313203752040863
828 -0.06992719322443008 -0.23562543094158173
829 -0.008621960878372192 -0.24851945042610168
830 -0.41562655568122864 -0.2161998450756073
831 0.38980889320373535 -0.45413264632225037
832 0.0035251337103545666 0.020110970363020897
833 -0.09717316180467606 -0.15122707188129425
834 0.7325804233551025 -0.3715643286705017
835 -0.14305320382118225 -0.20376254618167877
836 0.10857506841421127 0.47151678800582886
837 0.01504889503121376 0.3582412898540497
838 0.423705130815506 -0.16713041067123413
839 0.2916751801967621 -0.22803957760334015
840 0.6673317551612854 -0.028740575537085533
841 0.09852131456136703 0.209633007645607
842 -0.07678321748971939 -0.34685570001602173
843 -0.04317564517259598 -0.0916581004858017
844 -0.19768477976322174 -0.2738165855407715
845 0.012398958206176758 0.007603263482451439
846 -0.017884213477373123 0.06074722856283188
847 -0.3858916759490967 -0.19481484591960907
848 -0.5274139642715454 -0.13309445977210999
849 0.25269657373428345 -0.15917213261127472
850 0.11494392901659012 0.4355628490447998
851 -0.4773487150669098 -0.45026764273643494
852 -0.027805190533399582 -0.23179370164871216
853 0.11467646062374115 0.5059948563575745
854 0.22058424353599548 -0.23377946019172668
855 0.20242780447006226 -0.19991333782672882
856 0.229952871799469 -0.19243545830249786
857 0.154368594288826 -0.08543189615011215
858 -0.06053859367966652 -0.12286252528429031
859 0.09237495809793472 -0.4239223301410675
860 0.020280679687857628 -0.311442494392395
861 -0.37187349796295166 -0.6306413412094116
862 -0.27412402629852295 -0.3597773313522339
863 -0.11867943406105042 0.07322480529546738
864 -0.442755788564682 0.2563766837120056
865 -0.08808838576078415 -0.38191619515419006
866 -0.13594231009483337 -0.08191890269517899
867 0.2329948991537094 -0.1585622876882553
868 -0.4554607570171356 0.03182467445731163
869 -0.5805732607841492 0.5512369871139526
870 -0.026713136583566666 -0.1114373654127121
871 0.2073844075202942 0.05357106029987335
872 -0.1296830177307129 0.04265810549259186
873 0.46286579966545105 -0.13692624866962433
874 0.1298648715019226 -0.18731698393821716
875 0.32951170206069946 0.16140319406986237
876 -0.11456404626369476 -0.04060111939907074
877 -0.07928869128227234 0.5347248315811157
878 0.38853269815444946 0.279766708612442
879 0.004948637913912535 -0.14018218219280243
880 0.09628761559724808 -0.039858438074588776
881 0.268611341714859 0.7170009613037109
882 -0.417812317609787 -0.47588109970092773
883 -0.19683124125003815 -0.39659368991851807
884 0.243772953748703 -0.2674051523208618
885 0.13842928409576416 0.09799523651599884
886 0.1293562650680542 0.06990670412778854
887 -0.056119441986083984 -0.02817518264055252
888 0.38092973828315735 -0.1851631999015808
889 -0.013389842584729195 0.1531544327735901
890 0.061083175241947174 -0.2354087084531784
891 0.2246667444705963 -0.36538636684417725
892 -0.25432053208351135 -0.157500222325325
893 0.02948666177690029 0.5288683176040649
894 0.05080974102020264 0.19960354268550873
895 0.14073054492473602 0.3464047610759735
896 -0.13485410809516907 0.2767208516597748
897 0.17604675889015198 0.08577048033475876
898 -0.10371160507202148 -0.17944574356079102
899 -0.2827865183353424 0.15271146595478058
900 -0.21919375658035278 -0.33445069193840027
901 0.11643610149621964 0.13279910385608673
902 0.17814171314239502 0.15746071934700012
903 0.01581919752061367 -0.45727333426475525
904 -0.061913277953863144 0.4004099369049072
905 0.0746576264500618 0.4329054653644562
906 0.17035377025604248 0.31114187836647034
907 -0.1753155142068863 0.8099486231803894
908 0.2229020893573761 -0.24287168681621552
909 -0.2907947897911072 0.2519260048866272
910 0.1219131350517273 -0.21435490250587463
911 -0.06322000175714493 -0.28125065565109253
912 -0.5247262120246887 0.03654861822724342
913 0.10768156498670578 0.24394048750400543
914 -0.10427038371562958 0.15051695704460144
915 -0.39787811040878296 0.41272205114364624
916 0.18587414920330048 0.5745188593864441
917 -0.2099817395210266 -0.05038951709866524
918 0.04778660088777542 -0.02076590806245804
919 -0.04603125900030136 -0.7217702865600586
920 -0.36897483468055725 -0.5672820210456848
921 0.22004583477973938 -0.11200256645679474
922 -0.03322010859847069 0.06770461052656174
923 -0.29731035232543945 0.017087960615754128
924 -0.14228592813014984 -0.8789737224578857
925 -0.14609433710575104 0.030739622190594673
926 -0.33103689551353455 -0.3881433606147766
927 -0.25247251987457275 0.3852316737174988
928 -0.17014077305793762 -0.2337413728237152
929 0.09012867510318756 0.006133446004241705
930 0.0020560871344059706 -0.06312641501426697
931 0.24060669541358948 0.022007692605257034
932 -0.1563035398721695 -0.29286912083625793
933 -0.282817542552948 0.4190111458301544
934 0.07635290920734406 -0.014994937926530838
935 -0.11475186794996262 0.32944026589393616
936 0.19105055928230286 -0.5044237375259399
937 -0.018088992685079575 -0.4595813453197479
938 -0.2461935132741928 -0.44078803062438965
939 -0.2468450367450714 -0.09750936180353165
940 0.17218099534511566 -0.6843438148498535
941 0.375569224357605 -0.19209341704845428
942 -0.36180979013442993 0.27352374792099
943 -0.24752432107925415 0.06941170990467072
944 -0.05374031886458397 0.35860639810562134
945 0.11024092882871628 -0.02011900022625923
946 -0.12974108755588531 -0.14105287194252014
947 -0.38683071732521057 -0.37770652770996094
948 -0.3461461067199707 0.06582510471343994
949 0.04038137197494507 -0.1332552433013916
950 0.052226241677999496 -0.2817833721637726
951 0.44446322321891785 0.3327619731426239
952 0.03151647746562958 0.011005580425262451
953 0.47478583455085754 0.35498422384262085
954 0.3033435344696045 -0.30319592356681824
955 -0.021733282133936882 -0.056340985000133514
956 -0.1837978959083557 0.29008859395980835
957 0.37905770540237427 -0.009071667678654194
958 0.2654789984226227 0.4232826232910156
959 0.41651663184165955 -0.32361868023872375
960 0.32446953654289246 0.18038953840732574
961 -0.19580675661563873 0.08531942218542099
962 0.08078304678201675 0.153861403465271
963 -0.46681153774261475 -0.058153945952653885
964 -0.1840364634990692 -0.1898588240146637
965 -0.33866995573043823 -0.06327376514673233
966 -0.2632337510585785 -0.010434727184474468
967 0.4064686596393585 0.5301165580749512
968 -0.01294681616127491 0.04997378960251808
969 0.06086670234799385 -0.04897565022110939
970 -0.410132497549057 0.2487056702375412
971 0.11757845431566238 0.18002481758594513
972 -0.526091992855072 0.077263243496418
973 0.6374157667160034 -0.2952849864959717
974 0.10589082539081573 -0.24283769726753235
975 0.08620765805244446 0.21336619555950165
976 0.29122745990753174 -0.0087525499984622
977 0.14846131205558777 0.39760416746139526
978 -0.10841910541057587 0.1809215247631073
979 -0.44032952189445496 0.20380769670009613
980 -0.14164377748966217 -0.35629183053970337
981 -0.16426600515842438 0.21768134832382202
982 -0.10129503160715103 0.052093278616666794
983 -0.22198142111301422 -0.06413785368204117
984 -0.4111979007720947 -0.46356314420700073
985 0.12737217545509338 -0.2569755017757416
986 0.25659433007240295 0.3588925004005432
987 0.24628736078739166 -0.2651706039905548
988 -0.9954500794410706 0.1675230860710144
989 0.21669137477874756 -0.18923021852970123
990 -0.046113353222608566 0.06866273283958435
991 0.11190473288297653 -0.2107526808977127
992 -0.2996135652065277 0.09192197769880295
993 -0.1898646056652069 0.010148240253329277
994 -0.08862731605768204 -0.10748519748449326
995 0.252987802028656 -0.12594462931156158
996 0.1435311734676361 -0.29813674092292786
997 -0.3201405704021454 0.24015885591506958
998 0.0458785742521286 0.28622475266456604
999 -0.22063183784484863 0.5563817024230957
1000 -0.4206167459487915 -0.12519070506095886
1001 -0.25586050748825073 0.20030973851680756
1002 -0.48890459537506104 -0.1322007030248642
1003 0.06309705972671509 0.14885713160037994
1004 -0.14745411276817322 0.08773592859506607
1005 -0.29565760493278503 0.17392855882644653
1006 0.026445792987942696 -0.07407161593437195
1007 0.1610405147075653 0.2728844881057739
1008 0.3907821774482727 -0.08966720849275589
1009 0.13490831851959229 -0.19051356613636017
1010 -0.06408935785293579 0.11932910233736038
1011 0.02638348564505577 -0.10390501469373703
1012 0.2086317241191864 -0.04540888965129852
1013 -0.6327085494995117 0.02077978290617466
1014 0.34589269757270813 -0.5399698615074158
1015 -0.8575646281242371 -0.37231677770614624
1016 -0.27980199456214905 0.40199369192123413
1017 0.4879329800605774 -0.17898298799991608
1018 -0.5783020257949829 0.16822580993175507
1019 0.07909341901540756 -0.3084751069545746
1020 0.08176737278699875 -0.013083764351904392
1021 -0.10005337744951248 -0.15610942244529724
1022 0.04892612248659134 -0.11636126786470413
1023 -0.5211395621299744 0.35984665155410767
1024 -0.021605582907795906 0.029351897537708282
1025 0.30824604630470276 0.061422206461429596
1026 -0.25111618638038635 0.32657015323638916
1027 0.13536566495895386 -0.12607739865779877
1028 0.10135830193758011 -0.17783954739570618
1029 0.10966923832893372 -0.24186480045318604
1030 0.020624976605176926 0.05078224837779999
1031 -0.04671002924442291 0.16448092460632324
1032 -0.3407917022705078 -0.08779984712600708
1033 -0.20342479646205902 -0.034208744764328
1034 -0.4339068830013275 -0.06919241696596146
1035 -0.08373886346817017 0.34807756543159485
1036 0.29717814922332764 -0.6167697310447693
1037 0.22072389721870422 -0.0034167056437581778
1038 0.19953352212905884 -0.12210056930780411
1039 0.09004311263561249 0.04562639072537422
1040 -0.9561190009117126 0.1757431924343109
1041 0.0028379512950778008 0.26128101348876953
1042 0.12251501530408859 0.15468282997608185
1043 0.1923953741788864 0.31074386835098267
1044 -0.121866375207901 -0.3848334848880768
1045 -0.16052895784378052 -0.0699390098452568
1046 0.09874305129051208 0.11362596601247787
1047 -0.20293962955474854 0.211446613073349
1048 0.29057469964027405 -0.19924266636371613
1049 -0.11454291641712189 0.5718706250190735
1050 0.06983231753110886 0.1960756480693817
1051 0.32129570841789246 0.22603532671928406
1052 0.09192274510860443 -0.08117827773094177
1053 -0.38984930515289307 -0.21986347436904907
1054 0.4053214490413666 0.26207470893859863
1055 -0.007541469763964415 0.18679103255271912
1056 0.4976068437099457 0.4009186625480652
1057 0.017989685758948326 -0.5902628898620605
1058 0.17464888095855713 -0.4650459885597229
1059 0.11623633652925491 -0.14509014785289764
1060 -0.42924171686172485 -0.3271029591560364
1061 0.041227858513593674 0.5211971402168274
1062 0.023534677922725677 -0.006979930214583874
1063 -0.2038063406944275 -0.125782310962677
1064 0.12033475935459137 0.36681532859802246
1065 -0.2860872149467468 0.4681026041507721
1066 0.22995492815971375 -0.23803192377090454
1067 -0.024694498628377914 -0.03990250453352928
1068 -0.23905569314956665 -0.4176577627658844
1069 -0.6869996786117554 0.17110686004161835
1070 0.4272700250148773 0.1983402967453003
1071 0.13713482022285461 0.0700206533074379
1072 0.11396743357181549 -0.2999007999897003
1073 -0.01244109682738781 0.06712354719638824
1074 0.16552358865737915 0.5127072930335999
1075 0.31086695194244385 -0.02292913757264614
1076 0.01479131355881691 -0.2723638117313385
1077 -0.149502694606781 -0.11258029192686081
1078 -0.17702949047088623 -0.27868810296058655
1079 -0.27150222659111023 0.3450094759464264
1080 -0.27922290563583374 -0.020220426842570305
1081 -0.2316848337650299 -0.276099294424057
1082 -0.0762847512960434 0.1643809825181961
1083 0.10822383314371109 -0.07628186792135239
1084 0.2483357936143875 -0.3530214726924896
1085 -0.3620768189430237 0.21837598085403442
1086 0.3335157036781311 -0.26700419187545776
1087 0.20342035591602325 0.6428925395011902
1088 0.4156610369682312 0.3852554261684418
1089 -0.23323096334934235 -0.23699472844600677
1090 -0.15394695103168488 -0.4578024446964264
1091 -0.07179693877696991 -0.276596337556839
1092 -0.026732921600341797 0.16724173724651337
1093 0.0336272269487381 0.33773118257522583
1094 0.47011879086494446 0.18461951613426208
1095 0.2069995105266571 0.6795950531959534
1096 -0.4352538287639618 0.662145733833313
1097 -0.21927592158317566 -0.06730500608682632
1098 -0.49076464772224426 -0.169747456908226
1099 -0.25035765767097473 -0.06146325170993805
1100 0.17027926445007324 0.26657265424728394
1101 0.37736883759498596 -0.26139459013938904
1102 0.20884305238723755 0.03512183949351311
1103 0.1427730768918991 0.3775883913040161
1104 0.03162708878517151 -0.03635944798588753
1105 -0.5087186694145203 -0.2940167188644409
1106 0.29791417717933655 0.36741194128990173
1107 0.19337265193462372 -0.38203373551368713
1108 0.08232724666595459 0.09897635132074356
1109 -0.17612512409687042 -0.027063151821494102
1110 0.6307574510574341 0.08545970916748047
1111 0.4250585734844208 -0.25799310207366943
1112 0.22868011891841888 -0.1650940477848053
1113 0.06975999474525452 -0.11625251919031143
1114 -0.13540107011795044 0.23971371352672577
1115 0.26538586616516113 0.1645672619342804
1116 0.5206831693649292 -0.2875217795372009
1117 0.20677444338798523 -0.5325082540512085
1118 0.5454281568527222 0.3963700830936432
1119 -0.010214787907898426 0.43672627210617065
1120 0.05608957260847092 0.3605942130088806
1121 -0.3577919006347656 0.08767297863960266
1122 0.2751079201698303 0.3493061363697052
1123 0.01735145039856434 0.17458324134349823
1124 0.10605655610561371 0.013288608752191067
1125 -0.4068547189235687 -0.18877382576465607
1126 0.06627320498228073 0.23034046590328217
1127 -0.7189643383026123 -0.6933082938194275
1128 0.5331850051879883 0.07190465927124023
1129 0.252223938703537 -0.011591785587370396
1130 -0.13781043887138367 -0.05179593339562416
1131 -0.48108944296836853 0.04221038892865181
1132 0.42072710394859314 -0.08605407178401947
1133 0.09447132050991058 0.32524922490119934
1134 -0.11067361384630203 -0.036779798567295074
1135 -0.1363794207572937 -0.432117760181427
1136 0.3594769239425659 0.24832385778427124
1137 -0.2834758758544922 0.04963347688317299
1138 0.1356486827135086 -0.06643533706665039
1139 0.6860728859901428 -0.13874132931232452
1140 0.2227989286184311 0.17631731927394867
1141 0.52253657579422 -0.16783668100833893
1142 0.39889398217201233 0.06615141779184341
1143 -0.0032258001156151295 -0.371423602104187
1144 -0.03415639325976372 0.4503259062767029
1145 0.02007114514708519 0.17732785642147064
1146 0.5988644361495972 -0.02007724717259407
1147 -0.12780416011810303 -0.19585846364498138
1148 -0.4480469226837158 -0.3543456494808197
1149 -0.3158937096595764 -0.1972036063671112
1150 0.20907801389694214 0.23335948586463928
1151 0.16997209191322327 -0.07194377481937408
1152 -0.22870910167694092 0.0674675852060318
1153 -0.3350466191768646 -0.03262375295162201
1154 0.04652644693851471 0.0967407301068306
1155 -0.006729029584676027 0.029899433255195618
1156 0.016860954463481903 -0.12966080009937286
1157 0.026513367891311646 -0.3562924265861511
1158 0.1839514821767807 -0.020903626456856728
1159 -0.28635647892951965 0.12766367197036743
1160 -0.22615088522434235 0.2811114192008972
1161 -0.10105357319116592 -0.48193809390068054
1162 0.17328132688999176 -0.24390527606010437
1163 -0.3518851399421692 -0.06677012890577316
1164 -0.341858834028244 0.022498957812786102
1165 -0.2703690528869629 -0.10119540244340897
1166 0.23903436958789825 -0.09385280311107635
1167 0.49394702911376953 0.10110046714544296
1168 0.29521310329437256 -0.23039108514785767
1169 0.3178193271160126 -0.1213144063949585
1170 0.12545812129974365 -0.7039057016372681
1171 -0.05217992886900902 -0.07092906534671783
1172 -0.5670971870422363 0.1910785734653473
1173 0.10490033030509949 0.27427852153778076
1174 0.8143653869628906 0.466544508934021
1175 -0.2696479558944702 -0.08747167140245438
1176 -0.08169645816087723 0.0001267992047360167
1177 0.43795958161354065 -0.44424712657928467
1178 -0.10536057502031326 0.44715940952301025
1179 -0.09577226638793945 -0.4206116795539856
1180 0.3738039433956146 0.2343723475933075
1181 -0.08628211170434952 -0.22156420350074768
1182 0.10423986613750458 0.316294401884079
1183 0.24643021821975708 0.19301100075244904
1184 0.23387517035007477 -0.11249325424432755
1185 -0.4597139358520508 0.004675126634538174
1186 0.2323368787765503 0.43006256222724915
1187 0.21297809481620789 0.13717465102672577
1188 -0.1429758071899414 0.3842925727367401
1189 0.4076192378997803 0.0690174400806427
1190 -0.15678220987319946 0.3918083906173706
1191 0.42983993887901306 0.010949824936687946
1192 0.23368002474308014 -0.21587379276752472
1193 0.4797005355358124 -0.9608303308486938
1194 -0.0043559446930885315 -0.4950083792209625
1195 -0.3671348989009857 -0.2677178382873535
1196 0.28257468342781067 0.46230337023735046
1197 -0.17886556684970856 0.4822397530078888
1198 -0.05592847242951393 0.38979336619377136
1199 0.33441615104675293 -0.4781053364276886
1200 0.05690201371908188 0.43631917238235474
1201 0.16752192378044128 -0.2797342836856842
1202 -0.016522180289030075 0.4491243362426758
1203 -0.2470477670431137 0.19183242321014404
1204 0.27300330996513367 0.4782733917236328
1205 0.24120844900608063 0.40239477157592773
1206 -0.019012559205293655 0.2896944284439087
1207 0.1780240386724472 0.0881081074476242
1208 -0.18864864110946655 -0.22313641011714935
1209 0.2785535752773285 -0.06501748412847519
1210 0.03954580798745155 0.052260931581258774
1211 0.18440869450569153 -0.2639703154563904
1212 0.0429074652493 -0.38396772742271423
1213 0.08455772697925568 -0.2055879533290863
1214 -0.05954398214817047 0.0753651037812233
1215 -0.0222847368568182 -0.09944507479667664
1216 0.3722475469112396 -0.1074359267950058
1217 0.06059396266937256 0.08060356974601746
1218 -0.16167034208774567 -0.09500555694103241
1219 -0.07341430336236954 0.7191656827926636
1220 -0.37869128584861755 0.1392892450094223
1221 -0.10514936596155167 0.012651914730668068
1222 -0.35164251923561096 0.07423675805330276
1223 0.20506811141967773 -0.21232855319976807
1224 0.2857571244239807 -0.05558950453996658
1225 0.26575610041618347 -0.05687060207128525
1226 0.046699363738298416 -0.22672231495380402
1227 0.17491918802261353 -0.03014519438147545
1228 -0.042334042489528656 0.21975870430469513
1229 -0.20635639131069183 -0.45144814252853394
1230 0.5009899735450745 0.19370590150356293
1231 0.39087969064712524 0.425605833530426
1232 0.1339675337076187 -0.5779999494552612
1233 0.13249027729034424 0.22373469173908234
1234 0.335665762424469 -0.20261704921722412
1235 0.18316973745822906 0.4252004027366638
1236 -0.15055999159812927 0.28006425499916077
1237 -0.2138284295797348 -0.32253170013427734
1238 0.3816661238670349 0.18827152252197266
1239 -0.038722191005945206 -0.19365784525871277
1240 -0.1591111719608307 0.11444084346294403
1241 0.5151320099830627 -0.20071493089199066
1242 -0.06759997457265854 -0.09759620577096939
1243 -0.021689537912607193 -0.15609008073806763
1244 0.07991549372673035 0.07417059689760208
1245 0.2505354583263397 0.5244441032409668
1246 -0.010546238161623478 -0.2993512749671936
1247 -0.3653201460838318 0.29244598746299744
1248 0.29355764389038086 -0.35999536514282227
1249 0.7281351685523987 -0.00843478087335825
1250 -0.20995071530342102 -0.19088226556777954
1251 -0.29836148023605347 -0.15536847710609436
1252 0.0480789951980114 0.024256419390439987
1253 -0.06989700347185135 -0.34158986806869507
1254 -0.07443974167108536 -0.0541992112994194
1255 -0.2477221041917801 0.23327457904815674
1256 0.38931918144226074 0.4897433817386627
1257 -0.19002564251422882 0.0360703282058239
1258 0.16224324703216553 -0.08291229605674744
1259 0.06405723839998245 -0.1129620373249054
1260 0.29118481278419495 0.2754419147968292
1261 -0.07330387830734253 0.5410968065261841
1262 -0.07218863815069199 0.4555152952671051
1263 -0.32567471265792847 0.0708715096116066
1264 -0.12901651859283447 0.38572871685028076
1265 -0.2636411190032959 0.5841069221496582
1266 0.32631129026412964 0.007493165321648121
1267 -0.3108370304107666 -0.5204070210456848
1268 -0.054448504000902176 -0.29607057571411133
1269 0.3620009422302246 0.3340722322463989
1270 0.01654145121574402 -0.16991087794303894
1271 0.049186915159225464 -0.33360788226127625
1272 0.26601138710975647 0.058718182146549225
1273 0.5533393025398254 0.30271533131599426
1274 0.4539068639278412 -0.0060686334036290646
1275 0.3494442403316498 0.006707254331558943
1276 0.06406006217002869 -0.0051361387595534325
1277 0.4496646821498871 0.22177143394947052
1278 0.07607079297304153 -0.40798160433769226
1279 0.796464741230011 -0.33796852827072144
1280 -0.07131645828485489 -0.2035122811794281
1281 -0.587058961391449 -0.38553568720817566
1282 -0.6255550980567932 0.15460394322872162
1283 0.30864134430885315 0.13468387722969055
1284 -0.06852732598781586 -0.2664686143398285
1285 -0.2675769031047821 0.3716067373752594
1286 -0.1491100937128067 0.051971230655908585
1287 0.33496177196502686 -0.02227567881345749
1288 0.23813071846961975 -0.28929272294044495
1289 0.10756992548704147 0.007336175534874201
1290 0.8289155960083008 0.05634085834026337
1291 -0.2945786416530609 -0.2595182955265045
1292 0.07125935703516006 -0.378268837928772
1293 0.16514447331428528 0.08352239429950714
1294 -0.308677077293396 -0.13010022044181824
1295 0.6117289662361145 -0.0638231709599495
1296 0.33556902408599854 -0.1231672540307045
1297 -0.27691584825515747 -0.06367857754230499
1298 0.19037635624408722 0.18261809647083282
1299 0.05741537734866142 0.1217711791396141
1300 0.10669607669115067 -0.2851026952266693
1301 -0.38881635665893555 -0.48732790350914
1302 -0.08806628733873367 0.08041061460971832
1303 -0.784292995929718 -0.18044336140155792
1304 0.12709738314151764 -0.03763379901647568
1305 -0.03813039883971214 0.2735729515552521
1306 -0.12360391765832901 -0.41564562916755676
1307 0.3947466313838959 0.25593772530555725
1308 -0.13949094712734222 0.20200026035308838
1309 0.1272384524345398 0.33910128474235535
1310 -0.023640086874365807 0.32550063729286194
1311 0.2556415796279907 0.29176008701324463
1312 0.08427432924509048 0.013071495108306408
1313 -0.12184350192546844 0.05230974778532982
1314 0.3586755096912384 -0.05733835697174072
1315 -0.10942591726779938 0.34530341625213623
1316 0.3035534620285034 0.03861389309167862
1317 -0.5639815330505371 -0.06825581192970276
1318 0.03813881427049637 0.15637579560279846
1319 -0.11854730546474457 0.13451802730560303
1320 0.19523480534553528 0.0077195921912789345
1321 -0.17080412805080414 0.1625528633594513
1322 0.12596647441387177 0.7809308767318726
1323 -0.0027410853654146194 -0.0092034125700593
1324 0.18748360872268677 0.4129043519496918
1325 0.0204592514783144 -0.11172943562269211
1326 0.11099093407392502 -0.32348302006721497
1327 -0.07603494822978973 -0.25618425011634827
1328 -0.1898089051246643 0.40725451707839966
1329 0.05958791822195053 0.042847856879234314
1330 0.1460568904876709 0.28030359745025635
1331 0.42212408781051636 0.24168238043785095
1332 0.03420829400420189 0.0673554316163063
1333 -0.5302712917327881 0.012146901339292526
1334 0.0965845137834549 -0.1104830950498581
1335 0.16271935403347015 -0.025578945875167847
1336 0.1777966469526291 0.16479092836380005
1337 0.08810566365718842 0.22429674863815308
1338 0.33363106846809387 0.019925205036997795
1339 -0.21078923344612122 0.16251739859580994
1340 0.06628052890300751 -0.042009271681308746
1341 -0.45072925090789795 -0.20955438911914825
1342 -0.12503153085708618 -0.17363841831684113
1343 0.5532077550888062 -0.32655593752861023
1344 0.056187208741903305 -0.43321025371551514
1345 0.348268985748291 -0.2268710881471634
1346 0.45828765630722046 0.05831748619675636
1347 0.18085408210754395 -0.0645810067653656
1348 -0.3156506419181824 0.0986533835530281
1349 -0.14009283483028412 -0.7074492573738098
1350 0.49056094884872437 -0.35595273971557617
1351 0.2771776616573334 -0.04064987227320671
1352 -0.23921339213848114 -0.32797104120254517
1353 0.2960180938243866 0.11734271049499512
1354 -0.12801453471183777 -0.048239391297101974
1355 0.04447684437036514 -0.6938988566398621
1356 0.05274718627333641 -0.27220669388771057
1357 -0.067242830991745 -0.0010656529339030385
1358 -0.14540162682533264 0.09393483400344849
1359 -0.3678687810897827 -0.07166024297475815
1360 -0.3802270293235779 -0.06952270865440369
1361 0.07044973969459534 -0.32981765270233154
1362 0.3982173502445221 0.18539226055145264
1363 0.3957165777683258 -0.5383538007736206
1364 0.06411440670490265 0.36255040764808655
1365 -0.6859073638916016 -0.08181458711624146
1366 0.347747802734375 -0.01620473340153694
1367 -0.29794788360595703 -0.033978912979364395
1368 -0.3221408426761627 -0.020534856244921684
1369 0.08079563081264496 -0.4544680118560791
1370 -0.1811547726392746 -0.25758424401283264
1371 -0.5913432240486145 -0.5325731635093689
1372 0.16546757519245148 0.20100988447666168
1373 -0.03441911190748215 0.4107772707939148
1374 -0.09691840410232544 -0.10410330444574356
1375 -0.03444274887442589 -0.10608545690774918
1376 0.4389304220676422 0.38425323367118835
1377 0.26834914088249207 0.005394297651946545
1378 0.03442142531275749 -0.19228559732437134
1379 0.6004573106765747 0.32306191325187683
1380 0.26241424679756165 0.23952987790107727
1381 -0.24994398653507233 0.2973538935184479
1382 0.08690422028303146 -0.11170027405023575
1383 -0.2830968201160431 0.2386210858821869
1384 -0.1812886893749237 -0.3441808521747589
1385 -0.28327661752700806 0.018962327390909195
1386 0.07580973953008652 -0.20266130566596985
1387 0.08609319478273392 0.2462373822927475
1388 0.0854625403881073 -0.34258371591567993
1389 -0.4249436557292938 0.21280696988105774
1390 -0.06961424648761749 -0.1373494267463684
1391 -0.18210890889167786 0.6708049178123474
1392 -0.3373359441757202 0.36678346991539
1393 0.11895628273487091 0.16499391198158264
1394 -0.32374733686447144 -0.5910367965698242
1395 -0.01146344467997551 0.3906063139438629
1396 -0.19835224747657776 -0.006764487363398075
1397 -0.1942141205072403 -0.5692102313041687
1398 0.6564573645591736 0.07061341404914856
1399 -0.24367088079452515 0.2634190022945404
1400 -0.1918720006942749 -0.3149338960647583
1401 -0.33111172914505005 -0.2306317687034607
1402 -0.4704596996307373 0.18114210665225983
1403 0.22722302377223969 -0.01082848571240902
1404 -0.5582153797149658 -0.14773006737232208
1405 0.13014569878578186 -0.4240306317806244
1406 -0.28508612513542175 -0.1745692938566208
1407 -0.33193328976631165 -0.24603042006492615
1408 0.2698708474636078 0.08039519190788269
1409 0.12410148233175278 -0.17008398473262787
1410 0.42672187089920044 0.27903327345848083
1411 0.32571491599082947 0.7322568297386169
1412 -0.0419604517519474 0.22816959023475647
1413 -0.08507925271987915 -0.2190704345703125
1414 0.01230402011424303 0.4222820997238159
1415 0.04823264479637146 -0.05343777313828468
1416 -0.05792815983295441 0.27178287506103516
1417 0.3945559859275818 0.17647071182727814
1418 0.02535945549607277 -0.15134359896183014
1419 0.00912466086447239 -0.35703498125076294
1420 -0.2274085283279419 -0.32610243558883667
1421 -0.08514309674501419 0.11205337196588516
1422 -0.028902318328619003 0.22875644266605377
1423 -0.4540071487426758 0.09423275291919708
1424 -0.42410558462142944 -0.2824057936668396
1425 0.14510929584503174 -0.12315292656421661
1426 -0.14361192286014557 -0.2221648097038269
1427 -0.00545782595872879 -0.13610918819904327
1428 0.12271259725093842 -0.5880095362663269
1429 -0.01780680939555168 0.36795613169670105
1430 -0.385811448097229 -0.0720168724656105
1431 -0.7425233125686646 0.07340826094150543
1432 0.21244186162948608 0.35260677337646484
1433 -0.11911321431398392 -0.5914731621742249
1434 -0.026126803830266 -0.05063996836543083
1435 0.18086731433868408 -0.002084992593154311
1436 0.3015289008617401 0.2642925977706909
1437 0.38394787907600403 -0.47527459263801575
1438 -0.35418301820755005 -0.07722553610801697
1439 0.3557426929473877 0.45003145933151245
1440 -0.009399071335792542 0.48381003737449646
1441 0.18021699786186218 -0.3267844319343567
1442 -0.24541395902633667 -0.12168066948652267
1443 0.590178370475769 -0.1603783220052719
1444 -0.689089834690094 0.0263252891600132
1445 0.10841884464025497 0.07013576477766037
1446 0.4624968469142914 0.008622732013463974
1447 0.005383763462305069 -0.4266245365142822
1448 -0.40380942821502686 -0.08744732290506363
1449 0.4733397662639618 -0.059374917298555374
1450 -0.23292051255702972 -0.521735668182373
1451 -0.032713230699300766 -0.21007706224918365
1452 0.215950608253479 0.08614522218704224
1453 0.05370209738612175 -0.1695173680782318
1454 0.0028302432037889957 -0.0662304237484932
1455 0.05503111332654953 0.08823695778846741
1456 -0.30329015851020813 0.5626252889633179
1457 0.053281232714653015 -0.34715285897254944
1458 0.012486831285059452 0.6150506734848022
1459 -0.09936676919460297 0.21279090642929077
1460 -0.04911760613322258 0.447687029838562
1461 0.10487810522317886 -0.29612067341804504
1462 0.0740937739610672 0.2664759159088135
1463 -0.2298029512166977 -0.03254249691963196
1464 0.13371586799621582 -0.06748518347740173
1465 -0.2337629497051239 0.21353140473365784
1466 0.10733623802661896 0.2873709499835968
1467 -0.11234390735626221 -0.020671483129262924
1468 0.23537299036979675 -0.12451694905757904
1469 -0.6364211440086365 0.20593014359474182
1470 0.3443637788295746 -0.045407090336084366
1471 0.010667448863387108 -0.22340337932109833
1472 0.27732041478157043 -0.13767419755458832
1473 -0.3714185953140259 0.10487566143274307
1474 -0.05460652336478233 0.186599999666214
1475 0.45021286606788635 0.48464056849479675
1476 0.366985946893692 -0.3522798717021942
1477 0.10771971940994263 0.23013170063495636
1478 0.28497087955474854 -0.22569648921489716
1479 -0.3738001585006714 0.012965379282832146
1480 -0.08752138912677765 0.5008914470672607
1481 -0.39799684286117554 0.07575154304504395
1482 -0.16166019439697266 0.8313445448875427
1483 -0.02883506566286087 -0.3836462199687958
1484 -0.22351571917533875 0.10214903205633163
1485 0.6045233607292175 0.2591797709465027
1486 -0.1831931322813034 0.35301992297172546
1487 0.07392946630716324 0.2741801142692566
1488 -0.038530003279447556 0.016528218984603882
1489 -0.2231336534023285 0.31182122230529785
1490 0.2238185852766037 -0.2289784997701645
1491 0.10402172803878784 -0.27322447299957275
1492 -0.04733695834875107 -0.11505132913589478
1493 -0.402751088142395 -0.07073603570461273
1494 -0.3114246428012848 -0.35552963614463806
1495 0.5781870484352112 0.023965949192643166
1496 -0.30949869751930237 0.10201889276504517
1497 -0.020478200167417526 0.247579887509346
1498 -0.3137873709201813 -0.05883682519197464
1499 -0.008863033726811409 0.13456428050994873
1500 -0.18121373653411865 0.020075513049960136
1501 -0.16994568705558777 -0.07750264555215836
1502 -0.24638885259628296 0.0896374061703682
1503 0.8576632738113403 -0.6139783263206482
1504 -0.07005444169044495 -0.2598678469657898
1505 0.4881283938884735 -0.23958620429039001
1506 -0.13042229413986206 -0.24830740690231323
1507 0.2764248549938202 -0.005097662098705769
1508 -0.11070399731397629 0.06163328140974045
1509 0.10082438588142395 -0.13501887023448944
1510 0.5758271813392639 -0.16565777361392975
1511 -0.09438537061214447 -0.2593079209327698
1512 0.04815903306007385 0.6280240416526794
1513 -0.17470528185367584 -0.09464649111032486
1514 -0.38728398084640503 -0.032747212797403336
1515 0.30094873905181885 0.4595891833305359
1516 0.11291848868131638 0.17795799672603607
1517 -0.38355275988578796 0.28890320658683777
1518 0.17355677485466003 -0.11771219223737717
1519 -0.4074183702468872 -0.1703939139842987
1520 -0.17420437932014465 -0.11033021658658981
1521 0.14532075822353363 -0.33419281244277954
1522 -0.436489075422287 -0.16339144110679626
1523 -0.015293114818632603 0.32284682989120483
1524 0.18992440402507782 -0.29937779903411865
1525 0.16630081832408905 -0.012552093714475632
1526 -0.20765919983386993 -0.10484746843576431
1527 0.22828726470470428 0.07891599833965302
1528 -0.11646442860364914 0.061295535415410995
1529 -0.08276943862438202 0.03338223695755005
1530 0.26126405596733093 -0.5263726711273193
1531 0.30623358488082886 -0.2357654571533203
1532 0.11822221428155899 0.04348352178931236
1533 0.2982904613018036 0.09619268029928207
1534 -0.1514667272567749 -0.2053491324186325
1535 -0.06954037398099899 -0.028987430036067963
1536 -0.2820401191711426 -0.3356921672821045
1537 -0.17315664887428284 -0.2987467050552368
1538 -0.37437158823013306 -0.21023134887218475
1539 0.30598896741867065 -0.663022518157959
1540 -0.10640907287597656 -0.23430855572223663
1541 0.06541233509778976 -0.2786061763763428
1542 -0.0834607258439064 0.2889304459095001
1543 -0.3027518689632416 -0.08841592073440552
1544 0.20204214751720428 0.15399423241615295
1545 -0.4476780891418457 -0.28475743532180786
1546 -0.008377162739634514 -0.3917546272277832
1547 0.2071365863084793 -0.2670440673828125
1548 0.10947499424219131 -0.018927961587905884
1549 0.06887252628803253 -0.16439935564994812
1550 -0.2614098787307739 -0.13304539024829865
1551 0.46524208784103394 -0.09693028777837753
1552 0.2479366511106491 -0.07779292017221451
1553 -0.058121249079704285 -0.336147665977478
1554 -0.042080700397491455 -0.050461847335100174
1555 0.26096779108047485 0.17394334077835083
1556 -0.11378539353609085 -0.1273733377456665
1557 0.042988914996385574 0.1431719809770584
1558 0.24614128470420837 -0.03168894723057747
1559 0.2898208498954773 -0.16474416851997375
1560 -0.4886517822742462 0.15410806238651276
1561 0.12434647232294083 0.015483121387660503
1562 -0.26745620369911194 0.05367858707904816
1563 -0.3246060907840729 0.2390596717596054
1564 0.21162942051887512 -0.3211233615875244
1565 0.6464101672172546 0.2075742930173874
1566 0.23094542324543 0.130886971950531
1567 -0.2461654394865036 -0.3890712261199951
1568 0.29418766498565674 -0.49068108201026917
1569 0.03042551502585411 -0.12166307121515274
1570 0.00013855415454600006 0.1391078531742096
1571 0.13563686609268188 0.3886370062828064
1572 0.39208704233169556 0.29244986176490784
1573 0.6561300158500671 0.5185697078704834
1574 0.19218726456165314 0.331796795129776
1575 0.21394135057926178 -0.3990746736526489
1576 0.16717518866062164 0.018378306180238724
1577 0.32714876532554626 -0.1382995843887329
1578 0.31365808844566345 -0.1848592460155487
1579 -0.2562808692455292 -0.15584027767181396
1580 0.10341702401638031 -0.24425837397575378
1581 -0.17115862667560577 -0.4657979905605316
1582 0.2210061401128769 -0.3088560104370117
1583 0.02197788655757904 -0.44156399369239807
1584 -0.18734107911586761 -0.27766385674476624
1585 0.1372666358947754 0.017790429294109344
1586 0.13073371350765228 0.03506261482834816
1587 0.07329225540161133 -0.25136175751686096
1588 0.34964630007743835 -0.06577076017856598
1589 -0.3038949966430664 -0.2802014648914337
1590 -0.0073152994737029076 -0.46765628457069397
1591 0.1039097011089325 0.1231885775923729
1592 0.24130262434482574 0.37271106243133545
1593 -0.11872941255569458 0.14926810562610626
1594 -0.14854823052883148 -0.18787692487239838
1595 -0.04996582493185997 0.00872698426246643
1596 0.032610006630420685 0.10462167859077454
1597 0.2651805579662323 -0.030589891597628593
1598 0.1514754593372345 0.2549104690551758
1599 -0.3905726671218872 -0.35100919008255005
1600 0.29346245527267456 0.06460734456777573
1601 -0.3204745352268219 0.1203778013586998
1602 0.022449497133493423 0.15286704897880554
1603 0.20043563842773438 0.1751062422990799
1604 -0.31148964166641235 -0.32920268177986145
1605 0.3404330015182495 0.041987109929323196
1606 0.2986227869987488 -0.18679489195346832
1607 -0.46656179428100586 0.16388867795467377
1608 -0.2573186457157135 -0.3522574007511139
1609 0.15240056812763214 0.48501649498939514
1610 0.20639468729496002 -0.2778475284576416
1611 -0.37732765078544617 0.13149937987327576
1612 -0.10769601166248322 -0.11604543030261993
1613 0.21957820653915405 -0.19802388548851013
1614 0.3419249355792999 -0.6714849472045898
1615 0.24506214261054993 -0.7906575798988342
1616 0.19089627265930176 0.1750980168581009
1617 0.2634473741054535 -0.3153834939002991
1618 0.26781830191612244 0.06512648612260818
1619 0.36934155225753784 0.08131194859743118
1620 0.009947892278432846 -0.0581204779446125
1621 -0.17771698534488678 0.18723464012145996
1622 -0.13304178416728973 0.07671339064836502
1623 -0.0595879852771759 -0.5230571031570435
1624 0.09891031682491302 -0.12883499264717102
1625 0.25728845596313477 0.29320499300956726
1626 -0.2492925077676773 -0.2038012146949768
1627 0.017222082242369652 0.28676918148994446
1628 0.03558291494846344 -0.29683181643486023
1629 0.4154320955276489 -0.1312287598848343
1630 0.4060077369213104 0.16318261623382568
1631 -0.14006192982196808 -0.1088050901889801
1632 0.5653318762779236 0.2390473484992981
1633 0.05958278104662895 -0.4802352488040924
1634 -0.21842840313911438 0.6614406704902649
1635 -0.04579250141978264 0.1388758420944214
1636 0.507750391960144 -0.5385976433753967
1637 -0.1944425404071808 0.43702149391174316
1638 0.6257346868515015 -0.16335341334342957
1639 -0.324735164642334 -0.10111851245164871
1640 -0.4309203028678894 0.158660888671875
1641 0.5118701457977295 -0.04723019897937775
1642 -0.10685775429010391 -0.16201752424240112
1643 -0.007931823842227459 -0.5637949109077454
1644 -0.2500104010105133 0.059694163501262665
1645 -0.12420027703046799 0.6668340563774109
1646 -0.2951124310493469 0.13940899074077606
1647 -0.03478608652949333 0.1776842325925827
1648 -0.34632357954978943 0.1193896159529686
1649 0.260892778635025 0.23432892560958862
1650 -0.3520582616329193 -0.2053503543138504
1651 -0.4406560957431793 0.029089948162436485
1652 -0.46633923053741455 0.23652510344982147
1653 0.4521186947822571 -0.5119180083274841
1654 -0.6089136600494385 0.12662488222122192
1655 0.021581687033176422 0.1859869509935379
1656 -0.2583248019218445 -0.3164704740047455
1657 0.203311026096344 -0.05026599392294884
1658 0.007958995178341866 0.036035384982824326
1659 0.3467647433280945 -0.09393155574798584
1660 -0.02412056177854538 -0.6053271293640137
1661 -0.1944417655467987 0.06787405908107758
1662 0.01830199547111988 0.12695246934890747
1663 0.13835245370864868 -0.20655353367328644
1664 0.08651624619960785 0.3940156400203705
1665 0.23259702324867249 0.6459340453147888
1666 0.4509352445602417 -0.015526671893894672
1667 0.12465158849954605 -0.14441043138504028
1668 -0.059910379350185394 -0.4444141983985901
1669 0.2627527415752411 0.0463959202170372
1670 0.4424516558647156 -0.042658042162656784
1671 -0.034676048904657364 -0.11753065884113312
1672 0.11648530513048172 -0.03658125177025795
1673 -0.07060891389846802 0.06526754796504974
1674 0.06436607986688614 -0.3220118582248688
1675 -0.14758014678955078 -0.1939065009355545
1676 -0.016941890120506287 -0.23911793529987335
1677 -0.5322494506835938 0.32203081250190735
1678 -0.08211757987737656 -0.17326714098453522
1679 0.582128643989563 -0.18174374103546143
1680 -0.31578609347343445 0.6778447031974792
1681 -0.4188844561576843 0.1271621286869049
1682 0.40858495235443115 -0.5627959966659546
1683 0.08386027067899704 0.5812890529632568
1684 0.7225675582885742 0.19420628249645233
1685 -0.10224942862987518 0.10550413280725479
1686 0.09553196281194687 0.07003902643918991
1687 0.08996371924877167 0.09911496937274933
1688 -0.3816696107387543 0.22924011945724487
1689 0.143654003739357 -0.16735805571079254
1690 -0.5634240508079529 0.15646663308143616
1691 0.1188574954867363 -0.0618845671415329
1692 -0.16046857833862305 -0.019987769424915314
1693 0.3649643659591675 0.07953136414289474
1694 0.16490744054317474 -0.41919368505477905
1695 -0.13489066064357758 -0.40168601274490356
1696 0.40178313851356506 -0.030375733971595764
1697 -0.17185750603675842 -0.04470956698060036
1698 -0.20406997203826904 0.3918471932411194
1699 -0.07631321251392365 -0.31020650267601013
1700 0.01677616499364376 -0.37853142619132996
1701 -0.15954244136810303 -0.4169117510318756
1702 -0.03770419955253601 -0.21680782735347748
1703 0.14543162286281586 0.15232709050178528
1704 0.2524893283843994 -0.17990770936012268
1705 0.3096020519733429 0.009158255532383919
1706 -0.015112616121768951 0.1856389194726944
1707 0.30192023515701294 0.4648723602294922
1708 -0.1661384403705597 -0.1593850702047348
1709 0.22217071056365967 -0.46223971247673035
1710 0.05643052980303764 0.3289482295513153
1711 0.039159759879112244 0.1173960268497467
1712 -0.4634615182876587 -0.022295527160167694
1713 0.02010441944003105 -0.4822617769241333
1714 -0.21911442279815674 -0.02365916594862938
1715 0.0010437489254400134 -0.19868190586566925
1716 -0.0975104570388794 0.5117253661155701
1717 -0.29541653394699097 0.0399472750723362
1718 0.3800796568393707 -0.017591366544365883
1719 -0.4240797758102417 0.24134540557861328
1720 0.10233864933252335 0.41295677423477173
1721 0.14030878245830536 0.13899095356464386
1722 -0.2755964696407318 0.07202554494142532
1723 -0.012940457090735435 0.09370949864387512
1724 -0.2746475338935852 0.3062957525253296
1725 0.21013249456882477 0.36638176441192627
1726 -0.27092990279197693 -0.31240755319595337
1727 0.09432204067707062 0.1416667103767395
1728 0.40474024415016174 -0.30766260623931885
1729 -0.01030690036714077 0.055747199803590775
1730 -0.067369244992733 0.23910567164421082
1731 -0.3409444987773895 0.4738016128540039
1732 0.03019491210579872 0.0060569425113499165
1733 -0.29170987010002136 -0.2925181984901428
1734 0.35655924677848816 0.3015381395816803
1735 -0.04341087117791176 0.00917996745556593
1736 0.2378378063440323 0.2192828506231308
1737 -0.36584174633026123 -0.025503341108560562
1738 0.17592394351959229 -0.07990803569555283
1739 -0.42088010907173157 -0.03996391221880913
1740 -0.09988006949424744 0.1785164624452591
1741 -0.16813504695892334 0.07227657735347748
1742 0.04755214601755142 -0.5632668733596802
1743 -0.048713505268096924 -0.2470775693655014
1744 -0.7075463533401489 -0.4880737364292145
1745 -0.0744929313659668 0.47888270020484924
1746 -0.03229654207825661 0.04313806816935539
1747 0.0178472138941288 -0.035177018493413925
1748 0.0729261189699173 0.05638685077428818
1749 0.2651859521865845 -0.2538701295852661
1750 -0.1880960911512375 0.09582538902759552
1751 -0.18912391364574432 0.29545319080352783
1752 0.08082595467567444 -0.1446215659379959
1753 0.18033532798290253 0.18783394992351532
1754 0.28108057379722595 0.1165982335805893
1755 -0.15837690234184265 0.050675105303525925
1756 0.3913244605064392 -0.01800696551799774
1757 0.23279961943626404 0.20109763741493225
1758 -0.1511896848678589 -0.4829968214035034
1759 -0.18753261864185333 0.40443411469459534
1760 0.390392541885376 0.2204817235469818
1761 0.1504807323217392 0.09801694750785828
1762 -0.41972434520721436 0.26935696601867676
1763 0.035376209765672684 -0.15507857501506805
1764 -0.5597639083862305 -0.17537043988704681
1765 0.13093578815460205 0.04614245146512985
1766 0.3693234324455261 -0.3602045774459839
1767 0.13419608771800995 -0.40401896834373474
1768 0.6277927756309509 -0.3492892384529114
1769 -0.21889172494411469 0.3814130425453186
1770 -0.026759322732686996 0.30392691493034363
1771 -0.3154412806034088 -0.17009754478931427
1772 0.0818643718957901 -0.2365199625492096
1773 0.5332673788070679 -0.058681439608335495
1774 0.37815430760383606 -0.25616517663002014
1775 -0.05108601227402687 -0.07321979850530624
1776 0.8135222792625427 0.4349680542945862
1777 0.07691598683595657 0.9999999403953552
1778 0.3573453426361084 -0.10430577397346497
1779 -0.1503218710422516 0.29268866777420044
1780 0.5904765725135803 0.3083570599555969
1781 -0.12893064320087433 0.13134445250034332
1782 0.33289045095443726 -0.0829528272151947
1783 0.4409926235675812 0.13947732746601105
1784 -0.24410395324230194 0.15761899948120117
1785 -0.528549075126648 0.1309625208377838
1786 -0.14409805834293365 -0.2585617005825043
1787 0.30679023265838623 -0.15654563903808594
1788 -0.46801355481147766 0.009304839186370373
1789 0.17506268620491028 -0.1707914024591446
1790 0.36825239658355713 0.34449753165245056
1791 -0.055534906685352325 0.10597934573888779
1792 0.006993098184466362 -0.330482542514801
1793 0.22831937670707703 -0.08083610236644745
1794 0.749279797077179 -0.41959115862846375
1795 -0.367851585149765 0.35688158869743347
1796 -0.24010740220546722 0.1116696372628212
1797 0.21388199925422668 0.31742337346076965
1798 -0.22953355312347412 -0.18022407591342926
1799 0.5790835022926331 0.06593970209360123
1800 0.1812419295310974 0.2077486217021942
1801 0.6493627429008484 -0.14752702414989471
1802 -0.03662640601396561 0.08051904290914536
1803 0.17474961280822754 -0.4175253212451935
1804 -0.014597967267036438 0.04370911419391632
1805 -0.4449460804462433 -0.18606595695018768
1806 -0.4375831186771393 0.010928627103567123
1807 0.36847028136253357 -0.16748081147670746
1808 0.16302190721035004 -0.22608844935894012
1809 0.09620989859104156 -0.16932588815689087
1810 -0.3329513967037201 -0.008131914772093296
1811 0.500667154788971 -0.12559731304645538
1812 0.3420233428478241 0.20762978494167328
1813 -0.060361240059137344 -0.11751364171504974
1814 -0.7305451035499573 0.003543633269146085
1815 0.3999241888523102 -0.12206877768039703
1816 0.15679794549942017 -0.28569987416267395
1817 0.21601073443889618 0.04230378568172455
1818 0.21551522612571716 0.2541581690311432
1819 -0.15531471371650696 0.1319684237241745
1820 0.047350190579891205 0.4791474938392639
1821 0.20288002490997314 -0.08755569159984589
1822 -0.42077937722206116 -0.3030688762664795
1823 -0.10026335716247559 0.2496495246887207
1824 -0.5046858787536621 -0.16372205317020416
1825 -0.049690067768096924 -0.5107189416885376
1826 -0.14777638018131256 0.37397173047065735
1827 -0.09973669797182083 0.18462388217449188
1828 0.027776606380939484 0.292551726102829
1829 0.5145933032035828 0.03258058801293373
1830 -0.3749197721481323 0.19244998693466187
1831 0.01121447142213583 0.23570199310779572
1832 -0.33704251050949097 -0.1665826141834259
1833 0.14818896353244781 -0.039293624460697174
1834 -0.42564812302589417 -0.1506531983613968
1835 -0.14928345382213593 0.447197824716568
1836 -0.1590753197669983 -0.05149756371974945
1837 0.0864676833152771 0.28143128752708435
1838 -0.07985363155603409 0.2611011564731598
1839 0.3223154842853546 0.1526387482881546
1840 0.356841504573822 -0.5218813419342041
1841 -0.11269925534725189 -0.007837912999093533
1842 0.1414492130279541 -0.32807451486587524
1843 0.1570984423160553 0.10416330397129059
1844 -0.17209459841251373 -0.21590442955493927
1845 -0.5401005148887634 -0.1783892661333084
1846 -0.19326601922512054 0.25522392988204956
1847 -0.2346564531326294 -0.040203891694545746
1848 -0.17118984460830688 -0.15985429286956787
1849 -0.1443307101726532 0.06382329761981964
1850 -0.3092559576034546 0.041875600814819336
1851 -0.11868482828140259 -0.23667843639850616
1852 0.36196446418762207 -0.018906956538558006
1853 -0.06188565865159035 -0.16688644886016846
1854 0.4277236759662628 -0.022151706740260124
1855 0.04368547350168228 -0.08758433908224106
1856 0.047646570950746536 0.3264698088169098
1857 0.12477710098028183 0.25147056579589844
1858 0.054420627653598785 0.2938860058784485
1859 0.21500584483146667 -0.05395999923348427
1860 -0.07235731929540634 0.1418563276529312
1861 0.00622266810387373 -0.023420019075274467
1862 0.2610957622528076 0.2405301332473755
1863 0.02911461517214775 0.15596020221710205
1864 0.1538572907447815 0.5493319630622864
1865 0.008644185960292816 0.22631025314331055
1866 -0.13709396123886108 0.4789884388446808
1867 0.1641065627336502 0.11641053855419159
1868 0.013103998266160488 -0.264268696308136
1869 -0.07046426087617874 0.245240718126297
1870 -0.21561498939990997 0.22103852033615112
1871 0.024238048121333122 0.09060709178447723
1872 -0.17852069437503815 -0.16983918845653534
1873 -0.0609067864716053 0.19388934969902039
1874 -0.4135495126247406 0.4406517744064331
1875 0.019230570644140244 0.3539745807647705
1876 0.2311495691537857 0.28354591131210327
1877 0.14683374762535095 0.05144283547997475
1878 -0.3280937969684601 0.010779602453112602
1879 0.11633063107728958 0.55530846118927
1880 -0.14355841279029846 -0.3558215796947479
1881 -0.14476166665554047 -0.16382214426994324
1882 -0.23088973760604858 -0.22237569093704224
1883 -0.20635543763637543 0.05901700258255005
1884 -0.34130802750587463 0.35396313667297363
1885 0.36460205912590027 0.1270611584186554
1886 -0.08041401207447052 -0.1249166801571846
1887 -0.19753819704055786 -0.07757407426834106
1888 -0.6221217513084412 -0.17469905316829681
1889 -0.1683644950389862 0.09458668529987335
1890 -0.08158835023641586 -0.04282896965742111
1891 0.17862270772457123 0.17781513929367065
1892 -0.24254369735717773 -0.1391531378030777
1893 0.028888508677482605 -0.1894129067659378
1894 0.034593574702739716 -0.5042345523834229
1895 -0.13508978486061096 0.3049032688140869
1896 0.09530790895223618 -0.11935389786958694
1897 -0.26251327991485596 -0.17024663090705872
1898 0.19728364050388336 0.1070961281657219
1899 -0.6031917929649353 0.007963491603732109
1900 0.07565634697675705 -0.17441822588443756
1901 -0.11798056215047836 -0.35237473249435425
1902 -0.13997919857501984 0.4373912513256073
1903 0.3094787001609802 -0.07316436618566513
1904 0.8701785206794739 -0.11418866366147995
1905 -0.030316829681396484 -0.48175540566444397
1906 0.22079262137413025 -0.6551396250724792
1907 -0.4888894557952881 -0.5903646349906921
1908 0.15283916890621185 0.31315305829048157
1909 -0.17092038691043854 0.33297958970069885
1910 0.001859464799053967 -0.014081906527280807
1911 0.14588268101215363 0.2185124158859253
1912 0.08048062771558762 -0.12762218713760376
1913 0.05375232920050621 -0.44461628794670105
1914 -0.34397393465042114 0.3549608290195465
1915 -0.26543039083480835 0.22405125200748444
1916 -0.03391307219862938 0.0847783088684082
1917 0.051037516444921494 -0.1426725536584854
1918 0.250460684299469 -0.3977580666542053
1919 -0.3224233388900757 0.19092980027198792
1920 0.33895137906074524 -0.2479468584060669
1921 0.003964434377849102 -0.08487614244222641
1922 -0.029650652781128883 -0.002635612152516842
1923 -0.6562425494194031 -0.27869322896003723
1924 0.17223842442035675 -0.0334254652261734
1925 0.1873149275779724 0.016183407977223396
1926 -0.2351974993944168 -0.23766186833381653
1927 0.01609579101204872 0.14557011425495148
1928 -0.2580965757369995 0.06817519664764404
1929 0.14498186111450195 -0.011579517275094986
1930 -0.2360534965991974 0.1809932142496109
1931 0.3136276304721832 0.08114545792341232
1932 0.03721935674548149 -0.2850353717803955
1933 0.19471386075019836 -0.3385573625564575
1934 -0.22004808485507965 -0.40719130635261536
1935 0.6985421180725098 0.2045329064130783
1936 -0.6439934372901917 -0.29595398902893066
1937 -0.5642831325531006 0.32565170526504517
1938 -0.14306317269802094 0.021067682653665543
1939 -0.06309018284082413 -0.20073631405830383
1940 -0.32074111700057983 0.01063693780452013
1941 0.0818096399307251 -0.4636729061603546
1942 0.14305700361728668 -0.270131915807724
1943 0.11295240372419357 -0.34469497203826904
1944 0.06989359855651855 0.14195923507213593
1945 0.36678963899612427 -0.8589726090431213
1946 -0.08381523936986923 -0.33522531390190125
1947 0.07259608060121536 0.35297417640686035
1948 0.4132631719112396 0.20210278034210205
1949 0.3623456358909607 0.43548116087913513
1950 -0.1970893293619156 -0.04317069798707962
1951 0.19415874779224396 0.2006673961877823
1952 0.5251547694206238 -0.06213122606277466
1953 -0.43132004141807556 0.22998999059200287
1954 -0.3576000928878784 -0.4838634729385376
1955 -0.09308411180973053 0.2952944040298462
1956 -0.41148456931114197 -0.1106484979391098
1957 -0.1104435846209526 0.2646492123603821
1958 -0.4679281413555145 -0.14821484684944153
1959 -0.10908380150794983 0.15250052511692047
1960 0.23897232115268707 0.15592345595359802
1961 -0.11694959551095963 -0.7740936875343323
1962 0.16848056018352509 -0.006899380125105381
1963 0.015921715646982193 0.20589762926101685
1964 0.30670300126075745 -0.11000248789787292
1965 0.06730841100215912 0.07316236943006516
1966 -0.18112817406654358 0.222553551197052
1967 -0.1936042159795761 0.22646787762641907
1968 0.5011951327323914 -0.22051693499088287
1969 -0.3407701253890991 0.3153814971446991
1970 -0.203988716006279 -0.11752764135599136
1971 0.1958794742822647 -0.20505346357822418
1972 0.25672242045402527 0.3431157171726227
1973 0.19697171449661255 0.16228435933589935
1974 0.3924357295036316 0.10135521739721298
1975 -0.08551135659217834 0.030394168570637703
1976 -0.5095195770263672 0.1245628148317337
1977 0.026056529954075813 -0.3227856159210205
1978 -0.0975438579916954 -0.11057109385728836
1979 -0.25011909008026123 -0.30008310079574585
1980 -0.30377987027168274 0.27926915884017944
1981 -0.0443560853600502 -0.18072542548179626
1982 0.45839160680770874 -0.14328143000602722
1983 0.49055030941963196 0.8847534656524658
1984 3.243850005674176e-05 -0.18402765691280365
1985 0.3976922929286957 0.033706363290548325
1986 0.1866074502468109 0.018727099522948265
1987 0.10280653834342957 0.12903136014938354
1988 0.14570064842700958 -0.49301984906196594
1989 0.033411528915166855 -0.5182362198829651
1990 0.03825880214571953 0.1890551745891571
1991 0.5932424664497375 -0.05302911251783371
1992 -0.01652391441166401 0.22588835656642914
1993 0.10951456427574158 -0.48176294565200806
1994 0.2664327621459961 -0.03286970779299736
1995 0.21807460486888885 0.14031442999839783
1996 -0.51645427942276 0.10297071933746338
1997 0.11614807695150375 -0.0997539758682251
1998 -0.6207917332649231 -0.147923544049263
1999 -0.19314923882484436 0.05112436041235924
2000 0.1503598392009735 0.21216462552547455
