0 -0.20521573722362518 -0.7339904308319092
1 -0.09013950824737549 -0.3401220440864563
2 -0.39994215965270996 0.40037885308265686
3 0.8790679574012756 0.20600081980228424
4 0.30858132243156433 -0.4724102020263672
5 0.005271249450743198 0.16669964790344238
6 0.12749016284942627 -0.17612464725971222
7 0.3862503170967102 0.2536471486091614
8 -0.15048296749591827 -0.7572892904281616
9 -0.7365177273750305 0.23204800486564636
10 0.34490087628364563 0.16641584038734436
11 -0.6809383630752563 -0.0030912423972040415
12 0.7156046032905579 -0.3798329830169678
13 0.07710499316453934 -0.12314126640558243
14 -0.27632492780685425 -0.12599478662014008
15 -0.537746787071228 0.3387778103351593
16 -0.7054845690727234 0.8228094577789307
17 -0.6934557557106018 -0.34531939029693604
18 -0.4042193293571472 -0.47514697909355164
19 -0.01720822975039482 0.396749883890152
20 -0.7628248333930969 -0.050039634108543396
21 0.4474860429763794 -0.374876469373703
22 0.2957890033721924 0.6718224883079529
23 -0.17497003078460693 -0.7707213759422302
24 0.1813972145318985 0.030498750507831573
25 -0.6133716702461243 0.8641111850738525
26 0.6778502464294434 -0.017167603597044945
27 0.7382805943489075 0.7378931641578674
28 -0.7327672243118286 0.18329592049121857
29 -0.3448854386806488 0.5140640139579773
30 0.9262180924415588 -0.8391473889350891
31 0.7779131531715393 -0.5812336802482605
32 -0.813412606716156 -0.8942151665687561
33 0.6613736748695374 0.5464089512825012
34 -0.34344756603240967 0.0005985946045257151
35 -0.35596373677253723 -0.44030845165252686
36 0.018085557967424393 -0.23176738619804382
37 0.8565877079963684 0.7699183821678162
38 0.009455823339521885 0.6940224170684814
39 0.5921088457107544 0.4509750306606293
40 -0.6369996666908264 -0.30414941906929016
41 0.36873504519462585 0.40156611800193787
42 -0.6458208560943604 -0.17187614738941193
43 0.04103923961520195 -0.48735660314559937
44 -0.13451004028320312 -0.07623551040887833
45 -0.35544055700302124 -0.13239213824272156
46 -0.28357234597206116 -0.044848255813121796
47 -0.5508675575256348 -0.6273834109306335
48 -0.4296848773956299 -0.8260079622268677
49 0.04818658530712128 -0.5559349656105042
50 -0.5854549407958984 -0.7452438473701477
51 -0.520551323890686 -0.07486765086650848
52 -0.08825568854808807 0.23349259793758392
53 0.5510841608047485 0.048160210251808167
54 0.31266507506370544 0.37032291293144226
55 0.1312406063079834 -0.11806536465883255
56 -0.6577306389808655 -0.6990332007408142
57 0.5798816680908203 -0.194185271859169
58 0.5246514678001404 0.7614874839782715
59 0.5095438361167908 0.4903767704963684
60 0.7991791367530823 -0.1651216298341751
61 0.5893936157226562 0.6521434783935547
62 0.8044158816337585 0.1481136530637741
63 -0.49121227860450745 0.42126718163490295
64 0.01792367920279503 0.18078939616680145
65 0.639532744884491 -0.409722238779068
66 0.45625242590904236 0.4266159236431122
67 0.4894120395183563 0.20903755724430084
68 0.05405975505709648 -0.33981242775917053
69 0.5905346870422363 0.8448643684387207
70 -0.5384281277656555 0.6900075078010559
71 0.24678349494934082 -0.297587126493454
72 -0.6142696738243103 0.8779545426368713
73 -0.8796654939651489 0.5080820918083191
74 0.2696722447872162 -0.3923071026802063
75 0.6401201486587524 -0.64150470495224
76 0.3299148678779602 -0.7181702256202698
77 0.27774578332901 -0.543978214263916
78 -0.4254302978515625 -0.1457425057888031
79 -0.12130805850028992 -0.23692366480827332
80 0.6656221747398376 -0.35801365971565247
81 -0.7635246515274048 -0.7223551273345947
82 0.7718372941017151 -0.40906673669815063
83 -0.06801210343837738 -0.1577771157026291
84 0.6314741969108582 0.5711619853973389
85 0.04760550707578659 0.39913684129714966
86 0.357343465089798 0.3827529549598694
87 0.8593530654907227 0.3164234161376953
88 -0.873555064201355 -0.8405300378799438
89 0.706915557384491 0.07923375815153122
90 -0.19267024099826813 -0.42052266001701355
91 0.039734676480293274 0.8293251395225525
92 0.05243093520402908 -0.27400872111320496
93 0.553691565990448 -0.022801287472248077
94 0.00928716454654932 0.7633271217346191
95 -0.7881011366844177 0.4041442275047302
96 -0.5937477946281433 -0.506774365901947
97 -0.5047729015350342 -0.25320130586624146
98 0.2606971561908722 -0.21226060390472412
99 -0.23922309279441833 0.1595897376537323
100 0.06406211853027344 -0.44036194682121277
101 -0.6242278814315796 0.8091403245925903
102 -0.4770869314670563 -0.5657876133918762
103 0.08354265987873077 -0.046630099415779114
104 -0.6137956380844116 -0.36399319767951965
105 0.6988365054130554 0.24347586929798126
106 -0.07979518175125122 -0.02115538716316223
107 -0.25063157081604004 0.10647047311067581
108 -0.012824668549001217 -0.12537376582622528
109 0.33059239387512207 0.04258040338754654
110 -0.6282202005386353 -0.33640584349632263
111 -0.14355407655239105 -0.2322341799736023
112 -0.3116612136363983 0.38256746530532837
113 -0.14097948372364044 -0.30689525604248047
114 0.7720767855644226 0.7589505314826965
115 0.23318228125572205 -0.7511760592460632
116 0.48472437262535095 0.044132743030786514
117 0.3526574373245239 -0.0017068706220015883
118 0.7449188232421875 0.8049787282943726
119 0.6493727564811707 0.14207370579242706
120 -0.36893221735954285 0.3647913336753845
121 -0.7311970591545105 0.7628546953201294
122 0.8454084992408752 0.794450044631958
123 -0.7700100541114807 -0.6115549802780151
124 0.3114933669567108 -0.32684093713760376
125 -0.8422533273696899 0.6095837950706482
126 -0.6429154872894287 -0.15062256157398224
127 0.30724599957466125 -0.04117235913872719
128 0.3464253544807434 0.5039916634559631
129 -0.12346941977739334 -0.11665844917297363
130 -0.5996876358985901 -0.25640061497688293
131 0.2559666633605957 0.6114848852157593
132 0.1396361142396927 -0.3032621741294861
133 0.1220351904630661 0.13660892844200134
134 -0.009072542190551758 -0.26897644996643066
135 -0.6194987893104553 0.02604655735194683
136 0.49385759234428406 -0.6281567811965942
137 -0.45090633630752563 0.2766805589199066
138 -0.05805909261107445 0.42351827025413513
139 0.898743748664856 0.6879560947418213
140 0.7470722198486328 0.023576578125357628
141 0.7252825498580933 -0.623707115650177
142 -0.30402427911758423 0.2478405237197876
143 -0.13342003524303436 -0.26648104190826416
144 -0.29879534244537354 0.6948968172073364
145 -0.13304762542247772 -0.06488355994224548
146 -0.7148744463920593 -0.7667767405509949
147 0.2573193311691284 -0.756400465965271
148 -0.3703230321407318 -0.6821398138999939
149 -0.27358919382095337 0.8251389265060425
150 -0.43184179067611694 -0.583500862121582
151 -0.20399455726146698 0.051571063697338104
152 -0.4563820958137512 -0.056506313383579254
153 -0.2520087659358978 -0.6044561266899109
154 0.43278810381889343 0.35261788964271545
155 -0.5174726247787476 -0.7255997061729431
156 -0.47627779841423035 0.2240961641073227
157 0.5147035717964172 0.1534009724855423
158 0.1631082147359848 -0.4521486759185791
159 -0.04935269057750702 0.33510246872901917
160 -0.1839020997285843 0.31282103061676025
161 0.5353652238845825 0.4052196145057678
162 0.31207671761512756 0.4449840486049652
163 0.32595396041870117 -0.8270139694213867
164 0.3619615435600281 -0.5146202445030212
165 0.5294510126113892 0.5064621567726135
166 0.5132372975349426 -0.2963463366031647
167 0.7524475455284119 0.5031227469444275
168 0.16993117332458496 0.16437196731567383
169 -0.3359684348106384 0.05106998607516289
170 -0.8248411417007446 -0.578031063079834
171 0.4351706802845001 -0.1744185984134674
172 0.05176157504320145 -0.622458279132843
173 0.3916192650794983 0.8254155516624451
174 0.5229146480560303 0.33956673741340637
175 -0.8564959168434143 -0.7476849555969238
176 0.29540520906448364 -0.17488563060760498
177 -0.5690597295761108 0.24708715081214905
178 0.4241509735584259 -0.7537352442741394
179 0.45520755648612976 0.8621619939804077
180 -0.8427263498306274 -0.05771644040942192
181 -0.5978277921676636 0.7614633440971375
182 -0.09969668090343475 0.05876412242650986
183 0.4996353089809418 0.497376948595047
184 0.133080393075943 0.3929193317890167
185 0.5202348232269287 -0.5165898203849792
186 0.7632888555526733 -0.8601351976394653
187 -0.025330353528261185 0.04552672058343887
188 -0.16068601608276367 0.18026909232139587
189 -0.2366364598274231 0.6589940786361694
190 0.5499363541603088 -0.3229873478412628
191 0.1262774020433426 -0.8214246034622192
192 -0.3474578261375427 0.8162627816200256
193 0.7344491481781006 0.317618727684021
194 -0.7546699047088623 0.7533348202705383
195 0.14327089488506317 -0.12211154401302338
196 -0.026306014508008957 0.270774245262146
197 0.2958197593688965 -0.7830976247787476
198 -0.1532210111618042 0.8091683387756348
199 -0.49738723039627075 0.13649187982082367
200 0.10808070749044418 -0.014348751865327358
201 -0.6918014287948608 0.17874638736248016
202 -0.3926837146282196 -0.7458869218826294
203 0.5119001865386963 -0.7765429019927979
204 0.8269237279891968 -0.41369858384132385
205 -0.41595757007598877 0.3408074975013733
206 -0.8684823513031006 -0.7069776058197021
207 -0.588493287563324 -0.04295552149415016
208 0.6681048274040222 0.8391185402870178
209 0.11550509184598923 -0.3334085941314697
210 -0.07901354879140854 0.11470851302146912
211 -0.19126394391059875 0.10560231655836105
212 -0.010829582810401917 -0.6548638343811035
213 0.2612996995449066 -0.18574203550815582
214 -0.7763071060180664 0.6637169122695923
215 -0.11888982355594635 0.4322856664657593
216 -0.5179396867752075 0.541602611541748
217 -0.48782333731651306 0.4175196588039398
218 0.49388331174850464 -0.28237384557724
219 -0.6292390823364258 0.8345940113067627
220 0.4375963509082794 0.18058530986309052
221 0.28771159052848816 0.10031750053167343
222 0.08493814617395401 0.3697504997253418
223 0.740626871585846 -0.6980332136154175
224 -0.40333735942840576 0.2023385465145111
225 -0.5207763910293579 0.6842318773269653
226 0.5052745342254639 -0.00027358403895050287
227 0.6364229321479797 -0.22172659635543823
228 -0.061596158891916275 -0.7652106881141663
229 0.8166475892066956 -0.4084259569644928
230 0.6071814298629761 0.6690813302993774
231 0.21397186815738678 0.8558976054191589
232 0.05937948077917099 0.0812404602766037
233 -0.2931937575340271 -0.030865579843521118
234 0.8351407647132874 0.18659022450447083
235 0.21411465108394623 -0.8152506947517395
236 -0.11501016467809677 -0.12548616528511047
237 -0.5937288403511047 0.18894203007221222
238 0.3345681130886078 -0.7601349353790283
239 0.4264376163482666 -0.164016991853714
240 0.7750926613807678 -0.6873247623443604
241 0.6105943918228149 -0.44874948263168335
242 0.8359057307243347 -0.7201575040817261
243 0.611864447593689 -0.6647657752037048
244 0.06516386568546295 0.5746528506278992
245 -0.5464918613433838 -0.5804011821746826
246 -0.4708370268344879 0.7021519541740417
247 -0.18476304411888123 0.13197514414787292
248 -0.4710144102573395 -0.30168628692626953
249 0.12946797907352448 0.1259174793958664
250 -0.45636609196662903 -0.40698450803756714
251 0.4072815775871277 -0.741618812084198
252 -0.8838109970092773 -0.8936102390289307
253 0.16935160756111145 0.0024704195093363523
254 -0.7344781756401062 0.09977736324071884
255 0.17142046988010406 -0.25645682215690613
256 0.07181490212678909 -0.27721133828163147
257 0.6346268653869629 0.7109062671661377
258 -0.5064710378646851 0.46512341499328613
259 0.015158703550696373 0.17962686717510223
260 -0.41825130581855774 0.2235213667154312
261 0.36773839592933655 -0.12446083873510361
262 0.048597369343042374 0.8140820264816284
263 0.6817944645881653 0.5842494368553162
264 0.7692672610282898 0.40789103507995605
265 0.008008471690118313 -0.3429809808731079
266 -0.7765198945999146 0.7923403382301331
267 -0.11037669330835342 0.6456907391548157
268 -0.7292559146881104 -0.5822937488555908
269 -0.4039798974990845 -0.6442828178405762
270 -0.702426552772522 -0.7690533995628357
271 0.6176170110702515 -0.16005834937095642
272 -0.29981979727745056 -0.38864946365356445
273 0.7501406073570251 0.07741782069206238
274 0.025790492072701454 -0.7924410700798035
275 0.1388808637857437 0.6565309166908264
276 0.5255044102668762 0.8156402707099915
277 0.23823149502277374 -0.8332824110984802
278 0.5010305643081665 0.19320572912693024
279 -0.0037526916712522507 0.7638821005821228
280 0.40231046080589294 -0.21392402052879333
281 -0.792568564414978 -0.16990743577480316
282 -0.23427234590053558 -0.43589040637016296
283 0.00959321204572916 -0.6058494448661804
284 -0.7823245525360107 -0.2865588665008545
285 -0.005959008354693651 0.2514534294605255
286 -0.6972886919975281 -0.34464502334594727
287 0.8246938586235046 -0.5404462218284607
288 -0.5219194889068604 0.35259413719177246
289 0.43406981229782104 -0.7418550252914429
290 -0.06536674499511719 -0.37235918641090393
291 -0.09156820923089981 -0.43021684885025024
292 -0.18697099387645721 0.04299834743142128
293 -0.7795505523681641 0.016946513205766678
294 0.5046036243438721 0.35329967737197876
295 -0.6333496570587158 -0.5008769035339355
296 -0.16542592644691467 -0.03444088622927666
297 0.7126467227935791 0.811911940574646
298 -0.28662434220314026 -0.11452007293701172
299 -0.670318603515625 -0.7712845206260681
300 -0.7293628454208374 0.7188712358474731
301 0.0201108455657959 0.16090208292007446
302 0.6931847333908081 0.07483192533254623
303 0.653860867023468 0.4269459545612335
304 -0.36934852600097656 -0.24807241559028625
305 0.0807245597243309 -0.5021721720695496
306 -0.16851508617401123 0.16284611821174622
307 -0.610960841178894 -0.46797075867652893
308 0.6011121869087219 0.23810264468193054
309 -0.2743338346481323 -0.7794815897941589
310 -0.6903943419456482 0.27117183804512024
311 -0.5981829762458801 -0.7686344981193542
312 0.5105429887771606 0.260304719209671
313 -0.7928793430328369 -0.6341760158538818
314 0.7397177815437317 -0.025105560198426247
315 -0.08989782631397247 -0.5605079531669617
316 -0.80089271068573 -0.091980941593647
317 -0.07927294075489044 -0.8164317011833191
318 0.16402509808540344 0.04351160675287247
319 -0.43984290957450867 -0.6997462511062622
320 0.46139633655548096 -0.4984491765499115
321 0.1280369609594345 0.18110737204551697
322 0.28349536657333374 0.10500390827655792
323 -0.3719351589679718 -0.44121724367141724
324 -0.5165130496025085 -0.07039272785186768
325 -0.7824713587760925 -0.3658108115196228
326 0.6581377387046814 -0.10887490212917328
327 0.2253989726305008 0.4358561336994171
328 -0.14575663208961487 -0.7612951993942261
329 -0.2724722623825073 0.3314805030822754
330 -0.10319920629262924 -0.2885383069515228
331 -0.22094452381134033 0.25873667001724243
332 0.41880109906196594 0.5550945401191711
333 -0.14615291357040405 0.2884814143180847
334 0.1921980381011963 0.48335087299346924
335 0.5406213998794556 0.4113234877586365
336 -0.5624228119850159 -0.5199000835418701
337 0.05092644318938255 0.009550262242555618
338 -0.31684648990631104 -0.46885010600090027
339 -0.7271461486816406 0.7459558844566345
340 0.7764471173286438 0.23160606622695923
341 0.84697026014328 -0.48345473408699036
342 0.5930231213569641 0.11187195032835007
343 -0.7945900559425354 0.28662869334220886
344 0.48040732741355896 0.2667309641838074
345 -0.6770312786102295 0.8105379343032837
346 0.47398847341537476 -0.03591347858309746
347 0.24626068770885468 -0.06136872619390488
348 0.02771870419383049 -0.6408909559249878
349 -0.192182719707489 -0.8163024187088013
350 0.2575250267982483 -0.4676338732242584
351 0.3645818531513214 0.5474750399589539
352 0.5765525698661804 0.16021400690078735
353 0.09411228448152542 0.35904237627983093
354 0.5630265474319458 -0.18197627365589142
355 -0.04248533770442009 0.0624462366104126
356 -0.6591994166374207 0.4298527240753174
357 -0.6694738268852234 -0.822778046131134
358 0.528943657875061 0.1665058732032776
359 0.02713235467672348 -0.513934850692749
360 -0.7433313131332397 -0.12477674335241318
361 0.22637036442756653 -0.7492192983627319
362 0.37181347608566284 -0.4964890480041504
363 -0.609245240688324 0.07738365978002548
364 0.33973461389541626 -0.4271538555622101
365 0.16711972653865814 0.4055447578430176
366 0.4773899018764496 0.1627868413925171
367 -0.2716129422187805 -0.5550845861434937
368 -0.07275006175041199 0.4404267370700836
369 0.46984460949897766 -0.5307398438453674
370 -0.37753915786743164 -0.7616007328033447
371 -0.3838511109352112 0.6615779995918274
372 0.6782416701316833 -0.7851976752281189
373 0.4582201838493347 0.3511761724948883
374 -0.08172094076871872 -0.5193691253662109
375 0.6446558237075806 0.24989557266235352
376 -0.14294864237308502 0.40734198689460754
377 0.8226282596588135 -0.8147302865982056
378 0.020913952961564064 -0.5903355479240417
379 -0.6829075217247009 0.18899980187416077
380 -0.27358901500701904 0.07777635753154755
381 -0.2957985997200012 -0.17721904814243317
382 0.5110782384872437 0.021936580538749695
383 0.523206889629364 -0.7073974609375
384 -0.5085328221321106 0.49257397651672363
385 0.8521074056625366 0.44856294989585876
386 0.6128011345863342 0.6504992246627808
387 0.5204384922981262 -0.7480962872505188
388 0.029681451618671417 0.17470623552799225
389 0.9136444926261902 -0.536125898361206
390 -0.4253118634223938 0.45155835151672363
391 0.29750698804855347 0.7168132066726685
392 -0.3809615671634674 -0.33034518361091614
393 -0.08061103522777557 0.2383631020784378
394 0.0828051045536995 0.04115653410553932
395 -0.3977721333503723 -0.26322805881500244
396 0.6779868602752686 -0.690284788608551
397 -0.02332434244453907 -0.12041999399662018
398 -0.06810704618692398 0.26700398325920105
399 -0.09763654321432114 0.9717962741851807
400 0.4361599087715149 0.28657805919647217
401 -0.24992559850215912 -0.27329280972480774
402 0.33606696128845215 0.10114309191703796
403 0.057347413152456284 0.43979617953300476
404 -0.9752671122550964 0.6768909096717834
405 0.8349252939224243 0.7181801795959473
406 -0.05197211727499962 0.05704500526189804
407 -0.04971864074468613 0.07084150612354279
408 0.5636261105537415 0.1521836817264557
409 -0.2366599440574646 0.06863625347614288
410 -0.026408929377794266 0.19767385721206665
411 0.14270488917827606 -0.8263536095619202
412 -0.6384610533714294 -0.7745141386985779
413 -0.18059077858924866 0.03338152542710304
414 0.2809561789035797 -0.24423187971115112
415 -0.6096662878990173 0.26899659633636475
416 0.6458776593208313 0.31874269247055054
417 0.03415323421359062 -0.49454325437545776
418 -0.8128224611282349 -0.05318864434957504
419 -0.27589133381843567 0.7866008281707764
420 -0.24953848123550415 0.12011627107858658
421 -0.5606134533882141 0.7589588165283203
422 0.331891804933548 -0.12360875308513641
423 0.400285542011261 -0.32481974363327026
424 -0.008029883727431297 -0.05909465625882149
425 0.09492945671081543 -0.02431488409638405
426 0.35721737146377563 -0.1866857260465622
427 -0.4846823215484619 0.3692362308502197
428 0.5748549103736877 -0.7339522242546082
429 -0.8432677388191223 0.8049476742744446
430 -0.34343960881233215 -0.7962719202041626
431 0.47914180159568787 0.37577563524246216
432 -0.8408670425415039 0.6704543828964233
433 -0.8599963784217834 -0.42095136642456055
434 -0.3442159593105316 0.02281968481838703
435 -0.4127757251262665 0.7925321459770203
436 0.1456950306892395 0.06246695667505264
437 0.2179131805896759 0.1251504123210907
438 -0.6930745244026184 -0.6671703457832336
439 -0.773478090763092 -0.11633507162332535
440 0.3057211637496948 -0.4677324593067169
441 -0.8096268177032471 -0.005060645751655102
442 0.6244885921478271 0.41943857073783875
443 -0.5892044901847839 0.7821398377418518
444 -0.42493054270744324 0.4868569076061249
445 0.83189857006073 -0.39494824409484863
446 0.4776473641395569 0.6599783897399902
447 0.5392634868621826 0.3105935752391815
448 -0.03796520456671715 0.11016803234815598
449 0.5962893962860107 0.34902116656303406
450 -0.5022388100624084 0.015010891482234001
451 0.5052785277366638 0.640778660774231
452 -0.4094375967979431 -0.2549115717411041
453 -0.16560004651546478 -0.39531275629997253
454 0.4514082968235016 -0.5134137868881226
455 0.6117006540298462 0.15081268548965454
456 0.814811646938324 -0.1617112159729004
457 0.11170165985822678 -0.18588224053382874
458 -0.8088964819908142 -0.5861242413520813
459 -0.4984273314476013 0.6656815409660339
460 0.8508371114730835 -0.23857785761356354
461 -0.131609246134758 0.2024451643228531
462 -0.5672209858894348 -0.6117679476737976
463 -0.6060149669647217 -0.9708595275878906
464 -0.06395876407623291 -0.5110800862312317
465 -0.5399748682975769 0.1503751575946808
466 -0.1540486067533493 0.32658424973487854
467 0.02974914200603962 0.00523960217833519
468 0.46188071370124817 0.04319990798830986
469 0.8495414853096008 -0.6039972305297852
470 0.7021599411964417 -0.8747901916503906
471 0.18851667642593384 -0.060603294521570206
472 0.05326242744922638 0.3959541618824005
473 0.06207626685500145 0.5967710018157959
474 -0.694064736366272 -0.5457363724708557
475 -0.8243299126625061 0.7965059876441956
476 -0.881417453289032 0.668864369392395
477 0.02085254341363907 -0.38433679938316345
478 -0.0044997259974479675 -0.313071072101593
479 -0.13706925511360168 0.21008919179439545
480 -0.8559807538986206 -0.29412201046943665
481 -0.7191991806030273 -0.5923611521720886
482 0.16175667941570282 -0.6287876963615417
483 0.5727460980415344 0.713498055934906
484 -0.2814030945301056 0.5788885354995728
485 0.6914721727371216 0.35806041955947876
486 -0.0838698074221611 0.32922792434692383
487 0.7525086998939514 -0.5986402630805969
488 -0.03238740190863609 0.805801272392273
489 -0.8632363677024841 -0.4631514847278595
490 -0.8441804051399231 0.7686240077018738
491 -0.4875861704349518 -0.5473805665969849
492 -0.12182408571243286 0.8579864501953125
493 -0.6751916408538818 -0.7067959308624268
494 0.7510980367660522 0.1365002989768982
495 -0.2004493921995163 -0.3020055294036865
496 0.5672079920768738 0.6386462450027466
497 0.3279292583465576 0.2528214156627655
498 -0.1525869369506836 -0.014432955533266068
499 0.008108938112854958 -0.41048407554626465
500 0.03514961525797844 -0.08925382792949677
501 -0.5636913776397705 -0.3957847058773041
502 -0.7521019577980042 0.2713049650192261
503 0.32334908843040466 0.6298688650131226
504 0.02926790527999401 -0.6922159790992737
505 -0.3033508360385895 0.46295633912086487
506 -0.38937535881996155 0.6904065608978271
507 -0.5695775151252747 0.2805342376232147
508 -0.16848663985729218 -0.03456496074795723
509 0.030771266669034958 0.16727858781814575
510 0.8128575682640076 0.18589837849140167
511 0.4394960403442383 0.5808928608894348
512 0.22235707938671112 0.01970282383263111
513 0.20188820362091064 0.1962381899356842
514 0.054694078862667084 0.11527954041957855
515 -0.18305736780166626 -0.69943767786026
516 0.1282077580690384 -0.6064807772636414
517 -0.0207638181746006 -0.2844122648239136
518 -0.26043689250946045 0.12746568024158478
519 0.2215566188097 -0.14650271832942963
520 -0.3968198895454407 -0.2741383910179138
521 0.720119297504425 0.216766357421875
522 -0.7127987742424011 -0.566166877746582
523 -0.6915179491043091 -0.18818488717079163
524 -0.007362029515206814 0.15591351687908173
525 0.19706201553344727 -0.7474201917648315
526 0.09821497648954391 -0.9067490696907043
527 -0.17086640000343323 0.5958930850028992
528 -0.4847094416618347 -0.5820544958114624
529 0.3671683967113495 0.11564423888921738
530 0.10483863949775696 -0.14552956819534302
531 -0.10216998308897018 0.08909521996974945
532 -0.29757657647132874 0.5084280371665955
533 -0.6889519691467285 0.7669767141342163
534 0.24052853882312775 0.8178147673606873
535 0.09362539649009705 0.6698461771011353
536 -0.2964814007282257 -0.644106924533844
537 -0.03878777474164963 -0.6759718656539917
538 0.24445228278636932 0.005290589295327663
539 0.7701860070228577 0.8094192147254944
540 -0.8547806739807129 0.802071213722229
541 0.15440112352371216 0.360790491104126
542 0.6204954385757446 -0.11974196881055832
543 0.3896826505661011 0.7459394335746765
544 0.6301620602607727 -0.5842003226280212
545 0.10913083702325821 -0.01821139268577099
546 -0.6562212109565735 0.14002254605293274
547 -0.0561857633292675 -0.3084898591041565
548 -0.4025653302669525 -0.3753241002559662
549 0.7396343946456909 -0.4100867807865143
550 0.5713889002799988 0.09556993842124939
551 -0.09310271590948105 0.5817740559577942
552 0.3063526153564453 -0.1740233153104782
553 0.5467708706855774 0.5015607476234436
554 0.02194223180413246 0.3636710047721863
555 0.742698609828949 0.016836753115057945
556 0.636482834815979 0.38338062167167664
557 -0.004239830654114485 -0.20919503271579742
558 -0.2807140052318573 -0.02926156297326088
559 0.08966084569692612 0.7007505297660828
560 -0.8320046067237854 -0.08301772177219391
561 -0.042484961450099945 0.12352436035871506
562 0.3376604914665222 0.06560039520263672
563 0.7359195947647095 0.3871415853500366
564 -0.29124733805656433 0.04180881753563881
565 0.3053157925605774 0.5332055687904358
566 -0.4350910186767578 -0.6140559315681458
567 -0.25672614574432373 -0.3707517981529236
568 0.6998541355133057 0.4647693932056427
569 -0.7453427314758301 0.4973560869693756
570 -0.18653452396392822 -0.5483257174491882
571 0.022361431270837784 -0.002288197400048375
572 -0.45310962200164795 -0.17507445812225342
573 0.7287226915359497 -0.7897710800170898
574 0.27238672971725464 -0.2628728449344635
575 -0.6678568124771118 -0.40686914324760437
576 -0.015533508732914925 0.6383146047592163
577 0.47901245951652527 0.47984734177589417
578 0.533366858959198 0.5974310636520386
579 0.48825252056121826 -0.7524643540382385
580 -0.08646178990602493 -0.41743338108062744
581 -0.17112353444099426 -0.472296804189682
582 -0.008833556436002254 0.6950202584266663
583 0.13573071360588074 0.23638616502285004
584 0.024337615817785263 0.4636739194393158
585 0.17073704302310944 0.8030098080635071
586 -0.2460777759552002 0.47153156995773315
587 -0.049583952873945236 -0.0700911432504654
588 -0.11070339381694794 0.4000684320926666
589 -0.7520965933799744 -0.9121688008308411
590 0.20739178359508514 -0.14051282405853271
591 -0.18393149971961975 0.22221429646015167
592 -0.257038414478302 0.6804147958755493
593 -0.6962643265724182 0.33077913522720337
594 -0.620267391204834 -0.06616922467947006
595 -0.025790618732571602 -0.5366402864456177
596 -0.0677337497472763 -0.6810223460197449
597 -0.37188097834587097 -0.48539969325065613
598 -0.35343191027641296 0.2233142852783203
599 0.35217180848121643 0.5953158736228943
600 0.5134669542312622 0.42227110266685486
601 0.23706670105457306 -0.14321984350681305
602 0.150568425655365 0.05600115284323692
603 0.4070463478565216 -0.12198344618082047
604 -0.5660130381584167 0.4577431082725525
605 0.360016405582428 0.29263484477996826
606 -0.691206157207489 0.02624008245766163
607 0.8617801070213318 -0.685386598110199
608 0.03176413103938103 0.32783055305480957
609 -0.09032009541988373 -0.38044917583465576
610 -0.5301223993301392 -0.66294264793396
611 -0.019538309425115585 0.2840633690357208
612 0.08362529426813126 -0.4992891848087311
613 0.08244530856609344 0.8448901176452637
614 -0.7075868248939514 0.7201778292655945
615 0.6079625487327576 -0.7349513173103333
616 -0.206702321767807 -0.06969328969717026
617 0.10558310151100159 0.4343492388725281
618 -0.2946731448173523 0.017619138583540916
619 -0.8450899124145508 -0.861764132976532
620 -0.37761348485946655 -0.3688243329524994
621 0.6008229851722717 0.09120263904333115
622 -0.15429261326789856 -0.9875928163528442
623 -0.7902792692184448 -0.061715904623270035
624 0.5237746238708496 -0.7067805528640747
625 0.5911019444465637 -0.6259061694145203
626 0.008892831392586231 -0.6349653005599976
627 -0.06452766060829163 0.1493522822856903
628 -0.2613125145435333 0.11150901764631271
629 -0.42731115221977234 0.826684832572937
630 -0.19396041333675385 0.10846587270498276
631 -0.6153997182846069 0.3453441858291626
632 0.39512380957603455 -0.7152198553085327
633 0.07629899680614471 0.685114860534668
634 -0.45345064997673035 -0.3061094582080841
635 -0.4449169933795929 0.8595386743545532
636 0.6904160380363464 0.2905502915382385
637 0.5733572244644165 -0.2023026943206787
638 -0.6373810172080994 0.1651945263147354
639 -0.43736395239830017 -0.19725754857063293
640 -0.27785414457321167 -0.5293276906013489
641 0.561873197555542 -0.7925583124160767
642 -0.23518024384975433 -0.1311071664094925
643 -0.36960142850875854 0.6567255258560181
644 -0.04443250969052315 0.24132473766803741
645 -0.8085724115371704 0.17337505519390106
646 -0.6124559044837952 0.4295955300331116
647 -0.5121694803237915 0.3275998532772064
648 -0.8552116751670837 -0.8558577299118042
649 -0.09786196053028107 0.5574306845664978
650 -0.1417262703180313 -0.013882899656891823
651 -0.160796657204628 0.7519707083702087
652 -0.5717905759811401 -0.08310085535049438
653 -0.34180909395217896 0.18002809584140778
654 0.8915480971336365 -0.5893357396125793
655 -0.5055460929870605 0.6887199878692627
656 -0.01982300728559494 0.7332934141159058
657 -0.17903786897659302 -0.22913584113121033
658 -0.07171883434057236 0.16051578521728516
659 -0.32114937901496887 0.2216329723596573
660 -0.6780647039413452 0.08893447369337082
661 -0.49246999621391296 -0.432209312915802
662 0.5088455080986023 0.6618821620941162
663 0.2131759077310562 0.3821292817592621
664 -0.8034334182739258 0.06842678040266037
665 -0.3744894862174988 0.6156699657440186
666 0.3839879333972931 0.48396873474121094
667 0.8315728306770325 -0.25519654154777527
668 -0.543424129486084 -0.10619060695171356
669 -0.3637460470199585 -0.5543205738067627
670 0.733534038066864 -0.9023698568344116
671 0.34685784578323364 0.5786203145980835
672 -0.12305599451065063 -0.25059545040130615
673 0.10996057093143463 -0.7271032929420471
674 0.8303831815719604 -0.3371891677379608
675 0.7115710973739624 0.5529757142066956
676 -0.2526243329048157 -0.16762401163578033
677 -0.11523081362247467 -0.6871811151504517
678 -0.8995644450187683 -0.7204254865646362
679 -0.2925019860267639 0.5035520195960999
680 0.5095539093017578 0.4159148335456848
681 -0.7453787326812744 -0.4861544072628021
682 -0.2085472196340561 -0.1648530662059784
683 -0.515211284160614 0.7875223159790039
684 0.6508746147155762 -0.2382364571094513
685 0.8845506906509399 0.4873929023742676
686 -0.6683275103569031 -0.4000072479248047
687 0.5380281209945679 -0.3036558926105499
688 0.7382058501243591 0.22380581498146057
689 -0.44559338688850403 0.6363175511360168
690 0.32118791341781616 -0.4193474054336548
691 0.05415067821741104 0.6869158744812012
692 -0.5502752661705017 -0.15655601024627686
693 -0.6104128360748291 -0.8816235661506653
694 0.11584265530109406 0.12665025889873505
695 0.6493390798568726 0.08220921456813812
696 -0.469513863325119 0.6117123365402222
697 0.12066331505775452 -0.7339088916778564
698 0.6590101718902588 0.8476634621620178
699 -0.4163109064102173 -0.3794412910938263
700 -0.20992743968963623 -0.7301008105278015
701 -0.8237441778182983 0.259560763835907
702 -0.38212427496910095 0.04120727255940437
703 0.15725789964199066 0.13656170666217804
704 -0.24989093840122223 0.13576877117156982
705 0.8311262726783752 -0.25877803564071655
706 -0.8435519337654114 0.7155028581619263
707 -0.657991886138916 -0.520344614982605
708 -0.13864023983478546 -0.223127543926239
709 0.20682603120803833 0.6273061633110046
710 -0.1748974472284317 0.32039475440979004
711 -0.834723174571991 -0.1771908551454544
712 -0.8378986120223999 -0.3130176365375519
713 0.16122207045555115 -0.7889448404312134
714 0.1742825210094452 0.7573625445365906
715 0.7481114268302917 0.6053732633590698
716 0.19022336602210999 -0.626438558101654
717 -0.5481679439544678 -0.3097822368144989
718 0.6544625163078308 0.7759520411491394
719 -0.46146076917648315 -0.012544365599751472
720 0.21950897574424744 0.24896010756492615
721 0.7533959746360779 0.23255950212478638
722 -0.7939640879631042 0.03865930438041687
723 0.13038814067840576 -0.08883136510848999
724 0.19860003888607025 0.29781392216682434
725 -0.2706982493400574 0.11585710197687149
726 0.32031211256980896 -0.786543607711792
727 -0.5174583196640015 -0.31835368275642395
728 0.3800021708011627 -0.8459183573722839
729 -0.1372913420200348 -0.5532269477844238
730 0.5056378245353699 -0.1827157735824585
731 0.5934950709342957 -0.15514494478702545
732 0.6048772931098938 -0.6641384959220886
733 0.08358259499073029 -0.03353385627269745
734 0.33584970235824585 0.09457091987133026
735 -0.24965746700763702 -0.08650027960538864
736 0.809088945388794 0.3313222825527191
737 -0.2480439692735672 -0.09888603538274765
738 0.6839324831962585 -0.836918830871582
739 -0.08420474082231522 0.25358709692955017
740 -0.13070422410964966 0.8092019557952881
741 0.5126070976257324 -0.6852617859840393
742 0.611925482749939 0.38098081946372986
743 0.68548184633255 -0.9169700145721436
744 0.07980038970708847 0.19137659668922424
745 0.18709343671798706 0.6666863560676575
746 0.3024507164955139 -0.07716897130012512
747 -0.047088418155908585 0.22973763942718506
748 -0.21965892612934113 0.6286454200744629
749 -0.40758195519447327 -0.23490089178085327
750 0.7047662138938904 -0.5593832731246948
751 0.27622368931770325 -0.24417266249656677
752 0.025524506345391273 0.12678676843643188
753 0.7070394158363342 0.8820300698280334
754 0.7238300442695618 0.8107181191444397
755 0.09228605031967163 -0.3342363238334656
756 -0.7215924263000488 0.3192707598209381
757 0.306658536195755 -0.28360632061958313
758 0.06087983027100563 0.4444532096385956
759 0.32258719205856323 0.8045641779899597
760 -0.7253137230873108 -0.20064838230609894
761 0.6467801928520203 -0.5093547701835632
762 0.0068039982579648495 0.09954491257667542
763 0.1319701075553894 -0.2551587224006653
764 0.5787600874900818 -0.3336818814277649
765 0.15483199059963226 0.5049388408660889
766 -0.7225316762924194 0.3431945741176605
767 -0.5896540880203247 -0.4748181998729706
768 0.5118436813354492 -0.7443518042564392
769 0.11026046425104141 0.2669655382633209
770 0.10284625738859177 0.47593703866004944
771 0.39096346497535706 -0.5458555817604065
772 0.23924370110034943 -0.06344594061374664
773 0.07417035102844238 0.7485216856002808
774 -0.5310389995574951 -0.20747466385364532
775 0.6809954643249512 -0.267388254404068
776 0.8963729739189148 -0.6208816170692444
777 -0.7449069023132324 -0.6049214005470276
778 0.21916738152503967 -0.13779222965240479
779 0.08042077720165253 -0.12003325670957565
780 0.09820041060447693 -0.4270946681499481
781 -0.6509061455726624 0.8455566763877869
782 0.3166176974773407 0.10019179433584213
783 0.292697012424469 0.0578041598200798
784 -0.09428779035806656 0.10229569673538208
785 0.2768600285053253 0.5098747611045837
786 -0.6123378872871399 0.8213481903076172
787 0.025077177211642265 -0.18709689378738403
788 -0.6891380548477173 -0.5983909368515015
789 0.22547532618045807 -0.0380803644657135
790 0.5208135843276978 -0.7372869253158569
791 -0.020434662699699402 -0.08009381592273712
792 0.3627670407295227 -0.5067844986915588
793 0.5101913809776306 -0.07835140824317932
794 0.027599651366472244 0.49184873700141907
795 0.05244211480021477 0.13465936481952667
796 0.0983419418334961 -0.33307531476020813
797 0.328064501285553 -0.5881046056747437
798 -0.2025161236524582 -0.48833560943603516
799 0.5516215562820435 0.05095583200454712
800 -0.7330033183097839 0.8029343485832214
801 -0.35561713576316833 0.7884336709976196
802 0.15189936757087708 0.6920986771583557
803 0.3253598213195801 0.5168284773826599
804 0.34293073415756226 -0.047483064234256744
805 -0.67280513048172 -0.44176846742630005
806 -0.38304242491722107 0.18313127756118774
807 -0.17296269536018372 0.29655003547668457
808 0.4120553731918335 0.09707995504140854
809 0.2641827166080475 0.3583831787109375
810 -0.33483779430389404 0.3770667612552643
811 -0.7478244304656982 0.13285385072231293
812 -0.572509765625 -0.19071733951568604
813 -0.6082472205162048 -0.1680048406124115
814 -0.5643123388290405 0.17624476552009583
815 -0.6732312440872192 0.625484824180603
816 -0.6872020959854126 -0.32825884222984314
817 0.9466995000839233 0.7193581461906433
818 0.638404369354248 -0.038440410047769547
819 0.8077753186225891 0.21451827883720398
820 -0.34632229804992676 0.5065162777900696
821 0.16167165338993073 -0.48699331283569336
822 -0.8674188256263733 -0.2181256115436554
823 -0.047204647213220596 0.004269531462341547
824 0.7090033888816833 -0.2745553255081177
825 -0.8132770657539368 0.11731299012899399
826 -0.4106959402561188 -0.789046049118042
827 0.5757808089256287 0.05830712243914604
828 -0.8132902979850769 -0.5142450332641602
829 -0.009482384659349918 -0.3110683858394623
830 -0.4595840871334076 0.32509997487068176
831 -0.5393509864807129 -0.6140832304954529
832 -0.17751629650592804 0.45592552423477173
833 -0.8431466221809387 0.644803524017334
834 -0.08812489360570908 0.15370877087116241
835 0.5328444242477417 -0.6509748101234436
836 0.4435502588748932 0.39272943139076233
837 -0.24875158071517944 -0.6321548223495483
838 0.2738642394542694 0.2670627534389496
839 -0.5222957134246826 -0.6396509408950806
840 -0.771695613861084 -0.13356634974479675
841 -0.49931350350379944 -0.4857935905456543
842 -0.733878493309021 0.8284622430801392
843 -0.37765228748321533 0.2736428380012512
844 0.2235889434814453 0.24652892351150513
845 -0.3042924702167511 0.6067614555358887
846 -0.20447754859924316 0.6511020660400391
847 0.1811593621969223 0.048226144164800644
848 0.12694300711154938 0.22052381932735443
849 0.03138436749577522 -0.6937399506568909
850 -0.7807949185371399 -0.6588005423545837
851 -0.41199666261672974 -0.5154726505279541
852 -0.5054409503936768 0.2149486541748047
853 -0.8048237562179565 -0.593559980392456
854 -0.5892991423606873 -0.5098168253898621
855 0.7013223171234131 0.7787035703659058
856 0.6675793528556824 -0.6752458810806274
857 -0.007514236960560083 0.07633014023303986
858 -0.021863365545868874 -0.14675834774971008
859 -0.46989908814430237 0.20448514819145203
860 -0.83408123254776 -0.10248193889856339
861 -0.10315908491611481 0.07460398972034454
862 0.6259446144104004 0.27175456285476685
863 -0.7671160101890564 -0.42905300855636597
864 -0.5502182841300964 0.6781973242759705
865 0.030295053496956825 0.1584094911813736
866 0.18308129906654358 -0.39658868312835693
867 0.16222171485424042 0.257242351770401
868 -0.30353298783302307 0.3382921814918518
869 -0.20767314732074738 -0.42601338028907776
870 -0.11621671169996262 0.7384708523750305
871 -0.22515252232551575 0.1140245869755745
872 0.10989589244127274 0.5694777965545654
873 -0.7203489542007446 -0.5245379209518433
874 -0.07830921560525894 -0.5045236945152283
875 -0.28183093667030334 -0.7093093395233154
876 -0.12217697501182556 -0.4151429235935211
877 0.034509140998125076 -0.5101140737533569
878 0.49554330110549927 0.7165216207504272
879 0.28312161564826965 -0.22790876030921936
880 0.07296738773584366 0.07996151596307755
881 0.1228695660829544 -0.592365562915802
882 0.2859954833984375 -0.4393627941608429
883 -0.48164933919906616 0.5290372371673584
884 0.5935097336769104 0.41604316234588623
885 0.29083898663520813 0.48911792039871216
886 -0.30089065432548523 0.28663596510887146
887 -0.803704559803009 0.6198426485061646
888 -0.14288276433944702 0.753239095211029
889 -0.41206857562065125 -0.2080148607492447
890 0.27624955773353577 0.503038227558136
891 0.14459340274333954 -0.5490060448646545
892 0.06595579534769058 0.07951582223176956
893 -0.31631961464881897 -0.459804505109787
894 -0.8010634183883667 -0.26737332344055176
895 -0.6469011306762695 -0.31862157583236694
896 0.21523472666740417 0.031344935297966
897 0.37211576104164124 -0.4469948410987854
898 -0.4344801604747772 -0.42807307839393616
899 0.12810112535953522 0.0814640000462532
900 0.5878515839576721 -0.16339987516403198
901 0.5972015261650085 0.30820131301879883
902 0.16261805593967438 -0.3404523432254791
903 0.006173568312078714 -0.3942982256412506
904 -0.6563975811004639 0.5805460810661316
905 -0.3777454197406769 -0.4331324100494385
906 0.6737194061279297 0.647574782371521
907 0.8151373267173767 -0.7660946249961853
908 0.25407612323760986 0.3282964527606964
909 -0.26954999566078186 -0.542881429195404
910 0.5488672256469727 0.23011928796768188
911 0.06099523976445198 -0.2449996918439865
912 -0.20907196402549744 0.20437300205230713
913 0.5198147296905518 0.6816473603248596
914 0.25291597843170166 -0.5984514355659485
915 0.46341633796691895 0.6804320812225342
916 -0.07365237921476364 -0.123426154255867
917 -0.3312467336654663 -0.035817597061395645
918 0.4458385109901428 -0.4712795913219452
919 -0.38706454634666443 0.7986845970153809
920 0.0769071951508522 -0.8794030547142029
921 0.25630274415016174 -0.8158870339393616
922 0.6798710227012634 0.7268321514129639
923 -0.13260865211486816 -0.3371797502040863
924 0.5499449968338013 0.18439288437366486
925 0.664398729801178 -0.4662916958332062
926 -0.8878438472747803 -0.6835103631019592
927 0.33293062448501587 0.7111616730690002
928 0.07102083414793015 -0.6936423778533936
929 0.11036545038223267 0.12443132698535919
930 0.7572553157806396 0.8021307587623596
931 -0.7729539275169373 -0.2108069658279419
932 0.1109810620546341 -0.7895990014076233
933 0.6656686067581177 -0.1367935985326767
934 0.7690366506576538 0.2515377104282379
935 0.31432366371154785 -0.10186538100242615
936 -0.19192859530448914 -0.439064085483551
937 0.11982793360948563 -0.433388352394104
938 -0.2004193812608719 -0.6135804057121277
939 -0.5986155867576599 -0.33946168422698975
940 -0.7267130613327026 -0.37857308983802795
941 -0.5432667136192322 0.8546702861785889
942 -0.5528581142425537 -0.41913747787475586
943 0.3032788038253784 -0.8555904626846313
944 0.2618730068206787 0.6868348717689514
945 -0.545929491519928 -0.03288961201906204
946 -0.09610605239868164 -0.03233648091554642
947 0.24827466905117035 -0.6567316055297852
948 0.33923014998435974 -0.4988747835159302
949 0.7235420942306519 -0.3460347354412079
950 -0.41461414098739624 -0.5473445057868958
951 -0.10389965027570724 -0.8239772915840149
952 -0.6672239899635315 -0.12962621450424194
953 0.3192906081676483 -0.11612088978290558
954 0.7450615167617798 0.32604148983955383
955 0.81196129322052 -0.28309476375579834
956 -0.4799748659133911 -0.3088627755641937
957 0.8161884546279907 0.147762268781662
958 0.3668259084224701 0.31272509694099426
959 -0.1855912059545517 -0.3643178939819336
960 -0.6037437915802002 -0.23474830389022827
961 0.8730854988098145 0.23004895448684692
962 -0.685732364654541 -0.5315025448799133
963 -0.1848522126674652 0.19094860553741455
964 -0.6249595284461975 -0.7426955103874207
965 -0.12624965608119965 0.5469450950622559
966 -0.5590599179267883 -0.8702600002288818
967 -0.06482893228530884 0.39790964126586914
968 -0.46865588426589966 0.37518250942230225
969 -0.44607335329055786 -0.3306504786014557
970 0.5971887111663818 0.3415398895740509
971 0.2345837950706482 0.2665479779243469
972 -0.5870107412338257 0.8718010187149048
973 -0.13537254929542542 0.488838255405426
974 0.5092805027961731 -0.7589811682701111
975 -0.036422595381736755 -0.22572354972362518
976 0.18610383570194244 0.2469814121723175
977 0.24009791016578674 0.4007510840892792
978 -0.035563353449106216 -0.5469356179237366
979 -0.6286264061927795 0.11597439646720886
980 -0.035292718559503555 0.10819774866104126
981 -0.048047687858343124 0.7213165163993835
982 -0.09874280542135239 -0.2541705071926117
983 0.020311402156949043 -0.3549352288246155
984 -0.5401552319526672 -0.11625959724187851
985 0.852418065071106 0.6274145841598511
986 -0.17049473524093628 -0.7656388878822327
987 0.5017733573913574 -0.8136430978775024
988 -0.017976174131035805 0.35544463992118835
989 -0.046513620764017105 -0.34851399064064026
990 0.10790564119815826 0.32780921459198
991 0.7377310395240784 -0.10601340979337692
992 0.317362904548645 -0.0038694844115525484
993 -0.5875374674797058 -0.1757805496454239
994 -0.6340091228485107 0.20193517208099365
995 -0.28890305757522583 -0.5989388227462769
996 0.7405419945716858 0.827274739742279
997 0.5505778193473816 -0.09150566905736923
998 0.8343110680580139 0.15877005457878113
999 0.054181572049856186 0.503778338432312
1000 0.4957467317581177 0.18645133078098297
1001 -0.19617865979671478 0.016715187579393387
1002 -0.6289066076278687 -0.8135348558425903
1003 0.05853405222296715 -0.03240353986620903
1004 0.3039827048778534 -0.22232744097709656
1005 0.5767244696617126 0.24884092807769775
1006 -0.26377344131469727 0.17011477053165436
1007 0.8435406684875488 0.5969840288162231
1008 0.6774629354476929 -0.3187936246395111
1009 -0.18016819655895233 0.8131576180458069
1010 0.5849067568778992 0.7500125169754028
1011 -0.0070616332814097404 -0.16962355375289917
1012 -0.15631753206253052 -0.2781515419483185
1013 -0.5894556045532227 0.175310418009758
1014 0.6842982172966003 -0.006866538897156715
1015 -0.3790018856525421 0.10909567773342133
1016 0.047592826187610626 0.12291628122329712
1017 0.1472419649362564 -0.45026910305023193
1018 0.33460691571235657 -0.74333655834198
1019 -0.1818128377199173 0.054003745317459106
1020 0.7134297490119934 0.8638586401939392
1021 0.35400232672691345 -0.7138676047325134
1022 0.18120720982551575 -0.2619129419326782
1023 -0.16567444801330566 0.7757824063301086
1024 0.5463077425956726 0.21872948110103607
1025 -0.7971041798591614 -0.7839703559875488
1026 -0.23155854642391205 0.05693085119128227
1027 -0.37412747740745544 -0.05896681174635887
1028 0.6785509586334229 0.5266567468643188
1029 -0.6271901726722717 0.7091209292411804
1030 0.288775771856308 -0.565665066242218
1031 -0.42014235258102417 -0.5945382714271545
1032 0.47544461488723755 0.061546050012111664
1033 0.3657986521720886 -0.20396855473518372
1034 0.3321414589881897 0.665364682674408
1035 0.45076945424079895 0.019428173080086708
1036 0.2689535319805145 -0.3300122618675232
1037 0.4664565920829773 -0.39048877358436584
1038 -0.3081664741039276 -0.2917710840702057
1039 -0.6796439290046692 0.27064138650894165
1040 0.3738535940647125 0.5674059391021729
1041 0.41304710507392883 0.4214128851890564
1042 0.8067346215248108 -0.6549309492111206
1043 -0.42341336607933044 0.3381841778755188
1044 -0.6607584357261658 0.3762376606464386
1045 0.5523478984832764 -0.10639016330242157
1046 0.7717358469963074 -0.018571440130472183
1047 -0.7308845520019531 0.5493164658546448
1048 -0.5519171953201294 -0.5800535082817078
1049 -0.7473899126052856 -0.5736918449401855
1050 -0.08290714770555496 -0.18928073346614838
1051 0.2363891750574112 -0.47353801131248474
1052 -0.49386367201805115 -0.6485217809677124
1053 0.21172115206718445 -0.7581944465637207
1054 -0.10709293186664581 -0.3357538878917694
1055 -0.04964147135615349 0.2956615388393402
1056 0.3848278224468231 0.23977315425872803
1057 0.02299612946808338 0.06405358016490936
1058 -0.2683732211589813 -0.3099112808704376
1059 -0.5406589508056641 -0.6823829412460327
1060 0.7402852773666382 -0.034954775124788284
1061 -0.48859021067619324 -0.047905340790748596
1062 -0.5929467678070068 0.5596693158149719
1063 -0.9095649123191833 -0.22073404490947723
1064 -0.3290526568889618 0.5191572904586792
1065 0.4474833011627197 0.7941715121269226
1066 0.6752778887748718 0.21876879036426544
1067 -0.7342268228530884 0.6379241943359375
1068 -0.7129406929016113 -0.3008291721343994
1069 0.0956951454281807 -0.20368234813213348
1070 0.3249190151691437 -0.1509093940258026
1071 0.25640684366226196 0.1501474678516388
1072 -0.5457852482795715 -0.7203987240791321
1073 -0.32111653685569763 0.1143602654337883
1074 0.17972531914710999 0.5280917882919312
1075 0.7648509740829468 -0.3411800265312195
1076 0.2816174030303955 0.6823009252548218
1077 -0.10471142083406448 0.37982621788978577
1078 -0.5604453086853027 0.22021600604057312
1079 0.46756109595298767 0.7419256567955017
1080 0.16995692253112793 0.1624939888715744
1081 0.060903437435626984 -0.40983983874320984
1082 0.8236467242240906 0.6517896056175232
1083 -0.7215738892555237 0.36186811327934265
1084 -0.21611382067203522 -0.28732767701148987
1085 0.539474606513977 -0.7189489006996155
1086 -0.22179685533046722 0.22337016463279724
1087 0.2183104008436203 0.5366404056549072
1088 0.532311201095581 0.4578847587108612
1089 -0.5627244710922241 -0.4309368133544922
1090 0.21586667001247406 -0.024481847882270813
1091 0.2911759316921234 0.3222908079624176
1092 0.8556293845176697 -0.8109606504440308
1093 0.6794113516807556 0.10926207154989243
1094 -0.4337500333786011 0.6064944863319397
1095 0.37320995330810547 0.05155448615550995
1096 0.2636677026748657 0.758244514465332
1097 -0.3065924048423767 0.005133798345923424
1098 -0.2775956392288208 -0.5660756826400757
1099 -0.5489813089370728 0.6273742318153381
1100 -0.6230601668357849 -0.5193477869033813
1101 0.16835321485996246 0.6351376175880432
1102 0.8565269112586975 -0.8507283926010132
1103 -0.8575227856636047 -0.13931305706501007
1104 -0.5893592238426208 -0.411724716424942
1105 -0.09110348671674728 0.25342172384262085
1106 0.7731145024299622 0.6260420680046082
1107 0.646793782711029 -0.8065333962440491
1108 0.032321471720933914 -0.0704161524772644
1109 -0.03482498228549957 0.778693675994873
1110 -0.22443976998329163 -0.024687616154551506
1111 0.6448516249656677 0.22738131880760193
1112 -0.40831682085990906 -0.2941802144050598
1113 -0.08702402561903 0.11364318430423737
1114 0.6437536478042603 0.1624833047389984
1115 0.4317212700843811 0.018016988411545753
1116 0.3830051124095917 -0.33756574988365173
1117 -0.8752516508102417 0.35830795764923096
1118 -0.7262483239173889 -0.29228150844573975
1119 -0.021066034212708473 0.7643035650253296
1120 0.7465693950653076 0.159128338098526
1121 -0.08441326767206192 0.019133049994707108
1122 0.17758110165596008 -0.13759343326091766
1123 -0.8988626599311829 0.8960708379745483
1124 -0.3299497663974762 -0.27487367391586304
1125 -0.32759106159210205 0.2429073452949524
1126 -0.031890783458948135 0.25621306896209717
1127 1.0 -0.442687064409256
1128 -0.5115819573402405 -0.027353445068001747
1129 0.022667227312922478 -0.7613882422447205
1130 0.8579190373420715 0.47428208589553833
1131 -0.11973355710506439 0.5894342660903931
1132 0.07802702486515045 0.04980272054672241
1133 -0.8556269407272339 -0.14804796874523163
1134 0.25474098324775696 -0.10943255573511124
1135 -0.04369282349944115 0.2597576677799225
1136 -0.5266897082328796 -0.8463550806045532
1137 0.3979146480560303 0.2711412012577057
1138 0.06665881723165512 0.056653812527656555
1139 0.29976221919059753 0.6538323760032654
1140 0.7479704022407532 0.2882390320301056
1141 0.7326157689094543 -0.4239948093891144
1142 -0.07518695294857025 -0.38491398096084595
1143 0.5547102689743042 0.503524124622345
1144 -0.6315541863441467 -0.07905850559473038
1145 -0.38881582021713257 0.021989954635500908
1146 0.40502408146858215 0.19551408290863037
1147 0.16617685556411743 -0.10485327243804932
1148 -0.6978259086608887 0.7204052805900574
1149 0.0474216528236866 -0.03241955488920212
1150 0.37847116589546204 -0.5815615653991699
1151 -0.21760952472686768 0.04988636076450348
1152 -0.8200413584709167 -0.8817116022109985
1153 -0.06809008866548538 -0.8458332419395447
1154 -0.09383688122034073 -0.8248019218444824
1155 0.06821102648973465 0.05859684199094772
1156 -0.01683945395052433 0.468558132648468
1157 0.14889176189899445 0.4500502347946167
1158 -0.1906462013721466 0.014668299816548824
1159 0.2610813081264496 -0.5395476222038269
1160 -0.5253096222877502 0.6351443529129028
1161 -0.299035906791687 0.20612627267837524
1162 -0.11680563539266586 0.07718774676322937
1163 -0.14494404196739197 -0.7186955809593201
1164 0.5937095284461975 -0.6808812618255615
1165 -0.6821097731590271 0.7566522359848022
1166 -0.7953974604606628 0.6311022043228149
1167 -0.3083437383174896 -0.561191201210022
1168 -0.12440608441829681 0.7919480204582214
1169 -0.548229455947876 0.2835385799407959
1170 -0.8550542593002319 0.7987611889839172
1171 0.33936503529548645 0.4816235899925232
1172 0.18472015857696533 0.796282947063446
1173 -0.13956409692764282 0.22927862405776978
1174 0.21480020880699158 -0.5258686542510986
1175 -0.2464425265789032 0.0012966515496373177
1176 0.33885037899017334 0.5341425538063049
1177 -0.24233612418174744 0.4457188546657562
1178 0.6523758172988892 -0.3996531665325165
1179 0.6801436543464661 0.8442592620849609
1180 -0.10051535815000534 -0.0473216250538826
1181 -0.08153507858514786 -0.04565563425421715
1182 -0.2526286542415619 -0.17594826221466064
1183 0.005150563549250364 0.7196444869041443
1184 0.715049147605896 0.4593559801578522
1185 0.39547330141067505 0.8141263723373413
1186 -0.15253344178199768 -0.40135350823402405
1187 0.14608019590377808 0.27492213249206543
1188 -0.48132142424583435 -0.3999496102333069
1189 -0.5430733561515808 -0.38601335883140564
1190 -0.6565389037132263 -0.45449018478393555
1191 0.5850496888160706 -0.6698241233825684
1192 0.520791232585907 0.10153930634260178
1193 0.5107484459877014 0.6940667033195496
1194 0.8105448484420776 -0.39043545722961426
1195 0.47273993492126465 -0.5969604849815369
1196 0.44766965508461 0.2318490743637085
1197 -0.06065943092107773 -0.7793450951576233
1198 -0.11661261320114136 0.814647912979126
1199 -0.12928111851215363 0.5370288491249084
1200 0.3854021430015564 0.0891735851764679
1201 0.6934606432914734 0.12984925508499146
1202 0.47410163283348083 -0.16431525349617004
1203 -0.8306514024734497 -0.4931797385215759
1204 0.5497523546218872 -0.7987176179885864
1205 0.48470214009284973 -0.3117524981498718
1206 -0.03517919033765793 -0.5106155276298523
1207 -0.5775871276855469 -0.8739380836486816
1208 0.00531507795676589 -0.7354612946510315
1209 -0.4480680227279663 0.009304620325565338
1210 0.7900810837745667 0.1694427728652954
1211 -0.5574968457221985 0.3136843144893646
1212 0.6308402419090271 0.8522955179214478
1213 0.11554339528083801 -0.3379371464252472
1214 -0.15181215107440948 0.046182017773389816
1215 0.6526834964752197 -0.6832996606826782
1216 0.13504527509212494 0.29111504554748535
1217 0.5838494896888733 -0.6397614479064941
1218 0.032868389040231705 -0.030169721692800522
1219 0.2674576938152313 0.10692282766103745
1220 -0.23726223409175873 0.7060695290565491
1221 -0.7723127603530884 0.45064008235931396
1222 0.5501434206962585 0.5130431056022644
1223 0.42723894119262695 0.5929017663002014
1224 -0.13106220960617065 0.29333773255348206
1225 -0.6799536347389221 0.4662915766239166
1226 0.818381130695343 0.7027009725570679
1227 -0.008102533407509327 0.6287546753883362
1228 0.2901194095611572 0.22035616636276245
1229 0.6697817444801331 0.4843946099281311
1230 -0.06475615501403809 -0.037432100623846054
1231 0.35940441489219666 -0.6890811920166016
1232 -0.15240320563316345 0.198465034365654
1233 0.04655299335718155 -0.1488453596830368
1234 0.40905556082725525 0.7618440985679626
1235 0.25966963171958923 0.0047859312035143375
1236 -0.2602132260799408 0.3146783113479614
1237 0.5825416445732117 0.6847212910652161
1238 0.23399090766906738 0.3580957055091858
1239 -0.6948570609092712 -0.16632133722305298
1240 0.37891536951065063 -0.6533469557762146
1241 0.2815326154232025 0.029993150383234024
1242 -0.41315969824790955 0.15789572894573212
1243 -0.02830379828810692 -0.3176616132259369
1244 0.08338543027639389 0.23348091542720795
1245 -0.6823480129241943 -0.5988215208053589
1246 -0.1310122311115265 0.6968564391136169
1247 -0.14993077516555786 -0.5917920470237732
1248 -0.18518099188804626 -0.0642203539609909
1249 -0.29751771688461304 -0.5955188274383545
1250 -0.591396689414978 -0.1966244876384735
1251 0.7014228105545044 0.773174524307251
1252 -0.4332694113254547 0.6665838956832886
1253 -0.8389230966567993 0.41316428780555725
1254 -0.6592588424682617 -0.26720350980758667
1255 -0.13425862789154053 -0.42938604950904846
1256 -0.11244762688875198 0.5503703355789185
1257 0.21425944566726685 -0.31832072138786316
1258 0.0659341961145401 -0.16770507395267487
1259 -0.8587123155593872 0.7412564158439636
1260 0.48345082998275757 -0.04041540250182152
1261 0.791847825050354 -0.7629615664482117
1262 -0.24083346128463745 0.019315272569656372
1263 0.8089805841445923 -0.5062764286994934
1264 0.16879816353321075 0.44988295435905457
1265 0.8573974967002869 0.6506677865982056
1266 0.04112589359283447 0.8281171321868896
1267 -0.4368496835231781 0.3100309371948242
1268 0.6305311918258667 0.3908733129501343
1269 -0.016836941242218018 0.1800459325313568
1270 0.5812510251998901 -0.29911917448043823
1271 -0.058828167617321014 -0.30847063660621643
1272 0.24991051852703094 0.8285381197929382
1273 0.3319670259952545 -0.651840090751648
1274 0.20968016982078552 -0.3542257249355316
1275 -0.4966318607330322 -0.6832837462425232
1276 0.4676855504512787 -0.6744897961616516
1277 0.3809152841567993 -0.24437102675437927
1278 -0.19205480813980103 -0.515508234500885
1279 0.5399647355079651 0.7585850954055786
1280 -0.0685027614235878 -0.4813372492790222
1281 0.8029702305793762 -0.9523904323577881
1282 -0.23068208992481232 0.1290658712387085
1283 0.5520569682121277 -0.36124372482299805
1284 0.5223451256752014 0.7038195729255676
1285 -0.1399848610162735 -0.5842233300209045
1286 0.59105384349823 -0.1548844277858734
1287 -0.5768441557884216 0.32464009523391724
1288 0.004613065626472235 -0.500133752822876
1289 0.5186673998832703 -0.7007464170455933
1290 -0.680945873260498 -0.373303085565567
1291 0.7158862352371216 -0.09638962149620056
1292 -0.795068085193634 0.634146511554718
1293 0.12759703397750854 0.05440812557935715
1294 -0.6874850392341614 0.3559839129447937
1295 0.04996045306324959 0.6588150262832642
1296 -0.49194368720054626 0.24084162712097168
1297 -0.27240267395973206 0.33693334460258484
1298 -0.40566492080688477 -0.007883076556026936
1299 0.6686998009681702 -0.3553024232387543
1300 0.5726810693740845 0.7049833536148071
1301 -0.2599349915981293 -0.004455332178622484
1302 0.37183645367622375 -0.30223220586776733
1303 0.7442449331283569 -0.30984005331993103
1304 0.3597225248813629 -0.7830309867858887
1305 -0.09119711071252823 0.8242260217666626
1306 -0.5368454456329346 -0.7474350333213806
1307 0.011680789291858673 -0.4888271391391754
1308 -0.3329952359199524 -0.6796777248382568
1309 0.0909680500626564 -0.4952172636985779
1310 0.4054347276687622 -0.13271212577819824
1311 0.05392274633049965 0.015446290373802185
1312 -0.31160569190979004 -0.2921066880226135
1313 -0.7286869883537292 0.2118167281150818
1314 0.20148733258247375 0.37295591831207275
1315 -0.7243785858154297 0.027758263051509857
1316 -0.5690283179283142 -0.8276752233505249
1317 0.23587441444396973 0.6695563197135925
1318 -0.2767132818698883 0.41749316453933716
1319 -0.23240917921066284 -0.0791132003068924
1320 0.27795886993408203 0.1649446189403534
1321 -0.38352182507514954 0.3639031946659088
1322 0.3140452206134796 -0.5005192160606384
1323 0.49500590562820435 -0.6957398653030396
1324 0.09640984237194061 0.833142101764679
1325 0.5017492771148682 -0.5015301704406738
1326 -0.7411192059516907 0.7485558390617371
1327 -0.5610120892524719 0.6824864149093628
1328 0.4245969355106354 -0.14585144817829132
1329 0.45084667205810547 0.281521201133728
1330 -0.5815756320953369 -0.213450625538826
1331 -0.6744771599769592 0.6616013646125793
1332 -0.02598150633275509 0.018236760050058365
1333 -0.2268947958946228 0.6196603775024414
1334 -0.7167717814445496 0.34001418948173523
1335 -0.027324937283992767 0.41714540123939514
1336 -0.723911702632904 -0.05126451328396797
1337 0.32225802540779114 0.7670431733131409
1338 -0.2175557017326355 -0.8052847385406494
1339 0.6800491809844971 0.17237189412117004
1340 0.669171154499054 0.3981309235095978
1341 0.8558064699172974 -0.1962573379278183
1342 0.0305172111839056 0.5606942176818848
1343 0.6281346678733826 0.7510377764701843
1344 -0.8966551423072815 -0.5168211460113525
1345 0.6070895791053772 -0.6456092000007629
1346 0.1736273467540741 0.13292844593524933
1347 0.11984048783779144 0.20329397916793823
1348 0.26025232672691345 -0.11968614906072617
1349 0.5046935677528381 -0.4667757749557495
1350 -0.7507703304290771 -0.8016665577888489
1351 -0.08629778027534485 0.6091652512550354
1352 0.30436021089553833 -0.19840282201766968
1353 -0.031211312860250473 -0.24979743361473083
1354 -0.7493965029716492 0.40172988176345825
1355 0.14378993213176727 -0.3808954954147339
1356 -0.19356350600719452 0.5911917090415955
1357 0.12213565409183502 0.8246181011199951
1358 0.5627353191375732 -0.0012663230299949646
1359 -0.272228866815567 0.20052625238895416
1360 -0.3237874507904053 -0.29651933908462524
1361 -0.46091872453689575 -0.6522216200828552
1362 0.8310144543647766 -0.09085854142904282
1363 0.33375269174575806 0.6214714646339417
1364 -0.4220583140850067 0.01772475615143776
1365 0.8208723664283752 -0.5009419918060303
1366 0.7101889252662659 0.0770871564745903
1367 0.7533798813819885 0.5780183672904968
1368 -0.1588008850812912 -0.6372689604759216
1369 -0.34179332852363586 0.4427809417247772
1370 0.6468544006347656 0.598385751247406
1371 -0.2356639951467514 0.43550488352775574
1372 -0.18112337589263916 0.32479003071784973
1373 0.8103780746459961 0.22238898277282715
1374 -0.6785484552383423 0.6164266467094421
1375 0.11960828304290771 0.1088123545050621
1376 -0.07499342411756516 0.023838922381401062
1377 -0.2365114390850067 -0.13163763284683228
1378 -0.8173484802246094 0.42038822174072266
1379 0.6193381547927856 -0.44383376836776733
1380 -0.3105236887931824 -0.42387834191322327
1381 -0.20142719149589539 0.7507180571556091
1382 0.5659974813461304 0.36351314187049866
1383 -0.0620696097612381 -0.10212119668722153
1384 -0.11237654834985733 -0.3742241859436035
1385 -0.6794113516807556 0.8039779663085938
1386 0.058809079229831696 -0.49144378304481506
1387 -0.7102093696594238 0.7040035128593445
1388 -0.7124878168106079 0.4133402407169342
1389 0.5430272221565247 -0.13600298762321472
1390 -0.3885906934738159 0.3945387303829193
1391 0.1338321417570114 0.8491049408912659
1392 -0.33604806661605835 -0.63007652759552
1393 0.24839435517787933 -0.1151912584900856
1394 0.08655340224504471 -0.34245651960372925
1395 -0.4325522780418396 -0.2340938299894333
1396 0.4759243428707123 0.7981390357017517
1397 0.28361064195632935 0.16917315125465393
1398 -0.07491468638181686 -0.4982442855834961
1399 0.7106940150260925 0.28771737217903137
1400 0.03238275647163391 -0.2766783833503723
1401 -0.6240483522415161 -0.24254654347896576
1402 -0.8226207494735718 0.466281920671463
1403 -0.384931743144989 -0.14876693487167358
1404 0.26354125142097473 -0.014742645435035229
1405 -0.7788437604904175 -0.1449766904115677
1406 -0.24553588032722473 -0.40201452374458313
1407 -0.8500924110412598 -0.813463032245636
1408 0.48906606435775757 0.39176344871520996
1409 0.06430725753307343 -0.06432509422302246
1410 -0.7285086512565613 -0.18944260478019714
1411 0.12057841569185257 -0.2759864628314972
1412 -0.01866186037659645 -0.011680789291858673
1413 0.6374818682670593 -0.7673285007476807
1414 0.875878632068634 -0.7137553691864014
1415 0.2987355887889862 -0.8211795091629028
1416 -0.6325260400772095 0.14036889374256134
1417 0.3594813942909241 -0.21114309132099152
1418 0.731003999710083 -0.5817270278930664
1419 -0.40527990460395813 -0.06740760803222656
1420 -0.4564414918422699 0.377330482006073
1421 0.39862683415412903 -0.44398385286331177
1422 -0.8017275929450989 0.6479899287223816
1423 0.2489633709192276 0.7894382476806641
1424 0.20715153217315674 0.4247552752494812
1425 -0.1869524121284485 0.2683764696121216
1426 0.4134857952594757 0.12063907831907272
1427 0.002193695865571499 -0.035096995532512665
1428 -0.09519293159246445 -0.1596708595752716
1429 -0.6977269649505615 -0.45937952399253845
1430 0.2634214460849762 -0.25385943055152893
1431 0.5634333491325378 -0.37237709760665894
1432 0.01833345927298069 0.5325902104377747
1433 0.8876292109489441 -0.4803823232650757
1434 0.31167057156562805 0.703710675239563
1435 -0.1363755315542221 0.1368798017501831
1436 -0.33715784549713135 0.8144251108169556
1437 -0.7643343806266785 0.07192014157772064
1438 0.7000018358230591 0.01405005156993866
1439 -0.28190693259239197 0.2703183591365814
1440 -0.17005424201488495 0.3323947787284851
1441 -0.5534029006958008 -0.4987736642360687
1442 -0.10379195958375931 -0.6680022478103638
1443 0.8286088109016418 0.17053121328353882
1444 -0.528224766254425 -0.8688884973526001
1445 0.6246797442436218 0.7066582441329956
1446 -0.48130035400390625 0.08010204136371613
1447 0.6309483647346497 0.4872802495956421
1448 0.1437542587518692 -0.28836825489997864
1449 -0.6159334778785706 -0.4452177584171295
1450 -0.32777366042137146 -0.35180899500846863
1451 0.04178822040557861 -0.17984381318092346
1452 -0.31063112616539 0.36526554822921753
1453 -0.8635253310203552 0.8554097414016724
1454 0.2636553943157196 0.03877684846520424
1455 -0.3928121328353882 -0.7598891258239746
1456 -0.23868019878864288 0.8299909830093384
1457 0.0781014934182167 0.3203836977481842
1458 -0.3637208640575409 -0.6969930529594421
1459 0.5565085411071777 0.286051869392395
1460 0.21077877283096313 -0.47977888584136963
1461 -0.6864553689956665 0.6767861843109131
1462 0.607844352722168 -0.3045693635940552
1463 -0.2707209289073944 0.2245205193758011
1464 0.0345751978456974 -0.3408154547214508
1465 -0.30592793226242065 -0.5232512950897217
1466 0.4822743535041809 -0.15531988441944122
1467 0.3035832345485687 -0.31332212686538696
1468 0.10169263929128647 0.1660424768924713
1469 -0.2944709360599518 -0.5466094613075256
1470 -0.22079281508922577 0.25794824957847595
1471 0.11179371178150177 -0.7601255774497986
1472 -0.040193621069192886 -0.1276090294122696
1473 0.4355287253856659 -0.12436244636774063
1474 -0.7854817509651184 0.5460103750228882
1475 0.4364400804042816 0.2864750921726227
1476 0.43031373620033264 0.3260549306869507
1477 -0.1772642582654953 0.011126086115837097
1478 0.49478375911712646 0.05161250755190849
1479 0.36534327268600464 -0.220194473862648
1480 0.3714616000652313 -0.46086591482162476
1481 0.22399093210697174 -0.6618692278862
1482 0.61154705286026 -0.6511926054954529
1483 0.3941967487335205 0.1449049860239029
1484 0.8313438892364502 -0.08817173540592194
1485 -0.1292247325181961 0.6735448241233826
1486 -0.3328855335712433 0.6488742828369141
1487 -0.12590913474559784 -0.1978192925453186
1488 -0.5111827850341797 0.5349084734916687
1489 0.013017753139138222 0.3456415832042694
1490 0.7379508018493652 0.6766408681869507
1491 0.9041016697883606 -0.7459356188774109
1492 0.7176423072814941 -0.7670943737030029
1493 0.2821695804595947 -0.25008898973464966
1494 0.8025060892105103 0.1392407864332199
1495 0.5519494414329529 -0.11049706488847733
1496 -0.3311324715614319 -0.3037092387676239
1497 0.24766144156455994 0.7097894549369812
1498 0.499605655670166 -0.25780534744262695
1499 0.8403304219245911 0.26063022017478943
1500 -0.5030837059020996 -0.5706885457038879
1501 -0.13997802138328552 0.4869566261768341
1502 -0.8482319712638855 0.6972074508666992
1503 0.7834376096725464 -0.0707995593547821
1504 0.8649136424064636 0.7555519938468933
1505 0.29163822531700134 -0.2506124675273895
1506 -0.21215467154979706 -0.294243186712265
1507 0.1591787040233612 0.5625602602958679
1508 0.5656076669692993 0.370678573846817
1509 0.26719021797180176 -0.5192291140556335
1510 0.39347928762435913 -0.027784259989857674
1511 -0.15646998584270477 -0.3610262870788574
1512 -0.3893062174320221 -0.3554352819919586
1513 -0.156772643327713 0.5391337871551514
1514 0.5199456810951233 -0.4737258851528168
1515 0.7760680913925171 -0.08004069328308105
1516 0.4454858899116516 -0.0981357991695404
1517 0.5257589817047119 -0.3164806663990021
1518 -0.28226810693740845 -0.16958455741405487
1519 -0.35502588748931885 0.8591004014015198
1520 -0.024060389026999474 0.3723817467689514
1521 0.840951681137085 -0.40184736251831055
1522 0.20604828000068665 -0.33999940752983093
1523 0.1810414344072342 -0.3630011975765228
1524 0.39406338334083557 0.4808967113494873
1525 -0.6714161038398743 -0.5021260380744934
1526 0.4704083502292633 0.3080815076828003
1527 0.7525653839111328 0.10729731619358063
1528 -0.6898790597915649 0.08502153307199478
1529 -0.48701396584510803 0.3349353075027466
1530 0.3545258641242981 -0.5644860863685608
1531 0.7564114928245544 -0.6911600232124329
1532 -0.5739439129829407 0.009086481295526028
1533 -0.00023207864433061332 0.23034383356571198
1534 -0.5694318413734436 0.0999833196401596
1535 -0.5294820666313171 -0.7139462232589722
1536 0.8059628009796143 -0.6444681882858276
1537 0.33948925137519836 0.12735427916049957
1538 0.22006593644618988 -0.8323194980621338
1539 -0.352899432182312 0.19596153497695923
1540 0.5656119585037231 0.4113670587539673
1541 -0.7008758783340454 -0.7762311697006226
1542 -0.6873838901519775 -0.5607327818870544
1543 -0.12987971305847168 -0.3508363366127014
1544 -0.854902982711792 0.332731693983078
1545 -0.33325156569480896 0.8686147332191467
1546 0.06907567381858826 0.21913637220859528
1547 -0.7192181348800659 -0.01466013677418232
1548 -0.05169288069009781 0.02249881811439991
1549 -0.13416224718093872 -0.19423286616802216
1550 0.6417328715324402 0.4596036374568939
1551 -0.63633793592453 -0.30044126510620117
1552 0.4254671037197113 -0.6767399311065674
1553 0.5344502329826355 0.36342260241508484
1554 0.11552806943655014 0.4995300769805908
1555 -0.5213966965675354 0.6052509546279907
1556 0.5254481434822083 0.42639365792274475
1557 -0.1341242492198944 -0.08645482361316681
1558 0.2388020157814026 -0.506683886051178
1559 -0.06387387216091156 -0.8337571024894714
1560 -0.27484339475631714 -0.274669349193573
1561 -0.08031189441680908 0.6743084192276001
1562 0.14459793269634247 -0.06488826870918274
1563 0.29637208580970764 -0.2776655852794647
1564 0.7182713747024536 0.7418908476829529
1565 0.1322661191225052 -0.6469560265541077
1566 -0.5496065020561218 -0.6258004903793335
1567 0.7281527519226074 0.848021924495697
1568 -0.7498947978019714 0.7572094202041626
1569 0.2603675127029419 -0.5476759672164917
1570 0.6336087584495544 0.8379374146461487
1571 -0.8330561518669128 0.12771421670913696
1572 -0.0007249945774674416 -0.05107632651925087
1573 -0.8334791660308838 -0.06763265281915665
1574 -0.2505773603916168 0.17191137373447418
1575 0.8004992604255676 0.6148988008499146
1576 -0.0196322463452816 0.15933316946029663
1577 0.7573071718215942 -0.5053718090057373
1578 -0.07514412701129913 -0.23370538651943207
1579 -0.6617651581764221 -0.6919876933097839
1580 -0.8258465528488159 -0.1866946518421173
1581 -0.20870865881443024 -0.6246128082275391
1582 -0.00943378359079361 -0.13400331139564514
1583 -0.1721755415201187 0.08005683124065399
1584 0.4127815067768097 0.2728186249732971
1585 -0.6962408423423767 -0.520015299320221
1586 0.023625429719686508 0.1093352884054184
1587 0.22386007010936737 0.3416129946708679
1588 0.4960026741027832 0.4348435401916504
1589 -0.7283605933189392 -0.882657527923584
1590 -0.04864151030778885 -0.2767290472984314
1591 -0.4176812767982483 0.4817204177379608
1592 -0.009738324210047722 0.5660123229026794
1593 0.46700188517570496 -0.13488547503948212
1594 0.5075269937515259 0.22327058017253876
1595 -0.29701343178749084 0.6919175982475281
1596 0.06850288808345795 0.6056220531463623
1597 -0.7130177617073059 -0.41646337509155273
1598 0.4559883177280426 0.08532042056322098
1599 0.10883006453514099 -0.004862537607550621
1600 -0.17079061269760132 0.16412845253944397
1601 -0.4359125792980194 -0.7699658274650574
1602 -0.8402060866355896 -0.48484858870506287
1603 0.6841095685958862 -0.5493792295455933
1604 -0.013694649562239647 0.3555026650428772
1605 0.24064332246780396 0.015892740339040756
1606 -0.3927898406982422 -0.3995124101638794
1607 -0.39050376415252686 -0.1579216718673706
1608 0.37462252378463745 0.48757225275039673
1609 -0.2193922996520996 0.6784119606018066
1610 -0.21716539561748505 0.45525088906288147
1611 -0.4655085802078247 0.1623925119638443
1612 0.07037960737943649 -0.6498494744300842
1613 -0.7108476161956787 0.11160609126091003
1614 -0.1039404645562172 -0.045170314610004425
1615 -0.8590884804725647 -0.3346429765224457
1616 0.026431221514940262 -0.11281640827655792
1617 0.8642234206199646 0.475639671087265
1618 0.7335232496261597 0.3086310625076294
1619 -0.6341978907585144 -0.46575358510017395
1620 -0.2921307384967804 0.3948599696159363
1621 0.6184663772583008 0.24733592569828033
1622 0.8375846147537231 -0.5919314026832581
1623 0.653008759021759 0.555265486240387
1624 -0.25536197423934937 0.22870220243930817
1625 0.030348176136612892 -0.06969737261533737
1626 0.4408119022846222 0.08250370621681213
1627 -0.5344904065132141 0.6795404553413391
1628 0.26987895369529724 -0.4708873927593231
1629 -0.47135046124458313 -0.530493438243866
1630 -0.6213012337684631 -0.35794350504875183
1631 -0.23710978031158447 -0.5381712317466736
1632 -0.35200774669647217 0.12027601152658463
1633 0.2164979726076126 0.18935833871364594
1634 0.7099451422691345 0.7225719690322876
1635 0.6778872609138489 0.6358307003974915
1636 0.6824031472206116 0.2371458262205124
1637 -0.32860928773880005 -0.7716593742370605
1638 -0.17266136407852173 0.06726362556219101
1639 -0.33243250846862793 -0.3665354549884796
1640 -0.2709730267524719 -0.8415257930755615
1641 -0.7793440222740173 0.7267403602600098
1642 0.8511227965354919 0.76051265001297
1643 0.5275512933731079 0.10804416239261627
1644 0.11986786872148514 -0.6432053446769714
1645 0.4650118947029114 0.24378831684589386
1646 0.7047065496444702 0.10704175382852554
1647 0.002940667560324073 0.5580433011054993
1648 -0.3020978271961212 0.126226544380188
1649 0.31012776494026184 -0.016729693859815598
1650 0.4203059673309326 -0.35843172669410706
1651 -0.4693228602409363 0.5637316107749939
1652 0.3285602033138275 -0.7215266227722168
1653 -0.22967177629470825 0.05888757109642029
1654 -0.5285797119140625 0.05969821289181709
1655 0.49758654832839966 -0.012785863131284714
1656 0.5098859667778015 -0.5069015026092529
1657 -0.37415409088134766 -0.6627687811851501
1658 0.020685264840722084 -0.4489942491054535
1659 0.1863139420747757 -0.3863195776939392
1660 0.8025138974189758 0.6115681529045105
1661 -0.35510072112083435 -0.09422977268695831
1662 0.7601107954978943 -0.34566381573677063
1663 -0.3065476417541504 -0.12458014488220215
1664 -0.4397968053817749 0.40646111965179443
1665 -0.73171466588974 -0.7005651593208313
1666 -0.4598371982574463 -0.5003073811531067
1667 -0.7044222354888916 -0.7719736695289612
1668 -0.8099965453147888 -0.13006407022476196
1669 -0.4514670670032501 0.7764660716056824
1670 0.08315221965312958 -0.2772858738899231
1671 -0.0071717072278261185 -0.20625676214694977
1672 0.02771393209695816 -0.0846015214920044
1673 0.13880638778209686 0.3909062147140503
1674 -0.5979882478713989 -0.49188095331192017
1675 0.020591076463460922 0.22299568355083466
1676 -0.36413586139678955 -0.6000325679779053
1677 -0.27452781796455383 -0.20698903501033783
1678 0.3991379737854004 -0.03824600949883461
1679 -0.39832890033721924 0.3415868580341339
1680 0.5608015656471252 -0.21914905309677124
1681 0.7012675404548645 -0.6174756288528442
1682 0.7045872211456299 0.08550629019737244
1683 -0.2856636345386505 0.5391541123390198
1684 0.7299016714096069 0.626505970954895
1685 0.3819468319416046 -0.1439773589372635
1686 -0.60505610704422 0.36308717727661133
1687 -0.01057753711938858 0.24048911035060883
1688 -0.6104327440261841 -0.4239024519920349
1689 -0.683508038520813 0.3556753396987915
1690 0.524229884147644 0.026150289922952652
1691 0.21977482736110687 -0.6460124850273132
1692 0.5840625762939453 0.18537582457065582
1693 -0.0404350571334362 -0.5658818483352661
1694 -0.8502755761146545 0.0043988823890686035
1695 0.5087647438049316 0.21036434173583984
1696 -0.1274794340133667 0.616909384727478
1697 -0.5830185413360596 0.07375278323888779
1698 0.3022884726524353 -0.40313994884490967
1699 0.03966899588704109 -0.3250668942928314
1700 -0.21224766969680786 0.05088575556874275
1701 -0.45763760805130005 -0.5462211966514587
1702 -0.668792188167572 -0.28836745023727417
1703 0.08164672553539276 0.7329057455062866
1704 -0.6225907802581787 -0.7298135161399841
1705 -0.7567122578620911 -0.8755555748939514
1706 0.7739779949188232 0.6376739740371704
1707 0.46364516019821167 0.8766568899154663
1708 0.683597207069397 -0.6049166321754456
1709 -0.12711001932621002 0.7554301619529724
1710 -0.38640618324279785 0.673021674156189
1711 -0.6042162775993347 0.15890002250671387
1712 0.2614686191082001 0.24493828415870667
1713 -0.44040244817733765 0.937126636505127
1714 0.24883778393268585 -0.55596923828125
1715 -0.21439683437347412 -0.5418031811714172
1716 -0.05694730207324028 0.1035367101430893
1717 -0.7231310606002808 -0.5549007058143616
1718 -0.5564240217208862 -0.8449684381484985
1719 0.12795746326446533 0.7601306438446045
1720 -0.27216237783432007 -0.36501574516296387
1721 -0.27741917967796326 0.8166307210922241
1722 0.05156516283750534 -0.2248135656118393
1723 -0.5854696035385132 -0.4576309621334076
1724 0.01389872282743454 -0.4698295295238495
1725 0.40093719959259033 -0.5451792478561401
1726 -0.8297674655914307 -0.16745340824127197
1727 -0.3492746651172638 -0.7061035633087158
1728 -0.5450589656829834 -0.7562977075576782
1729 0.18732225894927979 -0.43413737416267395
1730 0.6309677362442017 -0.6656200289726257
1731 0.36555200815200806 -0.8538855314254761
1732 -0.02892330288887024 0.2891136109828949
1733 -0.24491040408611298 -0.16275042295455933
1734 0.6877207159996033 0.6276815533638
1735 0.4905872642993927 -0.5193095207214355
1736 0.45433688163757324 0.38873612880706787
1737 0.7869195342063904 0.003360745031386614
1738 -0.5314953923225403 -0.6829227805137634
1739 -0.5677153468132019 0.17016765475273132
1740 0.2630667984485626 -0.1260785460472107
1741 -0.40928637981414795 0.8356614708900452
1742 0.6009151339530945 -0.4397548735141754
1743 0.07798796892166138 0.3487403690814972
1744 -0.4848927855491638 -0.9005781412124634
1745 -0.5527657270431519 0.35290032625198364
1746 0.012394355610013008 -0.7806596755981445
1747 -0.07786979526281357 0.6149972081184387
1748 -0.7927738428115845 -0.6997801661491394
1749 -0.7436702847480774 -0.42478108406066895
1750 0.01911458931863308 0.6212365031242371
1751 -0.5875046849250793 -0.47649216651916504
1752 -0.9362812638282776 -0.6588118672370911
1753 0.46832767128944397 0.38810229301452637
1754 0.6425049304962158 0.34538400173187256
1755 0.7342506051063538 0.7719053626060486
1756 0.18717645108699799 0.44754308462142944
1757 -0.603510856628418 -0.6997153162956238
1758 0.7329224348068237 0.7768096923828125
1759 0.6658332347869873 0.4324325919151306
1760 0.662663996219635 0.5708031058311462
1761 -0.2112443745136261 0.1846044957637787
1762 0.13003122806549072 0.5066773891448975
1763 -0.35266417264938354 -0.38927167654037476
1764 -0.47481054067611694 0.7741261720657349
1765 -0.863261342048645 -0.5367235541343689
1766 0.838981032371521 0.6455197334289551
1767 -0.5835607647895813 0.8054790496826172
1768 -0.2231036126613617 0.708185613155365
1769 0.9021878838539124 -0.2130490094423294
1770 0.18822507560253143 0.03273564577102661
1771 0.8433235883712769 0.8544177412986755
1772 -0.3306178152561188 0.5127012729644775
1773 -0.563684344291687 0.20756445825099945
1774 0.48643457889556885 0.08023352921009064
1775 -0.3903026580810547 -0.5086904764175415
1776 0.5238017439842224 -0.44462135434150696
1777 -0.49307122826576233 0.3827980160713196
1778 0.012847461737692356 0.33138319849967957
1779 0.1500246524810791 -0.5842013359069824
1780 -0.7328007817268372 -0.5577051043510437
1781 0.719549298286438 0.12445355206727982
1782 -0.5924584865570068 0.34409162402153015
1783 0.20912332832813263 -0.7520219683647156
1784 0.22403965890407562 -0.41087985038757324
1785 0.4791954457759857 0.49379464983940125
1786 -0.36967435479164124 0.10837268829345703
1787 0.013066981919109821 -0.2662678062915802
1788 0.12528115510940552 -0.336927592754364
1789 -0.40443849563598633 -0.3190170228481293
1790 -0.02398051880300045 -0.04131225869059563
1791 -0.5161952972412109 0.2720184028148651
1792 -0.5389726758003235 -0.49174752831459045
1793 0.4128877520561218 -0.2419668585062027
1794 0.6705636382102966 0.46234750747680664
1795 0.2622182369232178 -0.2354125827550888
1796 -0.188012957572937 -0.3014383912086487
1797 0.18652379512786865 0.6574926376342773
1798 0.2993007004261017 0.5019556879997253
1799 -0.2850552499294281 -0.5990920066833496
1800 0.06444427371025085 -0.20958591997623444
1801 -0.30419638752937317 0.027030380442738533
1802 0.054732635617256165 -0.026229282841086388
1803 -0.3032224774360657 -0.1385117620229721
1804 -0.21428519487380981 -0.12585017085075378
1805 -0.7711730599403381 0.8240312933921814
1806 -0.22854623198509216 -0.07934866845607758
1807 -0.41192370653152466 -0.4905039370059967
1808 0.8123781085014343 0.38944265246391296
1809 0.2658558785915375 -0.32047033309936523
1810 0.036419015377759933 -0.24516069889068604
1811 0.38879790902137756 -0.0535360723733902
1812 -0.4693288803100586 -0.42840448021888733
1813 0.19319479167461395 0.36144691705703735
1814 0.20307785272598267 0.665545642375946
1815 0.3951721489429474 -0.5474646091461182
1816 -0.03896962106227875 0.49417805671691895
1817 -0.9237977266311646 0.7243764996528625
1818 -0.20339256525039673 -0.3720742464065552
1819 -0.3891393840312958 0.6738466024398804
1820 0.8157331943511963 0.7819929122924805
1821 0.4700950086116791 0.19378164410591125
1822 0.044359296560287476 0.4850846827030182
1823 -0.5353677868843079 0.5313582420349121
1824 -0.6128316521644592 0.8670784831047058
1825 -0.6417759656906128 -0.050389133393764496
1826 -0.203527569770813 -0.2841344475746155
1827 -0.30018186569213867 -0.10126559436321259
1828 -0.28161752223968506 0.0665007010102272
1829 0.4919932782649994 0.1983054280281067
1830 -0.42272597551345825 -0.722410261631012
1831 -0.6353786587715149 -0.40233996510505676
1832 -0.1697637140750885 0.24233217537403107
1833 0.29179996252059937 -0.5271803140640259
1834 -0.495788037776947 0.6115025877952576
1835 -0.5093462467193604 -0.09460444748401642
1836 0.7200605273246765 0.25048506259918213
1837 -0.5852651596069336 -0.4002698063850403
1838 0.23617205023765564 -0.4632028639316559
1839 -0.799537181854248 -0.7976133823394775
1840 0.0135773541405797 -0.22279970347881317
1841 0.13177433609962463 0.8239666223526001
1842 0.12205301970243454 -0.05682140588760376
1843 0.5755735039710999 0.11080172657966614
1844 0.3558250367641449 0.5717799663543701
1845 -0.06481681764125824 0.3245980143547058
1846 -0.6642736792564392 0.6321780681610107
1847 -0.5086338520050049 0.11837254464626312
1848 -0.09282919764518738 0.47267889976501465
1849 -0.6166221499443054 0.4433705508708954
1850 0.8279410600662231 -0.18065036833286285
1851 -0.37293505668640137 0.02176792174577713
1852 -0.47960105538368225 -0.24693645536899567
1853 0.027644485235214233 0.0028899316675961018
1854 0.13507315516471863 0.3134956657886505
1855 -0.14572197198867798 0.5859905481338501
1856 -0.9107990264892578 0.8738222122192383
1857 -0.46424564719200134 -0.8326573371887207
1858 0.6810961961746216 -0.49418285489082336
1859 -0.7318558692932129 -0.8206822872161865
1860 0.13476762175559998 -0.08038441836833954
1861 -0.2150188535451889 -0.08878038078546524
1862 -0.4172704219818115 0.3466334342956543
1863 -0.41663190722465515 -0.36714765429496765
1864 -0.4100798964500427 -0.7255935668945312
1865 0.2278558909893036 0.42444321513175964
1866 -0.4563201069831848 0.49499964714050293
1867 -0.7350865006446838 0.855074942111969
1868 -0.11129056662321091 -0.13758647441864014
1869 -0.5056666731834412 -0.639126181602478
1870 0.46817508339881897 0.757990300655365
1871 -0.21069198846817017 -0.2661663293838501
1872 0.6086025238037109 -0.06912452727556229
1873 -0.03053874894976616 0.7204346656799316
1874 -0.42486849427223206 -0.7405722737312317
1875 0.8045305013656616 -0.32298779487609863
1876 0.5967485308647156 -0.07814193516969681
1877 0.37305110692977905 -0.714237630367279
1878 0.34452953934669495 -0.28355708718299866
1879 -0.8913525342941284 0.4822527766227722
1880 -0.1346055567264557 -0.5626412630081177
1881 -0.6170713305473328 -0.18714028596878052
1882 -0.1368129998445511 -0.036597657948732376
1883 0.31473153829574585 0.238846093416214
1884 0.4862595200538635 -0.7363364100456238
1885 0.871912956237793 -0.4615291357040405
1886 -0.8758793473243713 -0.8848696947097778
1887 -0.4045606255531311 0.7049534320831299
1888 0.13145208358764648 -0.20200449228286743
1889 0.388380229473114 0.48629844188690186
1890 -0.02472265437245369 -0.011631937697529793
1891 0.41301771998405457 -0.30914929509162903
1892 0.29526782035827637 0.17591850459575653
1893 -0.647431492805481 0.47822466492652893
1894 0.2912752628326416 0.05873322859406471
1895 0.8149861097335815 -0.4082086980342865
1896 -0.5889772772789001 -0.22513744235038757
1897 -0.33451253175735474 0.816196084022522
1898 0.7237799763679504 0.625341534614563
1899 -0.15243786573410034 -0.7626808881759644
1900 0.5671253800392151 0.08741528540849686
1901 -0.22148685157299042 -0.2864581346511841
1902 0.37766754627227783 -0.5502450466156006
1903 0.7827590703964233 0.3109748363494873
1904 0.5533334016799927 0.0009523010812699795
1905 0.17153550684452057 0.5328490734100342
1906 0.9851195812225342 0.3095893859863281
1907 0.6998900175094604 0.8033374547958374
1908 -0.1230679303407669 0.26754510402679443
1909 -0.0985635370016098 -0.565701425075531
1910 -0.7868432402610779 0.39869025349617004
1911 0.6124771237373352 -0.11898589134216309
1912 -0.4887308180332184 -0.37656450271606445
1913 0.4972916543483734 -0.4606722295284271
1914 0.03448854386806488 0.8743856549263
1915 0.17093534767627716 -0.026327237486839294
1916 -0.16916963458061218 -0.7571491599082947
1917 -0.5602436065673828 0.130459725856781
1918 0.013782180845737457 -0.45134449005126953
1919 -0.1616239994764328 0.13218724727630615
1920 -0.8405178189277649 -0.043886035680770874
1921 -0.7226271629333496 0.04420771822333336
1922 -0.23508530855178833 -0.1183842197060585
1923 0.899293065071106 -0.039280880242586136
1924 -0.08168521523475647 -0.15892653167247772
1925 -0.5849869847297668 0.5532658100128174
1926 -0.8373782634735107 -0.773510217666626
1927 -0.05150563642382622 0.7031168937683105
1928 -0.08108235150575638 -0.8086422085762024
1929 0.07985740900039673 0.14839759469032288
1930 -0.015070544555783272 0.24511687457561493
1931 -0.1313273161649704 -0.4266792833805084
1932 0.18594974279403687 0.6838878989219666
1933 -0.28653663396835327 -0.5783373713493347
1934 -0.04933994635939598 0.058163076639175415
1935 -0.2313098907470703 -0.48578184843063354
1936 -0.8187915682792664 -0.03111574426293373
1937 0.7932662963867188 0.7079634666442871
1938 -0.3759518265724182 0.1337006539106369
1939 0.2252586930990219 0.5475082993507385
1940 -0.14861823618412018 -0.06066131219267845
1941 -0.1134863942861557 -0.2748165428638458
1942 0.5699296593666077 -0.46300989389419556
1943 -0.845412015914917 -0.6075018048286438
1944 0.518480658531189 0.702807605266571
1945 0.41954970359802246 0.7139852046966553
1946 0.3264086842536926 0.8261836767196655
1947 0.7770879864692688 0.3261076807975769
1948 -0.17819803953170776 0.32259371876716614
1949 0.6755499243736267 0.16224469244480133
1950 0.1374734491109848 -0.4863779544830322
1951 0.8869923949241638 -0.7780697345733643
1952 0.655947208404541 -0.4185571074485779
1953 -0.08079017698764801 -0.25835245847702026
1954 -0.03705202043056488 -0.4180915653705597
1955 -0.4512248635292053 -0.5864264369010925
1956 0.16389097273349762 0.4649406671524048
1957 -0.17238318920135498 0.13173991441726685
1958 0.6516355276107788 -0.417894572019577
1959 -0.013509350828826427 -0.13201406598091125
1960 0.568401038646698 0.16048364341259003
1961 -0.7947989106178284 0.40412425994873047
1962 -0.4076882600784302 -0.3889114260673523
1963 -0.14782504737377167 0.13979874551296234
1964 -0.548952043056488 0.7731427550315857
1965 0.4463807940483093 0.2380988746881485
1966 0.09988712519407272 -0.8409778475761414
1967 0.2204650491476059 0.4282683730125427
1968 0.275967001914978 0.2746865451335907
1969 -0.03684185817837715 0.523250162601471
1970 0.4989674389362335 -0.6621186137199402
1971 -0.5018503069877625 0.8512817025184631
1972 0.23913507163524628 0.019113710150122643
1973 -0.17223507165908813 -0.5591804385185242
1974 -0.6428688764572144 0.4779569208621979
1975 -0.025481179356575012 0.3618322014808655
1976 0.41676175594329834 -0.3098084628582001
1977 -0.19781075417995453 -0.025532230734825134
1978 0.39656224846839905 -0.0058189197443425655
1979 0.09974396228790283 0.34447088837623596
1980 -0.07378606498241425 0.19673161208629608
1981 0.029954470694065094 -0.5010098814964294
1982 0.3423449993133545 0.2161771059036255
1983 0.8760083317756653 -0.21366876363754272
1984 -0.7114880681037903 0.8477603197097778
1985 0.7007467746734619 -0.8294920325279236
1986 -0.2771606147289276 0.13177822530269623
1987 0.29649490118026733 0.32436180114746094
1988 -0.31096962094306946 0.4269276261329651
1989 -0.40762001276016235 -0.20721809566020966
1990 0.26614925265312195 0.7070362567901611
1991 0.2930775284767151 -0.27785590291023254
1992 0.21183517575263977 -0.28909042477607727
1993 -0.012554223649203777 0.05658762902021408
1994 0.2869873344898224 0.08952069282531738
1995 -0.44859740138053894 0.27625545859336853
1996 -0.15279585123062134 -0.6988107562065125
1997 -0.4348374605178833 0.5996246337890625
1998 -0.8364221453666687 0.2060469090938568
1999 0.7323236465454102 0.4889589250087738
2000 0.6203745007514954 0.5044470429420471
