# Node_nr = 100
# K <r> sigma_r(sig not of average! divide by sqrt(n))
0 0.02 0.0911922 0.0475774 0
0.05 0.03 0.0878705 0.0456081 0
0.1 0.04 0.0899479 0.0473488 0
0.15 0.04 0.0926044 0.0473913 0
0.2 0.05 0.0943024 0.0480689 0
0.25 0.06 0.0906739 0.0497875 0
0.3 0.08 0.0915634 0.0461684 0
0.35 0.12 0.087454 0.0450511 0
0.4 0.13 0.0924908 0.0488759 0
0.45 0.15 0.087639 0.0468854 0
0.5 0.16 0.0982379 0.0509744 0
0.55 0.23 0.101299 0.0553619 0
0.6 0.47 0.0961825 0.0489075 0
0.65 0.51 0.0926094 0.0493125 0
0.7 0.53 0.103183 0.0519633 0
0.75 0.57 0.103889 0.0529068 0
0.8 0.59 0.104099 0.0535401 0
0.85 0.61 0.1067 0.0549294 0
0.9 0.63 0.101777 0.0520541 0
0.95 0.65 0.105597 0.0536623 0
1 0.79 0.103156 0.0539358 0
1.05 0.8 0.107419 0.0540152 0
1.1 0.82 0.10834 0.0538428 0
1.15 0.82 0.115179 0.0580554 0
1.2 0.83 0.107279 0.0579602 0
1.25 0.84 0.111834 0.0551297 0
1.3 0.84 0.102402 0.0540595 0
1.35 0.85 0.106144 0.0549556 0
1.4 0.85 0.108193 0.0541603 0
1.45 0.87 0.109487 0.0557343 0
1.5 0.87 0.110979 0.0563025 0