0 770 582 203 933 198 729 455 655 591 
1 128 782 319 272 
2 970 631 498 164 335 
3 505 407 659 724 761 815 47 
4 816 890 93 43 604 
5 63 968 141 490 812 674 461 281 75 
6 392 692 526 860 497 267 220 
7 806 831 443 669 657 567 163 
8 316 98 599 156 793 19 981 286 189 
9 835 754 929 581 
10 109 791 403 583 227 
11 526 682 898 57 997 51 
12 454 389 39 122 907 131 961 924 667 
13 604 607 273 750 894 
14 835 930 754 866 75 
15 452 472 571 948 18 283 511 
16 893 243 423 274 
17 320 251 350 147 231 407 771 
18 345 237 809 372 122 15 
19 95 235 85 286 8 
20 593 178 789 432 203 
21 563 611 352 228 239 801 
22 551 582 449 672 221 
23 
24 145 642 
25 743 103 857 967 274 
26 697 694 483 614 337 700 328 863 77 
27 863 922 769 650 76 35 383 930 645 272 576 
28 247 551 230 67 
29 998 481 795 709 
30 604 601 813 114 399 252 
31 933 231 612 
32 991 413 398 760 539 994 227 449 953 
33 218 55 667 454 205 757 201 631 
34 706 770 732 758 591 526 763 894 122 
35 823 990 27 834 406 579 
36 421 98 313 562 822 584 875 595 
37 340 498 274 335 569 793 518 114 852 981 
38 261 353 537 386 875 
39 510 908 12 232 
40 
41 164 493 807 630 766 610 287 
42 711 902 
43 393 848 4 342 486 120 408 756 194 418 200 
44 266 735 165 834 543 499 
45 
46 941 392 114 
47 864 917 925 893 990 667 835 823 3 
48 787 603 443 346 545 172 862 375 
49 714 316 590 520 252 530 727 
50 426 501 795 534 245 105 356 
51 527 167 556 11 
52 648 561 365 585 335 352 542 
53 263 630 391 833 97 171 529 63 
54 640 588 
55 132 33 499 370 981 125 778 
56 973 791 860 
57 266 941 11 514 527 
58 960 298 553 634 628 286 
59 220 159 601 478 737 368 690 320 557 655 
60 244 933 551 779 
61 
62 969 291 694 312 640 232 754 
63 5 746 143 911 747 751 53 700 170 711 
64 832 449 959 988 224 
65 699 733 277 314 510 
66 110 148 797 440 833 310 
67 353 516 466 859 91 271 28 
68 336 378 952 896 146 565 210 297 
69 819 138 141 
70 315 609 136 149 77 160 492 
71 590 832 798 876 327 497 929 522 
72 300 138 827 
73 486 819 266 690 
74 418 107 306 114 229 125 611 
75 660 977 123 265 621 238 519 581 5 196 14 570 
76 152 27 794 320 771 
77 959 300 70 813 26 
78 828 463 663 741 595 829 936 
79 664 97 668 505 775 783 
80 332 620 442 699 509 456 900 
81 497 825 344 320 283 561 940 
82 679 423 351 462 
83 258 94 444 980 285 
84 338 407 556 824 377 847 
85 245 651 416 736 162 19 228 527 483 
86 913 640 615 963 
87 598 672 352 968 467 992 
88 758 884 536 654 849 736 723 394 956 820 
89 216 524 810 525 103 
90 269 896 774 653 
91 637 506 389 67 809 
92 117 680 
93 538 147 292 4 623 379 154 
94 96 83 931 635 324 626 740 
95 19 190 834 441 923 312 502 998 
96 94 598 
97 79 53 156 244 569 
98 36 199 8 300 378 255 
99 773 268 817 
100 487 429 410 674 692 275 262 
101 957 121 811 797 430 
102 236 602 244 104 774 
103 850 663 25 956 89 800 
104 439 148 458 102 
105 370 704 368 50 
106 497 351 986 
107 74 727 963 702 505 703 
108 721 
109 664 10 593 291 543 380 414 
110 896 794 66 938 174 800 528 
111 208 800 873 764 
112 359 447 296 501 478 542 
113 565 705 133 217 205 844 518 839 774 713 
114 668 998 30 74 308 46 470 377 494 684 37 578 918 
115 588 264 268 696 161 180 
116 278 128 724 614 
117 745 762 92 410 
118 703 247 546 956 568 582 
119 819 132 310 487 272 747 888 961 782 
120 693 619 342 299 153 617 43 577 360 
121 101 
122 151 857 308 12 18 281 34 
123 75 818 141 828 
124 805 427 335 197 
125 908 315 656 166 179 74 794 709 55 
126 816 680 515 561 897 444 
127 
128 1 384 728 116 715 748 655 
129 475 528 192 680 894 
130 168 828 326 572 303 187 601 446 
131 578 162 12 263 
132 55 526 119 747 849 168 980 571 
133 285 255 113 210 608 753 
134 457 842 859 805 736 498 
135 404 356 717 721 457 842 199 565 702 504 
136 479 302 961 70 515 
137 884 257 838 536 166 948 601 
138 69 72 322 913 
139 236 702 
140 739 805 
141 872 357 69 177 5 123 930 288 
142 431 
143 914 320 63 604 325 805 559 
144 709 763 399 449 840 425 
145 157 399 24 407 730 530 781 256 269 517 
146 68 989 678 237 171 
147 467 93 483 887 692 464 17 349 640 739 
148 104 66 
149 217 472 437 952 938 70 681 
150 551 619 365 180 
151 518 394 122 
152 229 995 76 997 999 384 233 506 675 944 316 605 
153 890 120 205 655 897 
154 436 93 
155 607 340 831 756 
156 245 97 364 577 8 935 377 335 
157 145 341 757 487 438 837 
158 164 523 726 
159 720 59 301 479 181 623 183 
160 969 687 640 770 70 505 
161 402 779 395 203 115 901 883 
162 492 873 131 391 85 488 495 735 
163 976 441 675 467 542 190 7 
164 41 158 214 570 314 862 173 216 2 922 330 222 364 
165 283 200 44 259 358 211 771 883 601 897 528 220 
166 766 620 693 125 730 137 873 855 
167 567 329 483 378 51 369 733 214 314 723 446 
168 130 409 200 231 190 132 294 911 
169 
170 227 889 770 515 226 378 63 
171 672 812 936 53 667 613 695 723 455 678 146 
172 990 847 228 466 493 445 48 873 
173 572 451 726 857 164 505 
174 717 495 877 882 110 633 244 590 564 
175 515 387 763 771 937 193 328 
176 330 471 300 
177 964 941 540 655 705 934 523 141 537 938 847 971 460 699 
178 779 386 20 879 942 410 747 969 
179 432 869 125 460 
180 896 824 855 994 679 150 115 738 792 608 
181 932 276 583 291 219 159 641 
182 963 543 482 506 
183 552 839 380 159 
184 860 308 828 999 
185 544 340 
186 441 
187 241 908 624 791 677 130 210 
188 723 660 243 679 
189 645 561 330 226 8 
190 707 95 611 196 287 406 168 163 732 546 966 
191 594 998 892 294 972 
192 129 691 
193 981 815 794 175 954 613 
194 727 462 569 957 43 311 
195 283 577 296 829 
196 509 613 190 313 811 75 274 
197 885 270 467 946 311 124 
198 836 593 0 255 
199 268 98 412 204 879 694 135 673 
200 891 168 165 921 689 43 
201 452 589 973 255 475 788 879 901 595 620 33 686 695 
202 995 562 600 722 387 
203 339 370 0 697 161 224 20 
204 361 199 714 911 
205 675 263 33 391 113 881 153 
206 741 274 226 894 371 
207 395 761 762 928 
208 111 796 748 959 639 320 747 453 872 
209 239 248 574 754 910 
210 133 498 187 68 
211 847 230 748 165 868 
212 379 650 491 495 675 683 
213 
214 164 507 381 167 
215 557 660 272 810 749 
216 747 596 89 164 
217 149 811 113 958 864 693 915 
218 917 33 246 356 
219 638 540 591 766 181 328 993 836 386 
220 59 470 629 563 6 165 
221 439 354 500 769 22 
222 673 633 297 285 365 473 547 164 
223 460 852 919 841 967 815 
224 478 674 747 655 332 612 64 797 203 
225 589 853 
226 783 396 189 206 170 
227 906 170 533 10 684 32 903 
228 172 826 558 21 283 654 85 
229 868 152 354 876 74 791 922 717 478 
230 211 28 
231 299 168 557 648 887 31 17 498 774 
232 840 656 62 39 683 
233 152 465 
234 549 250 461 631 604 326 
235 460 19 784 566 614 841 363 362 
236 917 102 139 829 729 548 738 
237 324 428 18 882 684 625 146 
238 459 549 516 654 75 632 281 546 611 
239 209 897 714 21 614 
240 872 351 412 641 542 278 506 742 
241 921 187 592 576 322 781 969 644 
242 898 740 412 256 673 866 
243 329 16 273 541 188 
244 989 743 60 929 97 102 174 593 
245 156 799 85 50 
246 218 585 493 705 
247 719 606 28 118 630 632 
248 734 209 466 698 703 932 
249 902 525 
250 449 310 234 425 327 
251 828 506 17 689 419 
252 612 798 640 49 721 30 
253 831 660 401 835 290 272 
254 561 546 539 820 
255 490 133 201 312 717 356 198 98 
256 575 977 779 340 751 730 242 352 145 
257 740 137 661 538 278 346 
258 394 83 378 356 
259 882 728 165 463 286 
260 875 982 983 282 482 576 969 724 
261 410 898 586 38 333 264 955 
262 274 878 534 100 
263 621 53 205 785 309 131 646 995 
264 482 261 564 115 804 541 
265 75 673 556 599 
266 44 57 395 359 73 
267 497 381 643 529 547 6 936 770 
268 199 888 635 115 99 962 
269 90 819 503 834 657 506 693 896 145 866 
270 766 716 197 497 
271 299 67 916 
272 872 302 119 448 700 876 1 27 215 253 
273 561 243 13 333 
274 262 206 37 196 643 25 16 
275 574 899 100 759 922 
276 436 476 181 719 367 449 649 
277 486 709 65 809 368 
278 568 240 116 804 257 937 
279 489 865 539 690 725 
280 930 967 630 918 695 
281 797 615 426 915 238 5 122 385 
282 358 260 344 410 621 
283 496 165 195 228 81 342 15 
284 346 967 348 
285 133 222 609 83 
286 721 19 465 556 58 652 620 8 259 
287 628 288 919 190 41 529 
288 493 738 565 287 403 562 141 
289 
290 638 892 671 855 341 535 253 895 
291 472 62 181 109 
292 631 929 477 795 93 696 792 
293 523 473 362 715 
294 191 809 168 860 
295 932 540 694 422 
296 507 727 112 195 511 
297 222 421 449 737 877 445 68 
298 58 885 311 537 938 
299 877 390 314 231 271 120 564 
300 502 72 972 176 77 577 98 
301 159 822 331 483 
302 136 272 828 771 560 971 482 
303 791 546 130 
304 478 464 764 604 
305 500 398 480 909 806 316 311 
306 74 958 427 426 
307 835 605 869 608 
308 439 337 734 522 184 556 667 122 114 344 827 760 
309 393 934 659 542 263 
310 549 832 119 548 469 428 713 478 250 921 749 66 
311 503 298 763 197 305 194 
312 960 586 459 733 62 255 828 95 625 
313 754 702 36 700 714 196 764 444 972 
314 299 372 164 65 977 325 518 167 390 
315 70 512 125 712 704 368 
316 356 49 8 329 664 847 305 363 427 152 
317 736 939 
318 935 674 749 893 467 699 
319 1 454 486 649 
320 394 571 502 143 17 81 877 208 76 59 486 859 
321 463 767 384 724 
322 876 138 241 
323 801 641 
324 237 698 551 728 94 
325 624 616 756 143 314 
326 130 766 402 234 
327 757 672 71 513 378 250 
328 337 528 683 390 803 219 26 175 758 
329 779 243 794 167 723 316 500 727 946 635 831 633 
330 888 176 189 727 164 425 864 
331 935 851 551 301 747 
332 404 655 80 224 755 
333 425 261 842 506 337 868 831 447 273 
334 695 472 756 654 378 520 
335 540 936 931 124 37 52 156 2 964 606 827 
336 455 68 477 
337 328 308 715 651 510 347 26 333 480 605 961 394 554 
338 84 507 
339 203 940 570 
340 37 592 155 951 434 185 256 
341 157 448 565 290 747 
342 426 120 971 43 848 283 520 521 
343 985 697 
344 948 946 81 282 520 944 308 801 
345 18 815 954 880 382 650 777 809 
346 284 582 753 48 968 892 759 257 
347 408 337 351 
348 834 467 284 874 
349 398 797 663 845 147 
350 934 873 424 971 17 669 998 411 
351 240 792 106 442 968 403 829 359 933 82 363 347 561 
352 619 21 87 256 52 560 
353 67 38 623 490 776 381 
354 229 221 571 596 491 
355 586 649 969 827 
356 316 135 541 258 218 425 50 255 492 
357 924 793 141 581 748 473 
358 982 282 577 165 635 903 
359 112 435 596 636 266 351 546 
360 796 120 
361 204 703 812 855 
362 667 470 293 844 733 922 747 698 853 581 235 
363 765 970 513 351 235 316 486 
364 860 156 396 164 
365 222 52 486 150 954 768 973 700 
366 808 630 887 510 737 524 
367 901 509 642 276 676 
368 847 796 820 648 59 105 415 675 506 670 315 277 
369 753 787 167 
370 203 105 501 55 503 671 
371 438 825 206 
372 314 787 816 18 813 
373 457 727 937 630 426 526 
374 393 511 904 711 691 910 875 
375 425 48 
376 995 557 991 982 
377 738 694 84 807 883 156 114 714 
378 68 167 761 521 258 737 774 392 327 334 170 98 
379 212 899 708 883 93 
380 945 445 781 183 109 491 
381 899 267 214 970 464 662 598 782 353 
382 636 863 451 692 345 667 861 
383 27 572 937 658 444 
384 401 128 900 612 444 152 321 638 854 761 
385 690 748 567 485 584 881 565 281 
386 178 485 920 697 806 38 219 
387 538 175 805 708 469 879 202 
388 945 881 732 739 947 
389 752 407 91 12 446 651 875 
390 299 538 824 783 328 507 915 314 492 481 
391 53 205 652 162 881 653 
392 780 6 46 618 378 507 633 763 
393 309 43 637 686 374 728 583 
394 258 320 151 915 859 946 88 740 837 337 725 772 
395 207 266 161 452 
396 962 226 364 940 
397 744 914 
398 349 32 686 305 869 651 
399 144 145 707 658 963 421 30 
400 886 817 
401 588 425 384 673 480 253 825 520 
402 161 814 912 777 959 326 
403 288 830 10 497 566 351 520 976 694 
404 135 332 418 496 729 529 809 521 771 775 954 
405 942 938 711 
406 190 493 35 
407 84 389 705 145 682 3 17 
408 347 812 527 43 876 
409 168 836 441 695 991 
410 261 100 724 282 117 178 
411 894 547 888 350 
412 635 240 242 199 536 841 
413 417 32 760 
414 660 109 
415 990 368 593 974 
416 85 863 513 949 
417 413 954 560 782 447 894 
418 404 74 901 430 974 43 
419 750 723 754 686 616 251 676 
420 
421 36 297 399 890 865 
422 795 810 484 965 295 
423 500 961 921 658 82 16 548 787 
424 695 854 350 480 440 675 
425 333 401 611 872 375 330 250 144 822 999 602 356 746 
426 50 281 342 526 306 373 
427 124 719 306 316 
428 793 237 725 310 826 559 
429 100 594 630 
430 505 689 101 418 701 483 
431 142 
432 179 939 624 524 20 
433 
434 627 340 615 454 572 
435 359 918 
436 956 639 276 154 660 900 
437 149 478 458 609 991 
438 967 371 157 
439 308 221 104 778 602 792 605 600 810 944 
440 66 424 
441 186 163 409 634 95 788 577 
442 80 351 565 
443 48 485 7 821 510 685 716 760 
444 729 620 384 630 83 313 383 126 821 
445 835 663 991 380 172 804 577 297 
446 848 797 936 544 670 720 389 561 618 512 167 130 460 448 
447 112 934 417 515 760 333 610 
448 341 706 655 272 532 446 
449 543 64 487 144 250 297 22 32 276 623 513 904 
450 
451 173 382 922 
452 201 15 898 727 744 582 676 395 970 
453 659 208 
454 33 12 669 602 670 319 434 819 
455 491 336 974 488 0 171 704 
456 984 483 781 80 
457 134 135 373 632 787 
458 437 763 856 104 672 
459 238 312 759 
460 777 235 223 532 821 534 766 179 177 446 
461 477 710 617 551 5 234 
462 865 194 680 82 
463 78 321 865 259 601 
464 713 923 304 941 147 381 715 839 
465 611 233 691 286 689 
466 67 172 248 
467 147 704 348 530 197 318 163 736 594 87 
468 598 534 851 528 698 501 
469 977 310 387 994 952 
470 832 220 362 114 512 
471 176 685 
472 149 291 817 15 334 960 
473 935 293 792 497 222 357 
474 849 563 693 994 
475 129 800 201 535 662 942 744 784 
476 580 276 877 613 
477 548 461 292 336 878 
478 224 304 59 437 310 857 112 229 983 
479 136 714 522 799 159 563 
480 798 401 424 305 337 644 
481 29 924 516 390 
482 533 264 743 792 260 182 885 302 600 626 
483 456 947 167 810 147 26 579 430 85 301 
484 678 422 757 821 
485 386 549 443 641 853 385 524 
486 277 73 365 43 319 320 363 
487 100 449 777 119 634 157 886 
488 523 455 569 162 639 721 661 
489 279 852 735 585 654 682 570 993 
490 255 353 777 5 971 545 
491 455 594 803 212 354 645 380 
492 725 162 954 390 70 356 
493 288 41 537 172 406 246 
494 703 793 583 114 
495 657 174 162 212 521 
496 283 598 404 910 557 507 681 
497 81 782 267 703 948 106 403 639 473 270 6 71 
498 737 37 704 210 2 882 231 134 
499 55 593 807 44 
500 423 759 691 305 965 329 221 
501 541 50 576 370 957 701 112 878 468 882 
502 300 320 595 95 
503 754 311 692 269 847 370 601 620 
504 893 714 135 
505 430 3 79 652 826 107 173 160 
506 91 251 240 182 333 269 152 368 856 849 
507 296 214 392 496 390 794 338 
508 
509 976 196 367 665 80 644 
510 701 622 337 39 366 443 529 65 
511 687 374 296 523 681 15 693 
512 659 315 884 470 446 
513 591 363 416 904 629 327 672 449 962 777 
514 854 57 542 648 
515 175 697 531 447 136 126 170 973 
516 925 67 937 556 238 481 977 
517 698 773 145 
518 151 821 715 727 113 314 37 
519 979 75 833 749 
520 912 49 344 569 403 633 334 342 401 854 
521 676 378 404 995 788 495 342 
522 479 308 955 713 889 71 
523 293 741 488 756 177 511 158 
524 576 432 366 785 89 485 
525 754 249 89 873 977 
526 11 132 6 981 426 622 34 706 922 373 
527 51 817 756 596 408 960 85 57 
528 129 796 468 328 110 165 577 
529 404 53 267 617 774 824 510 865 287 
530 467 145 49 
531 806 515 671 651 
532 558 460 448 925 935 
533 482 227 907 
534 468 50 262 945 460 
535 734 475 290 900 
536 580 88 760 412 137 
537 493 835 177 38 298 551 
538 889 93 390 803 387 809 257 867 
539 753 279 254 734 32 
540 335 692 177 295 219 780 
541 501 356 685 243 823 818 264 
542 976 240 903 309 112 163 514 52 
543 449 789 725 574 577 182 109 886 44 844 
544 185 446 924 610 799 
545 847 740 721 48 955 640 490 670 
546 254 826 303 118 692 359 238 190 
547 411 845 267 222 
548 477 310 947 423 869 236 611 
549 310 485 238 234 629 
550 
551 759 150 22 331 582 634 324 693 877 28 461 909 60 537 
552 183 720 
553 58 934 777 707 
554 558 755 935 750 561 924 337 649 
555 
556 984 84 516 308 686 726 936 906 51 265 286 
557 560 231 604 376 215 496 59 
558 532 554 228 705 795 823 
559 799 839 934 143 428 
560 557 417 987 721 302 614 352 820 
561 254 189 52 273 81 862 446 126 617 554 351 
562 202 772 36 792 609 288 
563 21 617 589 479 474 661 694 220 
564 264 299 614 174 875 
565 113 288 341 442 68 135 385 
566 833 403 235 
567 167 656 385 581 618 641 574 7 
568 862 702 278 680 581 118 
569 488 910 194 520 37 97 934 
570 164 489 75 339 
571 320 828 354 15 729 575 944 132 
572 173 887 998 130 766 383 434 
573 
574 275 989 736 543 954 209 567 691 948 
575 256 863 829 833 571 
576 602 743 501 524 892 260 241 875 27 
577 855 358 543 156 195 300 445 441 612 120 528 
578 131 917 114 710 648 
579 816 483 854 882 35 
580 476 536 848 
581 357 568 567 75 672 362 9 
582 346 953 551 0 749 22 640 452 118 954 
583 181 10 494 864 925 907 393 
584 385 36 966 
585 968 489 994 52 246 
586 355 312 827 261 769 820 
587 
588 115 401 759 668 888 54 
589 593 225 201 563 961 758 
590 845 71 49 174 835 
591 513 600 804 219 34 0 763 
592 340 932 742 241 950 
593 589 20 109 198 886 499 415 244 
594 997 191 844 491 429 467 
595 502 201 78 669 36 901 
596 359 527 216 747 354 
597 976 728 
598 87 468 96 496 621 381 
599 661 670 8 700 265 
600 591 202 638 439 482 992 
601 30 850 59 130 503 883 463 137 165 
602 576 723 845 454 940 439 608 102 779 425 
603 48 728 676 
604 30 13 856 557 143 4 717 817 304 234 
605 978 643 307 439 337 839 152 
606 607 799 247 939 335 
607 606 155 13 914 615 653 
608 133 602 882 307 180 
609 817 847 70 437 562 631 742 625 285 
610 712 544 41 447 
611 465 425 21 190 764 626 238 982 956 74 890 548 
612 651 252 384 848 224 784 974 31 577 
613 988 795 755 196 171 476 773 193 849 
614 929 729 564 26 235 560 116 239 
615 281 911 607 86 434 
616 325 662 772 419 
617 461 743 563 529 120 561 739 
618 392 567 659 446 
619 767 921 120 150 352 950 917 662 
620 777 166 444 80 201 286 503 833 
621 263 789 936 835 75 598 956 282 
622 510 711 526 
623 353 93 449 669 159 
624 325 799 187 432 672 
625 646 812 609 237 312 
626 928 841 611 884 778 482 94 
627 434 880 976 961 
628 287 859 688 58 
629 513 549 952 940 842 220 
630 53 280 366 800 673 41 444 922 247 429 373 
631 916 732 292 2 609 33 234 
632 888 238 457 247 687 
633 222 174 392 520 329 860 891 
634 551 909 487 58 441 
635 412 268 847 684 740 94 358 873 329 
636 382 359 717 984 
637 91 393 691 751 747 
638 290 219 938 829 946 600 384 
639 436 808 497 208 879 488 
640 252 86 160 54 582 62 545 671 147 
641 240 832 994 485 567 323 181 
642 697 367 24 921 
643 267 605 892 274 
644 889 480 241 509 732 
645 189 781 842 491 27 712 
646 853 814 952 625 263 728 
647 
648 52 868 893 368 231 746 514 578 
649 355 662 716 276 554 319 997 
650 990 729 27 212 917 663 677 345 998 948 
651 612 85 824 337 932 389 797 888 398 531 
652 391 505 736 286 881 
653 881 607 391 835 797 90 
654 839 88 489 334 238 228 826 
655 711 332 177 732 448 224 153 798 828 0 128 59 
656 863 232 567 125 820 
657 495 7 269 747 
658 842 423 399 383 861 
659 512 453 3 309 618 
660 414 75 253 436 188 215 920 
661 599 737 257 563 488 995 
662 616 708 649 475 381 619 880 
663 769 445 103 890 78 349 650 
664 109 79 316 
665 844 509 995 
666 986 683 
667 362 821 720 33 817 916 171 47 382 308 983 12 
668 588 114 79 798 707 
669 880 681 454 7 684 350 623 670 595 
670 446 599 454 952 943 669 368 545 709 
671 290 763 640 370 531 
672 171 87 327 624 513 458 581 22 857 
673 222 401 946 630 265 835 698 199 242 
674 844 318 224 100 5 854 
675 205 163 212 769 424 368 152 
676 521 603 998 932 452 419 367 
677 804 742 717 187 650 702 
678 484 146 171 
679 82 180 812 188 
680 568 126 129 92 462 
681 751 669 724 692 851 986 511 149 496 
682 986 834 11 407 489 757 
683 958 840 328 212 666 232 
684 969 828 635 237 669 227 114 
685 686 807 541 471 443 937 
686 685 814 393 398 556 419 201 773 
687 160 511 808 867 732 632 
688 943 977 628 877 689 
689 430 696 200 251 465 688 
690 819 385 861 59 279 73 
691 500 637 465 192 374 574 
692 540 6 768 759 382 503 147 546 681 100 986 
693 120 551 166 269 217 474 749 511 
694 377 295 26 62 199 749 711 563 403 
695 424 334 782 974 171 409 280 878 201 
696 795 689 292 935 115 967 
697 26 642 386 515 203 343 850 
698 963 324 517 248 673 468 362 776 862 
699 65 929 80 806 743 984 318 177 
700 816 313 272 599 26 63 365 878 
701 993 510 808 501 430 
702 568 901 313 107 677 135 139 
703 497 118 494 248 971 361 107 
704 794 467 105 498 733 315 455 
705 113 407 177 990 558 246 
706 34 448 866 526 931 
707 190 399 668 553 736 873 
708 379 387 662 
709 144 277 983 29 125 804 670 
710 785 461 765 578 
711 655 405 622 374 42 694 63 
712 894 610 958 315 892 645 
713 464 945 522 310 113 979 
714 479 49 874 204 313 504 239 936 377 
715 886 337 518 756 464 128 293 
716 964 270 991 856 649 443 
717 135 174 636 677 604 229 255 
718 898 979 
719 247 427 276 736 
720 159 667 985 446 950 552 
721 852 108 135 545 286 560 252 488 
722 202 
723 188 876 602 329 755 419 88 171 745 962 167 
724 779 681 410 3 260 116 321 
725 428 492 729 543 833 839 992 394 279 
726 556 173 883 158 
727 296 834 452 194 518 373 107 329 330 885 49 
728 895 324 603 128 259 393 646 597 
729 444 725 404 650 614 0 571 236 
730 922 145 798 166 256 943 
731 846 
732 631 655 34 388 687 190 644 
733 65 312 826 167 704 362 
734 833 535 248 308 907 539 
735 745 44 903 869 489 784 930 162 
736 317 910 574 85 134 88 719 964 467 652 707 
737 498 823 59 661 378 366 297 777 
738 377 288 180 236 
739 140 388 984 948 756 617 147 
740 257 242 545 635 394 785 94 
741 206 523 78 
742 677 988 592 850 240 609 885 804 
743 960 482 576 25 244 617 777 699 
744 873 452 788 397 774 756 475 948 
745 117 735 723 
746 873 63 761 648 913 425 879 
747 216 913 132 910 119 63 224 596 341 208 331 362 657 637 178 
748 385 208 211 929 357 128 
749 901 318 582 694 310 215 519 693 
750 419 554 13 
751 681 63 637 256 
752 389 
753 539 862 369 346 133 
754 313 503 525 9 14 209 419 62 
755 554 613 723 906 332 
756 527 325 523 925 715 334 770 744 43 739 155 
757 832 33 327 484 157 682 
758 88 796 34 589 897 847 328 
759 551 500 978 588 692 459 346 275 
760 32 536 447 413 443 308 
761 207 378 746 3 384 
762 913 117 207 
763 144 920 175 671 458 311 392 34 868 591 
764 611 313 111 304 907 
765 363 710 
766 270 166 326 572 41 219 460 
767 619 321 
768 692 365 950 900 
769 663 27 586 675 221 
770 0 34 160 170 756 267 
771 302 175 165 404 17 76 
772 562 616 394 
773 99 822 613 517 686 
774 789 90 744 378 529 113 102 231 
775 812 79 404 
776 924 353 698 
777 620 460 487 743 490 553 402 737 345 513 
778 891 439 626 55 
779 178 329 161 256 724 602 60 
780 392 789 540 906 
781 456 645 826 380 993 145 241 962 
782 497 1 849 695 916 856 417 119 381 
783 226 390 79 905 
784 235 735 612 475 
785 710 263 991 524 740 828 
786 
787 48 369 372 423 457 
788 744 981 201 521 441 
789 543 621 869 774 780 20 806 
790 
791 303 815 10 56 187 229 
792 351 830 482 821 868 562 473 439 292 180 
793 357 428 494 8 37 
794 704 110 329 992 76 193 125 507 
795 696 613 29 50 422 292 806 558 860 
796 208 368 528 758 360 985 
797 281 446 349 884 101 66 862 880 224 651 653 
798 956 252 980 71 480 938 730 668 655 
799 606 559 245 624 479 544 838 
800 111 475 630 110 818 948 103 
801 970 830 323 829 344 21 
802 
803 538 491 328 954 
804 677 591 445 278 264 709 742 
805 124 387 134 140 143 
806 7 932 531 699 933 971 795 386 789 305 
807 685 41 377 499 
808 366 639 869 701 687 916 979 977 
809 935 18 404 538 294 277 91 345 
810 422 483 89 439 215 
811 998 101 217 196 
812 775 171 625 408 5 679 361 
813 30 372 77 
814 402 686 646 995 860 
815 791 345 833 863 193 3 223 
816 845 126 4 700 579 372 862 869 
817 609 527 472 883 667 604 400 99 
818 935 928 123 541 800 
819 69 690 119 970 73 269 454 
820 368 656 254 88 586 560 
821 667 518 792 460 443 484 444 
822 301 36 773 425 
823 35 737 541 47 558 
824 180 651 84 390 529 
825 81 371 401 
826 228 546 733 781 505 428 654 
827 893 586 72 355 308 335 
828 78 130 302 571 251 684 123 184 655 785 312 
829 575 351 638 78 236 801 195 
830 792 403 801 
831 7 253 980 155 884 333 329 
832 64 470 310 757 641 71 
833 734 566 53 815 725 519 575 66 620 
834 348 682 727 857 95 269 44 35 
835 445 14 9 863 537 621 307 673 253 47 653 590 
836 198 409 874 966 219 
837 995 897 966 394 157 
838 137 799 
839 902 559 654 853 725 183 113 605 464 
840 232 683 144 985 
841 412 626 965 223 235 
842 658 134 135 333 645 629 
843 
844 674 594 665 113 966 362 863 543 
845 590 816 602 547 349 
846 731 
847 172 368 211 609 545 635 84 503 177 316 758 
848 446 43 612 342 580 
849 474 782 88 132 613 506 
850 915 103 601 742 921 697 
851 331 468 681 
852 721 489 223 37 
853 646 839 485 225 362 
854 514 424 674 579 384 520 
855 180 577 290 166 361 
856 604 782 716 458 506 
857 834 478 25 122 173 672 
858 
859 134 394 67 628 320 
860 969 364 184 814 6 56 633 795 294 
861 863 983 690 382 658 
862 568 753 991 797 561 164 816 698 48 
863 861 27 656 416 835 382 575 932 815 888 844 26 
864 47 583 217 330 
865 279 462 463 529 421 
866 921 706 14 242 269 
867 687 538 929 
868 229 792 648 333 763 211 
869 789 808 735 179 916 548 398 816 307 
870 
871 
872 240 940 141 272 425 889 208 
873 746 905 744 162 350 969 111 635 166 525 172 707 
874 714 836 348 
875 260 900 576 975 374 38 36 564 389 
876 723 958 322 71 229 272 408 
877 299 476 174 320 908 297 551 688 
878 262 477 928 501 695 700 
879 931 178 199 201 639 387 746 
880 669 627 345 797 662 
881 653 388 205 391 980 385 652 
882 259 237 174 498 608 501 579 
883 817 377 726 379 601 165 161 
884 137 88 797 626 831 512 
885 197 298 727 482 742 
886 715 400 593 935 543 487 
887 572 366 231 147 893 
888 268 632 330 119 863 411 651 588 
889 538 644 170 872 998 522 
890 663 986 153 4 421 611 
891 200 778 928 633 
892 290 191 576 712 964 346 643 
893 951 16 827 648 47 318 504 972 887 
894 712 411 129 206 417 13 34 
895 728 937 290 
896 180 110 90 68 269 
897 915 837 239 153 758 126 165 
898 242 718 452 261 11 
899 945 379 381 275 
900 384 875 436 80 768 535 
901 702 367 749 418 201 161 935 595 
902 839 249 42 
903 735 976 542 358 227 
904 513 374 449 
905 873 783 
906 227 780 556 755 
907 734 12 583 533 764 
908 187 125 39 877 981 
909 634 305 551 
910 736 496 747 569 374 209 
911 615 63 969 204 168 
912 520 402 954 
913 762 86 747 138 746 
914 143 975 607 949 397 
915 850 897 394 281 390 217 
916 631 667 782 808 869 271 
917 578 47 218 236 650 619 
918 435 280 114 
919 287 223 
920 386 763 660 
921 241 619 423 866 850 200 310 642 
922 730 27 451 630 164 526 362 229 275 
923 464 95 
924 357 544 776 481 932 12 554 
925 516 47 756 583 532 
926 
927 
928 626 818 891 878 207 
929 614 292 699 244 748 71 867 9 
930 280 964 14 735 141 27 
931 879 335 94 984 706 
932 295 806 181 592 980 863 651 676 924 248 
933 31 0 806 351 60 
934 559 309 350 177 447 553 942 569 
935 331 818 318 473 809 554 696 156 886 901 532 
936 621 446 171 335 556 267 78 714 
937 516 373 966 175 949 383 895 685 278 
938 405 110 798 149 638 177 298 
939 317 432 606 
940 872 339 602 81 629 396 
941 46 177 57 464 991 
942 405 178 934 475 
943 688 670 730 
944 344 152 571 439 
945 899 998 388 380 713 534 
946 344 673 963 394 329 638 197 
947 483 548 388 
948 344 497 650 137 15 800 744 739 574 
949 914 937 416 
950 619 592 768 720 
951 893 340 
952 149 646 68 670 629 469 
953 582 32 
954 417 492 345 574 365 912 803 582 193 404 
955 974 522 261 545 
956 798 436 103 88 118 611 621 
957 101 501 194 
958 683 876 712 217 306 981 
959 64 77 208 402 
960 743 312 58 472 527 
961 423 136 977 119 589 337 12 627 
962 396 781 723 513 268 
963 698 182 946 107 86 399 986 
964 716 930 177 736 892 335 978 
965 500 422 841 
966 844 837 937 836 584 190 
967 280 438 284 994 223 696 25 
968 983 5 585 351 87 346 
969 860 684 160 62 911 873 260 355 241 178 
970 801 363 819 2 381 452 
971 342 350 806 490 302 703 177 
972 300 993 313 893 191 
973 56 201 993 365 515 
974 955 455 695 612 415 418 
975 914 875 
976 509 597 542 163 903 627 403 
977 469 256 75 961 314 688 516 808 525 
978 605 759 964 
979 519 718 808 713 
980 798 932 831 132 881 83 
981 193 788 526 55 8 908 37 958 
982 358 260 611 376 
983 968 709 861 260 667 478 
984 456 556 739 636 699 931 
985 343 720 840 796 
986 682 666 106 890 692 681 963 
987 560 
988 613 742 64 
989 244 574 146 
990 172 415 35 650 47 705 
991 32 862 785 716 445 437 376 941 409 
992 794 725 87 600 
993 701 973 972 781 219 489 
994 180 641 585 967 32 469 474 
995 152 202 837 814 376 521 665 661 263 
996 
997 152 594 11 649 
998 811 945 29 191 572 114 676 650 889 350 95 
999 152 184 425 
