0.000000 0.0000000000 0.0000000000
0.500000 0.5000000000 0.4794255386
1.000000 0.9387912809 0.8414709848
1.500000 1.2089424339 0.9974949866
2.000000 1.2443110347 0.9092974268
2.500000 1.0362376164 0.5984721441
3.000000 0.6356658087 0.1411200081
3.500000 0.1406695604 -0.3507832277
4.000000 -0.3275587833 -0.7568024953
4.500000 -0.6543805937 -0.9775301177
5.000000 -0.7597784934 -0.9589242747
5.500000 -0.6179474007 -0.7055403256
6.000000 -0.2636125135 -0.2794154982
6.500000 0.2164726298 0.2151199881
7.000000 0.7047664426 0.6569865987
7.500000 1.0817175698 0.9379999768
8.000000 1.2550352287 0.9893582466
8.500000 1.1822852118 0.7984871126
9.000000 0.8812792605 0.4121184852
9.500000 0.4257141295 -0.0751511205
