0.000000 0.0000000000 0.0000000000
0.100000 0.1000000000 0.0998334166
0.200000 0.1995004165 0.1986693308
0.300000 0.2975070743 0.2955202067
0.400000 0.3930407232 0.3894183423
0.500000 0.4851468226 0.4794255386
0.600000 0.5729050788 0.5646424734
0.700000 0.6554386403 0.6442176872
0.800000 0.7319228590 0.7173560909
0.900000 0.8015935300 0.7833269096
1.000000 0.8637545268 0.8414709848
1.100000 0.9177847574 0.8912073601
1.200000 0.9631443695 0.9320390860
1.300000 0.9993801450 0.9635581854
1.400000 1.0261300278 0.9854497300
1.500000 1.0431267421 0.9974949866
1.600000 1.0502004623 0.9995736030
1.700000 1.0472805101 0.9916648105
1.800000 1.0343960606 0.9738476309
1.900000 1.0116758512 0.9463000877
2.000000 0.9793468945 0.9092974268
2.100000 0.9377322108 0.8632093666
2.200000 0.8872476004 0.8084964038
2.300000 0.8283974886 0.7457052122
2.400000 0.7617698865 0.6754631806
2.500000 0.6880305150 0.5984721441
2.600000 0.6079161534 0.5155013718
2.700000 0.5222272781 0.4273798802
2.800000 0.4318200639 0.3349881502
2.900000 0.3375978298 0.2392493292
3.000000 0.2405020133 0.1411200081
3.100000 0.1415027636 0.0415806624
3.200000 0.0415892486 -0.0583741434
3.300000 -0.0582402290 -0.1577456941
3.400000 -0.1569882060 -0.2555411020
3.500000 -0.2536680252 -0.3507832277
3.600000 -0.3473136940 -0.4425204433
3.700000 -0.4369895356 -0.5298361409
3.800000 -0.5217995388 -0.6118578909
3.900000 -0.6008963100 -0.6877661592
4.000000 -0.6734895404 -0.7568024953
4.100000 -0.7388539025 -0.8182771111
4.200000 -0.7963362971 -0.8715757724
4.300000 -0.8453623793 -0.9161659367
4.400000 -0.8854422965 -0.9516020739
4.500000 -0.9161755835 -0.9775301177
4.600000 -0.9372551634 -0.9936910036
4.700000 -0.9484704161 -0.9999232576
4.800000 -0.9497092824 -0.9961646088
4.900000 -0.9409593841 -0.9824526126
5.000000 -0.9223081472 -0.9589242747
5.100000 -0.8939419286 -0.9258146823
5.200000 -0.8561441543 -0.8834546557
5.300000 -0.8092924872 -0.8322674422
5.400000 -0.7538550536 -0.7727644876
5.500000 -0.6903857660 -0.7055403256
5.600000 -0.6195187886 -0.6312666379
5.700000 -0.5419622007 -0.5506855426
5.800000 -0.4584909222 -0.4646021794
5.900000 -0.3699389705 -0.3738766648
6.000000 -0.2771911275 -0.2794154982
6.100000 -0.1811740988 -0.1821625043
6.200000 -0.0828472550 -0.0830894028
6.300000 0.0168069547 0.0168139005
6.400000 0.1167928184 0.1165492049
6.500000 0.2161113103 0.2151199881
6.600000 0.3137700728 0.3115413635
6.700000 0.4087933320 0.4048499206
6.800000 0.5002316469 0.4941133511
6.900000 0.5871713959 0.5784397644
7.000000 0.6687439059 0.6569865987
7.100000 0.7441341313 0.7289690401
7.200000 0.8125887980 0.7936678638
7.300000 0.8734239294 0.8504366206
7.400000 0.9260316812 0.8987080958
7.500000 0.9698864139 0.9379999768
7.600000 1.0045499457 0.9679196720
7.700000 1.0296759300 0.9881682339
7.800000 1.0450133162 0.9985433454
7.900000 1.0504088582 0.9989413418
8.000000 1.0458086457 0.9893582466
8.100000 1.0312586423 0.9698898108
8.200000 1.0069042269 0.9407305567
8.300000 0.9729887408 0.9021718338
8.400000 0.9298510563 0.8545989081
8.500000 0.8779221909 0.7984871126
8.600000 0.8177210006 0.7343970979
8.700000 0.7498489959 0.6629692301
8.800000 0.6749843313 0.5849171929
8.900000 0.5938750299 0.5010208565
9.000000 0.5073315090 0.4121184852
9.100000 0.4162184828 0.3190983623
9.200000 0.3214463226 0.2228899141
9.300000 0.2239619605 0.1244544235
9.400000 0.1247394279 0.0247754255
9.500000 0.0247701237 -0.0751511205
9.600000 -0.0749470919 -0.1743267812
9.700000 -0.1734158775 -0.2717606264
9.800000 -0.2696523655 -0.3664791293
9.900000 -0.3626949927 -0.4575358938
