# Node_nr = 10000
# K <r> sigma_r(sig not of average! divide by sqrt(n))
0 0.0001 0.00848058 0.00403086 0
0.15 0.0008 0.010917 0.0055699 0
0.3 0.0034 0.0121018 0.00658528 0
0.45 0.0179 0.0135796 0.00723665 0
0.6 0.303 0.0192531 0.00949722 0
0.75 0.592 0.0194633 0.0099238 0
0.9 0.734 0.0238712 0.0111011 0
1.05 0.8229 0.0631398 0.025462 0
1.2 0.8791 0.167384 0.0845802 0
1.35 0.9164 0.380155 0.153333 0
1.5 0.9412 0.516331 0.182212 0
1.65 0.9582 0.621746 0.180792 0
1.8 0.9703 0.698217 0.169384 0
1.95 0.9778 0.755679 0.15638 0
2.1 0.9844 0.772751 0.20223 0
2.25 0.9882 0.816095 0.181943 0
2.4 0.9905 0.863388 0.126518 0
2.55 0.9931 0.87244 0.153943 0
2.7 0.9944 0.877211 0.184918 0
2.85 0.9957 0.892128 0.18016 0
3 0.9965 0.917752 0.142283 0
