# Node_nr = 20
# K <r> sigma_r(sig not of average! divide by sqrt(n))
0 -0.05 0.201086 0.0931767 0
0.017 -0.05 0.208471 0.103431 0
0.034 -0.05 0.193799 0.0995506 0
0.051 0.1 0.205037 0.113171 0
0.068 0.1 0.203957 0.101618 0
0.085 0.1 0.214004 0.102812 0
0.102 0.1 0.219833 0.107601 0
0.119 0.1 0.217184 0.108672 0
0.136 0.1 0.21338 0.115886 0
0.153 0.1 0.239325 0.122403 0
0.17 0.1 0.226259 0.103248 0
0.187 0.1 0.214845 0.120404 0
0.204 0.1 0.219023 0.115212 0
0.221 0.1 0.236853 0.0998015 0
0.238 0.1 0.255632 0.123547 0
0.255 0.15 0.265211 0.127631 0
0.272 0.15 0.227215 0.121069 0
0.289 0.15 0.25483 0.133103 0
0.306 0.25 0.293986 0.13983 0
0.323 0.25 0.299397 0.129979 0
0.34 0.25 0.306464 0.133822 0
0.357 0.25 0.305197 0.129051 0
0.374 0.25 0.303063 0.148389 0
0.391 0.25 0.315082 0.125471 0
0.408 0.25 0.31357 0.138934 0
0.425 0.25 0.315016 0.134629 0
0.442 0.25 0.3072 0.13878 0
0.459 0.25 0.326233 0.155254 0
0.476 0.25 0.321823 0.146322 0
0.493 0.25 0.323415 0.16263 0
0.51 0.25 0.333203 0.141042 0
0.527 0.25 0.346051 0.170033 0
0.544 0.25 0.320867 0.167816 0
0.561 0.25 0.350489 0.166041 0
0.578 0.25 0.354736 0.166281 0
0.595 0.25 0.35925 0.171071 0
0.612 0.4 0.425773 0.17215 0
0.629 0.4 0.434024 0.161057 0
0.646 0.4 0.436152 0.161518 0
0.663 0.5 0.505981 0.175888 0
0.68 0.5 0.499446 0.166501 0
0.697 0.5 0.499865 0.167696 0
0.714 0.5 0.51196 0.176194 0
0.731 0.5 0.505558 0.17425 0
0.748 0.5 0.508189 0.175114 0
0.765 0.55 0.509443 0.169212 0
0.782 0.55 0.505071 0.17235 0
0.799 0.55 0.511699 0.173767 0
0.816 0.55 0.5