# Node_nr = 1000
# K <r> sigma_r(sig not of average! divide by sqrt(n))
0 -0.001 0.02938 0.0155677 0
0.04 0.003 0.0223946 0.00960009 0
0.08 0.003 0.0305557 0.0124607 0
0.12 0.004 0.0423893 0.0150434 0
0.16 0.004 0.0265908 0.0121301 0
0.2 0.004 0.0268849 0.0093636 0
0.24 0.004 0.0410853 0.017971 0
0.28 0.004 0.056344 0.0258075 0
0.32 0.005 0.0460237 0.013201 0
0.36 0.005 0.030258 0.0144849 0
0.4 0.006 0.0450906 0.0213237 0
0.44 0.006 0.046732 0.0207394 0
0.48 0.008 0.0455148 0.0249244 0
0.52 0.013 0.0351253 0.0163676 0
0.56 0.013 0.039716 0.0230817 0
0.6 0.014 0.0526406 0.0288182 0
0.64 0.014 0.0637965 0.0233868 0
0.68 0.021 0.073999 0.0398809 0
0.72 0.022 0.0607278 0.0264974 0
0.76 0.035 0.139798 0.0771109 0
0.8 0.046 0.160914 0.0738015 0
0.84 0.133 0.109436 0.0536625 0
0.88 0.219 0.155986 0.0614791 0
0.92 0.762 0.0747513 0.0309049 0
0.96 0.78 0.0521055 0.0255735 0
1 0.798 0.149054 0.0286592 0
1.04 0.809 0.122074 0.0346483 0
1.08 0.809 0.211601 0.040446 0
1.12 0.828 0.24097 0.103764 0
1.16 0.832 0.586257 0.152555 0
1.2 0.838 0.695438 0.0875529 0
1.24 0.842 0.664398 0.174477 0
1.28 0.859 0.726973 0.0850007 0
1.32 0.86 0.730562 0.106272 0
1.36 0.863 0.743428 0.0998294 0
1.4 0.868 0.745023 0.0915843 0
1.44 0.868 0.751198 0.0957475 0
1.48 0.87 0.764816 0.075642 0
1.52 0.875 0.760995 0.128037 0
1.56 0.916 0.7565 0.138953 0
1.6 0.916 0.775916 0.117374 0
1.64 0.917 0.797621 0.0681194 0
1.68 0.918 0.801489 0.0784914 0
1.72 0.919 0.807652 0.0739102 0
1.76 0.919 0.809614 0.0752823 0
1.8 0.92 0.817229 0.0728893 0
1.84 0.92 0.80993 0.093456 0
1.88 0.921 0.815036 0.0672372 0
1.92 0.923 0.824602 0.0642021 0
1.96 0.923 0.821138 0.0798884 0
