# Node_nr = 100
# K <r> sigma_r(sig not of average! divide by sqrt(n))
0 -0.01 0.0954222 1.75227e-08 
0.01 0.02 0.0468304 0.0138184 
0.02 0.02 0.0625885 0.0244106 
0.03 0.02 0.0864379 0.0125654 
0.04 0.02 0.0519025 0.0206669 
0.05 0.02 0.103529 0.0500543 
0.06 0.02 0.0344261 0.0131427 
0.07 0.02 0.108145 0.0435992 
0.08 0.02 0.0187576 0.00650709 
0.09 0.02 0.110719 0.0262804 
0.1 0.02 0.142163 0.060166 
0.11 0.02 0.0714289 0.0314629 
0.12 0.02 0.0984181 0.0249333 
0.13 0.02 0.125501 0.0298041 
0.14 0.02 0.0