# Node_nr = 20
# K <r> sigma_r(sig not of average! divide by sqrt(n))
0 0.05 0.206731 0.104369 0
0.017 0.05 0.222411 0.108144 0
0.034 0.05 0.206108 0.102409 0
0.051 0.1 0.201182 0.105433 0
0.068 0.1 0.225225 0.109568 0
0.085 0.1 0.210484 0.114355 0
0.102 0.1 0.198214 0.114067 0
0.119 0.1 0.190348 0.0980656 0
0.136 0.1 0.188782 0.0863187 0
0.153 0.1 0.230247 0.111846 0
0.17 0.1 0.202706 0.125319 0
0.187 0.1 0.217174 0.107277 0
0.204 0.1 0.224175 0.126129 0
0.221 0.1 0.241443 0.127788 0
0.238 0.1 0.237119 0.113459 0
0.255 0.15 0.216919 0.0962328 0
0.272 0.15 0.19608 0.100462 0
0.289 0.15 0.217962 0.0925294 0
0.306 0.15 0.243488 0.102432 0
0.323 0.15 0.227588 0.125988 0
0.34 0.15 0.193935 0.101728 0
0.357 0.15 0.191955 0.0862664 0
0.374 0.15 0.219577 0.10566 0
0.391 0.15 0.24883 0.112195 0
0.408 0.15 0.235532 0.10533 0
0.425 0.15 0.212419 0.100493 0
0.442 0.15 0.20913 0.114722 0
0.459 0.2 0.225249 0.123541 0
0.476 0.2 0.217969 0.117767 0
0.493 0.2 0.229552 0.119869 0
0.51 0.2 0.225448 0.111862 0
0.527 0.2 0.22899 0.117331 0
0.544 0.2 0.240066 0.120755 0
0.561 0.2 0.244212 0.115989 0
0.578 0.2 0.250197 0.109275 0
0.595 0.2 0.236997 0.120317 0
0.612 0.25 0.255446 0.129792 0
0.629 0.25 0.232096 0.124346 0
0.646 0.25 0.25045 0.123859 0
0.663 0.3 0.24041 0.124102 0
0.68 0.3 0.258822 0.134356 0
0.697 0.3 0.243252 0.126084 0
0.714 0.4 0.251105 0.138593 0
0.731 0.4 0.263652 0.135932 0
0.748 0.4 0.275389 0.143999 0
0.765 0.4 0.282952 0.143533 0
0.782 0.4 0.26379 0.125073 0
0.799 0.4 0.263506 0.125044 0
0.816 0.5 0.280451 0.144881 0
0.833 0.5 0.250175 0.124178 0
0.85 0.5 0.279861 0.119245 0
0.867 0.5 0.304209 0.139068 0
0.884 0.5 0.282362 0.137551 0
0.901 0.9 0.298069 0.125724 0
0.918 0.9 0.305033 0.154083 0
0.935 0.9 0.298933 0.143006 0
0.952 0.95 0.303733 0.142403 0
0.969 0.95 0.299685 0.145728 0
0.986 0.95 0.298159 0.140301 0
1.003 0.95 0.309579 0.144134 0
1.02 0.95 0.297381 0.14059 0
1.037 0.95 0.296486 0.138402 0
1.054 0.95 0.311511 0.132226 0
1.071 0.95 0.313076 0.147755 0
1.088 0.95 0.314304 0.13273 0
1.105 1 0.281564 0.142635 0
1.122 1 0.29166 0.136091 0
1.139 1 0.272868 0.127364 0
1.156 1 0.339915 0.144004 0
1.173 1 0.341359 0.144266 0
1.19 1 0.333714 0.137896 0
1.207 1 0.355658 0.158465 0
1.224 1 0.329361 0.132227 0
1.241 1 0.334195 0.148648 0
1.258 1 0.320169 0.122852 0
1.275 1 0.339717 0.12746 0
1.292 1 0.339459 0.158107 0
1.309 1 0.329741 0.147435 0
1.326 1 0.308165 0.125982 0
1.343 1 0.310255 0.1359 0
1.36 1 0.314972 0.157367 0
1.377 1 0.319724 0.153343 0
1.394 1 0.313831 0.146707 0
1.411 1 0.35525 0.154076 0
1.428 1 0.335312 0.152966 0
1.445 1 0.356526 0.157753 0
1.462 1 0.295557 0.141941 0
1.479 1 0.32746 0.131266 0
1.496 1 0.307456 0.12937 0
1.513 1 0.294141 0.11615 0
1.53 1 0.31045 0.125309 0
1.547 1 0.304226 0.140322 0
1.564 1 0.387246 0.186541 0
1.581 1 0.396519 0.196111 0
1.598 1 0.399647 0.190376 0
1.615 1 0.379393 0.172283 0
1.632 1 0.387921 0.186593 0
1.649 1 0.385983 0.195684 0
1.666 1 0.376043 0.165276 0
1.683 1 0.377653 0.170139 0
1.7 1 0.380626 0.167237 0
