# Node_nr = 50000
# K <r> sigma_r(sig not of average! divide by sqrt(n))
0 -2e-05 0.00390217 0.00225221 0
0.017 6e-05 0.00412411 0.0021695 0
0.034 6e-05 0.00400959 0.00207334 0
0.051 6e-05 0.00407254 0.00203421 0
0.068 8e-05 0.00398341 0.00180316 0
0.085 8e-05 0.00437207 0.00225882 0
0.102 8e-05 0.00452708 0.00240249 0
0.119 8e-05 0.00414188 0.00222701 0
0.136 8e-05 0.0045531 0.00238752 0
0.153 0.0001 0.00420563 0.00207646 0
0.17 0.0001 0.00532642 0.00262519 0
0.187 0.00012 0.00452123 0.00235184 0
0.204 0.00012 0.00452566 0.00199544 0
0.221 0.00012 0.00524637 0.00276247 0
0.238 0.00012 0.00487308 0.00244034 0
0.255 0.00012 0.00453995 0.00264437 0
0.272 0.00012 0.00570466 0.00227432 0
0.289 0.00014 0.0050052 0.00268441 0
0.306 0.00014 0.00501083 0.00255381 0
0.323 0.00016 0.00461504 0.00256007 0
0.34 0.00016 0.00531749 0.00321266 0
0.357 0.00016 0.00520522 0.00258022 0
0.374 0.00016 0.00553109 0.00265347 0
0.391 0.00016 0.00612077 0.00295684 0
0.408 0.0002 0.00596041 0.00288213 0
0.425 0.0002 0.00568251 0.00314221 0
0.442 0.0002 0.00539182 0.00270274 0
0.459 0.0002 0.00579976 0.00286884 0
0.476 0.00024 0.00632251 0.00324052 0
0.493 0.00024 0.00602459 0.00340241 0
0.51 0.00026 0.00701851 0.00351952 0
0.527 0.00028 0.00653233 0.00367788 0
0.544 0.0003 0.00747571 0.0033414 0
0.561 0.00032 0.00730287 0.00353877 0
0.578 0.00032 0.00794728 0.00333984 0
0.595 0.00034 0.00666595 0.0028361 0
0.612 0.00038 0.00770132 0.00403607 0
0.629 0.0004 0.00769619 0.00387303 0
0.646 0.00046 0.00786431 0.00428052 0
0.663 0.00052 0.00686259 0.00357276 0
0.68 0.00052 0.00728458 0.00386677 0
0.697 0.00064 0.00790123 0.00382129 0
0.714 0.0007 0.00846594 0.00521185 0
0.731 0.00086 0.00821186 0.00429965 0
0.748 0.0009 0.009395 0.00508161 0
0.765 0.00096 0.00881652 0.00508406 0
0.782 0.00146 0.00998606 0.00496902 0
0.799 0.00166 0.0107783 0.00497123 0
0.816 0.00186 0.0085852 0.00447887 0
0.833 0.00312 0.00811011 0.00440117 0
0.85 0.0052 0.0111894 0.00643061 0
0.867 0.01144 0.0102285 0.00478604 0
0.884 0.0977 0.0100657 0.00620757 0
0.901 0.6685 0.00940166 0.00456497 0
0.918 0.74508 0.00727678 0.00415787 0
0.935 0.75698 0.01194 0.00619566 0
0.952 0.768 0.0114445 0.0047215 0
0.969 0.77586 0.0194651 0.00776234 0
0.986 0.7859 0.0144669 0.00706727 0
1.003 0.79142 0.024951 0.00971433 0
1.02 0.79812 0.0544123 0.0104837 0
1.037 0.8072 0.130167 0.022989 0
1.054 0.81482 0.25145 0.0380378 0
1.071 0.82454 0.345861 0.0146225 0
1.088 0.82966 0.409308 0.010808 0
1.105 0.83218 0.466974 0.00766605 0
1.122 0.83494 0.508198 0.00691616 0
1.139 0.83764 0.550203 0.00640975 0
1.156 0.84442 0.582651 0.00520624 0
1.173 0.85114 0.61052 0.00393517 0
1.19 0.85492 0.632637 0.00349805 0
1.207 0.85934 0.652032 0.00333775 0
1.224 0.86238 0.672188 0.00268367 0
1.241 0.86412 0.688741 0.00251307 0
1.258 0.86726 0.704925 0.00289835 0
1.275 0.8686 0.720148 0.00197939 0
1.292 0.87628 0.73165 0.00207878 0
1.309 0.8778 0.744065 0.00212413 0
1.326 0.87994 0.754688 0.00224269 0
1.343 0.88178 0.764676 0.00198093 0
1.36 0.88488 0.773421 0.00195916 0
1.377 0.88584 0.783056 0.00241313 0
1.394 0.88658 0.790506 0.00162596 0
1.411 0.8884 0.796321 0.0015502 0
1.428 0.89012 0.804034 0.00237736 0
1.445 0.89242 0.809459 0.00145049 0
1.462 0.89318 0.815703 0.00208374 0
1.479 0.89392 0.820851 0.00174519 0
1.496 0.89502 0.824771 0.00176714 0
1.513 0.89574 0.828958 0.00200364 0
1.53 0.89638 0.833148 0.00223149 0
1.547 0.89854 0.837077 0.00131745 0
1.564 0.90148 0.84286 0.00123093 0
1.581 0.90194 0.845714 0.00147406 0
1.598 0.90386 0.848668 0.0015187 0
1.615 0.905 0.852622 0.00168048 0
1.632 0.90594 0.854892 0.00149853 0
1.649 0.90684 0.858044 0.00157656 0
1.666 0.90822 0.861947 0.00190099 0
1.683 0.90902 0.86326 0.00135492 0
1.7 0.9098 0.866285 0.00166332 0
