# Node_nr = 1000
# K <r> sigma_r(sig not of average! divide by sqrt(n))
0 -0.001 0.0280141 0.0136279 0
0.02 0.002 0.0323623 0.0162315 0
0.04 0.003 0.0272119 0.0148249 0
0.06 0.003 0.0306446 0.0145269 0
0.08 0.003 0.0299509 0.0141126 0
0.1 0.003 0.0325628 0.017173 0
0.12 0.003 0.0340232 0.015656 0
0.14 0.003 0.0305265 0.0168059 0
0.16 0.004 0.0345072 0.0153642 0
0.18 0.004 0.0309431 0.0156355 0
0.2 0.004 0.0353223 0.0195584 0
0.22 0.004 0.0379278 0.0172814 0
0.24 0.004 0.0365815 0.0180951 0
0.26 0.005 0.0414057 0.0182013 0
0.28 0.005 0.0358398 0.0162411 0
0.3 0.005 0.0379116 0.0179472 0
0.32 0.005 0.0437956 0.0214364 0
0.34 0.005 0.0377727 0.0221047 0
0.36 0.006 0.0400336 0.0227271 0
0.38 0.006 0.0446502 0.0242041 0
0.4 0.006 0.0397818 0.0201116 0
0.42 0.006 0.0370618 0.0186218 0
0.44 0.006 0.0453034 0.0238057 0
0.46 0.008 0.0407424 0.0179888 0
0.48 0.009 0.0430251 0.0212155 0
0.5 0.009 0.0491588 0.0246099 0
0.52 0.009 0.0418209 0.0233223 0
0.54 0.009 0.0492553 0.0281866 0
0.56 0.012 0.0641399 0.0309434 0
0.58 0.012 0.0490409 0.0283623 0
0.6 0.012 0.0502046 0.0303222 0
0.62 0.018 0.0585163 0.0247749 0
0.64 0.018 0.0511985 0.028357 0
0.66 0.02 0.0578723 0.0282648 0
0.68 0.02 0.0548245 0.0264685 0
0.7 0.02 0.0599149 0.0263164 0
0.72 0.025 0.0625529 0.0343471 0
0.74 0.026 0.069903 0.036555 0
0.76 0.031 0.0629597 0.0287007 0
0.78 0.044 0.0607138 0.0301633 0
0.8 0.047 0.0554892 0.0244138 0
0.82 0.075 0.071514 0.0340432 0
0.84 0.087 0.0762318 0.0373441 0
0.86 0.132 0.0912877 0.0392241 0
0.88 0.267 0.0714355 0.0367251 0
0.9 0.596 0.0753731 0.0379304 0
0.92 0.634 0.076847 0.0256726 0
0.94 0.699 0.0627821 0.0272805 0
0.96 0.711 0.100137 0.0375549 0
0.98 0.717 0.0698491 0.0373415 0
1 0.728 0.113505 0.0531562 0
1.02 0.729 0.113843 0.0353644 0
1.04 0.73 0.133695 0.0376686 0
1.06 0.799 0.171403 0.0381834 0
1.08 0.888 0.293964 0.0433254 0
1.1 0.888 0.307431 0.0256409 0
1.12 0.888 0.370956 0.0194343 0
1.14 0.888 0.408964 0.030039 0
1.16 0.888 0.512193 0.0268051 0
1.18 0.888 0.518994 0.0135868 0
1.2 0.888 0.62383 0.0346342 0
1.22 0.89 0.664869 0.00996281 0
1.24 0.892 0.672319 0.0108936 0
1.26 0.892 0.692082 0.0125656 0
1.28 0.894 0.731981 0.013084 0
1.3 0.894 0.746507 0.0120989 0
1.32 0.895 0.767628 0.0101109 0
1.34 0.896 0.774666 0.0105902 0
1.36 0.897 0.792992 0.0114725 0
1.38 0.897 0.809951 0.0123974 0
1.4 0.9 0.810798 0.0150631 0
1.42 0.903 0.826633 0.0104719 0
1.44 0.903 0.825376 0.00814767 0
1.46 0.904 0.835041 0.00987023 0
1.48 0.905 0.840659 0.010605 0
1.5 0.905 0.83939 0.0118619 0
1.52 0.907 0.847788 0.00719378 0
1.54 0.907 0.851421 0.00981757 0
1.56 0.907 0.84461 0.0111653 0
1.58 0.907 0.861769 0.00793852 0
1.6 0.91 0.859382 0.0095913 0
1.62 0.91 0.867898 0.00967454 0
1.64 0.91 0.871965 0.0143019 0
1.66 0.91 0.870684 0.0127233 0
1.68 0.91 0.874815 0.0106388 0
1.7 0.912 0.87757 0.00900157 0
1.72 0.912 0.873683 0.00816773 0
1.74 0.917 0.885981 0.00715382 0
1.76 0.918 0.883379 0.0106323 0
1.78 0.918 0.888896 0.00980908 0
1.8 0.918 0.889488 0.00939865 0
1.82 0.918 0.890846 0.0101235 0
1.84 0.918 0.892044 0.0117974 0
1.86 0.918 0.891768 0.00695532 0
1.88 0.918 0.892451 0.00826024 0
1.9 0.918 0.895913 0.0101313 0
1.92 0.918 0.892562 0.0133191 0
1.94 0.919 0.898212 0.0117326 0
1.96 0.919 0.89758 0.00929569 0
1.98 0.919 0.896309 0.00886606 0
