# Node_nr = 10000
# K <r> sigma_r(sig not of average! divide by sqrt(n))
0 -0.0001 0.00896867 0.00456555 
0.012 0.0003 0.00862207 0.00488377 
0.024 0.0003 0.00901429 0.0046074 
0.036 0.0005 0.00962201 0.00527864 
0.048 0.0005 0.0090989 0.00425506 
0.06 0.0007 0.00864698 0.00462491 
0.072 0.0007 0.00982874 0.00446694 
0.084 0.0007 0.00797573 0.00443095 
0.096 0.0007 0.00866836 0.00444118 
0.108 0.0007 0.00889462 0.0045746 
0.12 0.0007 0.00919795 0.00494472 
0.132 0.0007 0.0078309 0.00390999 
0.144 0.0009 0.00883562 0.00423943 
0.156 0.0009 0.00836411 0.00429422 
0.168 0.001 0.00968976 0.00475674 
0.18 0.001 0.00921242 0.00485962 
0.192 0.0013 0.00863329 0.00457375 
0.204 0.0013 0.00888722 0.0044415 
0.216 0.0013 0.00894113 0.00467345 
0.228 0.0019 0.00922864 0.00481615 
0.24 0.0019 0.00882309 0.00461068 
0.252 0.0019 0.00885534 0.00460358 
0.264 0.0019 0.00880377 0.00460452 
0.276 0.002 0.00883966 0.0045346 
0.288 0.002 0.00866326 0.00444882 
0.3 0.002 0.00898809 0.00461511 
0.312 0.0024 0.00838099 0.00441421 
0.324 0.0024 0.00897015 0.00451691 
0.336 0.0045 0.00854559 0.0046132 
0.348 0.0045 0.00938077 0.00470627 
0.36 0.0045 0.00858295 0.00450852 
0.372 0.0046 0.00909432 0.0047729 
0.384 0.0047 0.00847427 0.00437827 
0.396 0.0049 0.00867036 0.00466675 
0.408 0.006 0.00864693 0.004431 
0.42 0.0061 0.00879112 0.00447708 
0.432 0.0117 0.00918525 0.00483899 
0.444 0.0128 0.00875653 0.0045769 
