# Node_nr = 1000
# K <r> sigma_r(sig not of average! divide by sqrt(n))
0 -0.001 0.0307516 0.0151712 0
0.04 0.003 0.0144044 0.00639731 0
0.08 0.003 0.0258574 0.00610413 0
0.12 0.003 0.0437853 0.018009 0
0.16 0.003 0.0208929 0.00776203 0
0.2 0.004 0.0278093 0.011274 0
0.24 0.004 0.0369432 0.0172372 0
0.28 0.005 0.0365889 0.0168759 0
0.32 0.005 0.0440602 0.0207527 0
0.36 0.005 0.0297878 0.0109463 0
0.4 0.006 0.0247951 0.0118071 0
0.44 0.007 0.0589511 0.0297006 0
0.48 0.008 0.0627893 0.025786 0
0.52 0.009 0.0508179 0.0222204 0
0.56 0.01 0.0664302 0.0285102 0
0.6 0.011 0.0615045 0.0299161 0
0.64 0.016 0.0675874 0.0296309 0
0.68 0.016 0.0748296 0.034728 0
0.72 0.018 0.0682928 0.0332339 0
0.76 0.03 0.089527 0.0306159 0
0.8 0.042 0.0835028 0.0386997 0
0.84 0.065 0.12239 0.0289024 0
0.88 0.108 0.0600985 0.0244586 0
0.92 0.263 0.138911 0.0457822 0
0.96 0.76 0.0865367 0.0353423 0
1 0.778 0.104128 0.0300136 0
1.04 0.795 0.123821 0.0343767 0
1.08 0.83 0.108455 0.0349925 0
1.12 0.836 0.108284 0.0383368 0
1.16 0.841 0.249117 0.0323173 0
1.2 0.846 0.352686 0.042189 0
1.24 0.882 0.331182 0.0570424 0
1.28 0.89 0.394722 0.0855113 0
1.32 0.891 0.329098 0.108895 0
1.36 0.891 0.541175 0.0684323 0
1.4 0.891 0.368741 0.13595 0
1.44 0.893 0.489807 0.178568 0
1.48 0.894 0.596292 0.0852117 0
1.52 0.899 0.563534 0.102239 0
1.56 0.906 0.583246 0.128449 0
1.6 0.92 0.598776 0.0758399 0
1.64 0.921 0.61075 0.0832929 0
1.68 0.934 0.590007 0.126373 0
1.72 0.934 0.620756 0.0839256 0
1.76 0.934 0.611467 0.114702 0
1.8 0.934 0.597414 0.122893 0
1.84 0.934 0.644011 0.0485173 0
1.88 0.934 0.6325 0.0781609 0
1.92 0.934 0.633927 0.0581318 0
1.96 0.934 0.628252 0.0544936 0
