# Node_nr = 1000
# K <r> sigma_r(sig not of average! divide by sqrt(n))
0 0.001 0.0292268 0.0142598 0
0.15 0.009 0.0329675 0.0161273 0
0.3 0.014 0.0409068 0.0189504 0
0.45 0.044 0.0399506 0.0232325 0
0.6 0.266 0.0619823 0.0277231 0
0.75 0.597 0.0596936 0.028256 0
0.9 0.742 0.264948 0.0653305 0
1.05 0.837 0.422482 0.0938447 0
1.2 0.884 0.575132 0.163309 0
1.35 0.914 0.716184 0.117058 0
1.5 0.939 0.777028 0.167837 0
1.65 0.948 0.844501 0.118072 0
1.8 0.957 0.877705 0.106469 0
1.95 0.959 0.897676 0.098923 0
2.1 0.964 0.914018 0.0962073 0
2.25 0.967 0.928455 0.0866062 0
2.4 0.969 0.934185 0.0924495 0
2.55 0.969 0.940439 0.0820906 0
2.7 0.969 0.945001 0.0734271 0
2.85 0.969 0.947297 0.0767632 0
3 0.969 0.947849 0.080683 0
