# Node_nr = 10000
# K <r> sigma_r(sig not of average! divide by sqrt(n))
0 -0.0001 0.00832682 0.00472921 0
0.017 0.0002 0.00831611 0.00445275 0
0.034 0.0003 0.00855225 0.00419759 0
0.051 0.0003 0.0103452 0.00496737 0
0.068 0.0003 0.00820965 0.0045629 0
0.085 0.0003 0.00963233 0.00541457 0
0.102 0.0004 0.00926935 0.0052547 0
0.119 0.0004 0.0094995 0.00466023 0
0.136 0.0004 0.0108879 0.00515112 0
0.153 0.0004 0.0094394 0.00498339 0
0.17 0.0004 0.0106643 0.00553559 0
0.187 0.0004 0.0094219 0.0054411 0
0.204 0.0005 0.0109841 0.00635921 0
0.221 0.0005 0.0104366 0.00552818 0
0.238 0.0006 0.0107314 0.00499908 0
0.255 0.0006 0.012122 0.00586539 0
0.272 0.0006 0.0110313 0.00528416 0
0.289 0.0006 0.0130829 0.00686703 0
0.306 0.0008 0.0112711 0.00570186 0
0.323 0.0008 0.01242 0.00508764 0
0.34 0.0008 0.0131021 0.00711955 0
0.357 0.0008 0.0139282 0.00610408 0
0.374 0.0008 0.0135781 0.00723545 0
0.391 0.0009 0.0121106 0.00592408 0
0.408 0.0009 0.0112356 0.0061131 0
0.425 0.0009 0.0148264 0.00775166 0
0.442 0.0009 0.015023 0.00690137 0
0.459 0.0009 0.0139213 0.00673186 0
0.476 0.001 0.015706 0.00711431 0
0.493 0.0011 0.0143259 0.00720319 0
0.51 0.0011 0.0126312 0.00601983 0
0.527 0.0012 0.0173847 0.0100168 0
0.544 0.0013 0.013097 0.00666083 0
0.561 0.0013 0.0190984 0.00994703 0
0.578 0.0015 0.0165243 0.00905432 0
0.595 0.0015 0.0139547 0.00748272 0
0.612 0.0015 0.0160092 0.00765683 0
0.629 0.0016 0.0193462 0.00952534 0
0.646 0.002 0.0149491 0.0076124 0
0.663 0.0022 0.0192069 0.00982059 0
0.68 0.0022 0.0191114 0.00820821 0
0.697 0.0026 0.0206535 0.00989027 0
0.714 0.0029 0.0226624 0.0116213 0
0.731 0.0041 0.0237837 0.0106042 0
0.748 0.0042 0.0186408 0.00976509 0
0.765 0.0045 0.0215498 0.00987119 0
0.782 0.0046 0.0221793 0.00937842 0
0.799 0.006 0.023823 0.0123155 0
0.816 0.008 0.023509 0.0133836 0
0.833 0.0096 0.028231 0.0133324 0
0.85 0.0188 0.0216421 0.0093089 0
0.867 0.0277 0.0247526 0.0100084 0
0.884 0.0491 0.0206705 0.00889689 0
0.901 0.3819 0.0217738 0.0123532 0
0.918 0.7882 0.0286561 0.0126662 0
0.935 0.7949 0.0277122 0.0114481 0
0.952 0.7966 0.0392085 0.0167338 0
0.969 0.8048 0.0316615 0.0139605 0
0.986 0.8079 0.035692 0.0178946 0
1.003 0.813 0.0399937 0.0173123 0
1.02 0.8173 0.0295451 0.0137204 0
1.037 0.8226 0.118186 0.0364983 0
1.054 0.8263 0.227047 0.0299195 0
1.071 0.8293 0.351691 0.0161354 0
1.088 0.8388 0.411235 0.0130332 0
1.105 0.8409 0.467518 0.0104467 0
1.122 0.8498 0.506494 0.00641786 0
1.139 0.8505 0.54115 0.00738407 0
1.156 0.853 0.578578 0.00690286 0
1.173 0.8533 0.613731 0.00690435 0
1.19 0.8559 0.636849 0.00644307 0
1.207 0.8569 0.659335 0.00513553 0
1.224 0.8612 0.676324 0.00559428 0
1.241 0.8617 0.692107 0.00586349 0
1.258 0.8641 0.710157 0.00495515 0
1.275 0.8652 0.724187 0.00472496 0
1.292 0.8671 0.7376 0.00478041 0
1.309 0.8682 0.748294 0.00361558 0
1.326 0.874 0.758645 0.00503124 0
1.343 0.877 0.76853 0.00432388 0
1.36 0.878 0.778609 0.00365249 0
1.377 0.8957 0.78292 0.00279288 0
1.394 0.8959 0.79128 0.00389782 0
1.411 0.8975 0.801941 0.00318945 0
1.428 0.8984 0.809443 0.00386913 0
1.445 0.8993 0.817784 0.00308982 0
1.462 0.9001 0.826576 0.00442756 0
1.479 0.901 0.82817 0.00364822 0
1.496 0.9012 0.831268 0.00337403 0
1.513 0.902 0.836044 0.00413195 0
1.53 0.9045 0.842498 0.00297268 0
1.547 0.9047 0.843983 0.00328434 0
1.564 0.9054 0.847209 0.00374032 0
1.581 0.9057 0.852777 0.00392742 0
1.598 0.9066 0.853119 0.00369225 0
1.615 0.9072 0.856873 0.00371624 0
1.632 0.9086 0.860875 0.003194 0
1.649 0.9096 0.862543 0.00394403 0
1.666 0.91 0.868973 0.00352377 0
1.683 0.9106 0.867549 0.00369567 0
1.7 0.911 0.873288 0.00324872 0
