# Node_nr = 1000
# K <r> sigma_r(sig not of average! divide by sqrt(n))
0 0.001 0.0207658 0.00837128 0
0.001 0.002 0.0298262 0.0157926 0
0.002 0.002 0.0291677 0.0131632 0
0.003 0.002 0.0245437 0.010913 0
0.004 0.002 0.0253984 0.0128388 0
0.005 0.002 0.0299389 0.0149591 0
0.006 0.002 0.0260741 0.0122562 0
0.007 0.002 0.0344757 0.0146003 0
0.008 0.002 0.0310469 0.0152505 0
0.009 0.002 0.0288617 0.014599 0
0.01 0.002 0.0298543 0.0130308 0
0.011 0.002 0.0260695 0.011297 0
0.012 0.002 0.0299972 0.0189769 0
0.013 0.002 0.0305344 0.0157488 0
0.014 0.002 0.0272233 0.015071 0
0.015 0.002 0.0331017 0.0154107 0
0.016 0.002 0.0324809 0.0165857 0
0.017 0.002 0.0248595 0.0123739 0
0.018 0.002 0.0280358 0.0122197 0
0.019 0.002 0.0282754 0.0136599 0
0.02 0.002 0.0329821 0.0176344 0
0.021 0.002 0.0261318 0.0138012 0
0.022 0.002 0.0298037 0.014469 0
0.023 0.002 0.0263445 0.0140729 0
0.024 0.002 0.0275129 0.0157412 0
0.025 0.002 0.0222627 0.0120461 0
0.026 0.002 0.0274913 0.0149978 0
0.027 0.002 0.0284191 0.0122872 0
0.028 0.002 0.0340666 0.0186603 0
0.029 0.002 0.0280918 0.0143297 0
0.03 0.002 0.0305957 0.0126414 0
0.031 0.002 0.0332266 0.0158262 0
0.032 0.002 0.0236333 0.0110684 0
0.033 0.002 0.023425 0.0142195 0
0.034 0.002 0.0322524 0.0184129 0
0.035 0.002 0.0323301 0.0158592 0
0.036 0.002 0.0359037 0.0169272 0
0.037 0.002 0.0360044 0.0156869 0
0.038 0.002 0.0336179 0.0205588 0
0.039 0.002 0.0225747 0.0139919 0
0.04 0.002 0.0316311 0.0172432 0
0.041 0.002 0.0319465 0.0170897 0
0.042 0.002 0.025668 0.00966184 0
0.043 0.002 0.0278733 0.0148745 0
0.044 0.002 0.0323072 0.0145138 0
0.045 0.002 0.0302266 0.0144181 0
0.046 0.002 0.0243164 0.0141806 0
0.047 0.002 0.0292132 0.0140778 0
0.048 0.002 0.0288536 0.016981 0
0.049 0.002 0.0314588 0.0147361 0
0.05 0.002 0.0284283 0.0159162 0
0.051 0.002 0.031455 0.0148887 0
0.052 0.002 0.0292287 0.0158843 0
0.053 0.002 0.0338925 0.0156842 0
0.054 0.002 0.0273381 0.0139557 0
0.055 0.002 0.0287182 0.0160306 0
0.056 0.002 0.0268689 0.0142853 0
0.057 0.002 0.0280165 0.016801 0
0.058 0.002 0.0294457 0.0131674 0
0.059 0.002 0.0293875 0.0123677 0
0.06 0.002 0.0263175 0.0109993 0
0.061 0.002 0.0289496 0.0148741 0
0.062 0.002 0.0247147 0.0139501 0
0.063 0.002 0.0361578 0.0209161 0
0.064 0.002 0.0326812 0.016128 0
0.065 0.002 0.0336557 0.0178915 0
0.066 0.002 0.0342673 0.0205772 0
0.067 0.002 0.0331305 0.0170058 0
0.068 0.002 0.0308957 0.013737 0
0.069 0.002 0.0234759 0.00983689 0
0.07 0.002 0.0328749 0.015761 0
0.071 0.002 0.0316406 0.017228 0
0.072 0.002 0.0303484 0.0188431 0
0.073 0.002 0.0317477 0.0171914 0
0.074 0.002 0.0278076 0.0145058 0
0.075 0.002 0.0291474 0.0160436 0
0.076 0.002 0.029669 0.0148597 0
0.077 0.002 0.0316446 0.0146836 0
0.078 0.002 0.021931 0.0097828 0
0.079 0.002 0.0291528 0.0174659 0
0.08 0.002 0.0262992 0.012885 0
0.081 0.002 0.0298108 0.0126835 0
0.082 0.002 0.0231767 0.0123257 0
0.083 0.002 0.0225133 0.0117974 0
0.084 0.002 0.0263814 0.0133561 0
0.085 0.002 0.0353577 0.0158254 0
0.086 0.002 0.0259513 0.0158636 0
0.087 0.003 0.0369349 0.015302 0
0.088 0.003 0.0354856 0.0200616 0
0.089 0.003 0.030036 0.0152773 0
0.09 0.003 0.0266554 0.0117265 0
0.091 0.003 0.0420756 0.0214321 0
0.092 0.003 0.0299828 0.0176683 0
0.093 0.003 0.0299291 0.0154004 0
0.094 0.003 0.0270155 0.0124308 0
0.095 0.003 0.0331018 0.0180181 0
0.096 0.003 0.0328253 0.0169814 0
0.097 0.003 0.0357347 0.015914 0
0.098 0.003 0.0319946 0.0160675 0
0.099 0.003 0.0296502 0.0142196 0
0.1 0.003 0.0342595 0.0134688 0
0.101 0.003 0.0281963 0.0127193 0
0.102 0.003 0.0327511 0.0174668 0
0.103 0.003 0.029146 0.017131 0
0.104 0.003 0.0320003 0.0138383 0
0.105 0.003 0.0313006 0.014183 0
0.106 0.003 0.0336135 0.0181117 0
0.107 0.003 0.0284517 0.0166668 0
0.108 0.003 0.0353111 0.0168841 0
0.109 0.003 0.0321698 0.0165009 0
0.11 0.003 0.0220871 0.0140194 0
0.111 0.003 0.0328108 0.0160622 0
0.112 0.003 0.0350186 0.0173268 0
0.113 0.003 0.0315824 0.0153579 0
0.114 0.003 0.0327562 0.0187343 0
0.115 0.003 0.0336141 0.0187823 0
0.116 0.003 0.0234904 0.0121841 0
0.117 0.003 0.0355594 0.02115 0
0.118 0.003 0.032296 0.0173449 0
0.119 0.003 0.0283915 0.0177431 0
0.12 0.003 0.032508 0.0155059 0
0.121 0.003 0.0319122 0.015893 0
0.122 0.003 0.0272762 0.0129811 0
0.123 0.003 0.0337624 0.0151097 0
0.124 0.003 0.0306015 0.0165146 0
0.125 0.003 0.0311878 0.0142508 0
0.126 0.003 0.0336776 0.0173701 0
0.127 0.003 0.0293047 0.0122834 0
0.128 0.003 0.0347537 0.0151962 0
0.129 0.003 0.0348196 0.0146953 0
0.13 0.003 0.032085 0.0191564 0
0.131 0.003 0.0270021 0.0132501 0
0.132 0.003 0.0284005 0.011291 0
0.133 0.003 0.0346843 0.0160118 0
0.134 0.003 0.0265762 0.0150261 0
0.135 0.003 0.027895 0.0134351 0
0.136 0.003 0.0408857 0.0207323 0
0.137 0.003 0.031196 0.0133629 0
0.138 0.003 0.033216 0.0134507 0
0.139 0.003 0.026472 0.0167438 0
0.14 0.003 0.0320316 0.0159051 0
0.141 0.003 0.0359521 0.0169286 0
0.142 0.003 0.03083 0.0136732 0
0.143 0.003 0.0350853 0.0175939 0
0.144 0.003 0.0259331 0.01455 0
0.145 0.003 0.0284424 0.0142425 0
0.146 0.003 0.034089 0.0164439 0
0.147 0.003 0.0333425 0.0172866 0
0.148 0.003 0.0319555 0.0124633 0
0.149 0.003 0.027948 0.0138639 0
0.15 0.003 0.0291733 0.0145822 0
0.151 0.003 0.0326426 0.0191555 0
0.152 0.003 0.0367445 0.0156141 0
0.153 0.003 0.0329703 0.0166469 0
0.154 0.003 0.0376677 0.0187834 0
0.155 0.003 0.0271606 0.0131646 0
0.156 0.004 0.043758 0.0184181 0
0.157 0.004 0.0279528 0.0145386 0
0.158 0.004 0.0314469 0.016011 0
0.159 0.004 0.0385567 0.0234909 0
0.16 0.004 0.0314807 0.0134544 0
0.161 0.004 0.0328775 0.0179592 0
0.162 0.004 0.0336034 0.0169965 0
0.163 0.004 0.0275564 0.0163722 0
0.164 0.004 0.0285209 0.0179636 0
0.165 0.004 0.0361222 0.0208867 0
0.166 0.004 0.0334014 0.0208121 0
0.167 0.004 0.0376976 0.0150725 0
0.168 0.004 0.0392224 0.0136582 0
0.169 0.004 0.0377147 0.0168981 0
0.17 0.004 0.0399993 0.0185691 0
0.171 0.004 0.0384922 0.0167882 0
0.172 0.004 0.0313959 0.0154507 0
0.173 0.004 0.0309176 0.0153691 0
0.174 0.004 0.0280251 0.0144103 0
0.175 0.004 0.0365801 0.0229631 0
0.176 0.004 0.0317571 0.0146055 0
0.177 0.004 0.0283204 0.0129379 0
0.178 0.004 0.0276866 0.0183087 0
0.179 0.004 0.0377084 0.014039 0
0.18 0.004 0.0359999 0.0181315 0
0.181 0.004 0.0381264 0.0167901 0
0.182 0.004 0.0468831 0.0205322 0
0.183 0.004 0.0386391 0.0128188 0
0.184 0.004 0.0319768 0.0110299 0
0.185 0.004 0.0360132 0.0167647 0
0.186 0.004 0.0315951 0.0175801 0
0.187 0.004 0.0320925 0.017912 0
0.188 0.004 0.0361232 0.0179692 0
0.189 0.004 0.028275 0.0117779 0
0.19 0.004 0.0272389 0.017415 0
0.191 0.004 0.0284944 0.0116385 0
0.192 0.005 0.0331924 0.017477 0
0.193 0.005 0.0285298 0.0175002 0
0.194 0.005 0.0369462 0.0152434 0
0.195 0.005 0.0347897 0.0141878 0
0.196 0.005 0.0397616 0.0194831 0
0.197 0.005 0.0346956 0.0157351 0
0.198 0.005 0.0372457 0.0252208 0
0.199 0.005 0.0301571 0.0147408 0
0.2 0.005 0.0396381 0.0166571 0
0.201 0.005 0.0273787 0.0120877 0
0.202 0.005 0.0382778 0.0178719 0
0.203 0.005 0.0370204 0.0189557 0
0.204 0.005 0.0277653 0.0126281 0
0.205 0.005 0.0295875 0.0141561 0
0.206 0.005 0.0364438 0.0173975 0
0.207 0.005 0.0317407 0.0124889 0
0.208 0.005 0.0336953 0.0212663 0
0.209 0.005 0.0370643 0.0169078 0
0.21 0.005 0.036337 0.0169523 0
0.211 0.005 0.0297057 0.0206884 0
0.212 0.005 0.0387702 0.0181602 0
0.213 0.005 0.0373418 0.0172599 0
0.214 0.005 0.0376832 0.0183081 0
0.215 0.005 0.0396129 0.019201 0
0.216 0.005 0.0363836 0.0173347 0
0.217 0.005 0.0373421 0.0155494 0
0.218 0.005 0.0403076 0.0165798 0
0.219 0.005 0.0385531 0.0185894 0
0.22 0.005 0.0383436 0.0209176 0
0.221 0.005 0.0294757 0.0143685 0
0.222 0.005 0.0325781 0.0176611 0
0.223 0.005 0.0319135 0.0153238 0
0.224 0.005 0.0359478 0.0177999 0
0.225 0.005 0.0407838 0.0218248 0
0.226 0.005 0.0314591 0.0202632 0
0.227 0.005 0.0375562 0.0159765 0
0.228 0.005 0.0313327 0.013886 0
0.229 0.005 0.036127 0.0165626 0
0.23 0.005 0.0239724 0.0125447 0
0.231 0.005 0.0331342 0.0160948 0
0.232 0.005 0.0256828 0.0106713 0
0.233 0.005 0.0357234 0.0149825 0
0.234 0.005 0.0338089 0.0181066 0
0.235 0.005 0.0279491 0.0156501 0
0.236 0.005 0.0279551 0.0108641 0
0.237 0.005 0.0396578 0.0232077 0
0.238 0.005 0.0336647 0.0162626 0
0.239 0.005 0.0407038 0.0272792 0
0.24 0.005 0.0313938 0.0161916 0
0.241 0.006 0.0269972 0.0154778 0
0.242 0.006 0.0385414 0.018655 0
0.243 0.006 0.033624 0.0200996 0
0.244 0.006 0.0331261 0.0158741 0
0.245 0.006 0.0335392 0.0207033 0
0.246 0.006 0.0340513 0.0209498 0
0.247 0.006 0.0362349 0.0199782 0
0.248 0.006 0.039325 0.0164361 0
0.249 0.006 0.0276528 0.0144954 0
0.25 0.006 0.03382 0.0175116 0
0.251 0.006 0.028826 0.0146535 0
0.252 0.006 0.0348597 0.017665 0
0.253 0.006 0.0324768 0.0125699 0
0.254 0.006 0.0346308 0.0152959 0
0.255 0.006 0.0355709 0.0159275 0
0.256 0.006 0.036979 0.0163342 0
0.257 0.006 0.0364346 0.0143926 0
0.258 0.006 0.0354995 0.0156095 0
0.259 0.006 0.0363885 0.0237122 0
0.26 0.006 0.0243447 0.0147648 0
0.261 0.006 0.0360565 0.0237564 0
0.262 0.007 0.0345438 0.0174185 0
0.263 0.007 0.0291854 0.0165662 0
0.264 0.007 0.0359267 0.0173304 0
0.265 0.007 0.0381081 0.0217506 0
0.266 0.007 0.0340424 0.0187088 0
0.267 0.007 0.0440612 0.0213605 0
0.268 0.007 0.0359977 0.0134864 0
0.269 0.007 0.0322961 0.0203039 0
0.27 0.007 0.0283762 0.0155542 0
0.271 0.007 0.0334208 0.0163832 0
0.272 0.007 0.0421381 0.0208945 0
0.273 0.007 0.0326706 0.0122355 0
0.274 0.007 0.0422612 0.0154185 0
0.275 0.007 0.0399834 0.0195272 0
0.276 0.007 0.0376833 0.0199182 0
0.277 0.007 0.0324438 0.0140803 0
0.278 0.007 0.0341947 0.0137805 0
0.279 0.007 0.0357257 0.0176457 0
0.28 0.007 0.0370084 0.0170093 0
0.281 0.007 0.0345463 0.0169555 0
0.282 0.007 0.0308915 0.0115469 0
0.283 0.007 0.031884 0.0195686 0
0.284 0.007 0.0374646 0.0159722 0
0.285 0.007 0.0344646 0.0202282 0
0.286 0.007 0.0301004 0.0122845 0
0.287 0.007 0.034319 0.0166893 0
0.288 0.007 0.0385302 0.0210625 0
0.289 0.007 0.0361078 0.0177537 0
0.29 0.007 0.0454078 0.0249676 0
0.291 0.007 0.0427974 0.0186252 0
0.292 0.007 0.0250866 0.0139469 0
0.293 0.007 0.0395504 0.0188435 0
0.294 0.007 0.0381483 0.0202669 0
0.295 0.007 0.0309102 0.0118459 0
0.296 0.007 0.0363983 0.0174679 0
0.297 0.007 0.0337148 0.0175561 0
0.298 0.007 0.0405618 0.0142386 0
0.299 0.007 0.0365357 0.0202879 0
0.3 0.007 0.0389017 0.0185452 0
0.301 0.007 0.0316327 0.0177563 0
0.302 0.007 0.0413395 0.0271349 0
0.303 0.007 0.0308469 0.0159788 0
0.304 0.007 0.0361228 0.0168304 0
0.305 0.007 0.0327779 0.0121156 0
0.306 0.007 0.0478595 0.0175708 0
0.307 0.007 0.0363825 0.0214698 0
0.308 0.007 0.0421782 0.0196202 0
0.309 0.007 0.041282 0.0192448 0
0.31 0.007 0.0331917 0.0182902 0
0.311 0.007 0.0382453 0.014753 0
0.312 0.007 0.0311957 0.0148562 0
0.313 0.007 0.0341147 0.0185149 0
0.314 0.007 0.0314974 0.0179706 0
0.315 0.007 0.0377289 0.0174731 0
0.316 0.007 0.0448592 0.0219098 0
0.317 0.007 0.0328931 0.01876 0
0.318 0.007 0.0390731 0.0163258 0
0.319 0.007 0.0452777 0.027138 0
0.32 0.007 0.0264263 0.0140376 0
0.321 0.007 0.0385821 0.0288271 0
0.322 0.007 0.0350995 0.0174483 0
0.323 0.007 0.0370471 0.013453 0
0.324 0.007 0.0326332 0.0158587 0
0.325 0.007 0.0366217 0.0176284 0
0.326 0.007 0.0398003 0.0203703 0
0.327 0.007 0.0399204 0.017298 0
0.328 0.007 0.0415897 0.0243614 0
0.329 0.007 0.0515754 0.0270806 0
0.33 0.007 0.0435501 0.0176978 0
0.331 0.007 0.0401229 0.0192739 0
0.332 0.007 0.0496121 0.0236354 0
0.333 0.007 0.0395957 0.0208199 0
0.334 0.007 0.048193 0.023454 0
0.335 0.007 0.033341 0.0155964 0
0.336 0.007 0.0412664 0.0211115 0
0.337 0.007 0.0445022 0.0215854 0
0.338 0.007 0.0295472 0.0148429 0
0.339 0.007 0.0449234 0.0183357 0
0.34 0.007 0.0383345 0.0169064 0
0.341 0.007 0.0315942 0.0179658 0
0.342 0.007 0.0412398 0.0240846 0
0.343 0.007 0.0417513 0.023032 0
0.344 0.007 0.0454779 0.0214167 0
0.345 0.007 0.0314502 0.0145648 0
0.346 0.007 0.0423686 0.0225273 0
0.347 0.007 0.0335746 0.0194745 0
0.348 0.007 0.0394287 0.0159572 0
0.349 0.007 0.0403275 0.0270954 0
0.35 0.007 0.0424695 0.0181238 0
0.351 0.007 0.032022 0.0158692 0
0.352 0.007 0.0371195 0.0154818 0
0.353 0.007 0.0333296 0.0190807 0
0.354 0.007 0.0456416 0.017955 0
0.355 0.007 0.0402665 0.0204598 0
0.356 0.007 0.043023 0.0162271 0
0.357 0.007 0.040702 0.0197549 0
0.358 0.007 0.038519 0.0169867 0
0.359 0.007 0.0384303 0.0180026 0
0.36 0.007 0.0493279 0.0235593 0
0.361 0.007 0.0430632 0.0211046 0
0.362 0.007 0.0369623 0.020715 0
0.363 0.007 0.0381394 0.0174262 0
0.364 0.007 0.0374063 0.0183928 0
0.365 0.007 0.0441783 0.0185334 0
0.366 0.007 0.0340152 0.0182524 0
0.367 0.008 0.0337065 0.0194449 0
0.368 0.008 0.0535956 0.0249593 0
0.369 0.008 0.0515128 0.0297456 0
0.37 0.008 0.0462552 0.023285 0
0.371 0.008 0.0469034 0.0214929 0
0.372 0.008 0.0409925 0.0212921 0
0.373 0.008 0.0336613 0.0181009 0
0.374 0.008 0.0342655 0.0173364 0
0.375 0.008 0.04028 0.013438 0
0.376 0.008 0.0448436 0.0183388 0
0.377 0.008 0.0367547 0.0208056 0
0.378 0.008 0.0424508 0.0223751 0
0.379 0.008 0.0298615 0.0211528 0
0.38 0.008 0.0455213 0.0237741 0
0.381 0.008 0.0384827 0.0221072 0
0.382 0.008 0.040987 0.0193437 0
0.383 0.008 0.0444388 0.0230767 0
0.384 0.008 0.0299641 0.0180826 0
0.385 0.008 0.0362908 0.0205448 0
0.386 0.008 0.0377058 0.0182535 0
0.387 0.008 0.0524534 0.0223151 0
0.388 0.008 0.0399449 0.0228087 0
0.389 0.008 0.0468225 0.0205118 0
0.39 0.008 0.0522016 0.0272241 0
0.391 0.008 0.0523139 0.020046 0
0.392 0.008 0.0404285 0.0114098 0
0.393 0.008 0.0474633 0.0233491 0
0.394 0.008 0.0402346 0.0180785 0
0.395 0.008 0.0442221 0.0283391 0
0.396 0.008 0.0513939 0.023465 0
0.397 0.008 0.0422104 0.0186296 0
0.398 0.008 0.0460385 0.0209446 0
0.399 0.008 0.0403918 0.0196104 0
0.4 0.008 0.0336838 0.0162329 0
0.401 0.008 0.053278 0.0247538 0
0.402 0.008 0.0327605 0.0202763 0
0.403 0.008 0.0577483 0.0286915 0
0.404 0.008 0.0344752 0.019445 0
0.405 0.008 0.0450722 0.0209843 0
0.406 0.008 0.039193 0.0213603 0
0.407 0.008 0.0452602 0.0169316 0
0.408 0.008 0.0381459 0.0125075 0
0.409 0.008 0.0439216 0.0218448 0
0.41 0.008 0.046227 0.0229513 0
0.411 0.008 0.0430111 0.0206498 0
0.412 0.008 0.0506144 0.0332606 0
0.413 0.008 0.0358036 0.012557 0
0.414 0.008 0.0429648 0.019247 0
0.415 0.008 0.0421755 0.0281428 0
0.416 0.008 0.0349361 0.0282641 0
0.417 0.008 0.0462893 0.0242416 0
0.418 0.008 0.050058 0.0270207 0
0.419 0.008 0.0474471 0.0299341 0
0.42 0.008 0.0441397 0.0208607 0
0.421 0.008 0.0458602 0.0246352 0
0.422 0.008 0.0536789 0.022812 0
0.423 0.008 0.0367865 0.0163442 0
0.424 0.008 0.0540161 0.0230722 0
0.425 0.008 0.046513 0.0245963 0
0.426 0.008 0.0425891 0.0254313 0
0.427 0.008 0.051569 0.0239722 0
0.428 0.008 0.0633667 0.0364084 0
0.429 0.008 0.0558092 0.0247295 0
0.43 0.008 0.0416182 0.0238842 0
0.431 0.008 0.0436778 0.0231984 0
0.432 0.008 0.0360858 0.0152214 0
0.433 0.008 0.0501593 0.0274261 0
0.434 0.008 0.0533178 0.0259242 0
0.435 0.008 0.050208 0.0190295 0
0.436 0.008 0.0429875 0.0167081 0
0.437 0.008 0.0483233 0.021363 0
0.438 0.008 0.052474 0.0246765 0
0.439 0.008 0.0337398 0.014271 0
0.44 0.008 0.049971 0.0301918 0
0.441 0.008 0.0444193 0.0172678 0
0.442 0.008 0.0507169 0.021737 0
0.443 0.008 0.0362786 0.0197332 0
0.444 0.008 0.0536882 0.0305455 0
0.445 0.008 0.0548586 0.0187179 0
0.446 0.008 0.0521421 0.0232201 0
0.447 0.008 0.0510879 0.0278663 0
0.448 0.008 0.0556916 0.0261807 0
0.449 0.008 0.056605 0.0322529 0
0.45 0.008 0.0550962 0.0232248 0
0.451 0.008 0.04811 0.0248966 0
0.452 0.008 0.0485215 0.0241392 0
0.453 0.008 0.0522535 0.0220752 0
0.454 0.008 0.0323134 0.0151844 0
0.455 0.008 0.0443823 0.0234079 0
0.456 0.008 0.0510231 0.0268199 0
0.457 0.008 0.0453002 0.0191892 0
0.458 0.008 0.0542387 0.0222589 0
0.459 0.008 0.038765 0.0171959 0
0.46 0.008 0.0486767 0.0296025 0
0.461 0.008 0.0633328 0.0356502 0
0.462 0.008 0.0442389 0.0184676 0
0.463 0.008 0.0465425 0.0299299 0
0.464 0.008 0.0434635 0.0206071 0
0.465 0.008 0.0495375 0.0240226 0
0.466 0.008 0.0380416 0.0191177 0
0.467 0.008 0.0432193 0.021759 0
0.468 0.008 0.0419622 0.0183923 0
0.469 0.009 0.0365808 0.0203764 0
0.47 0.009 0.0473901 0.0258313 0
0.471 0.009 0.0460258 0.0221855 0
0.472 0.009 0.0508122 0.0243057 0
0.473 0.009 0.0392156 0.014155 0
0.474 0.009 0.0575651 0.0245325 0
0.475 0.009 0.0451455 0.0210304 0
0.476 0.009 0.0444659 0.0254725 0
0.477 0.009 0.0490521 0.0348012 0
0.478 0.009 0.0664101 0.0318468 0
0.479 0.009 0.0485605 0.0275333 0
0.48 0.009 0.0440635 0.0219188 0
0.481 0.009 0.0586593 0.0231411 0
0.482 0.009 0.0470983 0.0192748 0
0.483 0.009 0.0510883 0.0234706 0
0.484 0.009 0.0518555 0.0252096 0
0.485 0.009 0.03909 0.0165863 0
0.486 0.009 0.0363832 0.0221671 0
0.487 0.009 0.0496673 0.0256903 0
0.488 0.009 0.0380909 0.0203585 0
0.489 0.009 0.050882 0.0266157 0
0.49 0.009 0.0359654 0.0155841 0
0.491 0.009 0.052804 0.0234865 0
0.492 0.009 0.0463271 0.0183333 0
0.493 0.009 0.0606791 0.0362588 0
0.494 0.009 0.0546428 0.0368454 0
0.495 0.009 0.0439244 0.026787 0
0.496 0.009 0.0647571 0.0327935 0
0.497 0.009 0.0418921 0.0186637 0
0.498 0.009 0.0365272 0.0185617 0
0.499 0.009 0.0525984 0.0198739 0
0.5 0.009 0.0462575 0.0247618 0
0.501 0.009 0.0435746 0.0190727 0
0.502 0.009 0.0552938 0.0336005 0
0.503 0.009 0.0377576 0.0197487 0
0.504 0.009 0.044794 0.0202769 0
0.505 0.009 0.058213 0.0248088 0
0.506 0.009 0.0423191 0.0263557 0
0.507 0.009 0.0469377 0.0168479 0
0.508 0.009 0.0435884 0.0195263 0
0.509 0.009 0.0719041 0.0313182 0
0.51 0.009 0.0484416 0.0294419 0
0.511 0.009 0.0631908 0.0190716 0
0.512 0.009 0.0446134 0.026542 0
0.513 0.009 0.0480085 0.0263779 0
0.514 0.009 0.0386845 0.0192678 0
0.515 0.009 0.0445793 0.0235045 0
0.516 0.009 0.0434415 0.0220508 0
0.517 0.009 0.0462028 0.0204939 0
0.518 0.009 0.0419449 0.0273906 0
0.519 0.009 0.0475334 0.0157238 0
0.52 0.009 0.0410297 0.0225662 0
0.521 0.009 0.0461837 0.0160263 0
0.522 0.009 0.043837 0.0186609 0
0.523 0.01 0.0398162 0.0181468 0
0.524 0.01 0.0380488 0.021183 0
0.525 0.011 0.0575231 0.0314994 0
0.526 0.011 0.0443777 0.0227276 0
0.527 0.011 0.0404605 0.0197379 0
0.528 0.011 0.0614053 0.0315782 0
0.529 0.011 0.0476947 0.0202022 0
0.53 0.011 0.0276731 0.0176983 0
0.531 0.011 0.0606046 0.0193113 0
0.532 0.011 0.0478811 0.0157415 0
0.533 0.011 0.062379 0.0317258 0
0.534 0.011 0.0636225 0.020442 0
0.535 0.011 0.0535318 0.0259692 0
0.536 0.011 0.0536431 0.0294869 0
0.537 0.011 0.0584679 0.0294127 0
0.538 0.011 0.0483794 0.0219155 0
0.539 0.011 0.0588828 0.0228809 0
0.54 0.011 0.0439824 0.0235122 0
0.541 0.011 0.0714565 0.0343562 0
0.542 0.011 0.0594974 0.0271992 0
0.543 0.011 0.054795 0.0249062 0
0.544 0.011 0.0376448 0.013035 0
0.545 0.011 0.0480026 0.0196986 0
0.546 0.011 0.0472902 0.0228164 0
0.547 0.011 0.0714908 0.0420117 0
0.548 0.011 0.0542506 0.02399 0
0.549 0.011 0.0515224 0.0240032 0
0.55 0.011 0.0689082 0.0380946 0
0.551 0.011 0.0501575 0.0274049 0
0.552 0.011 0.0532435 0.030286 0
0.553 0.011 0.0546114 0.0257936 0
0.554 0.011 0.0652085 0.0356028 0
0.555 0.011 0.0579949 0.0344368 0
0.556 0.011 0.0630298 0.0273295 0
0.557 0.011 0.0678582 0.0292002 0
0.558 0.011 0.0534216 0.0249945 0
0.559 0.011 0.057242 0.0236936 0
0.56 0.011 0.0645835 0.0258754 0
0.561 0.011 0.0610126 0.038977 0
0.562 0.011 0.0651704 0.0342523 0
0.563 0.011 0.0682815 0.0300484 0
0.564 0.011 0.0626004 0.0230204 0
0.565 0.011 0.049993 0.0262317 0
0.566 0.011 0.0395716 0.0187436 0
0.567 0.011 0.0570707 0.0356958 0
0.568 0.013 0.0611879 0.0267352 0
0.569 0.013 0.068259 0.0275036 0
0.57 0.013 0.0550071 0.0239919 0
0.571 0.015 0.0547885 0.0223413 0
0.572 0.015 0.0754463 0.0380471 0
0.573 0.015 0.0579875 0.031814 0
0.574 0.015 0.0424875 0.0149096 0
0.575 0.015 0.0391189 0.0229274 0
0.576 0.015 0.041751 0.0175079 0
0.577 0.015 0.0675053 0.0326377 0
0.578 0.015 0.0547584 0.0224743 0
0.579 0.015 0.0464555 0.0224311 0
0.58 0.015 0.0532267 0.0222137 0
0.581 0.015 0.0377824 0.0180837 0
0.582 0.015 0.0539177 0.0312896 0
0.583 0.015 0.0414632 0.0221589 0
0.584 0.015 0.0652962 0.0261942 0
0.585 0.015 0.0430488 0.02708 0
0.586 0.015 0.0577493 0.0327062 0
0.587 0.015 0.0588475 0.0310389 0
0.588 0.015 0.0604026 0.0198776 0
0.589 0.015 0.0681388 0.0311593 0
0.59 0.015 0.0422214 0.0239758 0
0.591 0.015 0.0657208 0.0314186 0
0.592 0.015 0.0473782 0.0224542 0
0.593 0.015 0.0600748 0.0328586 0
0.594 0.015 0.0452255 0.0231486 0
0.595 0.015 0.0450045 0.0211129 0
0.596 0.015 0.0538376 0.023839 0
0.597 0.015 0.0554618 0.0240408 0
0.598 0.015 0.0667025 0.0331792 0
0.599 0.015 0.0440875 0.0224911 0
0.6 0.015 0.0545855 0.0209243 0
0.601 0.015 0.0528843 0.0329786 0
0.602 0.015 0.0716814 0.0372819 0
0.603 0.015 0.051651 0.0209091 0
0.604 0.015 0.0620842 0.034524 0
0.605 0.015 0.0576102 0.0223376 0
0.606 0.015 0.076402 0.0205368 0
0.607 0.015 0.0656983 0.0241591 0
0.608 0.015 0.0693257 0.0264705 0
0.609 0.015 0.0496993 0.0322426 0
0.61 0.015 0.0684054 0.0279822 0
0.611 0.015 0.0645472 0.0282344 0
0.612 0.015 0.0624353 0.0227566 0
0.613 0.015 0.0696895 0.0303029 0
0.614 0.015 0.0589241 0.030916 0
0.615 0.015 0.0620626 0.0320528 0
0.616 0.015 0.0922791 0.0472738 0
0.617 0.015 0.0565465 0.0203848 0
0.618 0.017 0.0613553 0.0319775 0
0.619 0.017 0.0558099 0.0308352 0
0.62 0.017 0.0613048 0.0386534 0
0.621 0.017 0.0700075 0.0387214 0
0.622 0.017 0.0585726 0.0246979 0
0.623 0.017 0.0621216 0.0313107 0
0.624 0.017 0.0502877 0.024813 0
0.625 0.017 0.0647627 0.0295901 0
0.626 0.017 0.0552193 0.0270624 0
0.627 0.017 0.0827872 0.0429853 0
0.628 0.017 0.0712723 0.0210536 0
0.629 0.018 0.0513902 0.0259703 0
0.63 0.018 0.0499131 0.0257638 0
0.631 0.018 0.0689486 0.0343933 0
0.632 0.018 0.0867585 0.0423888 0
0.633 0.018 0.0686258 0.0220019 0
0.634 0.018 0.0793745 0.0380794 0
0.635 0.018 0.0542691 0.019332 0
0.636 0.018 0.0625212 0.0301505 0
0.637 0.018 0.0596519 0.0255883 0
0.638 0.018 0.0683649 0.0466928 0
0.639 0.018 0.0633158 0.0261225 0
0.64 0.018 0.0633106 0.0333237 0
0.641 0.018 0.0598979 0.0266158 0
0.642 0.018 0.0678018 0.0314804 0
0.643 0.018 0.0921737 0.0343498 0
0.644 0.018 0.0674849 0.0401939 0
0.645 0.018 0.0608056 0.0329531 0
0.646 0.018 0.052353 0.0222218 0
0.647 0.018 0.074416 0.0372238 0
0.648 0.018 0.0700244 0.0312518 0
0.649 0.018 0.0879379 0.0222 0
0.65 0.018 0.0799412 0.043314 0
0.651 0.018 0.0786283 0.0403567 0
0.652 0.018 0.0815264 0.0394374 0
0.653 0.018 0.0587102 0.0241447 0
0.654 0.018 0.0527568 0.0265057 0
0.655 0.018 0.0672003 0.0327646 0
0.656 0.018 0.0614024 0.032704 0
0.657 0.018 0.0390642 0.0211217 0
0.658 0.018 0.0743338 0.0241052 0
0.659 0.018 0.050402 0.0155929 0
0.66 0.018 0.0805893 0.0309741 0
0.661 0.018 0.0543833 0.0319348 0
0.662 0.018 0.0583818 0.0288379 0
0.663 0.018 0.0662299 0.0270742 0
0.664 0.018 0.0919191 0.0389341 0
0.665 0.018 0.0520217 0.028727 0
0.666 0.018 0.048916 0.0239235 0
0.667 0.018 0.0929802 0.0649746 0
0.668 0.018 0.0723004 0.0219086 0
0.669 0.018 0.0617181 0.0299611 0
0.67 0.018 0.0568772 0.0400573 0
0.671 0.018 0.0519172 0.0342558 0
0.672 0.018 0.0572125 0.0408425 0
0.673 0.018 0.0808914 0.0330225 0
0.674 0.018 0.0791931 0.0322776 0
0.675 0.018 0.071965 0.0356299 0
0.676 0.018 0.0803667 0.050729 0
0.677 0.018 0.0563529 0.0248074 0
0.678 0.018 0.0768577 0.0291471 0
0.679 0.018 0.0835344 0.0419714 0
0.68 0.018 0.0779605 0.0325066 0
0.681 0.018 0.0857902 0.0311346 0
0.682 0.018 0.0532067 0.0308079 0
0.683 0.018 0.0868766 0.0384068 0
0.684 0.018 0.0531238 0.0270633 0
0.685 0.018 0.0641046 0.0332375 0
0.686 0.018 0.0606467 0.0305461 0
0.687 0.018 0.08093 0.0389887 0
0.688 0.018 0.0757379 0.0346874 0
0.689 0.018 0.0588934 0.0211445 0
0.69 0.018 0.070853 0.0308349 0
0.691 0.018 0.0920931 0.0337953 0
0.692 0.018 0.0612725 0.0345342 0
0.693 0.018 0.0610296 0.0305504 0
0.694 0.018 0.0788803 0.033187 0
0.695 0.018 0.09774 0.0409869 0
0.696 0.018 0.0688734 0.0280486 0
0.697 0.018 0.0994917 0.0403069 0
0.698 0.018 0.0900045 0.0310366 0
0.699 0.018 0.0686345 0.0326735 0
0.7 0.018 0.0633798 0.0232946 0
0.701 0.018 0.0865438 0.0484151 0
0.702 0.018 0.0685616 0.0318765 0
0.703 0.018 0.10288 0.0428359 0
0.704 0.018 0.0461553 0.0210866 0
0.705 0.018 0.0844425 0.0421218 0
0.706 0.018 0.0968764 0.0362519 0
0.707 0.018 0.0658399 0.0298434 0
0.708 0.018 0.0772898 0.0412847 0
0.709 0.018 0.067122 0.0334254 0
0.71 0.021 0.0617296 0.0313565 0
0.711 0.021 0.0730017 0.031424 0
0.712 0.021 0.0922896 0.0350359 0
0.713 0.021 0.0725689 0.0329737 0
0.714 0.021 0.0749267 0.0343675 0
0.715 0.021 0.109254 0.0446452 0
0.716 0.021 0.0766808 0.0335567 0
0.717 0.021 0.0970378 0.0229699 0
0.718 0.021 0.0840754 0.0407483 0
0.719 0.021 0.122352 0.0516848 0
0.72 0.021 0.0551091 0.0145484 0
0.721 0.021 0.0665657 0.0352931 0
0.722 0.021 0.0869317 0.0322331 0
0.723 0.021 0.0981931 0.050577 0
0.724 0.021 0.0894238 0.0531629 0
0.725 0.024 0.0778507 0.037098 0
0.726 0.024 0.0662694 0.0332253 0
0.727 0.025 0.120587 0.0353029 0
0.728 0.025 0.0545963 0.026161 0
0.729 0.025 0.0815665 0.0405967 0
0.73 0.025 0.0792574 0.0346401 0
0.731 0.025 0.103909 0.036157 0
0.732 0.025 0.072165 0.0480777 0
0.733 0.025 0.105904 0.0346744 0
0.734 0.025 0.0805599 0.0328572 0
0.735 0.025 0.0938336 0.0560297 0
0.736 0.025 0.0852543 0.0366499 0
0.737 0.025 0.0794436 0.0296635 0
0.738 0.025 0.086273 0.0342729 0
0.739 0.025 0.0876326 0.0440113 0
0.74 0.025 0.0855593 0.0556828 0
0.741 0.025 0.07716 0.0410286 0
0.742 0.025 0.0794391 0.0311561 0
0.743 0.025 0.0919603 0.0433951 0
0.744 0.025 0.066591 0.0331633 0
0.745 0.025 0.103478 0.0509898 0
0.746 0.025 0.0871956 0.0451346 0
0.747 0.025 0.0600978 0.030241 0
0.748 0.025 0.0932776 0.0654425 0
0.749 0.025 0.0735256 0.0318591 0
0.75 0.025 0.0730103 0.0369582 0
0.751 0.025 0.113237 0.0490437 0
0.752 0.028 0.108295 0.0637293 0
0.753 0.028 0.0518075 0.020159 0
0.754 0.028 0.0686243 0.032477 0
0.755 0.028 0.0969086 0.0648249 0
0.756 0.028 0.0813413 0.0484973 0
0.757 0.028 0.0775743 0.0422906 0
0.758 0.028 0.106538 0.0477209 0
0.759 0.028 0.0942375 0.057242 0
0.76 0.028 0.0885063 0.0341209 0
0.761 0.028 0.0867293 0.0414471 0
0.762 0.028 0.136398 0.0504437 0
0.763 0.028 0.0810011 0.0397203 0
0.764 0.028 0.0877657 0.0345164 0
0.765 0.028 0.0734083 0.0353698 0
0.766 0.028 0.109495 0.0409046 0
0.767 0.028 0.100822 0.0380015 0
0.768 0.028 0.0687244 0.0231786 0
0.769 0.028 0.0812094 0.0447818 0
0.77 0.029 0.12779 0.0471025 0
0.771 0.041 0.0895217 0.0356141 0
0.772 0.043 0.100023 0.0334397 0
0.773 0.043 0.0859026 0.0483326 0
0.774 0.043 0.120581 0.0413512 0
0.775 0.043 0.0943534 0.0426126 0
0.776 0.043 0.091012 0.0415165 0
0.777 0.043 0.109649 0.0397341 0
0.778 0.043 0.104282 0.0380924 0
0.779 0.043 0.0919579 0.0555746 0
0.78 0.043 0.0887064 0.0298048 0
0.781 0.043 0.135785 0.0656257 0
0.782 0.043 0.103291 0.049297 0
0.783 0.043 0.0771751 0.0357611 0
0.784 0.043 0.106827 0.0552195 0
0.785 0.043 0.112386 0.0488392 0
0.786 0.043 0.0780032 0.0359052 0
0.787 0.043 0.105298 0.0384781 0
0.788 0.043 0.132226 0.057858 0
0.789 0.043 0.117917 0.0675873 0
0.79 0.043 0.0884723 0.0468771 0
0.791 0.044 0.119295 0.0729362 0
0.792 0.044 0.0936334 0.0510644 0
0.793 0.044 0.0997825 0.0419923 0
0.794 0.044 0.0815207 0.0414371 0
0.795 0.052 0.105093 0.0611266 0
0.796 0.053 0.0956498 0.0408223 0
0.797 0.053 0.186518 0.0663318 0
0.798 0.053 0.131178 0.0599695 0
0.799 0.053 0.0889363 0.0444819 0
0.8 0.053 0.106925 0.0361996 0
0.801 0.053 0.11149 0.0535268 0
0.802 0.053 0.0914609 0.0248653 0
0.803 0.053 0.146437 0.0670874 0
0.804 0.053 0.0930491 0.0453836 0
0.805 0.053 0.105365 0.0741148 0
0.806 0.053 0.0961225 0.066226 0
0.807 0.053 0.186428 0.0707048 0
0.808 0.053 0.12542 0.0466121 0
0.809 0.053 0.208122 0.077672 0
0.81 0.053 0.111262 0.0598653 0
0.811 0.053 0.152417 0.0421503 0
0.812 0.053 0.0900519 0.0466858 0
0.813 0.053 0.141605 0.0729649 0
0.814 0.053 0.0924 0.0360261 0
0.815 0.053 0.143731 0.0529702 0
0.816 0.053 0.0978603 0.0459742 0
0.817 0.053 0.126085 0.04789 0
0.818 0.053 0.138574 0.0191857 0
0.819 0.053 0.153799 0.0627764 0
0.82 0.053 0.0966975 0.0336523 0
0.821 0.053 0.0962806 0.0191447 0
0.822 0.053 0.113676 0.0412526 0
0.823 0.053 0.111448 0.0493479 0
0.824 0.059 0.134793 0.08384 0
0.825 0.061 0.169588 0.104997 0
0.826 0.061 0.208916 0.113589 0
0.827 0.072 0.136163 0.049175 0
0.828 0.072 0.169245 0.0774227 0
0.829 0.072 0.130007 0.0317679 0
0.83 0.072 0.200129 0.0874351 0
0.831 0.072 0.14435 0.0652654 0
0.832 0.073 0.157316 0.0650947 0
0.833 0.093 0.187533 0.047971 0
0.834 0.093 0.14233 0.0404831 0
0.835 0.093 0.166613 0.0371779 0
0.836 0.093 0.198322 0.0886285 0
0.837 0.093 0.204581 0.0750308 0
0.838 0.093 0.101868 0.0404255 0
0.839 0.093 0.111866 0.0726453 0
0.84 0.093 0.17912 0.0589945 0
0.841 0.093 0.109653 0.0445709 0
0.842 0.093 0.153778 0.0436906 0
0.843 0.093 0.156943 0.0630144 0
0.844 0.093 0.195109 0.098715 0
0.845 0.093 0.198584 0.0832819 0
0.846 0.093 0.186695 0.080593 0
0.847 0.093 0.197072 0.0846804 0
0.848 0.093 0.193541 0.0794181 0
0.849 0.17 0.158155 0.0662486 0
0.85 0.17 0.188233 0.056039 0
0.851 0.17 0.136391 0.046458 0
0.852 0.17 0.130166 0.056925 0
0.853 0.17 0.117844 0.0510375 0
0.854 0.17 0.259313 0.101147 0
0.855 0.17 0.146074 0.0350897 0
0.856 0.17 0.115288 0.0384148 0
0.857 0.17 0.166812 0.0594236 0
0.858 0.17 0.18841 0.0509227 0
0.859 0.185 0.202751 0.0509278 0
0.86 0.185 0.292491 0.0422066 0
0.861 0.193 0.19122 0.0552239 0
0.862 0.193 0.237952 0.0627817 0
0.863 0.194 0.252135 0.0810477 0
0.864 0.221 0.223395 0.107955 0
0.865 0.221 0.305809 0.156062 0
0.866 0.221 0.183146 0.0841227 0
0.867 0.277 0.35159 0.0572511 0
0.868 0.278 0.264986 0.085233 0
0.869 0.278 0.100191 0.0363957 0
0.87 0.278 0.200991 0.0375207 0
0.871 0.278 0.374375 0.04832 0
0.872 0.278 0.230964 0.0612625 0
0.873 0.278 0.341608 0.0505927 0
0.874 0.278 0.446957 0.0932818 0
0.875 0.278 0.384257 0.166069 0
0.876 0.278 0.304753 0.0568878 0
0.877 0.278 0.183766 0.105018 0
0.878 0.279 0.247574 0.112837 0
0.879 0.325 0.333568 0.0895897 0
0.88 0.325 0.195045 0.0524416 0
0.881 0.355 0.31475 0.0544618 0
0.882 0.355 0.392148 0.0374234 0
0.883 0.356 0.432989 0.0263499 0
0.884 0.356 0.415503 0.0325374 0
0.885 0.356 0.406491 0.0326103 0
0.886 0.357 0.347392 0.0436994 0
0.887 0.357 0.238611 0.0422492 0
0.888 0.357 0.127228 0.048958 0
0.889 0.357 0.0775286 0.0463778 0
0.89 0.357 0.215842 0.0491205 0
0.891 0.357 0.316204 0.04134 0
0.892 0.437 0.47735 0.040863 0
0.893 0.437 0.531812 0.0328072 0
0.894 0.438 0.570687 0.0349285 0
0.895 0.438 0.603437 0.0464362 0
0.896 0.438 0.619667 0.0265837 0
0.897 0.442 0.628455 0.026992 0
0.898 0.787 0.636495 0.0299009 0
0.899 0.787 0.636165 0.030852 0
0.9 0.797 0.661276 0.0398319 0
0.901 0.797 0.668541 0.038275 0
0.902 0.797 0.660796 0.027398 0
0.903 0.798 0.651741 0.031915 0
0.904 0.799 0.659269 0.0336079 0
0.905 0.799 0.655092 0.0318743 0
0.906 0.799 0.692244 0.0339262 0
0.907 0.844 0.735214 0.0436574 0
0.908 0.849 0.75537 0.0101402 0
0.909 0.849 0.74423 0.00946766 0
0.91 0.849 0.745323 0.0134426 0
0.911 0.849 0.742786 0.0143117 0
0.912 0.849 0.782212 0.012303 0
0.913 0.849 0.792012 0.0113173 0
0.914 0.849 0.790212 0.0119458 0
0.915 0.85 0.792876 0.0172955 0
0.916 0.85 0.790227 0.0129842 0
0.917 0.85 0.796887 0.0103137 0
0.918 0.85 0.798927 0.0109078 0
0.919 0.85 0.796241 0.0161995 0
0.92 0.85 0.798811 0.0190335 0
0.921 0.85 0.79934 0.0125744 0
0.922 0.85 0.797358 0.00972409 0
0.923 0.85 0.790797 0.00939076 0
0.924 0.85 0.789519 0.0131055 0
0.925 0.85 0.792325 0.0137199 0
0.926 0.851 0.79272 0.0121122 0
0.927 0.853 0.796178 0.0131053 0
0.928 0.857 0.802288 0.014819 0
0.929 0.857 0.812325 0.0116308 0
0.93 0.861 0.813101 0.0122719 0
0.931 0.861 0.817119 0.0102639 0
0.932 0.861 0.818942 0.0121856 0
0.933 0.863 0.825608 0.0121875 0
0.934 0.864 0.823838 0.0142399 0
0.935 0.865 0.820474 0.0127906 0
0.936 0.865 0.829548 0.00886579 0
0.937 0.866 0.83414 0.0130797 0
0.938 0.867 0.835728 0.0135934 0
0.939 0.867 0.837739 0.0128563 0
0.94 0.867 0.841258 0.00911035 0
0.941 0.867 0.839158 0.0115852 0
0.942 0.87 0.845611 0.0107513 0
0.943 0.87 0.845009 0.0130901 0
0.944 0.87 0.844586 0.0133488 0
0.945 0.873 0.848449 0.0125148 0
0.946 0.874 0.842572 0.0124664 0
0.947 0.874 0.843476 0.0131442 0
0.948 0.874 0.84658 0.0159395 0
0.949 0.878 0.848882 0.0137677 0
0.95 0.878 0.850546 0.00882281 0
0.951 0.88 0.848954 0.010043 0
0.952 0.881 0.852775 0.0118843 0
0.953 0.881 0.847417 0.0105579 0
0.954 0.881 0.851782 0.010746 0
0.955 0.882 0.852298 0.0119911 0
0.956 0.882 0.859885 0.0123973 0
0.957 0.882 0.863289 0.0114974 0
0.958 0.883 0.867195 0.00856603 0
0.959 0.886 0.872422 0.00881413 0
0.96 0.886 0.870294 0.0110683 0
0.961 0.886 0.872365 0.0149913 0
0.962 0.887 0.87 0 0