# Node_nr = 50
# K <r> sigma_r(sig not of average! divide by sqrt(n))
0 -0.02 0.109743 0.0552287 0
0.02 0.04 0.151428 0.0776843 0
0.04 0.04 0.12322 0.0676746 0
0.06 0.04 0.129546 0.0663354 0
0.08 0.04 0.124684 0.0609931 0
0.1 0.04 0.135721 0.0735053 0
0.12 0.04 0.149898 0.0733864 0
0.14 0.04 0.147228 0.0739645 0
0.16 0.04 0.118727 0.0615826 0
0.18 0.06 0.133837 0.0647049 0
0.2 0.06 0.147154 0.0776267 0
0.22 0.06 0.138957 0.0709165 0
0.24 0.06 0.15568 0.0746492 0
0.26 0.06 0.160977 0.074674 0
0.28 0.06 0.144608 0.0724882 0
0.3 0.06 0.160544 0.0835577 0
0.32 0.08 0.15261 0.0779849 0
0.34 0.08 0.155438 0.0863906 0
0.36 0.08 0.160642 0.0806678 0
0.38 0.08 0.153965 0.0679274 0
0.4 0.08 0.170137 0.0990117 0
0.42 0.08 0.183803 0.0890164 0
0.44 0.08 0.182606 0.0837514 0
0.46 0.08 0.193738 0.108144 0
0.48 0.08 0.171844 0.0887224 0
0.5 0.08 0.21057 0.115874 0
0.52 0.1 0.208483 0.106846 0
0.54 0.1 0.180561 0.0891777 0
0.56 0.1 0.207409 0.127275 0
0.58 0.12 0.192582 0.0950428 0
0.6 0.16 0.191404 0.101829 0
0.62 0.16 0.159082 0.0890679 0
0.64 0.2 0.23029 0.108051 0
0.66 0.2 0.21875 0.115901 0
0.68 0.2 0.245875 0.0949213 0
0.7 0.34 0.29508 0.10617 0
0.72 0.34 0.350569 0.115501 0
0.74 0.34 0.343448 0.128904 0
0.76 0.34 0.307246 0.128962 0
0.78 0.62 0.201059 0.106184 0
0.8 0.66 0.253128 0.123662 0
0.82 0.68 0.255309 0.110273 0
0.84 0.7 0.298802 0.123641 0
0.86 0.7 0.30368 0.120224 0
0.88 0.72 0.22752 0.111251 0
0.9 0.72 0.220466 0.0974801 0
0.92 0.74 0.248049 0.0834074 0
0.94 0.74 0.215189 0.103504 0
0.96 0.76 0.254188 0.109791 0
0.98 0.76 0.256919 0.0983407 0
1 0.92 0.228936 0.118297 0
1.02 0.92 0.183363 0.104532 0
1.04 0.92 0.347459 0.135604 0
1.06 0.92 0.388365 0.117149 0
1.08 0.98 0.386903 0.117895 0
1.1 0.98 0.400756 0.117428 0
1.12 0.98 0.410339 0.126552 0
1.14 0.98 0.412249 0.140333 0
1.16 0.98 0.429951 0.147847 0
1.18 0.98 0.407964 0.115719 0
1.2 0.98 0.423517 0.0780827 0
1.22 0.98 0.502939 0.0735926 0
1.24 0.98 0.600434 0.057836 0
1.26 0.98 0.629775 0.0622351 0
1.28 0.98 0.640738 0.0560604 0
1.3 0.98 0.669879 0.055924 0
1.32 0.98 0.661109 0.0635213 0
1.34 0.98 0.670503 0.058311 0
1.36 0.98 0.690538 0.0426271 0
1.38 0.98 0.704972 0.044298 0.00738095
1.4 0.98 0.704379 0.0469119 0.0177778
1.42 0.98 0.699508 0.0431072 0.0177778
1.44 0.98 0.702555 0.0453794 0.0177778
1.46 1 0.718324 0.0423634 0.0177778
1.48 1 0.718119 0.0411175 0.0177778
1.5 1 0.770533 0.0514495 0.0177778
1.52 1 0.77451 0.0505701 0.0251111
1.54 1 0.771949 0.050014 0.0251111
1.56 1 0.776299 0.050626 0.0251111
1.58 1 0.889335 0.0226649 0.0251111
1.6 1 0.891345 0.000329865 0.0251111
1.62 1 0.914607 0.00150498 0.0251111
1.64 1 0.925866 0.000589972 0.0251111
1.66 1 0.926134 0.000208131 0.0251111
1.68 1 0.926394 3.18202e-05 0.0251111
1.7 1 0.931069 0.000232709 0.0251111
1.72 1 0.93067 5.30655e-05 0.0237778
1.74 1 0.931521 9.61283e-05 0.0344444
1.76 1 0.930576 0.000136274 0.0337778
1.78 1 0.933768 0.000140086 0.0337778
1.8 1 0.933022 0.000144261 0.0383492
1.82 1 0.936376 0.00024104 0.0446349
1.84 1 0.939741 0.00029021 0.0413016
1.86 1 0.941145 5.12934e-05 0.0366349
1.88 1 0.941461 2.99614e-05 0.0345397
1.9 1 0.941555 7.3567e-06 0.043873
1.92 1 0.948114 0.000413296 0.043873
1.94 1 0.948507 1.45383e-05 0.0425397
1.96 1 0.9486 4.55708e-05 0.0481587
1.98 1 0.950308 0.000118682 0.0481587
