# Node_nr = 1000
# K <r> sigma_r(sig not of average! divide by sqrt(n))
0 -0.001 0.0306957 0.0144325 0
0.04 0.002 0.0219537 0.00508431 0
0.08 0.003 0.0286078 0.00386294 0
0.12 0.003 0.0356266 0.00836102 0
0.16 0.003 0.0212386 0.0085492 0
0.2 0.004 0.0232196 0.0108364 0
0.24 0.005 0.0272827 0.0102495 0
0.28 0.005 0.0550304 0.0245233 0
0.32 0.005 0.0394679 0.0189657 0
0.36 0.005 0.0358617 0.0162449 0
0.4 0.007 0.0575729 0.0255591 0
0.44 0.007 0.041519 0.0174375 0
0.48 0.007 0.054126 0.026061 0
0.52 0.009 0.0504026 0.0185941 0
0.56 0.012 0.0553571 0.0262455 0
0.6 0.012 0.0497416 0.026751 0
0.64 0.016 0.081289 0.0334618 0
0.68 0.018 0.0712916 0.0338516 0
0.72 0.031 0.0942915 0.0370385 0
0.76 0.035 0.101296 0.0353369 0
0.8 0.054 0.0663888 0.0367276 0
0.84 0.08 0.128895 0.0531575 0
0.88 0.296 0.145523 0.0536217 0
0.92 0.602 0.131607 0.034746 0
0.96 0.809 0.152116 0.0443161 0
1 0.82 0.299218 0.0401785 0
1.04 0.831 0.333951 0.0665652 0
1.08 0.845 0.514532 0.0521629 0
1.12 0.851 0.165573 0.050119 0
1.16 0.851 0.5741 0.119605 0
1.2 0.859 0.66848 0.0920524 0
1.24 0.86 0.6717 0.134556 0
1.28 0.865 0.718723 0.0705319 0
1.32 0.869 0.691583 0.133632 0
1.36 0.869 0.726437 0.0683502 0
1.4 0.87 0.745641 0.0603289 0
1.44 0.873 0.73447 0.10797 0
1.48 0.877 0.76091 0.0795619 0
1.52 0.904 0.769234 0.0686831 0
1.56 0.907 0.77289 0.0669708 0
1.6 0.909 0.762279 0.124166 0
1.64 0.91 0.793459 0.0660652 0
1.68 0.913 0.791552 0.0892241 0
1.72 0.914 0.797266 0.0750344 0
1.76 0.914 0.803596 0.0750969 0
1.8 0.914 0.807114 0.0719835 0
1.84 0.914 0.80968 0.086819 0
1.88 0.915 0.820868 0.053874 0
1.92 0.916 0.824629 0.057061 0
1.96 0.917 0.827166 0.0494475 0
