# Node_nr = 1000
# K <r> sigma_r(sig not of average! divide by sqrt(n))
0 0.0279387 0.0135024 
0.01 0.0279125 0.0149216 
0.02 0.0293923 0.0145342 
0.03 0.027999 0.0146554 
0.04 0.0303759 0.0165666 
0.05 0.0292505 0.0147906 
0.06 0.0300583 0.0150317 
0.07 0.0309732 0.0169138 
0.08 0.0320598 0.0166384 
0.09 0.0320957 0.0164087 
0.1 0.0348955 0.0178696 
0.11 0.0333591 0.0172914 
0.12 0.0319062 0.016699 
0.13 0.0365448 0.0177425 
0.14 0.0348976 0.0180555 
0.15 0.0352992 0.0178816 
0.16 0.0347856 0.019115 
0.17 0.0337224 0.0175536 
0.18 0.039492 0.0201308 
0.19 0.0337853 0.0197723 
