# Node_nr = 100
# K <r> sigma_r(sig not of average! divide by sqrt(n))
0 0.02 0.0911922 0.0475774 0
0.01 0.02 0.0886875 0.0450618 0
0.02 0.02 0.088622 0.0465242 0
0.03 0.02 0.091991 0.048078 0
0.04 0.02 0.0913994 0.0505568 0
0.05 0.02 0.0876097 0.0472189 0
0.06 0.03 0.0922552 0.0463512 0
0.07 0.03 0.0903625 0.0463561 0
0.08 0.03 0.0904085 0.0462979 0
0.09 0.04 0.0896903 0.0455681 0
0.1 0.04 0.0896839 0.0457504 0
0.11 0.04 0.0900292 0.0463286 0
0.12 0.04 0.0915448 0.0491311 0
0.13 0.04 0.0906685 0.0480764 0
0.14 0.04 0.090787 0.0470299 0
0.15 0.05 0.0887818 0.0450179 0
0.16 0.05 0.090998 0.04853 0
0.17 0.05 0.0886722 0.0463507 0
0.18 0.05 0.0919005 0.0471354 0
0.19 0.05 0.0887206 0.0471137 0
0.2 0.05 0.0939691 0.0478234 0
0.21 0.05 0.0892893 0.0460546 0
0.22 0.05 0.0903508 0.0484109 0
0.23 0.05 0.0901869 0.0468889 0
0.24 0.06 0.0897979 0.0454305 0
0.25 0.06 0.0870976 0.0469247 0
0.26 0.06 0.0923714 0.0504869 0
0.27 0.07 0.0958492 0.0489764 0
0.28 0.07 0.0965181 0.0489724 0
0.29 0.07 0.093076 0.0464729 0
0.3 0.07 0.0913407 0.0469047 0
0.31 0.07 0.0951515 0.0495154 0
0.32 0.07 0.0951418 0.0499586 0
0.33 0.07 0.0958907 0.0487837 0
0.34 0.07 0.0957 0.0490177 0
0.35 0.08 0.0945875 0.051563 0
0.36 0.08 0.0934612 0.0489378 0
0.37 0.08 0.0921012 0.0471749 0
0.38 0.08 0.0967314 0.0494949 0
0.39 0.09 0.0941773 0.0474011 0
0.4 0.1 0.0947397 0.049092 0
0.41 0.1 0.0983255 0.0525472 0
0.42 0.1 0.0956959 0.0510392 0
0.43 0.14 0.0954407 0.0485161 0
0.44 0.14 0.095435 0.0496997 0
0.45 0.17 0.098945 0.049022 0
0.46 0.17 0.0983457 0.049832 0
0.47 0.17 0.0993247 0.0524369 0
0.48 0.17 0.0974188 0.0514405 0
0.49 0.17 0.099272 0.0515447 0
0.5 0.17 0.0999546 0.0520467 0
0.51 0.17 0.0993416 0.0514931 0
0.52 0.17 0.0975256 0.0520123 0
0.53 0.17 0.0973974 0.0495169 0
0.54 0.26 0.0973276 0.0480142 0
0.55 0.26 0.0988248 0.0522059 0
0.56 0.27 0.0957812 0.049695 0
0.57 0.28 0.0958436 0.049409 0
0.58 0.3 0.101401 0.051054 0
0.59 0.3 0.104573 0.0543045 0
0.6 0.33 0.100852 0.0515823 0
0.61 0.49 0.0990982 0.0525243 0
0.62 0.49 0.103426 0.0529663 0
0.63 0.5 0.1061 0.0576795 0
0.64 0.51 0.102427 0.053394 0
0.65 0.51 0.10164 0.0519707 0
0.66 0.51 0.0996793 0.0524886 0
0.67 0.51 0.0959201 0.0513415 0
0.68 0.52 0.104713 0.0555844 0
0.69 0.56 0.102398 0.0533064 0
0.7 0.6 0.104851 0.0548307 0
0.71 0.61 0.101547 0.0527292 0
0.72 0.61 0.099489 0.0521249 0
0.73 0.61 0.097214 0.0509201 0
0.74 0.61 0.102721 0.0537116 0
0.75 0.61 0.0993428 0.0507467 0
0.76 0.62 0.0985671 0.0486969 0
0.77 0.62 0.108672 0.0555623 0
0.78 0.62 0.106025 0.0554756 0
0.79 0.62 0.104182 0.0489593 0
0.8 0.62 0.106934 0.0517455 0
0.81 0.66 0.101941 0.0541513 0
0.82 0.66 0.112227 0.0575454 0
0.83 0.66 0.10547 0.0547958 0
0.84 0.66 0.105768 0.0544947 0
0.85 0.66 0.111259 0.0575625 0
0.86 0.66 0.111148 0.0572323 0
0.87 0.67 0.114091 0.0562855 0
0.88 0.67 0.110368 0.0542301 0
0.89 0.67 0.106249 0.0554927 0
0.9 0.67 0.110067 0.0575173 0
0.91 0.68 0.105765 0.0551223 0
0.92 0.68 0.10751 0.0564454 0
0.93 0.68 0.107675 0.055188 0
0.94 0.68 0.111233 0.0556302 0
0.95 0.69 0.10576 0.0550964 0
0.96 0.69 0.113077 0.0583913 0
0.97 0.69 0.111115 0.0577758 0
0.98 0.7 0.114215 0.058394 0
0.99 0.7 0.111848 0.0579637 0
