# Node_nr = 300
# K <r> sigma_r(sig not of average! divide by sqrt(n))
0 0.00666667 0.051509 0.023644 0
0.02 0.00666667 0.0536118 0.0260972 0
0.04 0.0133333 0.0494377 0.0254162 0
0.06 0.0166667 0.0584903 0.0253058 0
0.08 0.0166667 0.0568184 0.0258979 0
0.1 0.0166667 0.0553359 0.0307898 0
0.12 0.0166667 0.0632276 0.033397 0
0.14 0.02 0.0560839 0.0288826 0
0.16 0.02 0.0639025 0.0322117 0
0.18 0.02 0.0615401 0.0294674 0
0.2 0.0233333 0.0633625 0.0321857 0
0.22 0.0266667 0.0568087 0.0331174 0
0.24 0.0266667 0.0646689 0.0290295 0
0.26 0.03 0.0824664 0.0408726 0
0.28 0.0333333 0.0737306 0.0375941 0
0.3 0.07 0.0909163 0.0450153 0
0.32 0.0733333 0.103921 0.0398152 0
0.34 0.0733333 0.0739133 0.0308308 0
0.36 0.09 0.0926626 0.0474735 0
0.38 0.103333 0.0956674 0.0407816 0
0.4 0.116667 0.122508 0.0484927 0
0.42 0.133333 0.126055 0.0529192 0
0.44 0.133333 0.125705 0.0680973 0
0.46 0.133333 0.156442 0.051739 0
0.48 0.186667 0.139396 0.0631897 0
0.5 0.206667 0.0974542 0.0488797 0
0.52 0.233333 0.103836 0.056319 0
0.54 0.243333 0.134946 0.056958 0
0.56 0.306667 0.123412 0.0428725 0
0.58 0.326667 0.128924 0.0596366 0
0.6 0.346667 0.137401 0.0604256 0
0.62 0.373333 0.220618 0.0718055 0
0.64 0.376667 0.158949 0.0670987 0
0.66 0.393333 0.167376 0.0694347 0
0.68 0.456667 0.232946 0.0820711 0
0.7 0.496667 0.18179 0.0622808 0
0.72 0.506667 0.202458 0.0822489 0
0.74 0.52 0.304085 0.0642024 0
0.76 0.543333 0.224934 0.0947394 0
0.78 0.55 0.219116 0.0577913 0
0.8 0.646667 0.307787 0.0794499 0
0.82 0.663333 0.280501 0.0939389 0
0.84 0.676667 0.305014 0.126017 0
0.86 0.703333 0.297738 0.0893366 0
0.88 0.743333 0.394621 0.0662931 0
0.9 0.763333 0.42077 0.0716886 0
0.92 0.78 0.398859 0.0645219 0
0.94 0.8 0.311969 0.058633 0
0.96 0.803333 0.457221 0.092241 0
0.98 0.816667 0.491712 0.0566547 0
1 0.82 0.519123 0.0823867 0
1.02 0.836667 0.463473 0.0862903 0
1.04 0.846667 0.508993 0.0771225 0
1.06 0.85 0.577423 0.0646231 0
1.08 0.86 0.504285 0.0488916 0
1.1 0.86 0.658246 0.0674264 0
1.12 0.863333 0.660016 0.0854344 0
1.14 0.863333 0.687514 0.138181 0