# Node_nr = 100
# K <r> sigma_r(sig not of average! divide by sqrt(n))
0 0.02 0.0864834 0.0418776 0
0.01 0.02 0.0805764 0.0390224 0
0.02 0.03 0.0897627 0.0428303 0
0.03 0.03 0.0845689 0.043822 0
0.04 0.03 0.0928804 0.0461437 0
0.05 0.03 0.0957721 0.0495199 0
0.06 0.03 0.0812297 0.0372511 0
0.07 0.03 0.103139 0.0465377 0
0.08 0.03 0.104936 0.0498496 0
0.09 0.05 0.115215 0.0615629 0
0.1 0.05 0.102731 0.0366222 0
0.11 0.05 0.120572 0.0589445 0
0.12 0.05 0.106401 0.0509798 0
0.13 0.05 0.123673 0.0598099 0
0.14 0.05 0.118807 0.0580862 0
0.15 0.05 0.0944219 0.0460948 0
0.16 0.05 0.110806 0.0538405 0
0.17 0.05 0.135198 0.0576085 0
0.18 0.05 0.120719 0.0548516 0
0.19 0.05 0.10304 0.0564357 0
0.2 0.05 0.106787 0.0599122 0
0.21 0.05 0.103905 0.0556609 0
0.22 0.05 0.115001 0.055322 0
0.23 0.05 0.120812 0.0662435 0
0.24 0.06 0.12333 0.0543327 0
0.25 0.06 0.127476 0.0714208 0
0.26 0.06 0.126566 0.0608891 0
0.27 0.06 0.124841 0.0722984 0
0.28 0.08 0.165356 0.0981102 0
0.29 0.08 0.154362 0.0675269 0
0.3 0.08 0.142806 0.0757935 0
0.31 0.08 0.13142 0.068602 0
0.32 0.09 0.155909 0.0729833 0
0.33 0.09 0.145118 0.0861221 0
0.34 0.09 0.156403 0.0635822 0
0.35 0.09 0.146375 0.0831264 0
0.36 0.13 0.159191 0.0816635 0
0.37 0.13 0.19462 0.0795526 0
0.38 0.13 0.120866 0.0439331 0
0.39 0.13 0.134938 0.0567232 0
0.4 0.13 0.184276 0.0857487 0
0.41 0.13 0.166956 0.0803438 0
0.42 0.13 0.192943 0.0768146 0
0.43 0.13 0.175562 0.0772446 0
0.44 0.13 0.174766 0.0848447 0
0.45 0.13 0.201288 0.0932451 0
0.46 0.13 0.218987 0.092904 0
0.47 0.13 0.193