0 0.01 nan
0.01 0.02 nan
0.02 0.02 nan
0.03 0.02 nan
0.04 0.0202 0.00014
0.05 0.0204 0.000195959
0.06 0.0212 0.000324962
0.07 0.0219 0.000392301
0.08 0.0224 0.000427083
0.09 0.0224 0.000427083
0.1 0.023 0.000458258
0.11 0.0236 0.00048
0.12 0.0243 0.000495076
0.13 0.0252 0.00051923
0.14 0.0258 0.00051342
0.15 0.0268 0.000507543
0.16 0.0291 0.000471063
0.17 0.0296 0.000445421
0.18 0.0305 0.000455522
0.19 0.0312 0.000453431
0.2 0.0316 0.000440908
0.21 0.0325 0.00047697
0.22 0.0328 0.000511468
0.23 0.0336 0.000538888
0.24 0.0346 0.00060696
0.25 0.0352 0.000655439
0.26 0.0359 0.000679632
0.27 0.0364 0.000685857
0.28 0.037 0.0007
0.29 0.0382 0.000712461
0.3 0.039 0.000728011
0.31 0.04 0.00069282
0.32 0.0409 0.000722426
0.33 0.0418 0.00074
0.34 0.0425 0.000766485
0.35 0.0441 0.000775822
0.36 0.0455 0.000792149
0.37 0.0463 0.000795676
0.38 0.0474 0.000756571
0.39 0.0482 0.000817068
0.4 0.0496 0.000811419
0.41 0.0508 0.000879545
0.42 0.0523 0.000925797
0.43 0.0535 0.000931397
0.44 0.0551 0.000943345
0.45 0.0563 0.000986458
0.46 0.0575 0.00099373
0.47 0.0595 0.00113468
0.48 0.0602 0.00115741
0.49 0.0623 0.00115633
0.5 0.0642 0.00114175
0.51 0.0659 0.00123365
0.52 0.0672 0.00126554
0.53 0.0705 0.00133697
0.54 0.0711 0.00131829
0.55 0.0742 0.00127421
0.56 0.077 0.00131529
0.57 0.08 0.0013784
0.58 0.0829 0.00162662
0.59 0.0862 0.00184272
0.6 0.0896 0.00217679
0.61 0.0928 0.00222297
0.62 0.0964 0.00229574
0.63 0.0993 0.00232489
0.64 0.1035 0.00245917
0.65 0.1066 0.00241338
0.66 0.112 0.00255734
0.67 0.1148 0.0026248
0.68 0.1196 0.00306242
0.69 0.1249 0.00305776
0.7 0.1313 0.00339604
0.71 0.1361 0.00356622
0.72 0.1417 0.00354134
0.73 0.1487 0.00351185
0.74 0.1563 0.00379646
0.75 0.1642 0.00395267
0.76 0.1736 0.00451779
0.77 0.1854 0.0056981
0.78 0.1978 0.00606726
0.79 0.2104 0.00676745
0.8 0.2277 0.00728815
0.81 0.2412 0.00772694
0.82 0.2581 0.00809654
0.83 0.2773 0.00870041
0.84 0.2932 0.00870503
0.85 0.325 0.0099965
0.86 0.3501 0.0106391
0.87 0.3756 0.0108998
0.88 0.4136 0.0110467
0.89 0.4443 0.0105387
0.9 0.4702 0.0103131
0.91 0.5038 0.0107311
0.92 0.525 0.00968762
0.93 0.5584 0.00899858
0.94 0.5832 0.0080011
0.95 0.599 0.00809382
0.96 0.6147 0.00800806
0.97 0.6234 0.00824527
0.98 0.6311 0.00830168
0.99 1 0
