# Node_nr = 1000
# K <r> sigma_r(sig not of average! divide by sqrt(n))
0 0.001 0.0297209 0.015857 0
0.05 0.005 0.029952 0.0144443 0
0.1 0.005 0.0277206 0.0149881 0
0.15 0.007 0.0297295 0.0156737 0
0.2 0.007 0.0314169 0.0161865 0
0.25 0.009 0.0322943 0.0172746 0
0.3 0.036 0.0334898 0.0181732 0
0.35 0.046 0.0353538 0.0188407 0
0.4 0.077 0.0399272 0.0187919 0
0.45 0.088 0.0417068 0.0223783 0
0.5 0.113 0.0442957 0.0241216 0
0.55 0.248 0.0373665 0.0202036 0
0.6 0.352 0.0522116 0.0258897 0
0.65 0.442 0.0519824 0.0235829 0
0.7 0.523 0.0571076 0.0264142 0
0.75 0.588 0.0560449 0.0337815 0
0.8 0.679 0.0519579 0.0262915 0
0.85 0.739 0.0689006 0.0316281 0
0.9 0.778 0.0675139 0.044679 0
0.95 0.801 0.0776107 0.035667 0
1 0.828 0.100672 0.0485095 0
1.05 0.852 0.110999 0.0505583 0
1.1 0.883 0.201389 0.0569037 0
1.15 0.91 0.206642 0.0486735 0
1.2 0.928 0.231807 0.0722263 0
1.25 0.944 0.3203 0.060964 0
1.3 0.957 0.362369 0.0406415 0
1.35 0.964 0.417828 0.0381387 0
1.4 0.969 0.486551 0.0368393 0
1.45 0.974 0.518141 0.0289039 0
1.5 0.98 0.540274 0.0978 0
1.55 0.983 0.609384 0.0504598 0
1.6 0.986 0.668617 0.0452146 0
1.65 0.991 0.704119 0.0242942 0
1.7 0.994 0.708493 0.0636861 0
1.75 0.995 0.722964 0.105434 0
1.8 0.996 0.760546 0.00962248 0
1.85 0.997 0.773803 0.0303805 0
1.9 0.997 0.788111 0.04987 0
1.95 0.999 0.811966 0.0140039 0
2 0.999 0.824666 0.025308 0
2.05 0.999 0.837149 0.0101353 0
2.1 0.999 0.847189 0.00859371 0
2.15 0.999 0.860841 0.0103233 0
2.2 0.999 0.86839 0.00762123 0
2.25 0.999 0.876244 0.0223206 0