# Node_nr = 1000
# K <r> sigma_r(sig not of average! divide by sqrt(n))
0 0.001 0.0297209 0.015857 0
0.05 0.004 0.0307066 0.0153071 0
0.1 0.006 0.0302408 0.016067 0
0.15 0.013 0.0328795 0.0171961 0
0.2 0.014 0.0329471 0.0172871 0
0.25 0.021 0.0321918 0.0170174 0
0.3 0.035 0.0343261 0.0197291 0
0.35 0.084 0.0369502 0.0200844 0
0.4 0.199 0.044698 0.0218511 0
0.45 0.25 0.0456342 0.0236323 0
0.5 0.342 0.0553482 0.027494 0
0.55 0.429 0.0520663 0.0231861 0
0.6 0.478 0.060286 0.0295973 0
0.65 0.511 0.0652376 0.0313265 0
0.7 0.538 0.0787264 0.0371394 0
0.75 0.571 0.0827298 0.0376682 0
0.8 0.609 0.0809302 0.0370668 0
0.85 0.631 0.115584 0.0514376 0
0.9 0.644 0.156506 0.0538948 0
0.95 0.67 0.197881 0.039871 0
1 0.687 0.217913 0.0388743 0
1.05 0.698 0.27628 0.0380963 0
1.1 0.709 0.326353 0.0375439 0
1.15 0.728 0.367628 0.0344584 0
1.2 0.739 0.424404 0.0274598 0
1.25 0.75 0.468506 0.0193531 0
1.3 0.762 0.485743 0.0194196 0
1.35 0.772 0.510294 0.0180017 0
1.4 0.781 0.533465 0.0157373 0
1.45 0.795 0.556195 0.0159993 0
1.5 0.8 0.57698 0.0148648 0
1.55 0.812 0.592949 0.0131826 0
1.6 0.816 0.608467 0.0118864 0
1.65 0.823 0.62699 0.0225437 0
1.7 0.826 0.639046 0.0170185 0
1.75 0.832 0.648418 0.0420323 0
1.8 0.836 0.671403 0.0139986 0
1.85 0.842 0.685964 0.0124707 0
1.9 0.848 0.698437 0.0142767 0
1.95 0.851 0.710631 0.0115391 0
2 0.857 0.721434 0.00946152 0
2.05 0.859 0.728431 0.00822867 0
2.1 0.863 0.74343 0.00992092 0
2.15 0.864 0.75785 0.00870958 0
2.2 0.868 0.764948 0.00945434 0
2.25 0.869 0.772524 0.00942739 0