# Node_nr = 1000
# K <r> sigma_r(sig not of average! divide by sqrt(n))
1 0.022 0.052043 0.02826 0
1.04 0.022 0.0445861 0.0218993 0
1.08 0.022 0.0553063 0.0282919 0
1.12 0.022 0.0538698 0.0268387 0
1.16 0.022 0.0626867 0.0364679 0
1.2 0.022 0.0648144 0.0345013 0
1.24 0.026 0.0602684 0.0293397 0
1.28 0.026 0.0635795 0.0375407 0
1.32 0.038 0.0612347 0.0283214 0
1.36 0.043 0.0737208 0.037363 0
1.4 0.107 0.0814014 0.0417602 0
1.44 0.86 0.084376 0.0398812 0
1.48 0.95 0.0818628 0.0387364 0
1.52 0.972 0.107179 0.0447096 0
1.56 0.978 0.0933576 0.0501816 0
1.6 0.982 0.0857206 0.0417643 0
1.64 0.986 0.105231 0.0593759 0
1.68 0.989 0.12904 0.0586335 0
1.72 0.99 0.152078 0.0803802 0
1.76 0.991 0.200939 0.0806325 0
1.8 0.991 0.22575 0.10783 0
1.84 0.994 0.275587 0.114046 0
1.88 0.995 0.301371 0.102792 0
1.92 0.996 0.51699 0.0273027 0
1.96 0.997 0.584127 0.0330574 0
2 0.997 0.617807 0.0437023 0
2.04 0.997 0.65233 0.0317243 0
2.08 0.997 0.687428 0.0264707 0
2.12 0.998 0.733083 0.0617698 0
2.16 0.999 0.749623 0.0759427 0