# Node_nr = 10
# SCALE FREE p=0.15 K_MIN=2 K_MAX=10 <k>=1 <k^2>=0.6 
# K <r> sigma_r(sig not of average! divide by sqrt(n))
0 0.267847 0.149057 
0.01 0.298193 0.144308 
0.02 0.266833 0.13406 
0.03 0.30557 0.13975 
0.04 0.234524 0.124151 
0.05 0.2771 0.123197 
0.06 0.228541 0.135912 
0.07 0.30082 0.15633 
0.08 0.279955 0.153605 
0.09 0.279612 0.136703 
0.1 0.266619 0.144908 
0.11 0.297669 0.131505 
0.12 0.269698 0.146236 
0.13 0.26264 0.151051 
0.14 0.3203 0.143674 
0.15 0.275573 0.141819 
0.16 0.282719 0.154095 
0.17 0.311798 0.184451 
0.18 0.283535 0.136164 
0.19 0.300994 0.140042 
0.2 0.331447 0.156753 
0.21 0.329422 0.151347 
0.22 0.278271 0.138084 
0.23 0.278004 0.133116 
0.24 0.271478 0.131988 
0.25 0.278153 0.125341 
0.26 0.268031 0.152728 
0.27 0.285638 0.116571 
0.28 0.262434 0.147875 
0.29 0.304177 0.148292 
0.3 0.330354 0.165821 
0.31 0.29595 0.147586 
0.32 0.314724 0.149681 
0.33 0.265273 0.151912 
0.34 0.306028 0.153603 
0.35 0.291521 0.141939 
0.36 0.298309 0.132198 
0.37 0.271044 0.135039 
0.38 0.286436 0.148513 
0.39 0.303496 0.145016 
0.4 0.255101 0.130493 
0.41 0.238724 0.114039 
0.42 0.272242 0.130473 
0.43 0.295741 0.141683 
0.44 0.3307 0.174939 
0.45 0.268243 0.126521 
0.46 0.307236 0.145942 
0.47 0.325072 0.148214 
0.48 0.273044 0.140089 
0.49 0.32787 0.166169 
0.5 0.327898 0.15691 
0.51 0.306893 0.146026 
0.52 0.311113 0.152438 
0.53 0.328679 0.149984 
0.54 0.325799 0.165856 
0.55 0.322155 0.150434 
0.56 0.326426 0.146886 
0.57 0.339286 0.155425 
0.58 0.33918 0.166544 
0.59 0.324184 0.170913 
0.6 0.333917 0.165558 
0.61 0.351039 0.181843 
0.62 0.344118 0.192721 
0.63 0.322335 0.14626 
0.64 0.389919 0.169885 
0.65 0.365665 0.188918 
0.66 0.359144 0.159017 
0.67 0.345588 0.181503 
0.68 0.370661 0.178313 
0.69 0.344313 0.148074 
0.7 0.345883 0.138625 
0.71 0.362842 0.196898 
0.72 0.368412 0.160568 
0.73 0.360477 0.132835 
0.74 0.404038 0.181919 
0.75 0.384709 0.197362 
0.76 0.367066 0.134038 
0.77 0.31331 0.163655 
0.78 0.34245 0.170408 
0.79 0.332343 0.139713 
0.8 0.456855 0.146257 
0.81 0.335013 0.138471 
0.82 0.359484 0.195191 
0.83 0.407978 0.188839 
0.84 0.401259 0.183178 
0.85 0.413492 0.181573 
0.86 0.399522 0.189527 
0.87 0.405975 0.185799 
0.88 0.406455 0.194976 
0.89 0.40256 0.195523 
0.9 0.413013 0.198597 
0.91 0.413381 0.195718 
0.92 0.421097 0.196299 
0.93 0.4313 0.202936 
0.94 0.43348 0.185735 
0.95 0.434285 0.200235 
0.96 0.438149 0.188603 
0.97 0.428543 0.195629 
0.98 0.433324 0.200799 
0.99 0.424286 0.198843 
