# Node_nr = 10000
# K <r> sigma_r(sig not of average! divide by sqrt(n))
0 -0.0001 0.00726873 9.63508e-10 
0.01 0.0002 0.00737657 0.000613834 
0.02 0.0002 0.00782194 0.00101301 
0.03 0.0002 0.00757157 0.0019377 
0.04 0.0003 0.00731443 0.00167156 
0.05 0.0003 0.00830585 0.00102392 
0.06 0.0003 0.00843162 0.000331593 
0.07 0.0003 0.00761672 0.00164241 
0.08 0.0003 0.00805701 0.00129406 
0.09 0.0003 0.00784076 0.00177245 
0.1 0.0003 0.0087928 0.00335055 
0.11 0.0004 0.00875555 0.00312034 
0.12 0.0004 0.0090521 0.00333945 
0.13 0.0004 0.00798845 0.00271471 
0.14 0.0004 0.00876693 0.00302187 
0.15 0.0004 0.00878175 0.00298641 
0.16 0.0004 0.00960974 0.00333106 
0.17 0.0004 0.0103702 0.00362552 
0.18 0.0004 0.00735711 0.00318718 
0.19 0.0004 0.00764056 0.00277558 
0.2 0.0004 0.0080375 0.00260421 
0.21 0.0004 0.00770418 0.00296524 
0.22 0.0004 0.00678961 0.00324772 
0.23 0.0004 0.00853827 0.00316797 
0.24 0.0005 0.00760235 0.00364247 
0.25 0.0005 0.00796696 0.00233285 
0.26 0.0005 0.00730215 0.00393752 
0.27 0.0005 0.00576726 0.00229611 
0.28 0.0005 0.00741154 0.0028029 
0.29 0.0006 0.0075279 0.00345632 
0.3 0.0006 0.0081363 0.00432325 
0.31 0.0006 0.00944955 0.00491298 
0.32 0.0006 0.0104629 0.00654725 
0.33 0.0006 0.010197 0.00577077 
0.34 0.0007 0.0105062 0.00639468 
0.35 0.0007 0.00923184 0.00601454 
0.36 0.0008 0.00879921 0.00646408 
0.37 0.0008 0.0103673 0.00662816 
0.38 0.0008 0.00995891 0.00658177 
0.39 0.0008 0.00998764 0.00622187 
0.4 0.0008 0.00877879 0.00515746 
0.41 0.0008 0.01143 0.0068506 
0.42 0.0008 0.0110386 0.00597372 
0.43 0.0009 0.0121614 0.00524931 
0.44 0.0009 0.0156906 0.00749854 
0.45 0.0009 0.0156986 0.00678753 
0.46 0.0009 0.0161827 0.00584103 
0.47 0.001 0.0177229 0.00645784 
0.48 0.001 0.0171294 0.00513646 
0.49 0.001 0.0159378 0.0062404 
0.5 0.001 0.0187943 0.0080722 
0.51 0.001 0.0202997 0.00841649 
0.52 0.001 0.0237825 0.00878743 
0.53 0.0012 0.0220667 0.00903101 
0.54 0.0014 0.019527 0.0096272 
0.55 0.0014 0.0196848 0.00985009 
0.56 0.0014 0.0195137 0.0114701 
0.57 0.0014 0.0210209 0.011032 
0.58 0.0014 0.0193213 0.0101207 
0.59 0.0014 0.021467 0.011616 
0.6 0.0014 0.0235724 0.0135982 
0.61 0.0014 0.0243065 0.011784 
0.62 0.0018 0.0214843 0.0127476 
0.63 0.0019 0.0203368 0.010949 
0.64 0.0021 0.0195966 0.00998972 
0.65 0.0021 0.0199951 0.0127668 
0.66 0.0021 0.0220262 0.0123324 
0.67 0.0021 0.0214879 0.0101699 
0.68 0.0023 0.0230909 0.0131987 
0.69 0.0023 0.0224262 0.0109188 
0.7 0.0025 0.0221895 0.011472 
0.71 0.0029 0.0263483 0.0118279 
0.72 0.0029 0.0262595 0.0113353 
0.73 0.0029 0.0228873 0.011393 
0.74 0.0034 0.023911 0.0129387 
0.75 0.0039 0.0289087 0.0171528 
0.76 0.0039 0.0317456 0.016474 
0.77 0.0042 0.0330547 0.0193309 
0.78 0.0044 0.0337168 0.0172074 
0.79 0.0065 0.0351532 0.0176404 
0.8 0.0065 0.0353495 0.0185432 
0.81 0.0065 0.0368541 0.0190545 
0.82 0.0086 0.0424899 0.0202984 
0.83 0.0093 0.0454324 0.0238841 
0.84 0.0157 0.0477496 0.0262179 
0.85 0.0178 0.0510158 0.0281739 
0.86 0.0242 0.0532823 0.0309701 
0.87 0.0384 0.0606745 0.031375 
0.88 0.1012 0.0727624 0.0360362 
0.89 0.4783 0.0999751 0.0360719 
0.9 0.5049 0.115023 0.0424748 
0.91 0.5189 0.130778 0.0515136 
0.92 0.5353 0.136481 0.0553848 
0.93 0.5489 0.143026 0.0589176 
0.94 0.5578 0.152347 0.064735 
0.95 0.5672 0.157201 0.0671905 
0.96 0.5763 0.162725 0.0705838 
0.97 0.5852 0.168054 0.0736507 
0.98 0.5931 0.172892 0.0777 
0.99 0.6004 0.177522 0.081577 
