# Node_nr = 300
# K <r> sigma_r(sig not of average! divide by sqrt(n))
0 0.00666667 0.0446839 0.0215601 0
0.00333333 0.00666667 0.0621817 0.0266593 0
0.00666667 0.00666667 0.0517521 0.0276891 0
0.01 0.00666667 0.0470287 0.023158 0
0.0133333 0.00666667 0.0412029 0.0201758 0
0.0166667 0.00666667 0.0476191 0.022869 0
0.02 0.00666667 0.0475776 0.0246765 0
0.0233333 0.00666667 0.0582447 0.0364625 0
0.0266667 0.00666667 0.053549 0.0232408 0
0.03 0.00666667 0.0524361 0.0264491 0
0.0333333 0.00666667 0.0513637 0.0306801 0
0.0366667 0.00666667 0.0479137 0.0234331 0
0.04 0.00666667 0.0584327 0.0303186 0
0.0433333 0.01 0.0527549 0.0243638 0
0.0466667 0.01 0.062904 0.0340834 0
0.05 0.01 0.0575794 0.0312432 0
0.0533333 0.01 0.0624516 0.0309807 0
0.0566667 0.01 0.0618057 0.0279946 0
0.06 0.01 0.0555472 0.0269859 0
0.0633333 0.01 0.058146 0.0293504 0
0.0666667 0.01 0.0529316 0.0263808 0
0.07 0.01 0.0557246 0.0250385 0
0.0733333 0.01 0.0656962 0.0329693 0
0.0766667 0.01 0.060288 0.0319166 0
0.08 0.01 0.0531264 0.0356532 0
0.0833333 0.01 0.0565054 0.0284025 0
0.0866667 0.01 0.0487594 0.024017 0
0.09 0.01 0.0472533 0.0245995 0
0.0933333 0.01 0.0567249 0.0250504 0
0.0966667 0.01 0.0542045 0.0276101 0
0.1 0.01 0.053199 0.0251416 0
0.103333 0.01 0.0647973 0.0314096 0
0.106667 0.01 0.0586792 0.0291489 0
0.11 0.01 0.0552496 0.0288703 0
0.113333 0.01 0.0557342 0.0340836 0
0.116667 0.0133333 0.0618146 0.0271463 0
0.12 0.0133333 0.0625794 0.0370828 0
0.123333 0.0133333 0.0589397 0.0298138 0
0.126667 0.0133333 0.0616419 0.0334159 0
0.13 0.0133333 0.0648066 0.0329277 0
0.133333 0.0133333 0.0601787 0.0291287 0
0.136667 0.0133333 0.0575484 0.0256732 0
0.14 0.0133333 0.0615708 0.0334222 0
0.143333 0.0133333 0.0611769 0.0293204 0
0.146667 0.0133333 0.0551304 0.0261331 0
0.15 0.0133333 0.0659371 0.030004 0
0.153333 0.0133333 0.0652896 0.0306704 0
0.156667 0.0133333 0.0604986 0.0299666 0
0.16 0.0133333 0.0552466 0.0274945 0
0.163333 0.0133333 0.056204 0.0274992 0
0.166667 0.0133333 0.0577035 0.028555 0
0.17 0.0133333 0.057062 0.0260186 0
0.173333 0.0133333 0.0563441 0.0280509 0
0.176667 0.0133333 0.0716684 0.0331634 0
0.18 0.0133333 0.0599411 0.0279346 0
0.183333 0.0133333 0.0644357 0.0390298 0
0.186667 0.0133333 0.0679605 0.0266869 0
0.19 0.0133333 0.0609983 0.0280256 0
0.193333 0.0133333 0.0640969 0.0373303 0
0.196667 0.0133333 0.0668914 0.0422737 0
0.2 0.0133333 0.0557261 0.0283046 0
0.203333 0.0133333 0.0586949 0.0268905 0
0.206667 0.0133333 0.0525138 0.0277408 0
0.21 0.0133333 0.0579294 0.0309147 0
0.213333 0.0133333 0.0647325 0.0338617 0
0.216667 0.0133333 0.060947 0.0295432 0
0.22 0.0133333 0.0541408 0.0338994 0
0.223333 0.0133333 0.0618472 0.0317526 0
0.226667 0.0133333 0.0621499 0.0286403 0
0.23 0.0133333 0.0650711 0.0324503 0
0.233333 0.0133333 0.0531243 0.0340902 0
0.236667 0.0133333 0.058935 0.0295725 0
0.24 0.0133333 0.0565847 0.0258045 0
0.243333 0.0133333 0.0652681 0.0359264 0
0.246667 0.0133333 0.0698209 0.0326827 0
0.25 0.0133333 0.0733633 0.0385408 0
0.253333 0.0133333 0.0683856 0.025649 0
0.256667 0.0166667 0.0708335 0.0348928 0
0.26 0.0166667 0.0629247 0.0383428 0
0.263333 0.0166667 0.0548149 0.0262027 0
0.266667 0.0166667 0.068041 0.0315497 0
0.27 0.0166667 0.0811621 0.0404739 0
0.273333 0.0166667 0.0715141 0.0332366 0
0.276667 0.0166667 0.0650384 0.0294032 0
0.28 0.0166667 0.0722938 0.0374281 0
0.283333 0.0166667 0.0618351 0.0352557 0
0.286667 0.0166667 0.069064 0.0355138 0
0.29 0.0166667 0.0589688 0.030859 0
0.293333 0.0166667 0.0577057 0.0310404 0
0.296667 0.0166667 0.0781329 0.0340008 0
0.3 0.0166667 0.0710809 0.0271643 0
0.303333 0.0166667 0.0537735 0.0295126 0
0.306667 0.0166667 0.0736409 0.0349909 0
0.31 0.0266667 0.0797614 0.0294221 0
0.313333 0.0266667 0.0614154 0.0352406 0
0.316667 0.0266667 0.0621155 0.0342043 0
0.32 0.0266667 0.0734594 0.0382863 0
0.323333 0.0266667 0.0741375 0.0316174 0
0.326667 0.0266667 0.0871016 0.0280784 0
0.33 0.0266667 0.0613683 0.0322226 0
0.333333 0.0266667 0.0729515 0.0355401 0
0.336667 0.0266667 0.0597486 0.0246362 0
0.34 0.0266667 0.0591098 0.0290314 0
0.343333 0.0266667 0.0652368 0.0293702 0
0.346667 0.0266667 0.0961833 0.0392799 0
0.35 0.0266667 0.0521654 0.0288348 0
0.353333 0.0266667 0.0822123 0.0439972 0
0.356667 0.03 0.0831193 0.0413005 0
0.36 0.03 0.0865261 0.0446405 0
0.363333 0.03 0.056383 0.0337165 0
0.366667 0.03 0.0685275 0.0393588 0
0.37 0.03 0.0726948 0.0391187 0
0.373333 0.03 0.068755 0.0275947 0
0.376667 0.0333333 0.0579912 0.0249669 0
0.38 0.0333333 0.0831141 0.0357738 0
0.383333 0.0333333 0.0523149 0.0284495 0
0.386667 0.0333333 0.0930495 0.0403405 0
0.39 0.0333333 0.0756254 0.0302851 0
0.393333 0.0333333 0.0666501 0.0334635 0
0.396667 0.0333333 0.0708206 0.0335172 0
0.4 0.0333333 0.0772222 0.0282406 0
0.403333 0.0333333 0.0803111 0.0325928 0
0.406667 0.0333333 0.0834464 0.0525967 0
0.41 0.0333333 0.0730629 0.0282862 0
0.413333 0.0333333 0.0763876 0.0265024 0
0.416667 0.0333333 0.100551 0.0378883 0
0.42 0.0333333 0.0745986 0.0382406 0
0.423333 0.0333333 0.0774889 0.0383067 0
0.426667 0.0333333 0.064106 0.0263515 0
0.43 0.0333333 0.0719549 0.0273377 0
0.433333 0.0333333 0.0595796 0.029272 0
0.436667 0.0333333 0.071317 0.035854 0
0.44 0.0333333 0.0749958 0.0289379 0
0.443333 0.0333333 0.0766288 0.048321 0
0.446667 0.0333333 0.0891431 0.0390196 0
0.45 0.0333333 0.0861984 0.0401944 0
0.453333 0.0333333 0.0720823 0.0295463 0
0.456667 0.0333333 0.0615801 0.0383346 0
0.46 0.0333333 0.0720955 0.0474778 0
0.463333 0.0333333 0.126169 0.0535578 0
0.466667 0.0333333 0.092795 0.0423495 0
0.47 0.0333333 0.0797741 0.0357859 0
0.473333 0.0333333 0.0929458 0.0424195 0
0.476667 0.0333333 0.105226 0.0420003 0
0.48 0.0333333 0.0905673 0.0494661 0
0.483333 0.0333333 0.0696178 0.0372694 0
0.486667 0.0333333 0.0714747 0.0277486 0
0.49 0.0333333 0.0854839 0.0491705 0
0.493333 0.0333333 0.108557 0.0361212 0
0.496667 0.0333333 0.0936701 0.0457071 0
0.5 0.0333333 0.107866 0.0574183 0
0.503333 0.04 0.100731 0.0431982 0
0.506667 0.04 0.106514 0.0361055 0
0.51 0.04 0.089421 0.0484186 0
0.513333 0.04 0.122186 0.0489295 0
0.516667 0.04 0.0518721 0.0250376 0
0.52 0.0433333 0.113299 0.0470442 0
0.523333 0.0433333 0.0870653 0.0444708 0
0.526667 0.0433333 0.086145 0.0370134 0
0.53 0.0433333 0.106896 0.0442403 0
0.533333 0.0433333 0.103144 0.0454651 0
0.536667 0.0433333 0.0939168 0.0501664 0
0.54 0.0433333 0.102623 0.0383462 0
0.543333 0.0433333 0.0930538 0.0561358 0
0.546667 0.0433333 0.0993113 0.0510728 0
0.55 0.0433333 0.11964 0.0439569 0
0.553333 0.0433333 0.0887523 0.0444068 0
0.556667 0.0433333 0.0887127 0.0405661 0
0.56 0.0533333 0.0990724 0.0557927 0
0.563333 0.0533333 0.10232 0.0414021 0
0.566667 0.0533333 0.128724 0.0438124 0
0.57 0.0533333 0.11143 0.0326338 0
0.573333 0.0533333 0.100461 0.0478103 0
0.576667 0.0533333 0.10232 0.0231193 0
0.58 0.0533333 0.121648 0.0521796 0
0.583333 0.0533333 0.101825 0.0355391 0
0.586667 0.0566667 0.100919 0.0615355 0
0.59 0.07 0.120837 0.0587376 0
0.593333 0.07 0.12075 0.04762 0
0.596667 0.07 0.114349 0.0392661 0
0.6 0.07 0.131788 0.043484 0
0.603333 0.07 0.124644 0.0610863 0
0.606667 0.07 0.110828 0.0390647 0
0.61 0.07 0.0883756 0.0499374 0
0.613333 0.07 0.134894 0.054184 0
0.616667 0.126667 0.101855 0.0424139 0
0.62 0.13 0.104359 0.0567174 0
0.623333 0.13 0.0986884 0.0424195 0
0.626667 0.13 0.109856 0.0485953 0
0.63 0.13 0.139041 0.0485014 0
0.633333 0.13 0.110727 0.0436302 0
0.636667 0.14 0.107682 0.0540027 0
0.64 0.14 0.114482 0.0455206 0
0.643333 0.14 0.138962 0.0480234 0
0.646667 0.156667 0.138137 0.0501594 0
0.65 0.16 0.14202 0.0628005 0
0.653333 0.163333 0.177545 0.0380586 0
0.656667 0.163333 0.131299 0.054815 0
0.66 0.163333 0.117535 0.0317896 0
0.663333 0.166667 0.166532 0.04213 0
0.666667 0.166667 0.138475 0.0331553 0
0.67 0.19 0.138551 0.0634112 0
0.673333 0.19 0.147102 0.0262574 0
0.676667 0.19 0.0931437 0.0531459 0
0.68 0.19 0.0875215 0.0419995 0
0.683333 0.19 0.099201 0.0387296 0
0.686667 0.19 0.138592 0.084672 0
0.69 0.193333 0.10728 0.0395149 0
0.693333 0.193333 0.10111 0.0312251 0
0.696667 0.193333 0.0848528 0.0380043 0
0.7 0.193333 0.102897 0.0472714 0
0.703333 0.193333 0.0709659 0.0305231 0
0.706667 0.193333 0.10898 0.0526684 0
0.71 0.193333 0.104214 0.0442062 0
0.713333 0.193333 0.0895526 0.0370991 0
0.716667 0.193333 0.112462 0.0504102 0
0.72 0.193333 0.0806804 0.0435485 0
0.723333 0.193333 0.0884954 0.0514931 0
0.726667 0.203333 0.0912966 0.0538605 0
0.73 0.203333 0.190073 0.0819235 0
0.733333 0.203333 0.132835 0.0489764 0
0.736667 0.226667 0.103192 0.0656001 0
0.74 0.226667 0.093893 0.0401253 0
0.743333 0.226667 0.102025 0.0517171 0
0.746667 0.23 0.104985 0.0559435 0
0.75 0.24 0.109578 0.0474481 0
0.753333 0.24 0.10325 0.0332976 0
0.756667 0.24 0.165643 0.0469754 0
0.76 0.24 0.178356 0.060668 0
0.763333 0.24 0.0806655 0.0316361 0
0.766667 0.24 0.177821 0.0717073 0
0.77 0.24 0.184142 0.0492663 0
0.773333 0.24 0.105716 0.0791314 0
0.776667 0.24 0.103852 0.0728102 0
0.78 0.243333 0.140649 0.0562002 0
0.783333 0.243333 0.126614 0.0397776 0
0.786667 0.243333 0.213761 0.0468633 0
0.79 0.28 0.207926 0.0407364 0
0.793333 0.28 0.19283 0.0591508 0
0.796667 0.453333 0.153839 0.0589775 0
0.8 0.466667 0.247437 0.044588 0
0.803333 0.466667 0.165022 0.0222398 0
0.806667 0.466667 0.162187 0.0630635 0
0.81 0.476667 0.322768 0.0636862 0
0.813333 0.506667 0.202539 0.0436705 0
0.816667 0.51 0.293204 0.0321489 0
0.82 0.51 0.22949 0.0497088 0
0.823333 0.626667 0.169852 0.02529 0
0.826667 0.633333 0.215695 0.0217536 0
0.83 0.633333 0.305417 0.0266301 0
0.833333 0.633333 0.294248 0.0496389 0
0.836667 0.66 0.234003 0.0317044 0
0.84 0.66 0.275599 0.0500365 0
0.843333 0.66 0.226553 0.10346 0
0.846667 0.66 0.129645 0.0551941 0
0.85 0.706667 0.122981 0.0612521 0
0.853333 0.706667 0.116967 0.0374935 0
0.856667 0.706667 0.162857 0.0279733 0
0.86 0.713333 0.0658792 0.0286758 0
0.863333 0.713333 0.160769 0.0271285 0
0.866667 0.726667 0.0919508 0.0464378 0
0.87 0.726667 0.142974 0.021156 0
0.873333 0.726667 0.164956 0.0384408 0
0.876667 0.726667 0.104773 0.0523116 0
0.88 0.743333 0.0597904 0.0237035 0
0.883333 0.743333 0.0752426 0.0340973 0
0.886667 0.743333 0.103933 0.0345239 0
0.89 0.753333 0.133957 0.0477973 0
0.893333 0.756667 0.122361 0.0296432 0
0.896667 0.756667 0.0901451 0.0338082 0
0.9 0.76 0.0634669 0.0256397 0
0.903333 0.76 0.0770245 0.0268964 0
0.906667 0.76 0.111563 0.0246491 0
0.91 0.76 0.105516 0.0290914 0
0.913333 0.77 0.145117 0.0410042 0
0.916667 0.77 0.235781 0.0358199 0
0.92 0.78 0.388658 0.0633542 0
0.923333 0.78 0.414701 0.0274283 0
0.926667 0.78 0.425676 0.0163547 0
0.93 0.786667 0.45227 0.0576457 0
0.933333 0.786667 0.424561 0.0698275 0
0.936667 0.786667 0.430508 0.0386864 0
0.94 0.786667 0.456652 0.024975 0
0.943333 0.79 0.47528 0.0299232 0
0.946667 0.79 0.454564 0.0395025 0
0.95 0.806667 0.462654 0.0438873 0
0.953333 0.81 0.467697 0.041496 0
0.956667 0.81 0.479084 0.0354551 0
0.96 0.81 0.568118 0.0393234 0
0.963333 0.81 0.614219 0.0412481 0
0.966667 0.813333 0.640193 0.0269558 0
0.97 0.813333 0.593185 0.0482243 0
0.973333 0.813333 0.617331 0.0469666 0
0.976667 0.813333 0.602385 0.0370257 0
0.98 0.816667 0.625847 0.0286985 0
0.983333 0.816667 0.625818 0.0378779 0
0.986667 0.826667 0.646067 0.0326519 0
0.99 0.826667 0.639097 0.034588 0
0.993333 0.826667 0.676745 0.0394899 0