# Relevant parameters to reproduce this network:
# node_nr=200	 k_max=20
# initial_seed=1557414222	 delta_t=0.1	 max_steps=3000	 in_between=0
# fg_m=1	 fg_alpha=-1	 fg_t_min=0	 fg_t_max=1.5	 fg_t_number=300	 fg_weff_lower_frequency=-1e+08	 fg_weff_max_steps=3000	 fg_weff_in_between=0
# K Giant_component <r> sigma_r*sqrt(NODE_NR) clustering
0 0.01 0.056707 0.0301078 0
0.005 0.01 0.0609859 0.0320256 0
0.01 0.01 0.0569433 0.0297414 0
0.015 0.01 0.0665602 0.0357749 0
0.02 0.01 0.0655992 0.0326859 0
0.025 0.01 0.0618792 0.0345149 0
0.03 0.01 0.0657574 0.0343134 0
0.035 0.01 0.0723749 0.0378103 0
0.04 0.01 0.0688832 0.0324953 0
0.045 0.01 0.0626344 0.0287355 0
0.05 0.01 0.0655885 0.0338998 0
0.055 0.01 0.0695503 0.0361803 0
0.06 0.01 0.0620959 0.0328032 0
0.065 0.01 0.0660094 0.0320525 0
0.07 0.01 0.0663731 0.0286362 0
0.075 0.01 0.0633197 0.03383 0
0.08 0.01 0.0591561 0.0359778 0
0.085 0.01 0.0685892 0.0362287 0
0.09 0.01 0.0671285 0.0362989 0
0.095 0.01 0.0629227 0.0329925 0
0.1 0.015 0.0640242 0.0388302 0
0.105 0.015 0.0717848 0.0378876 0
0.11 0.015 0.0722689 0.0339098 0
0.115 0.015 0.0700294 0.036383 0
0.12 0.015 0.0754552 0.0380291 0
0.125 0.015 0.0723682 0.0341685 0
0.13 0.015 0.0710887 0.0374492 0
0.135 0.015 0.0790721 0.0370279 0
0.14 0.015 0.0714778 0.0394905 0
0.145 0.015 0.0782108 0.040544 0
0.15 0.015 0.0690076 0.0370519 0
0.155 0.015 0.0700072 0.0345923 0
0.16 0.02 0.0751587 0.038415 0
0.165 0.02 0.0704564 0.0324214 0
0.17 0.02 0.0804517 0.0421374 0
0.175 0.02 0.0799469 0.0432486 0
0.18 0.02 0.078299 0.0427596 0
0.185 0.02 0.0771725 0.0439596 0
0.19 0.02 0.0878707 0.0416303 0
0.195 0.02 0.0734997 0.0430832 0
0.2 0.035 0.0762402 0.0438774 0
0.205 0.035 0.0884635 0.0472176 0
0.21 0.045 0.0766251 0.0423209 0
0.215 0.045 0.0869027 0.0446578 0
0.22 0.045 0.0838851 0.0375581 0
0.225 0.045 0.0807863 0.0350555 0
0.23 0.045 0.0848147 0.0437788 0
0.235 0.045 0.0794443 0.0444278 0
0.24 0.045 0.0834054 0.0422829 0
0.245 0.045 0.0842476 0.0452968 0
0.25 0.045 0.0810592 0.0452397 0
0.255 0.045 0.0851771 0.0407518 0
0.26 0.045 0.0842109 0.0469478 0
0.265 0.045 0.0883843 0.0436031 0
0.27 0.045 0.080506 0.0401434 0
0.275 0.045 0.0780572 0.0353334 0
0.28 0.05 0.0860499 0.0482154 0
0.285 0.05 0.0936982 0.0456797 0
0.29 0.05 0.0916956 0.0428857 0
0.295 0.05 0.0770694 0.044287 0
0.3 0.05 0.089665 0.0414861 0
0.305 0.05 0.0942689 0.0501136 0
0.31 0.05 0.0774296 0.0375073 0
0.315 0.05 0.0879949 0.0431686 0
0.32 0.055 0.0826095 0.0414804 0
0.325 0.055 0.0836417 0.0449223 0
0.33 0.065 0.0824633 0.0407792 0
0.335 0.065 0.0784261 0.0420492 0
0.34 0.065 0.0828446 0.0485639 0
0.345 0.07 0.0937047 0.0552201 0
0.35 0.085 0.0718108 0.0330213 0
0.355 0.1 0.0807852 0.0394785 0
0.36 0.1 0.0932371 0.0462304 0
0.365 0.1 0.0886189 0.0393275 0
0.37 0.105 0.0837666 0.042294 0
0.375 0.105 0.0939512 0.0508119 0
0.38 0.135 0.0955918 0.0473164 0
0.385 0.135 0.095769 0.0503499 0
0.39 0.145 0.0866362 0.0431172 0
0.395 0.145 0.0870777 0.0462526 0
0.4 0.145 0.0922804 0.0439549 0
0.405 0.145 0.0869385 0.0403584 0
0.41 0.145 0.0881442 0.0462933 0
0.415 0.145 0.100462 0.041034 0
0.42 0.19 0.0890918 0.0407332 0
0.425 0.195 0.0859163 0.041799 0
0.43 0.195 0.0867772 0.0426506 0
0.435 0.195 0.07603 0.0423832 0
0.44 0.215 0.0889469 0.0439024 0
0.445 0.235 0.095177 0.0469442 0
0.45 0.235 0.0794521 0.0456556 0
0.455 0.255 0.0872604 0.0467708 0
0.46 0.255 0.097745 0.0428675 0
0.465 0.26 0.0944919 0.0556438 0
0.47 0.26 0.0887073 0.0364645 0
0.475 0.265 0.0941088 0.044404 0
0.48 0.265 0.0978717 0.0452801 0
0.485 0.27 0.0976686 0.0470319 0
0.49 0.285 0.106672 0.0530807 0
0.495 0.305 0.112915 0.0503644 0
0.5 0.31 0.0944456 0.049569 0
0.505 0.31 0.103152 0.0436048 0
0.51 0.315 0.101615 0.0542414 0
0.515 0.32 0.102686 0.0492985 0
0.52 0.33 0.104084 0.0582133 0
0.525 0.34 0.108484 0.0551052 0
0.53 0.345 0.112509 0.0623112 0
0.535 0.365 0.10437 0.0546075 0
0.54 0.365 0.114498 0.063248 0
0.545 0.365 0.103733 0.0542719 0
0.55 0.365 0.0965278 0.0505735 0
0.555 0.38 0.109754 0.0542721 0
0.56 0.385 0.115969 0.0597267 0
0.565 0.39 0.112428 0.0671977 0
0.57 0.395 0.116792 0.0570396 0
0.575 0.405 0.115836 0.0631893 0
0.58 0.405 0.124837 0.0630863 0
0.585 0.42 0.124907 0.0620303 0
0.59 0.44 0.144065 0.0710193 0
0.595 0.445 0.130369 0.0567339 0
0.6 0.45 0.102234 0.0534359 0
0.605 0.45 0.125526 0.0552623 0
0.61 0.455 0.124919 0.057594 0
0.615 0.47 0.128031 0.0629074 0
0.62 0.47 0.135842 0.0561426 0
0.625 0.47 0.131107 0.0607585 0
0.63 0.485 0.118918 0.0660557 0
0.635 0.485 0.120248 0.0689355 0
0.64 0.485 0.125699 0.0525821 0
0.645 0.485 0.131857 0.0613934 0
0.65 0.485 0.109624 0.0550084 0
0.655 0.485 0.114002 0.0653016 0
0.66 0.49 0.124729 0.078627 0
0.665 0.505 0.11294 0.0553094 0
0.67 0.515 0.117123 0.0576258 0
0.675 0.52 0.144734 0.068609 0
0.68 0.52 0.104999 0.0551036 0
0.685 0.52 0.126418 0.0524886 0
0.69 0.525 0.118331 0.0625475 0
0.695 0.53 0.13474 0.0559809 0
0.7 0.535 0.118769 0.0613249 0
0.705 0.535 0.0968028 0.0469904 0
0.71 0.535 0.105315 0.053451 0
0.715 0.535 0.135163 0.0681971 0
0.72 0.55 0.120369 0.0531518 0
0.725 0.555 0.128122 0.0629997 0
0.73 0.565 0.137241 0.0661556 0
0.735 0.595 0.129101 0.054829 0
0.74 0.6 0.134274 0.0640775 0
0.745 0.61 0.143675 0.0763301 0
0.75 0.62 0.159985 0.0666499 0
0.755 0.62 0.148147 0.0739617 0
0.76 0.62 0.155863 0.0695837 0
0.765 0.62 0.158017 0.06122 0
0.77 0.66 0.14428 0.0636536 0
0.775 0.66 0.131151 0.0647071 0
0.78 0.66 0.118283 0.0532814 0
0.785 0.66 0.124267 0.055116 0
0.79 0.665 0.145891 0.0773827 0
0.795 0.665 0.135556 0.0603948 0
0.8 0.67 0.131341 0.0640977 0
0.805 0.68 0.17634 0.0724562 0
0.81 0.69 0.138472 0.0802931 0
0.815 0.69 0.155647 0.0618452 0
0.82 0.69 0.125747 0.0692566 0
0.825 0.695 0.144724 0.0625611 0
0.83 0.695 0.126059 0.0591471 0
0.835 0.74 0.12944 0.0774577 0
0.84 0.74 0.16184 0.0656242 0
0.845 0.74 0.169268 0.0729014 0
0.85 0.74 0.171305 0.0884927 0
0.855 0.74 0.175811 0.0831831 0
0.86 0.74 0.164487 0.0801946 0
0.865 0.74 0.13466 0.0648477 0
0.87 0.74 0.186417 0.0791315 0
0.875 0.74 0.152469 0.0748551 0
0.88 0.745 0.174313 0.0801916 0
0.885 0.745 0.169519 0.0830109 0
0.89 0.75 0.167175 0.0757382 0
0.895 0.755 0.172095 0.0764997 0
0.9 0.755 0.152932 0.0629444 0
0.905 0.755 0.177789 0.0743536 0
0.91 0.755 0.195331 0.0925183 0
0.915 0.755 0.199268 0.0944895 0
0.92 0.76 0.218023 0.097691 0
0.925 0.76 0.204835 0.0977822 0
0.93 0.76 0.215513 0.0979235 0
0.935 0.765 0.208206 0.09678 0
0.94 0.77 0.209027 0.10032 0
0.945 0.79 0.226109 0.115119 0
0.95 0.795 0.208767 0.0886822 0
0.955 0.805 0.227179 0.0993543 0
0.96 0.81 0.229858 0.111752 0
0.965 0.81 0.236602 0.0956656 0
0.97 0.81 0.218248 0.111609 0
0.975 0.81 0.185983 0.101236 0
0.98 0.815 0.216669 0.0992248 0
0.985 0.825 0.202371 0.0930351 0
0.99 0.84 0.215482 0.0831507 0
0.995 0.84 0.19186 0.0968107 0
1 0.84 0.195125 0.0945056 0
1.005 0.84 0.215796 0.105102 0
1.01 0.845 0.206113 0.0974396 0
1.015 0.845 0.225756 0.112746 0
1.02 0.85 0.21416 0.0929542 0
1.025 0.85 0.244235 0.110514 0
1.03 0.85 0.200448 0.0774858 0
1.035 0.85 0.256299 0.0982524 0
1.04 0.85 0.238939 0.0958809 0
1.045 0.85 0.236156 0.0994519 0
1.05 0.85 0.258378 0.0914288 0
1.055 0.855 0.247071 0.0791615 0
1.06 0.855 0.273389 0.0908606 0
1.065 0.86 0.228096 0.107922 0
1.07 0.86 0.233408 0.0997856 0
1.075 0.87 0.271955 0.1217 0
1.08 0.875 0.312204 0.111995 0
1.085 0.885 0.301305 0.112164 0
1.09 0.89 0.298542 0.0990077 0
1.095 0.895 0.286417 0.120286 0
1.1 0.895 0.300001 0.120132 0
1.105 0.895 0.268104 0.0932983 0
1.11 0.895 0.293982 0.0833064 0
1.115 0.905 0.339363 0.0337209 0
1.12 0.905 0.317364 0.0738739 0
1.125 0.905 0.34582 0.0411378 0
1.13 0.91 0.320677 0.0492306 0
1.135 0.91 0.376176 0.041271 0
1.14 0.91 0.376612 0.0405669 0
1.145 0.915 0.353094 0.0452492 0
1.15 0.92 0.356066 0.0419959 0
1.155 0.92 0.364508 0.0415371 0
1.16 0.92 0.38409 0.0478531 0
1.165 0.92 0.390037 0.0454789 0
1.17 0.925 0.394018 0.0491698 0
1.175 0.925 0.414692 0.0424799 0
1.18 0.925 0.41342 0.0558094 0
1.185 0.925 0.42385 0.0439858 0
1.19 0.925 0.417716 0.0483544 0
1.195 0.925 0.415103 0.0498835 0
1.2 0.925 0.410878 0.0512032 0
1.205 0.925 0.401182 0.0487959 0
1.21 0.925 0.430172 0.040022 0
1.215 0.925 0.477234 0.0437905 0
1.22 0.925 0.483151 0.0378271 0
1.225 0.925 0.48942 0.0327228 0
1.23 0.925 0.494193 0.0361341 0
1.235 0.925 0.500138 0.0319574 0
1.24 0.925 0.522273 0.030082 0
1.245 0.925 0.525465 0.0319171 0
1.25 0.925 0.525778 0.0302816 0
1.255 0.925 0.525571 0.0261275 0
1.26 0.925 0.526774 0.0300845 0
1.265 0.925 0.529505 0.0270507 0
1.27 0.925 0.526864 0.0262568 0
1.275 0.925 0.527039 0.0299978 0
1.28 0.925 0.529454 0.0253818 0
1.285 0.93 0.541382 0.0283916 0
1.29 0.93 0.542443 0.0291534 0
1.295 0.935 0.547516 0.0290681 0
1.3 0.935 0.566714 0.0298207 0
1.305 0.935 0.572477 0.035934 0
1.31 0.935 0.555885 0.0341812 0
1.315 0.935 0.558517 0.0313454 0
1.32 0.935 0.551013 0.0416251 0
1.325 0.935 0.583819 0.0289009 0
1.33 0.935 0.586313 0.0262582 0
1.335 0.935 0.587112 0.02577 0
1.34 0.935 0.585847 0.0268039 0
1.345 0.935 0.599818 0.0292664 0
1.35 0.935 0.611126 0.0309412 0
1.355 0.935 0.63671 0.0296495 0
1.36 0.935 0.641439 0.0240995 0
1.365 0.935 0.643874 0.0221069 0
1.37 0.935 0.654086 0.0216941 0
1.375 0.935 0.655052 0.0257655 0
1.38 0.935 0.666438 0.0205763 0
1.385 0.935 0.66883 0.0228429 0
1.39 0.935 0.666047 0.0246753 0
1.395 0.935 0.688285 0.0173141 0
1.4 0.935 0.691609 0.0219828 0
1.405 0.935 0.69064 0.01727 0
1.41 0.935 0.698224 0.0192144 0
1.415 0.94 0.700806 0.0205781 0
1.42 0.94 0.703786 0.0196062 0
1.425 0.94 0.707737 0.0210978 0
1.43 0.94 0.711626 0.0203316 0
1.435 0.94 0.711387 0.0214279 0
1.44 0.94 0.712591 0.0180415 0
1.445 0.94 0.71943 0.0179766 0
1.45 0.94 0.721153 0.0201193 0
1.455 0.94 0.722996 0.0204296 0
1.46 0.94 0.72286 0.018691 0
1.465 0.94 0.724312 0.0194132 0
1.47 0.94 0.729413 0.0205794 0
1.475 0.94 0.728426 0.019909 0
1.48 0.94 0.733884 0.0186572 0
1.485 0.94 0.733127 0.0259905 0
1.49 0.94 0.733586 0.0258231 0
1.495 0.94 0.732019 0.0265878 0
1.5 0.94 0.755209 0.0219723 0
