# Relevant parameters to reproduce this network:
# node_nr=1000	 k_max=100
# initial_seed=1557414222	 delta_t=0.1	 max_steps=3000	 in_between=0
# fg_m=1	 fg_alpha=-1	 fg_t_min=0	 fg_t_max=1.2	 fg_t_number=1200	 fg_weff_lower_frequency=-1e+08	 fg_weff_max_steps=3000	 fg_weff_in_between=0
# K Giant_component <r> sigma_r*sqrt(NODE_NR) clustering
0 0.002 0.0276386 0.0163232 0
0.001 0.002 0.0263843 0.0144149 0
0.002 0.002 0.02887 0.016255 0
0.003 0.002 0.0301875 0.0153515 0
0.004 0.002 0.029486 0.0150606 0
0.005 0.002 0.0270466 0.0159864 0
0.006 0.002 0.026758 0.0137023 0
0.007 0.002 0.027125 0.0133635 0
0.008 0.002 0.0299231 0.0149727 0
0.009 0.002 0.0272236 0.0118963 0
0.01 0.002 0.028711 0.0139405 0
0.011 0.002 0.0282479 0.0148533 0
0.012 0.002 0.0325095 0.0153112 0
0.013 0.002 0.0261991 0.0138834 0
0.014 0.002 0.0258627 0.0139394 0
0.015 0.002 0.028423 0.0171979 0
0.016 0.002 0.0311275 0.016446 0
0.017 0.002 0.0308764 0.016562 0
0.018 0.002 0.0279158 0.0136827 0
0.019 0.002 0.0277121 0.0134451 0
0.02 0.002 0.0279498 0.012441 0
0.021 0.002 0.0311932 0.0161572 0
0.022 0.002 0.0262186 0.0154072 0
0.023 0.002 0.0306199 0.0145474 0
0.024 0.002 0.0284945 0.0162999 0
0.025 0.002 0.0261539 0.0145281 0
0.026 0.002 0.0263869 0.0131783 0
0.027 0.002 0.0304414 0.0163813 0
0.028 0.002 0.0259704 0.0124325 0
0.029 0.002 0.0324345 0.0167574 0
0.03 0.002 0.0298103 0.0163869 0
0.031 0.002 0.0321074 0.016676 0
0.032 0.002 0.029043 0.0148808 0
0.033 0.002 0.0303054 0.0169441 0
0.034 0.002 0.0288138 0.0152497 0
0.035 0.003 0.0255779 0.0147754 0
0.036 0.003 0.0307566 0.0146196 0
0.037 0.003 0.031308 0.0163963 0
0.038 0.003 0.029404 0.0153304 0
0.039 0.004 0.0259264 0.0126947 0
0.04 0.004 0.0303829 0.0151419 0
0.041 0.004 0.0289821 0.0139521 0
0.042 0.004 0.0287141 0.0164043 0
0.043 0.004 0.0259687 0.0115551 0
0.044 0.004 0.028334 0.0151952 0
0.045 0.004 0.0322499 0.0156356 0
0.046 0.004 0.0324193 0.0165575 0
0.047 0.004 0.0303335 0.0151891 0
0.048 0.004 0.0290632 0.0149863 0
0.049 0.004 0.0270198 0.0155393 0
0.05 0.004 0.0326294 0.0141553 0
0.051 0.004 0.0285019 0.0138889 0
0.052 0.004 0.0314489 0.0153652 0
0.053 0.004 0.0269164 0.0138059 0
0.054 0.004 0.0299766 0.0154338 0
0.055 0.004 0.0291504 0.0155319 0
0.056 0.004 0.030204 0.0159967 0
0.057 0.004 0.0285269 0.0142713 0
0.058 0.004 0.0293876 0.0156509 0
0.059 0.004 0.0291618 0.0160624 0
0.06 0.004 0.0315902 0.0144074 0
0.061 0.004 0.0302066 0.0177448 0
0.062 0.004 0.0297487 0.0137329 0
0.063 0.004 0.031211 0.0182961 0
0.064 0.004 0.0309773 0.0167085 0
0.065 0.004 0.0329326 0.0149794 0
0.066 0.004 0.0317017 0.0160976 0
0.067 0.004 0.0293733 0.0153407 0
0.068 0.004 0.030655 0.013965 0
0.069 0.004 0.0296549 0.0162717 0
0.07 0.004 0.0327615 0.0173378 0
0.071 0.004 0.0281555 0.0187202 0
0.072 0.004 0.0308731 0.0162983 0
0.073 0.004 0.027122 0.0132779 0
0.074 0.004 0.0338416 0.0167474 0
0.075 0.004 0.0307571 0.0145918 0
0.076 0.004 0.0292784 0.015537 0
0.077 0.004 0.0314631 0.0163446 0
0.078 0.004 0.0322032 0.016296 0
0.079 0.004 0.0305576 0.0146269 0
0.08 0.004 0.0330015 0.0143817 0
0.081 0.004 0.027252 0.0128242 0
0.082 0.004 0.0273067 0.0132692 0
0.083 0.004 0.0300176 0.0139286 0
0.084 0.004 0.033686 0.0212563 0
0.085 0.004 0.0330418 0.0170848 0
0.086 0.004 0.0318696 0.0169056 0
0.087 0.004 0.0329268 0.0166143 0
0.088 0.004 0.0264175 0.0136751 0
0.089 0.004 0.0306069 0.0165038 0
0.09 0.004 0.0357431 0.0181678 0
0.091 0.004 0.0294309 0.0158066 0
0.092 0.004 0.0332466 0.0150925 0
0.093 0.004 0.0328213 0.0147545 0
0.094 0.004 0.0331421 0.0150893 0
0.095 0.004 0.0301461 0.0160336 0
0.096 0.004 0.0339919 0.0172482 0
0.097 0.004 0.0254372 0.0152255 0
0.098 0.004 0.0285617 0.0159405 0
0.099 0.005 0.0317731 0.0136341 0
0.1 0.005 0.0314309 0.0175783 0
0.101 0.005 0.031673 0.0182651 0
0.102 0.005 0.0316006 0.0146698 0
0.103 0.005 0.0273139 0.0146205 0
0.104 0.005 0.0291618 0.0140845 0
0.105 0.005 0.033726 0.0175185 0
0.106 0.005 0.0345257 0.0154498 0
0.107 0.005 0.0282649 0.0138663 0
0.108 0.005 0.0334706 0.0165787 0
0.109 0.005 0.031656 0.0165683 0
0.11 0.005 0.0290702 0.015777 0
0.111 0.005 0.0325059 0.0160455 0
0.112 0.005 0.0356895 0.0182368 0
0.113 0.005 0.032657 0.0168414 0
0.114 0.005 0.0341958 0.0186122 0
0.115 0.005 0.0323019 0.0149318 0
0.116 0.005 0.0282487 0.0144855 0
0.117 0.005 0.0275935 0.0125482 0
0.118 0.005 0.0356891 0.0196772 0
0.119 0.005 0.0272552 0.0160218 0
0.12 0.005 0.0323722 0.01839 0
0.121 0.005 0.0329744 0.0174144 0
0.122 0.005 0.0329834 0.0156542 0
0.123 0.005 0.0312571 0.0148102 0
0.124 0.005 0.0314414 0.0162455 0
0.125 0.005 0.0328565 0.0160156 0
0.126 0.005 0.0331302 0.0170378 0
0.127 0.005 0.0312212 0.0162787 0
0.128 0.005 0.0328039 0.0150977 0
0.129 0.005 0.0338113 0.0173409 0
0.13 0.005 0.0355392 0.0177298 0
0.131 0.005 0.0329049 0.0158844 0
0.132 0.005 0.0347095 0.0168074 0
0.133 0.005 0.0317245 0.016826 0
0.134 0.005 0.0328857 0.0167946 0
0.135 0.006 0.0304303 0.0154322 0
0.136 0.006 0.0336128 0.0173784 0
0.137 0.006 0.0413547 0.0185458 0
0.138 0.006 0.0329477 0.0145634 0
0.139 0.006 0.0363871 0.0196342 0
0.14 0.006 0.0359866 0.0171566 0
0.141 0.006 0.0342965 0.0152729 0
0.142 0.006 0.0371564 0.0167446 0
0.143 0.006 0.0283058 0.0154092 0
0.144 0.006 0.0334025 0.0174978 0
0.145 0.006 0.0343309 0.0187757 0
0.146 0.006 0.0327058 0.0148951 0
0.147 0.006 0.0297007 0.0152399 0
0.148 0.006 0.0316838 0.014056 0
0.149 0.006 0.0323045 0.0155048 0
0.15 0.006 0.0336867 0.0178932 0
0.151 0.006 0.0314401 0.0159204 0
0.152 0.006 0.0383391 0.0200487 0
0.153 0.006 0.0275856 0.0131603 0
0.154 0.006 0.0309674 0.0161024 0
0.155 0.006 0.0400881 0.0193069 0
0.156 0.006 0.0295547 0.0157186 0
0.157 0.006 0.0317493 0.0188272 0
0.158 0.006 0.0321036 0.0162879 0
0.159 0.006 0.0364078 0.0169259 0
0.16 0.006 0.0326216 0.0160053 0
0.161 0.006 0.0301102 0.016116 0
0.162 0.006 0.0343086 0.0165973 0
0.163 0.006 0.0327193 0.0172851 0
0.164 0.006 0.036127 0.0176271 0
0.165 0.006 0.035326 0.0175253 0
0.166 0.006 0.0336113 0.0142246 0
0.167 0.006 0.0303088 0.0166749 0
0.168 0.006 0.0312207 0.0162231 0
0.169 0.009 0.0343723 0.0184514 0
0.17 0.009 0.0316504 0.0180081 0
0.171 0.009 0.0366762 0.0195479 0
0.172 0.009 0.0357134 0.0188023 0
0.173 0.009 0.034572 0.0166972 0
0.174 0.009 0.035802 0.017585 0
0.175 0.009 0.0288217 0.0162475 0
0.176 0.009 0.0350955 0.0179869 0
0.177 0.009 0.0334709 0.0183267 0
0.178 0.009 0.0369411 0.0176512 0
0.179 0.009 0.0371618 0.0171731 0
0.18 0.009 0.0365912 0.0197376 0
0.181 0.009 0.0343906 0.0195288 0
0.182 0.009 0.0342568 0.0164569 0
0.183 0.009 0.0309577 0.016217 0
0.184 0.009 0.035489 0.0204432 0
0.185 0.009 0.0347249 0.0170552 0
0.186 0.009 0.036632 0.0172427 0
0.187 0.009 0.0356823 0.0223611 0
0.188 0.009 0.0411806 0.023638 0
0.189 0.009 0.0359057 0.017043 0
0.19 0.009 0.035177 0.0168592 0
0.191 0.009 0.0377483 0.0183314 0
0.192 0.009 0.0376358 0.0184675 0
0.193 0.009 0.0387151 0.0200201 0
0.194 0.009 0.0355156 0.0164576 0
0.195 0.009 0.0336737 0.0196162 0
0.196 0.009 0.0317488 0.015574 0
0.197 0.009 0.0330051 0.0168015 0
0.198 0.009 0.0344536 0.0180292 0
0.199 0.009 0.0345234 0.0177582 0
0.2 0.009 0.0292326 0.0159494 0
0.201 0.009 0.0381538 0.0178024 0
0.202 0.009 0.0372593 0.0168638 0
0.203 0.009 0.0351748 0.0183963 0
0.204 0.009 0.039963 0.0201608 0
0.205 0.009 0.0356739 0.0167601 0
0.206 0.009 0.0373515 0.0212602 0
0.207 0.009 0.039113 0.0200355 0
0.208 0.009 0.0369799 0.0182649 0
0.209 0.009 0.0283553 0.016758 0
0.21 0.009 0.034899 0.0179354 0
0.211 0.009 0.0366856 0.0194107 0
0.212 0.009 0.0376234 0.0208596 0
0.213 0.009 0.0353988 0.019446 0
0.214 0.009 0.0327346 0.0166685 0
0.215 0.009 0.0355363 0.0197506 0
0.216 0.009 0.0333364 0.0188657 0
0.217 0.009 0.040857 0.0228362 0
0.218 0.009 0.0335489 0.020411 0
0.219 0.009 0.0320115 0.0141702 0
0.22 0.009 0.0341375 0.0176136 0
0.221 0.009 0.0356432 0.0193216 0
0.222 0.009 0.0340883 0.0195516 0
0.223 0.009 0.0347302 0.0183065 0
0.224 0.009 0.0353056 0.0172101 0
0.225 0.009 0.0381514 0.0193913 0
0.226 0.009 0.0395438 0.0183752 0
0.227 0.009 0.0357707 0.0201446 0
0.228 0.009 0.0354324 0.0183519 0
0.229 0.009 0.0387967 0.0204982 0
0.23 0.009 0.0386101 0.0199688 0
0.231 0.009 0.0350164 0.0167097 0
0.232 0.009 0.0337696 0.016091 0
0.233 0.009 0.0419017 0.021323 0
0.234 0.009 0.037128 0.0232543 0
0.235 0.009 0.037527 0.0210446 0
0.236 0.009 0.0362724 0.0201812 0
0.237 0.009 0.0381899 0.0198788 0
0.238 0.009 0.037361 0.0164403 0
0.239 0.009 0.0389756 0.0202352 0
0.24 0.009 0.041348 0.0184325 0
0.241 0.009 0.0377158 0.0201947 0
0.242 0.009 0.0393495 0.0201982 0
0.243 0.009 0.038354 0.0163958 0
0.244 0.009 0.0407892 0.021401 0
0.245 0.009 0.0347563 0.0185471 0
0.246 0.009 0.0405637 0.0215284 0
0.247 0.009 0.0379561 0.0171147 0
0.248 0.009 0.038011 0.0159878 0
0.249 0.009 0.0356248 0.0204534 0
0.25 0.009 0.0363719 0.0178051 0
0.251 0.009 0.0382092 0.0199673 0
0.252 0.009 0.036547 0.0170668 0
0.253 0.011 0.0336362 0.018175 0
0.254 0.011 0.0394925 0.0197568 0
0.255 0.011 0.0359748 0.0232817 0
0.256 0.012 0.0380485 0.0213015 0
0.257 0.012 0.0354367 0.0198918 0
0.258 0.012 0.0359107 0.0192485 0
0.259 0.012 0.0401935 0.0198584 0
0.26 0.012 0.0339115 0.0202919 0
0.261 0.012 0.0423236 0.024793 0
0.262 0.012 0.0437454 0.0197946 0
0.263 0.012 0.0394432 0.0169226 0
0.264 0.012 0.0376683 0.021912 0
0.265 0.012 0.0408354 0.018607 0
0.266 0.012 0.0306015 0.016124 0
0.267 0.012 0.0409262 0.0200899 0
0.268 0.012 0.0376997 0.0195605 0
0.269 0.012 0.0403569 0.0213886 0
0.27 0.012 0.0385939 0.02337 0
0.271 0.012 0.0407148 0.0212134 0
0.272 0.012 0.0395012 0.0202534 0
0.273 0.012 0.0405385 0.0210074 0
0.274 0.012 0.0394899 0.0187689 0
0.275 0.012 0.047525 0.0210152 0
0.276 0.012 0.0355385 0.0202474 0
0.277 0.012 0.0420209 0.023628 0
0.278 0.012 0.0423133 0.0217666 0
0.279 0.013 0.0355866 0.0177323 0
0.28 0.013 0.0401733 0.0237458 0
0.281 0.013 0.0426113 0.0216064 0
0.282 0.013 0.0354726 0.0211103 0
0.283 0.013 0.0365943 0.0195498 0
0.284 0.013 0.0395757 0.0206663 0
0.285 0.013 0.0421444 0.0254638 0
0.286 0.013 0.0465091 0.0216893 0
0.287 0.013 0.0471843 0.0228292 0
0.288 0.013 0.0377388 0.0191183 0
0.289 0.013 0.0361759 0.0187548 0
0.29 0.013 0.0388246 0.0234941 0
0.291 0.013 0.0391689 0.0185853 0
0.292 0.013 0.0417851 0.0259521 0
0.293 0.013 0.038159 0.0208497 0
0.294 0.013 0.0410209 0.0204153 0
0.295 0.013 0.0441651 0.0229139 0
0.296 0.013 0.0454519 0.0208653 0
0.297 0.013 0.0456264 0.0220664 0
0.298 0.013 0.046548 0.0222721 0
0.299 0.013 0.0421691 0.0236716 0
0.3 0.013 0.0458203 0.0245391 0
0.301 0.013 0.048151 0.0230111 0
0.302 0.013 0.0444765 0.0201749 0
0.303 0.013 0.0359532 0.0205222 0
0.304 0.013 0.0377467 0.0191055 0
0.305 0.013 0.0455087 0.0234681 0
0.306 0.013 0.0429439 0.0224259 0
0.307 0.013 0.0452672 0.0244393 0
0.308 0.013 0.044991 0.0212938 0
0.309 0.013 0.0425459 0.0211646 0
0.31 0.013 0.0381031 0.0187705 0
0.311 0.013 0.0421456 0.017626 0
0.312 0.013 0.0394516 0.018989 0
0.313 0.013 0.0501457 0.0258877 0
0.314 0.013 0.0503067 0.0275615 0
0.315 0.013 0.0407819 0.0173879 0
0.316 0.015 0.0486908 0.0240603 0
0.317 0.015 0.0431873 0.025824 0
0.318 0.015 0.0446837 0.02202 0
0.319 0.015 0.0463392 0.0218171 0
0.32 0.015 0.0419279 0.0219922 0
0.321 0.015 0.0418988 0.0201057 0
0.322 0.015 0.0429209 0.0234125 0
0.323 0.015 0.0403946 0.0223821 0
0.324 0.015 0.0385386 0.0219479 0
0.325 0.015 0.0472768 0.0231108 0
0.326 0.015 0.0486485 0.0184966 0
0.327 0.015 0.04583 0.0225403 0
0.328 0.015 0.0448168 0.0202687 0
0.329 0.015 0.0503668 0.0231337 0
0.33 0.015 0.0410044 0.0211346 0
0.331 0.015 0.0389381 0.0156075 0
0.332 0.015 0.0416551 0.0212332 0
0.333 0.015 0.0478372 0.0249247 0
0.334 0.015 0.0403201 0.0227948 0
0.335 0.015 0.0463241 0.0249355 0
0.336 0.015 0.0479645 0.0273927 0
0.337 0.015 0.0448787 0.0204622 0
0.338 0.015 0.0456295 0.0207964 0
0.339 0.015 0.0457228 0.0215026 0
0.34 0.015 0.0403232 0.0202746 0
0.341 0.015 0.0459911 0.0233895 0
0.342 0.015 0.0381052 0.0206806 0
0.343 0.015 0.0466072 0.0254922 0
0.344 0.017 0.0437934 0.0234916 0
0.345 0.017 0.0424902 0.0209553 0
0.346 0.017 0.0504041 0.0236082 0
0.347 0.017 0.0459103 0.0232784 0
0.348 0.017 0.0451627 0.0239376 0
0.349 0.017 0.0498216 0.0232009 0
0.35 0.017 0.0426707 0.0210473 0
0.351 0.017 0.0360522 0.0205114 0
0.352 0.017 0.0464369 0.0220024 0
0.353 0.017 0.0515729 0.0245518 0
0.354 0.017 0.039133 0.0207717 0
0.355 0.017 0.0430692 0.0217629 0
0.356 0.017 0.0473817 0.0198495 0
0.357 0.017 0.0502266 0.0267764 0
0.358 0.017 0.0424636 0.0251471 0
0.359 0.017 0.0411151 0.0200531 0
0.36 0.017 0.0463947 0.0229303 0
0.361 0.017 0.0433885 0.0259579 0
0.362 0.017 0.0367633 0.0198307 0
0.363 0.017 0.0418875 0.0214703 0
0.364 0.017 0.048583 0.0244942 0
0.365 0.017 0.046814 0.0246152 0
0.366 0.017 0.0476223 0.0210417 0
0.367 0.017 0.0462506 0.0222059 0
0.368 0.017 0.045532 0.0239596 0
0.369 0.017 0.0382417 0.0210157 0
0.37 0.017 0.0461663 0.0225874 0
0.371 0.017 0.0415407 0.019578 0
0.372 0.017 0.0420971 0.0199558 0
0.373 0.017 0.0370736 0.0274489 0
0.374 0.017 0.0591097 0.0288318 0
0.375 0.017 0.0484043 0.0215393 0
0.376 0.017 0.0408515 0.0215605 0
0.377 0.017 0.051 0.0245848 0
0.378 0.017 0.0446388 0.0261594 0
0.379 0.017 0.0428181 0.020881 0
0.38 0.017 0.0453816 0.0209035 0
0.381 0.017 0.0524288 0.0237923 0
0.382 0.017 0.052022 0.0249307 0
0.383 0.017 0.0404168 0.0195431 0
0.384 0.017 0.0457058 0.0228907 0
0.385 0.017 0.0508804 0.0250985 0
0.386 0.017 0.0474501 0.0191202 0
0.387 0.017 0.0466242 0.0211981 0
0.388 0.017 0.0510448 0.0182811 0
0.389 0.017 0.0442457 0.0225251 0
0.39 0.017 0.0453828 0.0220906 0
0.391 0.017 0.0499762 0.023049 0
0.392 0.017 0.0548567 0.0268597 0
0.393 0.017 0.0458488 0.0227868 0
0.394 0.017 0.0438379 0.0245887 0
0.395 0.017 0.0437901 0.0245576 0
0.396 0.017 0.0494984 0.0313169 0
0.397 0.017 0.0429694 0.0239418 0
0.398 0.017 0.052063 0.026971 0
0.399 0.017 0.0464336 0.0245118 0
0.4 0.017 0.0448415 0.0225816 0
0.401 0.017 0.0454142 0.0219006 0
0.402 0.017 0.0414283 0.0201002 0
0.403 0.017 0.052077 0.022885 0
0.404 0.017 0.0510584 0.0268453 0
0.405 0.017 0.0575382 0.0289564 0
0.406 0.017 0.0483232 0.0237027 0
0.407 0.022 0.0501868 0.0229328 0
0.408 0.022 0.0572869 0.0215649 0
0.409 0.022 0.0454436 0.0270433 0
0.41 0.022 0.0507257 0.0253389 0
0.411 0.022 0.0448871 0.022067 0
0.412 0.022 0.0476396 0.0195651 0
0.413 0.022 0.0425693 0.0211194 0
0.414 0.022 0.0650977 0.0294621 0
0.415 0.022 0.055765 0.0332219 0
0.416 0.022 0.0493452 0.0220405 0
0.417 0.022 0.0557283 0.0234249 0
0.418 0.022 0.049539 0.0296504 0
0.419 0.022 0.0496142 0.0273962 0
0.42 0.026 0.0536177 0.0313191 0
0.421 0.026 0.055979 0.0314105 0
0.422 0.026 0.0616167 0.0272422 0
0.423 0.026 0.043147 0.0258522 0
0.424 0.026 0.0465161 0.0213972 0
0.425 0.026 0.0457405 0.0266269 0
0.426 0.026 0.0448871 0.0224237 0
0.427 0.026 0.0517219 0.0230282 0
0.428 0.026 0.0418201 0.0235931 0
0.429 0.026 0.0531414 0.0250205 0
0.43 0.026 0.0618886 0.0291119 0
0.431 0.026 0.0437003 0.0245789 0
0.432 0.026 0.0435608 0.0219128 0
0.433 0.026 0.0432368 0.0217849 0
0.434 0.026 0.0505888 0.0252396 0
0.435 0.026 0.0597782 0.0257848 0
0.436 0.048 0.054148 0.0261716 0
0.437 0.048 0.0580065 0.0262908 0
0.438 0.048 0.0535454 0.030893 0
0.439 0.048 0.0572265 0.0307329 0
0.44 0.048 0.0493731 0.0239985 0
0.441 0.048 0.0453238 0.0242869 0
0.442 0.048 0.0474603 0.029264 0
0.443 0.048 0.0487615 0.0298899 0
0.444 0.048 0.0569725 0.0251921 0
0.445 0.048 0.0475935 0.0261379 0
0.446 0.048 0.047576 0.0268434 0
0.447 0.049 0.0558388 0.0256483 0
0.448 0.049 0.0514087 0.0260621 0
0.449 0.05 0.053717 0.024753 0
0.45 0.05 0.0475226 0.0242385 0
0.451 0.05 0.0593465 0.032475 0
0.452 0.05 0.0628498 0.0326374 0
0.453 0.05 0.0592756 0.0340152 0
0.454 0.084 0.0441246 0.0231982 0
0.455 0.084 0.0466679 0.0233948 0
0.456 0.084 0.0595308 0.0243595 0
0.457 0.084 0.0542384 0.0235999 0
0.458 0.089 0.0604827 0.027423 0
0.459 0.089 0.0611573 0.0260472 0
0.46 0.089 0.0504547 0.0274097 0
0.461 0.092 0.0539387 0.0282452 0
0.462 0.092 0.0565117 0.0265028 0
0.463 0.092 0.0676037 0.033556 0
0.464 0.092 0.0513281 0.0264384 0
0.465 0.092 0.0457402 0.0240034 0
0.466 0.094 0.055419 0.0281829 0
0.467 0.094 0.0451913 0.0214927 0
0.468 0.094 0.0486766 0.0224953 0
0.469 0.094 0.0470228 0.0308597 0
0.47 0.101 0.0548972 0.0313446 0
0.471 0.101 0.0721953 0.0306119 0
0.472 0.101 0.0472997 0.0267899 0
0.473 0.101 0.0523174 0.0255586 0
0.474 0.101 0.0591758 0.0292199 0
0.475 0.101 0.0661902 0.0300044 0
0.476 0.101 0.0599224 0.0265519 0
0.477 0.101 0.0584387 0.0345872 0
0.478 0.101 0.0527271 0.0297784 0
0.479 0.101 0.0845003 0.0413394 0
0.48 0.101 0.0512265 0.0241393 0
0.481 0.104 0.0686878 0.0255845 0
0.482 0.104 0.0789429 0.0320895 0
0.483 0.104 0.0805378 0.0386856 0
0.484 0.104 0.0617329 0.0302722 0
0.485 0.109 0.0613051 0.0299973 0
0.486 0.109 0.0618642 0.032234 0
0.487 0.109 0.0708776 0.0256357 0
0.488 0.109 0.0652246 0.0276167 0
0.489 0.109 0.0677304 0.0334267 0
0.49 0.109 0.0729743 0.0311825 0
0.491 0.109 0.05009 0.0253207 0
0.492 0.109 0.0593159 0.029774 0
0.493 0.109 0.0657625 0.026757 0
0.494 0.11 0.0594626 0.0297986 0
0.495 0.11 0.062255 0.027956 0
0.496 0.111 0.0569104 0.0294347 0
0.497 0.111 0.0637484 0.0313837 0
0.498 0.111 0.0712866 0.0382076 0
0.499 0.111 0.0625799 0.0315579 0
0.5 0.112 0.0574413 0.0307244 0
0.501 0.112 0.0571013 0.0269344 0
0.502 0.112 0.063084 0.02569 0
0.503 0.112 0.053755 0.0264669 0
0.504 0.112 0.0618301 0.0261489 0
0.505 0.112 0.0530364 0.0293724 0
0.506 0.112 0.0652386 0.0324024 0
0.507 0.116 0.0577892 0.0272489 0
0.508 0.116 0.0604716 0.0288409 0
0.509 0.116 0.0617698 0.0317428 0
0.51 0.116 0.060811 0.0305248 0
0.511 0.116 0.042018 0.0206201 0
0.512 0.116 0.0674764 0.0380681 0
0.513 0.116 0.0756009 0.0339821 0
0.514 0.116 0.068173 0.0266918 0
0.515 0.116 0.0711816 0.0271849 0
0.516 0.116 0.0668358 0.0276617 0
0.517 0.116 0.0563883 0.0242827 0
0.518 0.116 0.0597942 0.0255863 0
0.519 0.116 0.0449116 0.0257944 0
0.52 0.119 0.0468825 0.0225867 0
0.521 0.12 0.0548141 0.0268665 0
0.522 0.12 0.0553873 0.0264538 0
0.523 0.12 0.0706056 0.0297374 0
0.524 0.12 0.0714078 0.0333004 0
0.525 0.12 0.0498049 0.0195703 0
0.526 0.12 0.0823178 0.0334808 0
0.527 0.138 0.0562341 0.0303658 0
0.528 0.138 0.0548957 0.0303674 0
0.529 0.14 0.0611454 0.0315934 0
0.53 0.14 0.0721218 0.0342104 0
0.531 0.14 0.045262 0.0252801 0
0.532 0.14 0.064734 0.0279927 0
0.533 0.14 0.071407 0.0336747 0
0.534 0.14 0.0442615 0.0223268 0
0.535 0.14 0.0644269 0.0249373 0
0.536 0.14 0.0501726 0.0242083 0
0.537 0.144 0.0755828 0.0309009 0
0.538 0.183 0.0607434 0.0289378 0
0.539 0.183 0.0710912 0.0266504 0
0.54 0.185 0.0446376 0.02402 0
0.541 0.185 0.0542753 0.0218558 0
0.542 0.185 0.059627 0.026194 0
0.543 0.185 0.0397047 0.0202792 0
0.544 0.185 0.0678781 0.0271117 0
0.545 0.185 0.0555496 0.0288188 0
0.546 0.185 0.0535098 0.0272255 0
0.547 0.185 0.0707064 0.0352934 0
0.548 0.185 0.044277 0.0194584 0
0.549 0.185 0.0762148 0.0357672 0
0.55 0.185 0.052411 0.0215116 0
0.551 0.187 0.0562841 0.0286902 0
0.552 0.187 0.0732913 0.0247666 0
0.553 0.188 0.059391 0.0229187 0
0.554 0.188 0.0539897 0.028009 0
0.555 0.188 0.0519157 0.0214737 0
0.556 0.188 0.0524963 0.0255691 0
0.557 0.188 0.0590476 0.0250062 0
0.558 0.188 0.0440812 0.0226717 0
0.559 0.188 0.0566519 0.0339482 0
0.56 0.188 0.0724364 0.0338623 0
0.561 0.188 0.05846 0.026813 0
0.562 0.188 0.0622135 0.030233 0
0.563 0.188 0.0842948 0.0330649 0
0.564 0.189 0.0596496 0.0253371 0
0.565 0.189 0.0645523 0.0339931 0
0.566 0.189 0.0579436 0.0199888 0
0.567 0.189 0.0563263 0.0264442 0
0.568 0.189 0.0440658 0.0178742 0
0.569 0.189 0.0579552 0.0242847 0
0.57 0.189 0.0430444 0.0239255 0
0.571 0.189 0.048935 0.0263202 0
0.572 0.189 0.0611871 0.025354 0
0.573 0.189 0.0529723 0.0296062 0
0.574 0.242 0.0594087 0.0289131 0
0.575 0.242 0.056086 0.0351561 0
0.576 0.243 0.0603664 0.0322846 0
0.577 0.245 0.0796033 0.0362394 0
0.578 0.245 0.0837486 0.0389695 0
0.579 0.245 0.0764792 0.0274283 0
0.58 0.246 0.0729702 0.0286456 0
0.581 0.246 0.0801989 0.0379609 0
0.582 0.257 0.0629832 0.0269462 0
0.583 0.259 0.0786375 0.0241445 0
0.584 0.262 0.0860438 0.0284419 0
0.585 0.265 0.0824868 0.0352106 0
0.586 0.266 0.06111 0.0322806 0
0.587 0.266 0.0737341 0.0370559 0
0.588 0.286 0.067375 0.0292319 0
0.589 0.286 0.0697146 0.0364131 0
0.59 0.286 0.0806095 0.0383689 0
0.591 0.288 0.0468951 0.0254012 0
0.592 0.298 0.0534135 0.0298435 0
0.593 0.298 0.0511567 0.0274215 0
0.594 0.298 0.0529887 0.0208161 0
0.595 0.298 0.0485135 0.0265365 0
0.596 0.299 0.0532272 0.0259353 0
0.597 0.299 0.0516976 0.0289585 0
0.598 0.3 0.0575995 0.0298836 0
0.599 0.3 0.0576859 0.0270804 0
0.6 0.301 0.0490722 0.020572 0
0.601 0.301 0.0567724 0.0350162 0
0.602 0.301 0.0676571 0.0339394 0
0.603 0.301 0.0710063 0.0348024 0
0.604 0.301 0.0887358 0.0388879 0
0.605 0.303 0.0793426 0.0325736 0
0.606 0.303 0.0493637 0.0224981 0
0.607 0.304 0.0469908 0.0215142 0
0.608 0.313 0.0410776 0.0211409 0
0.609 0.313 0.0442466 0.0213566 0
0.61 0.313 0.0595553 0.0247058 0
0.611 0.314 0.0661583 0.0240062 0
0.612 0.315 0.0659815 0.0314861 0
0.613 0.316 0.0653441 0.0346311 0
0.614 0.316 0.0797645 0.0340896 0
0.615 0.316 0.102489 0.0355632 0
0.616 0.316 0.0881104 0.0289586 0
0.617 0.321 0.0844976 0.0364427 0
0.618 0.322 0.0893599 0.0260458 0
0.619 0.333 0.11921 0.0298888 0
0.62 0.333 0.103634 0.0317572 0
0.621 0.334 0.100073 0.0373508 0
0.622 0.338 0.123104 0.0295702 0
0.623 0.338 0.128987 0.033316 0
0.624 0.338 0.0809183 0.0318401 0
0.625 0.338 0.0332766 0.0183499 0
0.626 0.338 0.0453776 0.0235322 0
0.627 0.339 0.0413097 0.0208707 0
0.628 0.339 0.0642102 0.0280494 0
0.629 0.342 0.0454876 0.0202025 0
0.63 0.342 0.0616733 0.0240603 0
0.631 0.343 0.0672433 0.0340615 0
0.632 0.343 0.0546743 0.0262737 0
0.633 0.343 0.0600998 0.0262318 0
0.634 0.345 0.0552519 0.029201 0
0.635 0.345 0.053477 0.0229567 0
0.636 0.346 0.0667072 0.0341531 0
0.637 0.346 0.0684004 0.0317996 0
0.638 0.346 0.0781563 0.0377399 0
0.639 0.346 0.0707155 0.0251801 0
0.64 0.347 0.0876145 0.0271588 0
0.641 0.349 0.0595695 0.0324186 0
0.642 0.383 0.0598961 0.028028 0
0.643 0.384 0.0575797 0.0270475 0
0.644 0.384 0.0687653 0.026708 0
0.645 0.385 0.0653983 0.0344447 0
0.646 0.386 0.0588852 0.0288383 0
0.647 0.393 0.0674206 0.0239523 0
0.648 0.401 0.0668815 0.0318107 0
0.649 0.401 0.0478922 0.0263797 0
0.65 0.402 0.0595938 0.0277804 0
0.651 0.405 0.0513606 0.0254368 0
0.652 0.405 0.0813728 0.0303439 0
0.653 0.406 0.0863707 0.0352583 0
0.654 0.408 0.0681655 0.032977 0
0.655 0.408 0.0829614 0.0370662 0
0.656 0.415 0.0554542 0.0231565 0
0.657 0.415 0.0469447 0.0232449 0
0.658 0.427 0.0776994 0.0349825 0
0.659 0.427 0.0900511 0.0368746 0
0.66 0.427 0.0899832 0.0394704 0
0.661 0.429 0.0656124 0.0378633 0
0.662 0.429 0.0566655 0.0276266 0
0.663 0.442 0.0751489 0.0303853 0
0.664 0.444 0.0617644 0.0373886 0
0.665 0.462 0.057451 0.0256548 0
0.666 0.463 0.0599656 0.0319318 0
0.667 0.463 0.0798248 0.0310362 0
0.668 0.463 0.0520756 0.0264911 0
0.669 0.464 0.0470902 0.0232678 0
0.67 0.464 0.0508753 0.0233911 0
0.671 0.469 0.0565508 0.0309947 0
0.672 0.47 0.0613737 0.0253134 0
0.673 0.47 0.0541527 0.0217082 0
0.674 0.47 0.0627728 0.0224095 0
0.675 0.473 0.0568124 0.0251559 0
0.676 0.476 0.06592 0.0274437 0
0.677 0.481 0.064201 0.0250584 0
0.678 0.481 0.0673113 0.0204225 0
0.679 0.481 0.0667768 0.0242985 0
0.68 0.481 0.0646488 0.0231245 0
0.681 0.482 0.0584188 0.021259 0
0.682 0.495 0.0535463 0.0186196 0
0.683 0.5 0.077843 0.0219566 0
0.684 0.5 0.0883916 0.0226624 0
0.685 0.5 0.0768401 0.0233322 0
0.686 0.5 0.0826727 0.0213909 0
0.687 0.502 0.0696886 0.0249448 0
0.688 0.503 0.0726794 0.0225769 0
0.689 0.503 0.0684776 0.0228308 0
0.69 0.503 0.0718122 0.0243233 0
0.691 0.504 0.0826377 0.0275279 0
0.692 0.505 0.0819735 0.0221184 0
0.693 0.506 0.0957943 0.0220173 0
0.694 0.529 0.10751 0.0189191 0
0.695 0.529 0.0997382 0.0284944 0
0.696 0.53 0.0927787 0.0310486 0
0.697 0.532 0.0783232 0.025081 0
0.698 0.536 0.0656185 0.0268107 0
0.699 0.537 0.0784615 0.0282524 0
0.7 0.548 0.0703284 0.026783 0
0.701 0.549 0.0617925 0.0262946 0
0.702 0.549 0.0748163 0.026758 0
0.703 0.549 0.0588418 0.0227579 0
0.704 0.549 0.0644756 0.0283611 0
0.705 0.55 0.0575662 0.0237402 0
0.706 0.551 0.0584615 0.028394 0
0.707 0.552 0.0539013 0.0268051 0
0.708 0.552 0.0707783 0.028021 0
0.709 0.554 0.0629989 0.0214528 0
0.71 0.554 0.051099 0.0271938 0
0.711 0.554 0.0895584 0.0275428 0
0.712 0.556 0.0512086 0.0255187 0
0.713 0.558 0.0551875 0.0267462 0
0.714 0.558 0.0591727 0.0232825 0
0.715 0.558 0.0585071 0.0217942 0
0.716 0.559 0.0557876 0.0261133 0
0.717 0.559 0.0618254 0.0237795 0
0.718 0.559 0.0712383 0.0211079 0
0.719 0.559 0.058244 0.0197232 0
0.72 0.56 0.0523116 0.0190354 0
0.721 0.56 0.0628986 0.0246826 0
0.722 0.56 0.0619668 0.0232665 0
0.723 0.56 0.0806794 0.0235877 0
0.724 0.561 0.0726935 0.0252119 0
0.725 0.561 0.0786026 0.0164871 0
0.726 0.561 0.0603361 0.0312047 0
0.727 0.561 0.0899924 0.0366059 0
0.728 0.562 0.100677 0.0278032 0
0.729 0.563 0.0946696 0.023956 0
0.73 0.564 0.103389 0.0260917 0
0.731 0.564 0.109125 0.0236688 0
0.732 0.564 0.100723 0.023138 0
0.733 0.567 0.0815947 0.0214432 0
0.734 0.569 0.0770534 0.0217819 0
0.735 0.569 0.107177 0.0263261 0
0.736 0.569 0.099087 0.0272434 0
0.737 0.57 0.107327 0.0229646 0
0.738 0.572 0.12166 0.0275907 0
0.739 0.574 0.131316 0.0246711 0
0.74 0.574 0.0868197 0.0399641 0
0.741 0.574 0.100999 0.0368099 0
0.742 0.574 0.100441 0.0197314 0
0.743 0.574 0.10329 0.0234911 0
0.744 0.574 0.113052 0.0297115 0
0.745 0.575 0.111791 0.0255327 0
0.746 0.576 0.121331 0.0340697 0
0.747 0.576 0.118651 0.0222145 0
0.748 0.576 0.119427 0.0253799 0
0.749 0.576 0.111604 0.0235673 0
0.75 0.576 0.122104 0.0199019 0
0.751 0.577 0.123461 0.0274667 0
0.752 0.577 0.115687 0.0244302 0
0.753 0.578 0.118771 0.0216956 0
0.754 0.581 0.123924 0.0244476 0
0.755 0.581 0.15673 0.0485654 0
0.756 0.583 0.222259 0.0235261 0
0.757 0.584 0.223302 0.0225003 0
0.758 0.585 0.226665 0.0209629 0
0.759 0.588 0.219053 0.0230358 0
0.76 0.589 0.220884 0.025611 0
0.761 0.589 0.213276 0.0272202 0
0.762 0.589 0.205906 0.0288004 0
0.763 0.589 0.206426 0.0221843 0
0.764 0.589 0.201936 0.0202102 0
0.765 0.589 0.229174 0.0220721 0
0.766 0.594 0.228186 0.0207342 0
0.767 0.594 0.230558 0.0258835 0
0.768 0.595 0.231334 0.0257616 0
0.769 0.595 0.243055 0.0206391 0
0.77 0.595 0.266554 0.02438 0
0.771 0.595 0.264478 0.0236054 0
0.772 0.595 0.259097 0.0216505 0
0.773 0.596 0.248462 0.0194064 0
0.774 0.596 0.258623 0.0173169 0
0.775 0.597 0.252813 0.0229833 0
0.776 0.597 0.252106 0.0211637 0
0.777 0.597 0.251388 0.02083 0
0.778 0.598 0.252574 0.0261038 0
0.779 0.598 0.251954 0.0254875 0
0.78 0.601 0.240784 0.024726 0
0.781 0.602 0.251303 0.0202723 0
0.782 0.602 0.23688 0.0184366 0
0.783 0.602 0.244799 0.019118 0
0.784 0.602 0.246655 0.0193635 0
0.785 0.602 0.234007 0.0221703 0
0.786 0.603 0.239497 0.0264142 0
0.787 0.603 0.234277 0.0246638 0
0.788 0.603 0.229851 0.0205107 0
0.789 0.603 0.225759 0.0248353 0
0.79 0.603 0.263692 0.0233503 0
0.791 0.603 0.283585 0.0222388 0
0.792 0.603 0.284258 0.0181199 0
0.793 0.604 0.276557 0.0218028 0
0.794 0.604 0.283051 0.0220777 0
0.795 0.604 0.283255 0.0231701 0
0.796 0.604 0.29514 0.0268419 0
0.797 0.607 0.28031 0.0248906 0
0.798 0.611 0.286767 0.0232871 0
0.799 0.612 0.286706 0.0186459 0
0.8 0.625 0.282123 0.0234416 0
0.801 0.625 0.289252 0.0205417 0
0.802 0.625 0.286192 0.0197782 0
0.803 0.625 0.284366 0.0213145 0
0.804 0.633 0.282932 0.0194437 0
0.805 0.633 0.289434 0.0188711 0
0.806 0.634 0.284989 0.0218603 0
0.807 0.635 0.282858 0.022364 0
0.808 0.641 0.280292 0.0221017 0
0.809 0.642 0.276181 0.0186663 0
0.81 0.642 0.27947 0.0193615 0
0.811 0.642 0.259604 0.0214026 0
0.812 0.642 0.264996 0.0185548 0
0.813 0.642 0.299354 0.019734 0
0.814 0.642 0.302571 0.025184 0
0.815 0.642 0.312581 0.0233006 0
0.816 0.642 0.311198 0.0177225 0
0.817 0.644 0.311999 0.0175015 0
0.818 0.65 0.313756 0.0200986 0
0.819 0.651 0.316753 0.0227009 0
0.82 0.651 0.335167 0.0187599 0
0.821 0.651 0.334581 0.0184871 0
0.822 0.652 0.341676 0.0218083 0
0.823 0.655 0.334817 0.0190065 0
0.824 0.656 0.339244 0.02247 0
0.825 0.656 0.335415 0.0173986 0
0.826 0.656 0.335639 0.0203479 0
0.827 0.656 0.345817 0.023707 0
0.828 0.656 0.347023 0.019207 0
0.829 0.656 0.354212 0.0160398 0
0.83 0.656 0.355069 0.0234375 0
0.831 0.658 0.352606 0.0186486 0
0.832 0.659 0.351562 0.0216297 0
0.833 0.664 0.353803 0.0200716 0
0.834 0.666 0.35209 0.0168427 0
0.835 0.666 0.353865 0.0183286 0
0.836 0.667 0.356067 0.0227838 0
0.837 0.667 0.35745 0.0186851 0
0.838 0.668 0.361171 0.0155523 0
0.839 0.669 0.359468 0.0194647 0
0.84 0.671 0.353858 0.0180915 0
0.841 0.671 0.36606 0.0147182 0
0.842 0.672 0.363519 0.0166387 0
0.843 0.672 0.3635 0.0147986 0
0.844 0.672 0.373163 0.0178785 0
0.845 0.672 0.377816 0.0186139 0
0.846 0.672 0.371918 0.0147372 0
0.847 0.672 0.378068 0.013629 0
0.848 0.672 0.373838 0.0165918 0
0.849 0.673 0.38356 0.0241006 0
0.85 0.674 0.385373 0.0183092 0
0.851 0.674 0.390582 0.01486 0
0.852 0.675 0.39163 0.0185847 0
0.853 0.676 0.39414 0.0172579 0
0.854 0.676 0.398578 0.0200457 0
0.855 0.686 0.411918 0.0186296 0
0.856 0.686 0.420847 0.0161398 0
0.857 0.686 0.420477 0.0152994 0
0.858 0.686 0.426789 0.0178858 0
0.859 0.687 0.424237 0.0153751 0
0.86 0.689 0.422247 0.0185319 0
0.861 0.694 0.427898 0.0168307 0
0.862 0.694 0.429589 0.01571 0
0.863 0.694 0.426496 0.0169308 0
0.864 0.694 0.423979 0.0158399 0
0.865 0.694 0.427949 0.0139422 0
0.866 0.695 0.426442 0.0140877 0
0.867 0.699 0.429754 0.0150608 0
0.868 0.707 0.447019 0.0175305 0
0.869 0.707 0.44649 0.0147418 0
0.87 0.709 0.445305 0.0136071 0
0.871 0.709 0.453047 0.0141522 0
0.872 0.709 0.446 0.0191575 0
0.873 0.71 0.449805 0.015139 0
0.874 0.71 0.451963 0.0174158 0
0.875 0.711 0.44984 0.0151756 0
0.876 0.711 0.454715 0.0141529 0
0.877 0.711 0.454434 0.0163744 0
0.878 0.712 0.45629 0.0157482 0
0.879 0.712 0.456173 0.0144231 0
0.88 0.712 0.459371 0.0127718 0
0.881 0.712 0.457396 0.0151899 0
0.882 0.712 0.464282 0.0164925 0
0.883 0.713 0.463339 0.0155033 0
0.884 0.713 0.455317 0.0156092 0
0.885 0.713 0.457662 0.0164808 0
0.886 0.717 0.454807 0.0108447 0
0.887 0.718 0.446515 0.013297 0
0.888 0.719 0.444782 0.0120024 0
0.889 0.719 0.442902 0.0119935 0
0.89 0.722 0.446624 0.0148465 0
0.891 0.722 0.45441 0.0162677 0
0.892 0.725 0.456239 0.0134076 0
0.893 0.726 0.461241 0.0144244 0
0.894 0.726 0.465222 0.0117508 0
0.895 0.726 0.459735 0.0125169 0
0.896 0.727 0.469475 0.0176189 0
0.897 0.729 0.472717 0.0154616 0
0.898 0.73 0.472982 0.0135859 0
0.899 0.73 0.488711 0.0145228 0
0.9 0.731 0.486038 0.0117916 0
0.901 0.734 0.489724 0.0136099 0
0.902 0.735 0.482929 0.0136129 0
0.903 0.736 0.489681 0.0137593 0
0.904 0.736 0.488677 0.0145814 0
0.905 0.736 0.488614 0.0135131 0
0.906 0.736 0.493505 0.0134713 0
0.907 0.736 0.490876 0.0140157 0
0.908 0.736 0.49368 0.0131566 0
0.909 0.736 0.500465 0.0131499 0
0.91 0.739 0.50887 0.0131196 0
0.911 0.739 0.503473 0.0122582 0
0.912 0.739 0.506695 0.0130603 0
0.913 0.739 0.514657 0.0123983 0
0.914 0.739 0.515 0.0136744 0
0.915 0.742 0.505439 0.0136425 0
0.916 0.742 0.511074 0.0128 0
0.917 0.742 0.51019 0.0139901 0
0.918 0.742 0.509957 0.0141835 0
0.919 0.742 0.5171 0.0121071 0
0.92 0.743 0.521106 0.0141908 0
0.921 0.743 0.520331 0.0143525 0
0.922 0.744 0.515124 0.0143073 0
0.923 0.745 0.509865 0.0130289 0
0.924 0.746 0.509895 0.0126298 0
0.925 0.747 0.511293 0.0145928 0
0.926 0.747 0.514245 0.0143921 0
0.927 0.748 0.514725 0.0131028 0
0.928 0.749 0.514426 0.0126133 0
0.929 0.75 0.521472 0.0172149 0
0.93 0.752 0.519202 0.0158034 0
0.931 0.753 0.520198 0.0120054 0
0.932 0.753 0.52383 0.0167174 0
0.933 0.754 0.5272 0.0118185 0
0.934 0.755 0.524741 0.0151221 0
0.935 0.755 0.531187 0.0135172 0
0.936 0.757 0.529261 0.0167969 0
0.937 0.757 0.530187 0.0155667 0
0.938 0.758 0.526646 0.0146898 0
0.939 0.759 0.530717 0.010843 0
0.94 0.759 0.532137 0.013487 0
0.941 0.76 0.531495 0.014148 0
0.942 0.761 0.526417 0.014673 0
0.943 0.761 0.533175 0.0137961 0
0.944 0.761 0.531573 0.0124283 0
0.945 0.761 0.536025 0.0155079 0
0.946 0.761 0.540945 0.0120596 0
0.947 0.761 0.545172 0.00838413 0
0.948 0.761 0.55187 0.0137654 0
0.949 0.763 0.553695 0.0147223 0
0.95 0.763 0.558844 0.0140327 0
0.951 0.763 0.55635 0.0110651 0
0.952 0.764 0.561967 0.0163882 0
0.953 0.764 0.557138 0.0171778 0
0.954 0.764 0.561841 0.0138911 0
0.955 0.765 0.565274 0.0112181 0
0.956 0.765 0.562234 0.0144678 0
0.957 0.765 0.564806 0.0168529 0
0.958 0.766 0.562356 0.0125493 0
0.959 0.766 0.567321 0.0114732 0
0.96 0.766 0.564237 0.0137663 0
0.961 0.766 0.568601 0.0156419 0
0.962 0.766 0.559124 0.0177024 0
0.963 0.767 0.562362 0.0128769 0
0.964 0.767 0.564055 0.0151445 0
0.965 0.767 0.564695 0.0122079 0
0.966 0.767 0.563721 0.0134635 0
0.967 0.767 0.564581 0.0114805 0
0.968 0.767 0.562547 0.0130533 0
0.969 0.768 0.567322 0.0126179 0
0.97 0.768 0.567659 0.015712 0
0.971 0.768 0.567455 0.0110948 0
0.972 0.768 0.569361 0.0153227 0
0.973 0.768 0.574544 0.0123169 0
0.974 0.769 0.572512 0.0124304 0
0.975 0.77 0.574471 0.0122983 0
0.976 0.771 0.567023 0.0159919 0
0.977 0.772 0.572826 0.0166374 0
0.978 0.772 0.567811 0.0130681 0
0.979 0.772 0.566335 0.0125609 0
0.98 0.773 0.56853 0.0145582 0
0.981 0.773 0.568671 0.015196 0
0.982 0.775 0.572537 0.0150283 0
0.983 0.775 0.602979 0.0139501 0
0.984 0.775 0.599274 0.0142734 0
0.985 0.776 0.602376 0.0151773 0
0.986 0.776 0.597483 0.0142843 0
0.987 0.776 0.600633 0.0123391 0
0.988 0.776 0.602202 0.0152824 0
0.989 0.776 0.602105 0.0140975 0
0.99 0.777 0.606035 0.0166862 0
0.991 0.778 0.606504 0.0123171 0
0.992 0.778 0.607878 0.0132816 0
0.993 0.778 0.609914 0.0134088 0
0.994 0.778 0.607503 0.0178901 0
0.995 0.779 0.606885 0.0151845 0
0.996 0.779 0.608269 0.0133696 0
0.997 0.779 0.603887 0.0131426 0
0.998 0.779 0.610597 0.0140153 0
0.999 0.779 0.611542 0.0136476 0
1 0.78 0.608569 0.0114223 0
1.001 0.78 0.619567 0.0132817 0
1.002 0.781 0.617135 0.0185238 0
1.003 0.781 0.617296 0.0124617 0
1.004 0.781 0.62238 0.0128164 0
1.005 0.785 0.624823 0.0128575 0
1.006 0.785 0.62602 0.0132224 0
1.007 0.785 0.62705 0.0139382 0
1.008 0.787 0.628007 0.0137596 0
1.009 0.788 0.627104 0.0124043 0
1.01 0.788 0.629674 0.0149982 0
1.011 0.788 0.632882 0.0117513 0
1.012 0.788 0.634543 0.00994169 0
1.013 0.788 0.633322 0.0148213 0
1.014 0.788 0.640935 0.0129717 0
1.015 0.788 0.640323 0.0109388 0
1.016 0.789 0.638117 0.0142673 0
1.017 0.789 0.640141 0.0114904 0
1.018 0.789 0.637212 0.0125037 0
1.019 0.794 0.643106 0.0120771 0
1.02 0.794 0.647456 0.013872 0
1.021 0.795 0.647322 0.0157755 0
1.022 0.795 0.654059 0.0130237 0
1.023 0.795 0.653848 0.0129187 0
1.024 0.795 0.654448 0.0121133 0
1.025 0.796 0.651075 0.0113104 0
1.026 0.796 0.653383 0.0140002 0
1.027 0.796 0.649284 0.0154793 0
1.028 0.796 0.655988 0.0136799 0
1.029 0.797 0.658898 0.0126325 0
1.03 0.797 0.653581 0.0113929 0
1.031 0.797 0.656131 0.0144143 0
1.032 0.797 0.657873 0.0129157 0
1.033 0.8 0.662713 0.0110544 0
1.034 0.8 0.661964 0.0165745 0
1.035 0.8 0.662121 0.0150629 0
1.036 0.8 0.662532 0.0120019 0
1.037 0.8 0.662178 0.0110652 0
1.038 0.801 0.664542 0.0117818 0
1.039 0.801 0.664721 0.0103668 0
1.04 0.801 0.667725 0.0115563 0
1.041 0.802 0.668287 0.0155344 0
1.042 0.802 0.668782 0.0116087 0
1.043 0.804 0.672809 0.0124333 0
1.044 0.804 0.672438 0.0125965 0
1.045 0.804 0.673598 0.0110243 0
1.046 0.804 0.674807 0.0143574 0
1.047 0.804 0.69496 0.0135395 0
1.048 0.804 0.700409 0.0114592 0
1.049 0.804 0.69848 0.0140379 0
1.05 0.804 0.699191 0.0133617 0
1.051 0.804 0.699619 0.0143057 0
1.052 0.804 0.698524 0.0120467 0
1.053 0.804 0.70026 0.0137606 0
1.054 0.804 0.702007 0.0128856 0
1.055 0.804 0.701161 0.0151554 0
1.056 0.804 0.703833 0.0116888 0
1.057 0.804 0.700873 0.0104533 0
1.058 0.805 0.703917 0.0116265 0
1.059 0.805 0.704992 0.0104107 0
1.06 0.805 0.704209 0.0116849 0
1.061 0.805 0.706555 0.013423 0
1.062 0.806 0.705578 0.0111708 0
1.063 0.809 0.708168 0.0119487 0
1.064 0.809 0.711314 0.0135113 0
1.065 0.81 0.71105 0.0129225 0
1.066 0.81 0.711049 0.0128473 0
1.067 0.81 0.71191 0.0119498 0
1.068 0.811 0.709618 0.0137386 0
1.069 0.812 0.714402 0.0137609 0
1.07 0.813 0.717883 0.010256 0
1.071 0.814 0.717471 0.0117053 0
1.072 0.814 0.714835 0.0129551 0
1.073 0.814 0.718243 0.0150369 0
1.074 0.814 0.717789 0.0124062 0
1.075 0.814 0.719582 0.0108622 0
1.076 0.814 0.716332 0.012315 0
1.077 0.814 0.719625 0.0123078 0
1.078 0.814 0.717825 0.0141293 0
1.079 0.814 0.717161 0.0120382 0
1.08 0.814 0.716033 0.0131042 0
1.081 0.814 0.719097 0.0120996 0
1.082 0.814 0.716081 0.0123252 0
1.083 0.814 0.719527 0.00885407 0
1.084 0.818 0.721668 0.0143251 0
1.085 0.819 0.723665 0.0135062 0
1.086 0.82 0.723156 0.0102769 0
1.087 0.82 0.720861 0.0133581 0
1.088 0.82 0.722931 0.0110406 0
1.089 0.82 0.723137 0.0128416 0
1.09 0.821 0.724999 0.0123839 0
1.091 0.821 0.72949 0.0125084 0
1.092 0.821 0.729625 0.0138787 0
1.093 0.825 0.731643 0.0125023 0
1.094 0.825 0.733222 0.0136838 0
1.095 0.825 0.734194 0.0126759 0
1.096 0.825 0.73173 0.0105696 0
1.097 0.825 0.73731 0.0127426 0
1.098 0.825 0.734138 0.0120895 0
1.099 0.825 0.736702 0.0143475 0
1.1 0.825 0.737832 0.0119055 0
1.101 0.826 0.736936 0.0117037 0
1.102 0.826 0.73556 0.0117719 0
1.103 0.827 0.738156 0.0136706 0
1.104 0.827 0.738501 0.00980351 0
1.105 0.829 0.736605 0.0110787 0
1.106 0.829 0.739495 0.0127761 0
1.107 0.829 0.736867 0.0118153 0
1.108 0.829 0.735843 0.014414 0
1.109 0.829 0.735842 0.0115109 0
1.11 0.83 0.735537 0.0101731 0
1.111 0.831 0.738339 0.0143067 0
1.112 0.831 0.739723 0.012192 0
1.113 0.831 0.738882 0.0134425 0
1.114 0.831 0.739012 0.0130004 0
1.115 0.833 0.739188 0.0134617 0
1.116 0.833 0.741123 0.0111572 0
1.117 0.833 0.739211 0.0120823 0
1.118 0.833 0.742117 0.0156363 0
1.119 0.833 0.742865 0.0119755 0
1.12 0.834 0.744756 0.012484 0
1.121 0.834 0.740128 0.013895 0
1.122 0.834 0.741322 0.0123127 0
1.123 0.835 0.744368 0.0114554 0
1.124 0.835 0.745554 0.0131451 0
1.125 0.835 0.740509 0.0107847 0
1.126 0.836 0.745111 0.0141153 0
1.127 0.836 0.749363 0.0118865 0
1.128 0.836 0.748776 0.0109206 0
1.129 0.836 0.74753 0.012371 0
1.13 0.837 0.750822 0.011461 0
1.131 0.837 0.748944 0.0154284 0
1.132 0.838 0.750385 0.0148479 0
1.133 0.838 0.752162 0.0107587 0
1.134 0.838 0.751001 0.0114678 0
1.135 0.838 0.75139 0.0138311 0
1.136 0.838 0.751688 0.010188 0
1.137 0.838 0.753559 0.0123551 0
1.138 0.838 0.75038 0.0128263 0
1.139 0.839 0.753114 0.0108366 0
1.14 0.839 0.753744 0.0121496 0
1.141 0.839 0.755639 0.0113704 0
1.142 0.839 0.753284 0.0119696 0
1.143 0.839 0.754815 0.0139013 0
1.144 0.839 0.756462 0.010514 0
1.145 0.839 0.754388 0.0126179 0
1.146 0.839 0.755273 0.0143481 0
1.147 0.84 0.753918 0.0117851 0
1.148 0.84 0.757652 0.0128822 0
1.149 0.84 0.754556 0.0111146 0
1.15 0.84 0.754976 0.00943059 0
1.151 0.84 0.756399 0.013261 0
1.152 0.84 0.754256 0.0125565 0
1.153 0.84 0.756849 0.0108385 0
1.154 0.843 0.758249 0.0118116 0
1.155 0.843 0.756821 0.0126058 0
1.156 0.844 0.759643 0.011714 0
1.157 0.844 0.758523 0.0120073 0
1.158 0.844 0.758017 0.0110424 0
1.159 0.845 0.760827 0.01497 0
1.16 0.845 0.760246 0.012505 0
1.161 0.845 0.761201 0.010882 0
1.162 0.846 0.760896 0.0137153 0
1.163 0.847 0.76213 0.010565 0
1.164 0.847 0.764037 0.0101029 0
1.165 0.847 0.763036 0.0144782 0
1.166 0.847 0.763167 0.0149869 0
1.167 0.847 0.763991 0.0115265 0
1.168 0.847 0.762292 0.0124982 0
1.169 0.847 0.765981 0.0110455 0
1.17 0.848 0.760181 0.0110629 0
1.171 0.85 0.761112 0.0137676 0
1.172 0.85 0.765544 0.0127664 0
1.173 0.85 0.766038 0.0114654 0
1.174 0.85 0.76329 0.0132604 0
1.175 0.85 0.76415 0.0100977 0
1.176 0.853 0.766186 0.0126137 0
1.177 0.853 0.767508 0.0126553 0
1.178 0.854 0.767658 0.0120332 0
1.179 0.854 0.768686 0.0148994 0
1.18 0.854 0.768264 0.0114843 0
1.181 0.856 0.771478 0.0109782 0
1.182 0.858 0.772549 0.0117012 0
1.183 0.858 0.771784 0.0113638 0
1.184 0.863 0.773338 0.0116763 0
1.185 0.863 0.773658 0.0108754 0
1.186 0.864 0.772502 0.00970873 0
1.187 0.864 0.776731 0.0105565 0
1.188 0.864 0.774684 0.0108941 0
1.189 0.865 0.774062 0.0114306 0
1.19 0.865 0.777438 0.0136582 0
1.191 0.865 0.780855 0.00893032 0
1.192 0.865 0.781088 0.0112942 0
1.193 0.865 0.78263 0.012181 0
1.194 0.865 0.789106 0.0114462 0
1.195 0.865 0.792471 0.0107143 0
1.196 0.865 0.791939 0.0148162 0
1.197 0.865 0.789215 0.0116854 0
1.198 0.866 0.793119 0.0112805 0
1.199 0.866 0.791643 0.0110138 0
1.2 0.866 0.791864 0.011755 0
