# Node_nr = 300
# K <r> sigma_r(sig not of average! divide by sqrt(n))
0 0.00666667 0.0483184 0.0235673 0
0.00333333 0.00666667 0.054109 0.0327597 0
0.00666667 0.00666667 0.0451196 0.0195109 0
0.01 0.00666667 0.0519984 0.0244888 0
0.0133333 0.00666667 0.0461116 0.0278944 0
0.0166667 0.00666667 0.0494814 0.0331586 0
0.02 0.00666667 0.0468269 0.0276821 0
0.0233333 0.00666667 0.0494983 0.0252756 0
0.0266667 0.00666667 0.041103 0.0208602 0
0.03 0.01 0.0560841 0.0236936 0
0.0333333 0.01 0.0520583 0.0228051 0
0.0366667 0.01 0.0511362 0.0271338 0
0.04 0.01 0.0482742 0.0260102 0
0.0433333 0.01 0.0567625 0.0333141 0
0.0466667 0.01 0.0550246 0.0254336 0
0.05 0.01 0.0528563 0.0219421 0
0.0533333 0.01 0.0499825 0.0226564 0
0.0566667 0.01 0.0522575 0.0270547 0
0.06 0.01 0.0553114 0.0276657 0
0.0633333 0.01 0.0583279 0.0262751 0
0.0666667 0.01 0.047932 0.0231959 0
0.07 0.01 0.0498561 0.0237783 0
0.0733333 0.01 0.0429056 0.0201217 0
0.0766667 0.01 0.0531038 0.0266581 0
0.08 0.01 0.056276 0.0273861 0
0.0833333 0.01 0.0618947 0.0259253 0
0.0866667 0.01 0.0582997 0.0252842 0
0.09 0.01 0.0590251 0.0280459 0
0.0933333 0.01 0.0582632 0.0313714 0
0.0966667 0.01 0.0733644 0.0295282 0
0.1 0.01 0.0554177 0.0331196 0
0.103333 0.01 0.0524062 0.0287546 0
0.106667 0.0133333 0.0587865 0.031999 0
0.11 0.0133333 0.043758 0.0264379 0
0.113333 0.0133333 0.0769163 0.0354071 0
0.116667 0.0133333 0.0491792 0.0326312 0
0.12 0.0133333 0.0574897 0.0352063 0
0.123333 0.0133333 0.0704479 0.0342693 0
0.126667 0.0133333 0.065998 0.0295198 0
0.13 0.0133333 0.058605 0.0273962 0
0.133333 0.0133333 0.0466759 0.0307144 0
0.136667 0.0133333 0.0627676 0.0350225 0
0.14 0.0133333 0.0534276 0.0279443 0
0.143333 0.0133333 0.0499212 0.0254101 0
0.146667 0.0133333 0.0497586 0.0273046 0
0.15 0.0133333 0.0556449 0.0336636 0
0.153333 0.0133333 0.0647194 0.0359913 0
0.156667 0.0133333 0.0686053 0.0364806 0
0.16 0.0133333 0.0543543 0.0268864 0
0.163333 0.0133333 0.0666837 0.0411265 0
0.166667 0.0133333 0.0599305 0.0329995 0
0.17 0.0133333 0.0674241 0.0368981 0
0.173333 0.0133333 0.0551971 0.0345881 0
0.176667 0.0133333 0.0782788 0.0300968 0
0.18 0.0133333 0.0767146 0.0372594 0
0.183333 0.0133333 0.0655803 0.0266922 0
0.186667 0.0133333 0.070833 0.0371347 0
0.19 0.0133333 0.0573419 0.0326673 0
0.193333 0.0133333 0.0592142 0.037322 0
0.196667 0.0133333 0.0493226 0.030405 0
0.2 0.0133333 0.0640367 0.0304461 0
0.203333 0.0166667 0.0619325 0.0307708 0
0.206667 0.0166667 0.071983 0.043979 0
0.21 0.0166667 0.0569741 0.0288281 0
0.213333 0.0166667 0.0568554 0.0249443 0
0.216667 0.0166667 0.0719937 0.0363813 0
0.22 0.0166667 0.0688119 0.0265467 0
0.223333 0.0166667 0.074333 0.0360299 0
0.226667 0.0166667 0.0598094 0.0249444 0
0.23 0.0166667 0.0693366 0.041653 0
0.233333 0.0166667 0.0543108 0.0309686 0
0.236667 0.0166667 0.066468 0.0259545 0
0.24 0.0166667 0.0583841 0.039412 0
0.243333 0.0333333 0.0759418 0.0322766 0
0.246667 0.0333333 0.07999 0.0311476 0
0.25 0.0333333 0.0568268 0.0269324 0
0.253333 0.0366667 0.0668132 0.0299184 0
0.256667 0.0366667 0.0554696 0.0282469 0
0.26 0.0366667 0.0765484 0.0342277 0
0.263333 0.04 0.0795281 0.0312216 0
0.266667 0.04 0.0575895 0.0258682 0
0.27 0.04 0.0753351 0.0395808 0
0.273333 0.04 0.0709912 0.034562 0
0.276667 0.04 0.0763109 0.0439613 0
0.28 0.04 0.0454914 0.0241738 0
0.283333 0.04 0.0806714 0.0417276 0
0.286667 0.04 0.0676068 0.0414704 0
0.29 0.04 0.055218 0.0255499 0
0.293333 0.04 0.0602707 0.0296276 0
0.296667 0.04 0.071487 0.0405387 0
0.3 0.04 0.0714787 0.0400065 0
0.303333 0.04 0.054808 0.0270425 0
0.306667 0.04 0.073442 0.0344281 0
0.31 0.04 0.0603845 0.0332073 0
0.313333 0.04 0.0835856 0.054009 0
0.316667 0.04 0.0832701 0.0295168 0
0.32 0.04 0.0640262 0.0338988 0
0.323333 0.04 0.0799448 0.0297388 0
0.326667 0.04 0.0933203 0.0307311 0
0.33 0.04 0.0736728 0.0349937 0
0.333333 0.04 0.0774843 0.0381178 0
0.336667 0.04 0.0896299 0.0458716 0
0.34 0.04 0.0802644 0.040458 0
0.343333 0.04 0.0917947 0.0337804 0
0.346667 0.04 0.0732461 0.0395938 0
0.35 0.04 0.0809382 0.0409373 0
0.353333 0.0433333 0.0858017 0.0417471 0
0.356667 0.0433333 0.0651104 0.0292429 0
0.36 0.0433333 0.0641347 0.0306563 0
0.363333 0.0466667 0.083835 0.0376082 0
0.366667 0.0466667 0.0858361 0.0443655 0
0.37 0.0466667 0.0985913 0.0475622 0
0.373333 0.0466667 0.0832866 0.0284723 0
0.376667 0.0466667 0.0977232 0.0520249 0
0.38 0.0466667 0.0900256 0.052102 0
0.383333 0.05 0.0950648 0.0427041 0
0.386667 0.05 0.0965515 0.0390371 0
0.39 0.05 0.0756389 0.0429246 0
0.393333 0.0533333 0.0772088 0.0287491 0
0.396667 0.0533333 0.0667594 0.0350662 0
0.4 0.0533333 0.110529 0.0335728 0
0.403333 0.0533333 0.0971456 0.0535971 0
0.406667 0.0533333 0.0767207 0.040958 0
0.41 0.0533333 0.109656 0.0276117 0
0.413333 0.0533333 0.0963154 0.0428872 0
0.416667 0.0533333 0.0731253 0.0352869 0
0.42 0.0533333 0.0932103 0.0619695 0
0.423333 0.0766667 0.100346 0.0448361 0
0.426667 0.0766667 0.0861959 0.0426761 0
0.43 0.0766667 0.0760044 0.0304216 0
0.433333 0.0766667 0.085907 0.0403523 0
0.436667 0.0766667 0.0760631 0.0381307 0
0.44 0.0766667 0.0752692 0.027378 0
0.443333 0.08 0.115023 0.0755917 0
0.446667 0.08 0.111431 0.058302 0
0.45 0.11 0.122283 0.0530217 0
0.453333 0.11 0.0950476 0.0581735 0
0.456667 0.113333 0.131829 0.057893 0
0.46 0.116667 0.0928691 0.0439462 0
0.463333 0.116667 0.0851521 0.0480238 0
0.466667 0.12 0.119294 0.0560747 0
0.47 0.12 0.098994 0.0345816 0
0.473333 0.12 0.0855078 0.0388571 0
0.476667 0.126667 0.101824 0.0410328 0
0.48 0.126667 0.0926978 0.0426719 0
0.483333 0.126667 0.15417 0.0538586 0
0.486667 0.133333 0.0945303 0.0294176 0
0.49 0.133333 0.111922 0.0370867 0
0.493333 0.133333 0.0981658 0.0519555 0
0.496667 0.15 0.0804568 0.0396951 0
0.5 0.15 0.074737 0.0332004 0
0.503333 0.15 0.0978277 0.0467305 0
0.506667 0.17 0.113773 0.0402466 0
0.51 0.17 0.0898908 0.0474562 0
0.513333 0.213333 0.0878775 0.0408935 0
0.516667 0.213333 0.0937121 0.0387767 0
0.52 0.213333 0.12262 0.0684744 0
0.523333 0.213333 0.142864 0.0471545 0
0.526667 0.213333 0.161471 0.0775968 0
0.53 0.22 0.174357 0.0622789 0
0.533333 0.226667 0.129427 0.0497004 0
0.536667 0.23 0.119679 0.0445979 0
0.54 0.236667 0.122733 0.0737577 0
0.543333 0.326667 0.149064 0.0646797 0
0.546667 0.33 0.14391 0.056408 0
0.55 0.336667 0.129377 0.0401897 0
0.553333 0.34 0.157161 0.0545017 0
0.556667 0.34 0.160647 0.0441544 0
0.56 0.34 0.135641 0.0471176 0
0.563333 0.34 0.159771 0.0510729 0
0.566667 0.34 0.115307 0.0818071 0
0.57 0.39 0.189602 0.0740689 0
0.573333 0.396667 0.157963 0.0758217 0
0.576667 0.396667 0.175071 0.0452576 0
0.58 0.4 0.152496 0.0651663 0
0.583333 0.4 0.168536 0.0568908 0
0.586667 0.403333 0.168429 0.0457432 0
0.59 0.406667 0.160155 0.0327274 0
0.593333 0.406667 0.13398 0.0605038 0
0.596667 0.406667 0.170606 0.0830063 0
0.6 0.406667 0.209997 0.0491131 0
0.603333 0.406667 0.105325 0.0498316 0
0.606667 0.406667 0.0884658 0.0363624 0
0.61 0.413333 0.0738672 0.0295276 0
0.613333 0.416667 0.118271 0.0902819 0
0.616667 0.416667 0.184818 0.0572663 0
0.62 0.416667 0.230038 0.0646684 0
0.623333 0.416667 0.0705717 0.0317521 0
0.626667 0.416667 0.0791995 0.0213865 0
0.63 0.416667 0.0950395 0.0434259 0
0.633333 0.42 0.096678 0.0336757 0
0.636667 0.423333 0.141039 0.0414497 0
0.64 0.423333 0.123235 0.0324017 0
0.643333 0.45 0.0965532 0.0536106 0
0.646667 0.476667 0.118922 0.0381678 0
0.65 0.483333 0.107418 0.0361421 0
0.653333 0.51 0.140654 0.0513691 0
0.656667 0.51 0.117119 0.0413789 0
0.66 0.51 0.124471 0.0335446 0
0.663333 0.51 0.1087 0.0359223 0
0.666667 0.53 0.218354 0.0664574 0
0.67 0.533333 0.281348 0.0294987 0
0.673333 0.536667 0.260257 0.0267492 0
0.676667 0.54 0.283329 0.0301673 0
0.68 0.55 0.184776 0.0253254 0
0.683333 0.58 0.241396 0.0337388 0
0.686667 0.58 0.10903 0.0249852 0
0.69 0.58 0.173791 0.025813 0
0.693333 0.58 0.307395 0.0327939 0
0.696667 0.58 0.134551 0.0253414 0
0.7 0.58 0.184397 0.0326814 0
0.703333 0.58 0.304158 0.0407526 0
0.706667 0.58 0.176739 0.0250669 0
0.71 0.583333 0.112397 0.037092 0
0.713333 0.583333 0.132311 0.0317154 0
0.716667 0.586667 0.158471 0.0276615 0
0.72 0.59 0.093594 0.0154519 0
0.723333 0.59 0.101113 0.0270591 0
0.726667 0.593333 0.0991387 0.0272822 0
0.73 0.596667 0.069599 0.0290304 0
0.733333 0.6 0.104039 0.0374869 0
0.736667 0.603333 0.108881 0.0367662 0
0.74 0.603333 0.110985 0.0267027 0
0.743333 0.603333 0.109797 0.0225563 0
0.746667 0.606667 0.0938664 0.0399185 0
0.75 0.61 0.144449 0.0317336 0
0.753333 0.616667 0.288757 0.0274466 0
0.756667 0.616667 0.102895 0.0270898 0
0.76 0.62 0.12534 0.0469408 0
0.763333 0.64 0.113001 0.0404944 0
0.766667 0.646667 0.127921 0.0332267 0
0.77 0.65 0.135301 0.0199791 0
0.773333 0.65 0.120421 0.019834 0
0.776667 0.65 0.153167 0.0280565 0
0.78 0.65 0.170277 0.0224539 0
0.783333 0.656667 0.137253 0.0370115 0
0.786667 0.656667 0.118207 0.0396291 0
0.79 0.656667 0.0856135 0.0249333 0
0.793333 0.66 0.330692 0.0240031 0
0.796667 0.66 0.319374 0.0306102 0
0.8 0.66 0.2904 0.023345 0
0.803333 0.663333 0.311184 0.0369754 0
0.806667 0.666667 0.328599 0.0276151 0
0.81 0.68 0.297877 0.031905 0
0.813333 0.683333 0.307081 0.0310051 0
0.816667 0.71 0.292703 0.0237313 0
0.82 0.713333 0.306027 0.0343468 0
0.823333 0.713333 0.305433 0.0320163 0
0.826667 0.713333 0.347137 0.0395511 0
0.83 0.713333 0.36207 0.034809 0
0.833333 0.716667 0.343514 0.0379102 0
0.836667 0.723333 0.338611 0.02268 0
0.84 0.723333 0.357076 0.0505642 0
0.843333 0.723333 0.37587 0.0304293 0
0.846667 0.723333 0.374831 0.0267149 0
0.85 0.726667 0.351024 0.030499 0
0.853333 0.726667 0.393761 0.0340363 0
0.856667 0.733333 0.379934 0.0265452 0
0.86 0.733333 0.434904 0.0489686 0
0.863333 0.733333 0.466623 0.0168597 0
0.866667 0.733333 0.469568 0.0325096 0
0.87 0.736667 0.476469 0.0394594 0
0.873333 0.74 0.471464 0.0243752 0
0.876667 0.74 0.482799 0.0342506 0
0.88 0.743333 0.471963 0.0484421 0
0.883333 0.743333 0.464992 0.0283825 0
0.886667 0.743333 0.465698 0.0390521 0
0.89 0.746667 0.493927 0.0225754 0
0.893333 0.746667 0.505089 0.0198379 0
0.896667 0.746667 0.484647 0.0329878 0
0.9 0.746667 0.482019 0.0265004 0
0.903333 0.746667 0.484518 0.0293398 0
0.906667 0.75 0.493346 0.0330228 0
0.91 0.75 0.482166 0.0184237 0
0.913333 0.756667 0.503137 0.0468821 0
0.916667 0.756667 0.498108 0.0373656 0
0.92 0.76 0.50642 0.0397646 0
0.923333 0.76 0.490477 0.0352979 0
0.926667 0.763333 0.499277 0.0373682 0
0.93 0.763333 0.49569 0.0350479 0
0.933333 0.763333 0.507248 0.0233481 0
0.936667 0.763333 0.506007 0.0316356 0
0.94 0.763333 0.497921 0.0278973 0
0.943333 0.763333 0.544399 0.033181 0
0.946667 0.763333 0.53112 0.0301029 0
0.95 0.763333 0.544324 0.0372591 0
0.953333 0.766667 0.530599 0.0254913 0
0.956667 0.773333 0.526518 0.0285366 0
0.96 0.783333 0.538643 0.0278344 0
0.963333 0.783333 0.551753 0.0307993 0
0.966667 0.783333 0.539104 0.0216885 0
0.97 0.786667 0.534481 0.0143185 0
0.973333 0.786667 0.549748 0.0204511 0
0.976667 0.786667 0.569644 0.0446522 0
0.98 0.786667 0.568607 0.0167607 0
0.983333 0.79 0.547579 0.0174875 0
0.986667 0.796667 0.543142 0.024628 0
0.99 0.796667 0.553365 0.0384716 0
0.993333 0.796667 0.562398 0.0332774 0
0.996667 0.796667 0.560305 0.0317073 0
1 0.81 0.529297 0.0330961 0
1.00333 0.81 0.528134 0.0213653 0
1.00667 0.81 0.546811 0.0242034 0
1.01 0.81 0.549589 0.0241731 0
1.01333 0.816667 0.541805 0.0263581 0
1.01667 0.816667 0.541334 0.0221744 0
1.02 0.816667 0.539576 0.0173276 0
1.02333 0.82 0.521044 0.0188586 0
1.02667 0.82 0.564674 0.049366 0
1.03 0.823333 0.540387 0.0261438 0
1.03333 0.823333 0.559016 0.0132586 0
1.03667 0.823333 0.541775 0.0203983 0
1.04 0.823333 0.577694 0.0331693 0
1.04333 0.823333 0.583865 0.0238396 0
1.04667 0.826667 0.599598 0.0170285 0
1.05 0.826667 0.586596 0.0111097 0
1.05333 0.826667 0.586665 0.0189114 0
1.05667 0.826667 0.597403 0.0226889 0
1.06 0.826667 0.59854 0.0229186 0
1.06333 0.83 0.607453 0.0192373 0
1.06667 0.836667 0.622504 0.0203372 0
1.07 0.836667 0.629318 0.0197731 0
1.07333 0.836667 0.641262 0.0256464 0
1.07667 0.84 0.64117 0.0214686 0
1.08 0.846667 0.63934 0.0187652 0
1.08333 0.846667 0.631073 0.0179952 0
1.08667 0.85 0.642254 0.0237507 0
1.09 0.85 0.642547 0.0252589 0
1.09333 0.85 0.653444 0.0178951 0
1.09667 0.85 0.672853 0.0185529 0
1.1 0.85 0.660716 0.0165714 0
1.10333 0.85 0.657144 0.0230511 0
1.10667 0.85 0.666136 0.0195533 0
1.11 0.85 0.679507 0.0223205 0
1.11333 0.85 0.677029 0.0168226 0
1.11667 0.85 0.70385 0.0228899 0
1.12 0.85 0.71278 0.0220552 0
1.12333 0.86 0.702641 0.0192282 0
1.12667 0.86 0.699108 0.0212244 0
1.13 0.86 0.717521 0.0126326 0
1.13333 0.86 0.71891 0.0213201 0
1.13667 0.86 0.720991 0.0149203 0
1.14 0.86 0.717921 0.0155185 0
1.14333 0.86 0.725308 0.0207778 0
1.14667 0.86 0.712243 0.0117864 0
1.15 0.86 0.726945 0.0155834 0
1.15333 0.86 0.734296 0.0175324 0
1.15667 0.863333 0.739124 0.0204749 0
1.16 0.863333 0.736839 0.0165041 0
1.16333 0.866667 0.741366 0.0157052 0
1.16667 0.866667 0.740897 0.0185785 0
1.17 0.873333 0.748692 0.0132046 0
1.17333 0.873333 0.758493 0.0163187 0
1.17667 0.873333 0.767942 0.016741 0
1.18 0.873333 0.762056 0.015135 0
1.18333 0.873333 0.752251 0.0133424 0
1.18667 0.876667 0.773674 0.0186557 0
1.19 0.876667 0.763561 0.0151939 0
1.19333 0.876667 0.769933 0.0182399 0
1.19667 0.876667 0.777504 0.0170195 0
1.2 0.876667 0.770481 0.0190594 0
1.20333 0.876667 0.788431 0.0174279 0
1.20667 0.876667 0.78226 0.0141041 0
1.21 0.876667 0.78009 0.0209682 0
1.21333 0.876667 0.787953 0.0154194 0
1.21667 0.876667 0.778805 0.015025 0
1.22 0.88 0.776418 0.0184991 0
1.22333 0.886667 0.779389 0.0137185 0
1.22667 0.886667 0.776782 0.0150529 0
1.23 0.886667 0.786226 0.0137378 0
1.23333 0.893333 0.775522 0.0210643 0
1.23667 0.893333 0.781002 0.0185484 0
1.24 0.893333 0.78383 0.0156578 0
1.24333 0.893333 0.775862 0.0157568 0
1.24667 0.893333 0.780138 0.0176551 0
1.25 0.893333 0.774173 0.0126965 0
1.25333 0.893333 0.78603 0.0147709 0
1.25667 0.893333 0.785939 0.0161724 0
1.26 0.893333 0.779587 0.0171742 0
1.26333 0.893333 0.791505 0.019777 0
1.26667 0.893333 0.774187 0.0115853 0
1.27 0.893333 0.780373 0.0147648 0
1.27333 0.893333 0.791428 0.0125444 0
1.27667 0.893333 0.794847 0.0138928 0
1.28 0.893333 0.801761 0.0147115 0
1.28333 0.896667 0.802012 0.0142987 0
1.28667 0.896667 0.803732 0.0180433 0
1.29 0.896667 0.811221 0.016319 0
1.29333 0.896667 0.806175 0.0185104 0
1.29667 0.896667 0.809914 0.0182122 0
1.3 0.9 0.816883 0.0149693 0
1.30333 0.9 0.811305 0.0150035 0
1.30667 0.9 0.822997 0.0136183 0
1.31 0.9 0.818483 0.00897513 0
1.31333 0.913333 0.835054 0.0135976 0
1.31667 0.913333 0.826287 0.00985187 0
1.32 0.916667 0.835367 0.0120384 0
1.32333 0.916667 0.835839 0.0131895 0
1.32667 0.916667 0.835546 0.0138999 0
1.33 0.916667 0.834931 0.0165241 0
1.33333 0.916667 0.841662 0.0118318 0
1.33667 0.916667 0.837908 0.0134906 0
1.34 0.916667 0.841826 0.0117297 0
1.34333 0.92 0.846438 0.0123626 0
1.34667 0.92 0.845043 0.0142143 0
1.35 0.92 0.84666 0.0112588 0
1.35333 0.92 0.86381 0.0105555 0
1.35667 0.92 0.862352 0.0114813 0
1.36 0.92 0.861164 0.0126027 0
1.36333 0.92 0.864702 0.0122204 0
1.36667 0.92 0.860608 0.0131703 0
1.37 0.92 0.864215 0.0126031 0
1.37333 0.92 0.868283 0.00910763 0
1.37667 0.92 0.861719 0.0147272 0
1.38 0.92 0.865672 0.0118948 0
1.38333 0.92 0.867753 0.0119329 0
1.38667 0.92 0.862648 0.0102792 0
1.39 0.92 0.866074 0.0121621 0
1.39333 0.92 0.865379 0.0085477 0
1.39667 0.92 0.868105 0.0112856 0
1.4 0.92 0.863429 0.00976762 0
1.40333 0.92 0.865781 0.0102313 0
1.40667 0.92 0.869046 0.0121227 0
1.41 0.92 0.863367 0.0135355 0
1.41333 0.92 0.869693 0.008562 0
1.41667 0.92 0.874835 0.0121624 0
1.42 0.92 0.865833 0.0157928 0
1.42333 0.923333 0.873114 0.0110215 0
1.42667 0.923333 0.875057 0.0176901 0
1.43 0.926667 0.87457 0.00980478 0
1.43333 0.926667 0.873223 0.0124415 0
1.43667 0.926667 0.876786 0.0108769 0
1.44 0.926667 0.873789 0.0118378 0
1.44333 0.933333 0.881795 0.0127088 0
1.44667 0.933333 0.877699 0.0102414 0
1.45 0.936667 0.882861 0.00856911 0
1.45333 0.936667 0.88057 0.0121209 0
1.45667 0.936667 0.885315 0.00985359 0
1.46 0.936667 0.887576 0.0115786 0
1.46333 0.936667 0.890833 0.0110501 0
1.46667 0.936667 0.885348 0.0109577 0
1.47 0.936667 0.879077 0.0122808 0
1.47333 0.936667 0.880902 0.0107373 0
1.47667 0.936667 0.881802 0.00876307 0
1.48 0.936667 0.88818 0.011523 0
1.48333 0.936667 0.887082 0.0101564 0
1.48667 0.936667 0.887389 0.00724409 0
1.49 0.936667 0.885676 0.0121496 0
1.49333 0.936667 0.885881 0.00850959 0
1.49667 0.936667 0.884519 0.00969248 0
