# Relevant parameters to reproduce this network:
# node_nr=200	 k_max=20
# initial_seed=1557414222	 delta_t=0.1	 max_steps=3000	 in_between=0
# fg_m=1	 fg_alpha=-1	 fg_t_min=0	 fg_t_max=5	 fg_t_number=1000	 fg_weff_lower_frequency=-1e+08	 fg_weff_max_steps=3000	 fg_weff_in_between=0
# K Giant_component <r> sigma_r*sqrt(NODE_NR) clustering
0 0.01 0.0560622 0.0297688 0
0.005 0.01 0.0607496 0.0330984 0
0.01 0.01 0.0555211 0.0295838 0
0.015 0.01 0.0649418 0.0340055 0
0.02 0.01 0.0617487 0.031854 0
0.025 0.01 0.0616282 0.0343318 0
0.03 0.01 0.0623826 0.0321345 0
0.035 0.01 0.0698835 0.0335235 0
0.04 0.01 0.0670482 0.0333716 0
0.045 0.01 0.060917 0.0272667 0
0.05 0.01 0.0660097 0.031955 0
0.055 0.01 0.0694458 0.0346072 0
0.06 0.01 0.060113 0.0313862 0
0.065 0.01 0.0651639 0.0321503 0
0.07 0.01 0.0627492 0.0293662 0
0.075 0.01 0.0637653 0.0324617 0
0.08 0.01 0.0535096 0.0304647 0
0.085 0.01 0.0599458 0.031067 0
0.09 0.01 0.0607713 0.0318146 0
0.095 0.01 0.0567208 0.0315512 0
0.1 0.015 0.0703529 0.0355746 0
0.105 0.015 0.0681899 0.0317513 0
0.11 0.015 0.0700869 0.0373483 0
0.115 0.015 0.0704321 0.0292158 0
0.12 0.015 0.0744176 0.0371138 0
0.125 0.015 0.0745796 0.0346156 0
0.13 0.015 0.0690643 0.0348184 0
0.135 0.015 0.0804462 0.0383599 0
0.14 0.015 0.0675618 0.0315946 0
0.145 0.015 0.071442 0.0399737 0
0.15 0.015 0.0606623 0.0371694 0
0.155 0.015 0.0704574 0.0358009 0
0.16 0.02 0.0718141 0.0318418 0
0.165 0.02 0.0644069 0.0360009 0
0.17 0.02 0.0642706 0.0335019 0
0.175 0.02 0.0632628 0.0288208 0
0.18 0.02 0.0732959 0.0377319 0
0.185 0.02 0.0653294 0.0371263 0
0.19 0.02 0.0650628 0.0338018 0
0.195 0.02 0.0650525 0.0347066 0
0.2 0.035 0.0678543 0.0332198 0
0.205 0.035 0.0636985 0.0311798 0
0.21 0.045 0.0590786 0.0311303 0
0.215 0.045 0.0778026 0.0405967 0
0.22 0.045 0.0610576 0.037449 0
0.225 0.045 0.0676956 0.0350966 0
0.23 0.045 0.0831658 0.0445759 0
0.235 0.045 0.060591 0.0322165 0
0.24 0.045 0.0701943 0.0372296 0
0.245 0.045 0.0653375 0.0310616 0
0.25 0.045 0.06826 0.034179 0
0.255 0.045 0.0671244 0.0356417 0
0.26 0.045 0.0744498 0.0329243 0
0.265 0.045 0.0676461 0.0328229 0
0.27 0.045 0.0628228 0.0366451 0
0.275 0.045 0.0632198 0.0314904 0
0.28 0.05 0.0635107 0.0314941 0
0.285 0.05 0.0721562 0.0380665 0
0.29 0.05 0.0678844 0.0312285 0
0.295 0.05 0.0697845 0.0382907 0
0.3 0.05 0.0707146 0.0367954 0
0.305 0.05 0.0678234 0.035281 0
0.31 0.05 0.0737352 0.0309327 0
0.315 0.05 0.065209 0.0337821 0
0.32 0.055 0.0749825 0.0375055 0
0.325 0.055 0.0685518 0.0354435 0
0.33 0.065 0.073906 0.0413152 0
0.335 0.065 0.0733714 0.0385634 0
0.34 0.065 0.069786 0.0356567 0
0.345 0.07 0.0752649 0.041198 0
0.35 0.085 0.0668307 0.036884 0
0.355 0.1 0.0631454 0.0336347 0
0.36 0.1 0.0733683 0.0347826 0
0.365 0.1 0.0716778 0.0328407 0
0.37 0.105 0.080714 0.0404379 0
0.375 0.105 0.0792153 0.0340721 0
0.38 0.135 0.0782291 0.0352287 0
0.385 0.135 0.0611078 0.0295204 0
0.39 0.145 0.0709317 0.0372564 0
0.395 0.145 0.0761866 0.0340765 0
0.4 0.145 0.0753467 0.0331278 0
0.405 0.145 0.0736024 0.0360497 0
0.41 0.145 0.0715933 0.0364018 0
0.415 0.145 0.07214 0.0361672 0
0.42 0.19 0.0744479 0.032071 0
0.425 0.195 0.0756924 0.043414 0
0.43 0.195 0.066288 0.0355853 0
0.435 0.195 0.0750859 0.0370985 0
0.44 0.215 0.0739252 0.0375728 0
0.445 0.235 0.0774875 0.0420071 0
0.45 0.235 0.0700073 0.0327348 0
0.455 0.255 0.0651434 0.0342909 0
0.46 0.255 0.0759423 0.0386893 0
0.465 0.26 0.0649379 0.0341101 0
0.47 0.26 0.0704037 0.0349758 0
0.475 0.265 0.077875 0.0412027 0
0.48 0.265 0.0662864 0.0418803 0
0.485 0.27 0.0637424 0.0312183 0
0.49 0.285 0.0686556 0.0336708 0
0.495 0.305 0.0697497 0.0354825 0
0.5 0.31 0.0651263 0.0358897 0
0.505 0.31 0.0675247 0.0332923 0
0.51 0.315 0.0693245 0.0340855 0
0.515 0.32 0.058235 0.0329471 0
0.52 0.33 0.0720123 0.0361334 0
0.525 0.34 0.0698363 0.0357245 0
0.53 0.345 0.0845799 0.0330813 0
0.535 0.365 0.0831301 0.0411708 0
0.54 0.365 0.0761463 0.0351691 0
0.545 0.365 0.0700532 0.0424918 0
0.55 0.365 0.0659806 0.036863 0
0.555 0.38 0.0729474 0.0320232 0
0.56 0.385 0.0754028 0.0415237 0
0.565 0.39 0.0758435 0.0381047 0
0.57 0.395 0.0786544 0.0431342 0
0.575 0.405 0.0807216 0.0433602 0
0.58 0.405 0.0746597 0.0367335 0
0.585 0.42 0.0784881 0.0391958 0
0.59 0.44 0.0711574 0.0382901 0
0.595 0.445 0.0657759 0.0331109 0
0.6 0.45 0.0766077 0.0461512 0
0.605 0.45 0.0759549 0.0367039 0
0.61 0.455 0.0761783 0.0368381 0
0.615 0.47 0.0761174 0.0390886 0
0.62 0.47 0.0729037 0.037322 0
0.625 0.47 0.081962 0.0378863 0
0.63 0.485 0.0703906 0.036949 0
0.635 0.485 0.0733631 0.0398295 0
0.64 0.485 0.0725531 0.037224 0
0.645 0.485 0.0755722 0.0365425 0
0.65 0.485 0.0701456 0.0356191 0
0.655 0.485 0.0808086 0.0395823 0
0.66 0.49 0.0757202 0.0432191 0
0.665 0.505 0.0614555 0.0317683 0
0.67 0.515 0.076417 0.0389334 0
0.675 0.52 0.0668209 0.0403443 0
0.68 0.52 0.0743799 0.0398252 0
0.685 0.52 0.0675084 0.03937 0
0.69 0.525 0.079206 0.0452829 0
0.695 0.53 0.0688982 0.0358816 0
0.7 0.535 0.0680513 0.0390038 0
0.705 0.535 0.0775146 0.0339417 0
0.71 0.535 0.0762161 0.037461 0
0.715 0.535 0.0786253 0.043312 0
0.72 0.55 0.0769838 0.0457522 0
0.725 0.555 0.0816598 0.0398304 0
0.73 0.565 0.0762381 0.0383406 0
0.735 0.595 0.0734813 0.0406621 0
0.74 0.6 0.0736953 0.0339564 0
0.745 0.61 0.0791434 0.0390172 0
0.75 0.62 0.0957787 0.0435414 0
0.755 0.62 0.0834511 0.0402588 0
0.76 0.62 0.0716721 0.0386405 0
0.765 0.62 0.0687157 0.0362671 0
0.77 0.66 0.0802035 0.0396582 0
0.775 0.66 0.0840455 0.053646 0
0.78 0.66 0.0805094 0.0429258 0
0.785 0.66 0.0751995 0.0382025 0
0.79 0.665 0.0793249 0.0372528 0
0.795 0.665 0.0702261 0.0349494 0
0.8 0.67 0.0737979 0.0394556 0
0.805 0.68 0.0758998 0.0353951 0
0.81 0.69 0.0813053 0.0428943 0
0.815 0.69 0.0758096 0.0374742 0
0.82 0.69 0.0812864 0.0396293 0
0.825 0.695 0.0785316 0.037016 0
0.83 0.695 0.072389 0.0380355 0
0.835 0.74 0.0839621 0.0471361 0
0.84 0.74 0.0716532 0.0373801 0
0.845 0.74 0.0777561 0.0374668 0
0.85 0.74 0.0774509 0.034743 0
0.855 0.74 0.0796135 0.0403007 0
0.86 0.74 0.0795591 0.0431435 0
0.865 0.74 0.0701942 0.0361935 0
0.87 0.74 0.0776489 0.0404627 0
0.875 0.74 0.0692676 0.0352469 0
0.88 0.745 0.0786771 0.0385078 0
0.885 0.745 0.0792985 0.0397793 0
0.89 0.75 0.0731187 0.0363574 0
0.895 0.755 0.0810927 0.0414237 0
0.9 0.755 0.0699999 0.0332445 0
0.905 0.755 0.0785764 0.0359441 0
0.91 0.755 0.0807485 0.0390169 0
0.915 0.755 0.0843955 0.0417224 0
0.92 0.76 0.0760847 0.0396631 0
0.925 0.76 0.0671582 0.0338585 0
0.93 0.76 0.0867075 0.0419749 0
0.935 0.765 0.0793927 0.0380389 0
0.94 0.77 0.0639777 0.0304281 0
0.945 0.79 0.0757427 0.0390138 0
0.95 0.795 0.0807686 0.0422867 0
0.955 0.805 0.078155 0.0459873 0
0.96 0.81 0.0742746 0.0373501 0
0.965 0.81 0.0870781 0.0445614 0
0.97 0.81 0.0741175 0.0403994 0
0.975 0.81 0.0742733 0.0387999 0
0.98 0.815 0.0771786 0.0345235 0
0.985 0.825 0.0812768 0.0413216 0
0.99 0.84 0.078531 0.0442985 0
0.995 0.84 0.0809085 0.0394311 0
1 0.84 0.0773995 0.0416809 0
1.005 0.84 0.0760698 0.0394091 0
1.01 0.845 0.0803148 0.0377488 0
1.015 0.845 0.0797929 0.0493806 0
1.02 0.85 0.0869094 0.043745 0
1.025 0.85 0.0715993 0.0359216 0
1.03 0.85 0.0792603 0.0464973 0
1.035 0.85 0.0765355 0.0379737 0
1.04 0.85 0.0714881 0.039128 0
1.045 0.85 0.0872835 0.0435031 0
1.05 0.85 0.0909651 0.0440633 0
1.055 0.855 0.0774295 0.0359612 0
1.06 0.855 0.0773174 0.0364752 0
1.065 0.86 0.0854699 0.0454484 0
1.07 0.86 0.0817042 0.0393603 0
1.075 0.87 0.0748336 0.0334071 0
1.08 0.875 0.0719835 0.0413212 0
1.085 0.885 0.0933305 0.0517983 0
1.09 0.89 0.0816951 0.0430555 0
1.095 0.895 0.0797612 0.0392557 0
1.1 0.895 0.0755125 0.0420925 0
1.105 0.895 0.0785584 0.0368832 0
1.11 0.895 0.0834832 0.0426868 0
1.115 0.905 0.0938449 0.0453219 0
1.12 0.905 0.0883427 0.0438855 0
1.125 0.905 0.07842 0.0407283 0
1.13 0.91 0.0785323 0.0422355 0
1.135 0.91 0.0770287 0.0412657 0
1.14 0.91 0.103071 0.0486394 0
1.145 0.915 0.0829223 0.0397328 0
1.15 0.92 0.0895609 0.0444369 0
1.155 0.92 0.0917767 0.0476842 0
1.16 0.92 0.0844245 0.0473636 0
1.165 0.92 0.0772368 0.0372393 0
1.17 0.925 0.0909088 0.0412709 0
1.175 0.925 0.0925353 0.0480973 0
1.18 0.925 0.0944447 0.0460467 0
1.185 0.925 0.0755087 0.0419562 0
1.19 0.925 0.09467 0.0470993 0
1.195 0.925 0.0765208 0.0400897 0
1.2 0.925 0.0914014 0.0426813 0
1.205 0.925 0.084625 0.0412795 0
1.21 0.925 0.0857109 0.0437848 0
1.215 0.925 0.0899841 0.0515114 0
1.22 0.925 0.101689 0.0474786 0
1.225 0.925 0.0828781 0.0424915 0
1.23 0.925 0.0858324 0.0447669 0
1.235 0.925 0.0909768 0.0385906 0
1.24 0.925 0.0847743 0.0428114 0
1.245 0.925 0.0997279 0.0482619 0
1.25 0.925 0.087607 0.0453617 0
1.255 0.925 0.0910419 0.0414801 0
1.26 0.925 0.0857468 0.0409294 0
1.265 0.925 0.0974818 0.0487234 0
1.27 0.925 0.0932174 0.0493945 0
1.275 0.925 0.0921895 0.0537455 0
1.28 0.925 0.0973443 0.0512764 0
1.285 0.93 0.0961725 0.0436595 0
1.29 0.93 0.0959128 0.0535054 0
1.295 0.935 0.101055 0.0516402 0
1.3 0.935 0.0951376 0.0462581 0
1.305 0.935 0.0918287 0.0479617 0
1.31 0.935 0.097866 0.0491124 0
1.315 0.935 0.0865243 0.0459094 0
1.32 0.935 0.0845863 0.0409166 0
1.325 0.935 0.0838412 0.0457334 0
1.33 0.935 0.0932852 0.0488531 0
1.335 0.935 0.091328 0.0487607 0
1.34 0.935 0.0924425 0.0499494 0
1.345 0.935 0.0876632 0.0433945 0
1.35 0.935 0.108113 0.0459883 0
1.355 0.935 0.095931 0.0441605 0
1.36 0.935 0.0835517 0.0511747 0
1.365 0.935 0.0998661 0.0566088 0
1.37 0.935 0.100049 0.0478164 0
1.375 0.935 0.0879149 0.0418986 0
1.38 0.935 0.0858453 0.0415111 0
1.385 0.935 0.0833259 0.0441575 0
1.39 0.935 0.0983981 0.0492998 0
1.395 0.935 0.111029 0.0466582 0
1.4 0.935 0.0882338 0.0480713 0
1.405 0.935 0.102176 0.0494352 0
1.41 0.935 0.0950157 0.0474599 0
1.415 0.94 0.0973444 0.04901 0
1.42 0.94 0.10022 0.0476244 0
1.425 0.94 0.0939713 0.0486505 0
1.43 0.94 0.103054 0.0486613 0
1.435 0.94 0.100535 0.0547344 0
1.44 0.94 0.0834402 0.0399252 0
1.445 0.94 0.0944628 0.0402585 0
1.45 0.94 0.0961657 0.0478023 0
1.455 0.94 0.0957445 0.0465092 0
1.46 0.94 0.0921064 0.0510779 0
1.465 0.94 0.0940811 0.0525961 0
1.47 0.94 0.0923461 0.0464676 0
1.475 0.94 0.105075 0.0557116 0
1.48 0.94 0.0990028 0.0561209 0
1.485 0.94 0.088788 0.047776 0
1.49 0.94 0.0981068 0.0509967 0
1.495 0.94 0.0921318 0.0509084 0
1.5 0.94 0.0866483 0.0471986 0
1.505 0.94 0.0962021 0.0562578 0
1.51 0.94 0.0935604 0.0432293 0
1.515 0.94 0.0959313 0.0442818 0
1.52 0.94 0.102609 0.0578933 0
1.525 0.94 0.101504 0.0485524 0
1.53 0.94 0.0820213 0.0406256 0
1.535 0.94 0.107901 0.0530513 0
1.54 0.945 0.0987606 0.0492532 0
1.545 0.95 0.104597 0.0550381 0
1.55 0.95 0.106356 0.0507138 0
1.555 0.955 0.101437 0.0580927 0
1.56 0.955 0.0828789 0.0427314 0
1.565 0.955 0.0963577 0.04941 0
1.57 0.955 0.0996206 0.0510777 0
1.575 0.955 0.11357 0.0616448 0
1.58 0.955 0.0940348 0.0518725 0
1.585 0.955 0.100688 0.0583744 0
1.59 0.955 0.117188 0.0504317 0
1.595 0.955 0.0982575 0.0464273 0
1.6 0.955 0.0962423 0.047047 0
1.605 0.955 0.0927188 0.0516446 0
1.61 0.955 0.0890917 0.0437736 0
1.615 0.955 0.0994563 0.0462727 0
1.62 0.955 0.0896228 0.0453262 0
1.625 0.955 0.0978183 0.0483283 0
1.63 0.955 0.110968 0.0514824 0
1.635 0.96 0.105894 0.0504219 0
1.64 0.96 0.0999614 0.0543945 0
1.645 0.96 0.113727 0.0604951 0
1.65 0.96 0.112974 0.0544538 0
1.655 0.96 0.091191 0.0422211 0
1.66 0.96 0.104286 0.0524065 0
1.665 0.96 0.0820569 0.0489262 0
1.67 0.965 0.105608 0.0491764 0
1.675 0.965 0.0996378 0.0461634 0
1.68 0.965 0.0967073 0.0448214 0
1.685 0.965 0.103878 0.0579986 0
1.69 0.97 0.0998186 0.0593986 0
1.695 0.975 0.101607 0.0499386 0
1.7 0.975 0.109473 0.0535899 0
1.705 0.975 0.115095 0.0541497 0
1.71 0.975 0.106984 0.0529384 0
1.715 0.975 0.108524 0.0548789 0
1.72 0.975 0.0975295 0.0487263 0
1.725 0.975 0.107243 0.062901 0
1.73 0.975 0.101122 0.0489492 0
1.735 0.98 0.113405 0.0614127 0
1.74 0.98 0.10308 0.0541144 0
1.745 0.98 0.0884366 0.045238 0
1.75 0.98 0.101176 0.0467944 0
1.755 0.98 0.0967554 0.0533144 0
1.76 0.98 0.096127 0.0510739 0
1.765 0.98 0.106594 0.0546005 0
1.77 0.98 0.103029 0.0539765 0
1.775 0.98 0.102925 0.0476361 0
1.78 0.98 0.115698 0.0614483 0
1.785 0.98 0.107696 0.0480854 0
1.79 0.98 0.104046 0.0537702 0
1.795 0.98 0.0902325 0.0438818 0
1.8 0.98 0.112512 0.0555447 0
1.805 0.98 0.113307 0.0560118 0
1.81 0.98 0.103076 0.0555039 0
1.815 0.98 0.109998 0.0560427 0
1.82 0.98 0.115147 0.0603374 0
1.825 0.985 0.10499 0.0555261 0
1.83 0.985 0.101337 0.054818 0
1.835 0.985 0.116509 0.0553792 0
1.84 0.985 0.120716 0.0564862 0
1.845 0.985 0.100831 0.05014 0
1.85 0.985 0.112066 0.0584968 0
1.855 0.985 0.116538 0.0563644 0
1.86 0.985 0.0934353 0.0448776 0
1.865 0.985 0.108669 0.0537606 0
1.87 0.985 0.121631 0.0581624 0
1.875 0.985 0.109885 0.0525678 0
1.88 0.985 0.131134 0.0648822 0
1.885 0.985 0.112059 0.0527062 0
1.89 0.985 0.116341 0.0595372 0
1.895 0.985 0.124741 0.0700326 0
1.9 0.985 0.112014 0.0643881 0
1.905 0.99 0.105189 0.0559602 0
1.91 0.99 0.10401 0.0626029 0
1.915 0.99 0.107165 0.0549259 0
1.92 0.99 0.121062 0.0621265 0
1.925 0.99 0.117103 0.058622 0
1.93 0.99 0.11645 0.0640247 0
1.935 0.99 0.115511 0.0615021 0
1.94 0.99 0.108573 0.0533593 0
1.945 0.99 0.123778 0.0597092 0
1.95 0.99 0.107977 0.0557465 0
1.955 0.99 0.127496 0.0652059 0
1.96 0.99 0.121555 0.0590686 0
1.965 0.99 0.13485 0.0550946 0
1.97 0.99 0.112221 0.0539938 0
1.975 0.99 0.129902 0.0592572 0
1.98 0.99 0.109865 0.060519 0
1.985 0.99 0.116697 0.0571282 0
1.99 0.99 0.0985788 0.0498585 0
1.995 0.99 0.123474 0.0697795 0
2 0.99 0.118222 0.0634407 0
2.005 0.99 0.12338 0.0599247 0
2.01 0.99 0.105672 0.0618638 0
2.015 0.99 0.109454 0.0625021 0
2.02 0.99 0.101427 0.0566621 0
2.025 0.99 0.133253 0.0584807 0
2.03 0.99 0.102617 0.0547334 0
2.035 0.99 0.117135 0.0606 0
2.04 0.99 0.136079 0.0580339 0
2.045 0.99 0.113438 0.0675036 0
2.05 0.99 0.12461 0.0604979 0
2.055 0.99 0.120109 0.0544456 0
2.06 0.99 0.119585 0.0548865 0
2.065 0.99 0.126088 0.0558995 0
2.07 0.99 0.108886 0.0510257 0
2.075 0.995 0.120936 0.0510187 0
2.08 0.995 0.125105 0.0622032 0
2.085 0.995 0.128545 0.0736748 0
2.09 0.995 0.129756 0.072581 0
2.095 0.995 0.1453 0.0714697 0
2.1 0.995 0.122031 0.0591756 0
2.105 0.995 0.125279 0.060254 0
2.11 0.995 0.109507 0.0550932 0
2.115 0.995 0.134107 0.0734673 0
2.12 0.995 0.121019 0.0487455 0
2.125 0.995 0.112711 0.0650401 0
2.13 0.995 0.10445 0.0507237 0
2.135 0.995 0.130677 0.0590429 0
2.14 0.995 0.105137 0.060461 0
2.145 0.995 0.112829 0.0640392 0
2.15 0.995 0.135174 0.064352 0
2.155 0.995 0.141257 0.0674372 0
2.16 0.995 0.108062 0.0608162 0
2.165 0.995 0.126195 0.0678846 0
2.17 0.995 0.132185 0.0639003 0
2.175 0.995 0.126709 0.0769997 0
2.18 0.995 0.116352 0.0637802 0
2.185 0.995 0.122686 0.0656044 0
2.19 0.995 0.121205 0.0623939 0
2.195 0.995 0.141056 0.0683256 0
2.2 0.995 0.131013 0.0617763 0
2.205 0.995 0.142535 0.0810209 0
2.21 0.995 0.117404 0.0582487 0
2.215 0.995 0.131815 0.0747966 0
2.22 0.995 0.118496 0.06711 0
2.225 0.995 0.106279 0.0697097 0
2.23 0.995 0.113122 0.0558001 0
2.235 0.995 0.113386 0.0602614 0
2.24 0.995 0.137009 0.0760737 0
2.245 0.995 0.128465 0.0610052 0
2.25 0.995 0.123948 0.0700339 0
2.255 0.995 0.122641 0.0628101 0
2.26 0.995 0.130255 0.0685576 0
2.265 0.995 0.13352 0.0609052 0
2.27 0.995 0.118265 0.0561115 0
2.275 0.995 0.139582 0.0685012 0
2.28 0.995 0.1547 0.0716077 0
2.285 0.995 0.108798 0.0556548 0
2.29 0.995 0.127991 0.0724887 0
2.295 0.995 0.119766 0.0698135 0
2.3 0.995 0.148435 0.0771026 0
2.305 0.995 0.155733 0.0807631 0
2.31 0.995 0.120558 0.0580715 0
2.315 0.995 0.142701 0.0712666 0
2.32 0.995 0.136117 0.0645991 0
2.325 0.995 0.151536 0.0881478 0
2.33 0.995 0.124876 0.0618183 0
2.335 0.995 0.14373 0.0775722 0
2.34 0.995 0.141797 0.0608469 0
2.345 0.995 0.13645 0.0650214 0
2.35 0.995 0.149848 0.0735583 0
2.355 0.995 0.140478 0.0718356 0
2.36 0.995 0.147885 0.0681397 0
2.365 0.995 0.124041 0.0630802 0
2.37 0.995 0.137017 0.0721084 0
2.375 0.995 0.148311 0.0660843 0
2.38 0.995 0.149838 0.0718161 0
2.385 0.995 0.155777 0.0716014 0
2.39 0.995 0.146258 0.0770446 0
2.395 0.995 0.158402 0.0748856 0
2.4 0.995 0.124665 0.0761113 0
2.405 0.995 0.149209 0.0827715 0
2.41 0.995 0.138366 0.070764 0
2.415 0.995 0.147099 0.0747733 0
2.42 0.995 0.14702 0.0798812 0
2.425 0.995 0.152127 0.0709786 0
2.43 0.995 0.122863 0.05783 0
2.435 0.995 0.154358 0.0730636 0
2.44 0.995 0.152783 0.0740826 0
2.445 0.995 0.145441 0.0766067 0
2.45 0.995 0.168141 0.0943316 0
2.455 0.995 0.16598 0.0820838 0
2.46 0.995 0.149936 0.0962083 0
2.465 0.995 0.1336 0.0784549 0
2.47 0.995 0.154661 0.0807411 0
2.475 0.995 0.152685 0.0773887 0
2.48 0.995 0.173907 0.088277 0
2.485 0.995 0.176124 0.0841196 0
2.49 0.995 0.136547 0.0648356 0
2.495 0.995 0.160864 0.0765349 0
2.5 0.995 0.156114 0.0785567 0
2.505 0.995 0.148821 0.067094 0
2.51 0.995 0.138104 0.0679523 0
2.515 0.995 0.128892 0.0674567 0
2.52 0.995 0.171859 0.0835334 0
2.525 0.995 0.181749 0.101177 0
2.53 0.995 0.172829 0.0979627 0
2.535 0.995 0.158354 0.066138 0
2.54 0.995 0.163313 0.0778763 0
2.545 0.995 0.171718 0.0840884 0
2.55 0.995 0.182668 0.0922481 0
2.555 0.995 0.151845 0.0667344 0
2.56 0.995 0.14743 0.0722954 0
2.565 0.995 0.131037 0.0464973 0
2.57 0.995 0.188664 0.0893914 0
2.575 0.995 0.151866 0.0700268 0
2.58 0.995 0.163588 0.0759971 0
2.585 0.995 0.181133 0.0822068 0
2.59 0.995 0.149659 0.0778854 0
2.595 0.995 0.153213 0.0661636 0
2.6 0.995 0.160218 0.0746442 0
2.605 0.995 0.166098 0.0906713 0
2.61 0.995 0.165234 0.0770034 0
2.615 0.995 0.15712 0.0805403 0
2.62 0.995 0.167277 0.0851288 0
2.625 0.995 0.172271 0.0943191 0
2.63 0.995 0.15711 0.0847106 0
2.635 0.995 0.162406 0.0865381 0
2.64 0.995 0.154697 0.0811534 0
2.645 0.995 0.166136 0.0689907 0
2.65 1 0.160907 0.0751303 0
2.655 1 0.165387 0.0925271 0
2.66 1 0.16267 0.0790302 0
2.665 1 0.178925 0.0708573 0
2.67 1 0.184576 0.0886836 0
2.675 1 0.181122 0.0872693 0
2.68 1 0.172324 0.0877592 0
2.685 1 0.156171 0.0783618 0
2.69 1 0.192239 0.0987631 0
2.695 1 0.139592 0.0721339 0
2.7 1 0.177932 0.0870456 0
2.705 1 0.182062 0.0986052 0
2.71 1 0.143061 0.0879135 0
2.715 1 0.15803 0.0784309 0
2.72 1 0.185299 0.0859402 0
2.725 1 0.21596 0.0681925 0
2.73 1 0.181157 0.0745518 0
2.735 1 0.19988 0.0849339 0
2.74 1 0.191922 0.0794707 0
2.745 1 0.131985 0.0674991 0
2.75 1 0.17624 0.0847434 0
2.755 1 0.178187 0.0887028 0
2.76 1 0.182022 0.093148 0
2.765 1 0.196607 0.0945494 0
2.77 1 0.208352 0.0879607 0
2.775 1 0.177106 0.0867484 0
2.78 1 0.185297 0.0912965 0
2.785 1 0.191904 0.0809785 0
2.79 1 0.227565 0.0912423 0
2.795 1 0.196034 0.090059 0
2.8 1 0.227534 0.087023 0
2.805 1 0.181815 0.0861332 0
2.81 1 0.20947 0.077096 0
2.815 1 0.2286 0.0953189 0
2.82 1 0.221634 0.0891136 0
2.825 1 0.227842 0.0853957 0
2.83 1 0.233017 0.107333 0
2.835 1 0.213494 0.101627 0
2.84 1 0.226018 0.077757 0
2.845 1 0.200431 0.102488 0
2.85 1 0.208776 0.0904704 0
2.855 1 0.211038 0.0924431 0
2.86 1 0.190106 0.0723535 0
2.865 1 0.22842 0.101534 0
2.87 1 0.259018 0.110704 0
2.875 1 0.219973 0.110614 0
2.88 1 0.207435 0.0829427 0
2.885 1 0.18133 0.082503 0
2.89 1 0.225267 0.112209 0
2.895 1 0.198055 0.0737091 0
2.9 1 0.186285 0.088249 0
2.905 1 0.212124 0.0890577 0
2.91 1 0.207064 0.070196 0
2.915 1 0.203508 0.078732 0
2.92 1 0.197731 0.0916219 0
2.925 1 0.237364 0.0976944 0
2.93 1 0.196015 0.0919468 0
2.935 1 0.241878 0.0807429 0
2.94 1 0.22119 0.11192 0
2.945 1 0.265793 0.104419 0
2.95 1 0.281308 0.10247 0
2.955 1 0.273524 0.100731 0
2.96 1 0.234661 0.103048 0
2.965 1 0.242888 0.116851 0
2.97 1 0.33106 0.11193 0
2.975 1 0.286651 0.115525 0
2.98 1 0.226144 0.104611 0
2.985 1 0.276238 0.112817 0
2.99 1 0.262029 0.0939772 0
2.995 1 0.233163 0.10129 0
3 1 0.242007 0.0987441 0
3.005 1 0.229776 0.124295 0
3.01 1 0.277369 0.124668 0
3.015 1 0.241938 0.109472 0
3.02 1 0.31248 0.114603 0
3.025 1 0.254169 0.110091 0
3.03 1 0.252748 0.106776 0
3.035 1 0.281898 0.11768 0
3.04 1 0.231129 0.107746 0
3.045 1 0.234538 0.117582 0
3.05 1 0.27238 0.110177 0
3.055 1 0.284506 0.114562 0
3.06 1 0.303602 0.095913 0
3.065 1 0.31415 0.112045 0
3.07 1 0.333463 0.0943718 0
3.075 1 0.328088 0.089809 0
3.08 1 0.291543 0.124873 0
3.085 1 0.299722 0.115701 0
3.09 1 0.290741 0.110989 0
3.095 1 0.349078 0.113291 0
3.1 1 0.343243 0.100154 0
3.105 1 0.308759 0.119691 0
3.11 1 0.294271 0.11933 0
3.115 1 0.301092 0.106935 0
3.12 1 0.341529 0.109684 0
3.125 1 0.34579 0.100055 0
3.13 1 0.32787 0.124523 0
3.135 1 0.311976 0.12164 0
3.14 1 0.315231 0.119406 0
3.145 1 0.256901 0.108474 0
3.15 1 0.346198 0.106892 0
3.155 1 0.381437 0.109151 0
3.16 1 0.342636 0.109585 0
3.165 1 0.314463 0.121768 0
3.17 1 0.234707 0.109901 0
3.175 1 0.322671 0.0996346 0
3.18 1 0.381679 0.0806882 0
3.185 1 0.272182 0.122755 0
3.19 1 0.295388 0.118706 0
3.195 1 0.256294 0.0991142 0
3.2 1 0.3662 0.118727 0
3.205 1 0.352691 0.122329 0
3.21 1 0.362323 0.133199 0
3.215 1 0.377407 0.137434 0
3.22 1 0.329203 0.10288 0
3.225 1 0.3514 0.1218 0
3.23 1 0.40706 0.12628 0
3.235 1 0.472156 0.074759 0
3.24 1 0.504406 0.0582899 0
3.245 1 0.502682 0.0552335 0
3.25 1 0.459113 0.0839785 0
3.255 1 0.504901 0.0482906 0
3.26 1 0.510568 0.0554971 0
3.265 1 0.492889 0.0676869 0
3.27 1 0.490481 0.0775882 0
3.275 1 0.47483 0.0696607 0
3.28 1 0.488311 0.0731544 0
3.285 1 0.477591 0.0679736 0
3.29 1 0.473546 0.0644419 0
3.295 1 0.482099 0.0654574 0
3.3 1 0.492387 0.0747019 0
3.305 1 0.481919 0.0686787 0
3.31 1 0.497104 0.072747 0
3.315 1 0.501106 0.0721466 0
3.32 1 0.506524 0.0609843 0
3.325 1 0.514321 0.0561267 0
3.33 1 0.500975 0.0437187 0
3.335 1 0.509001 0.0645464 0
3.34 1 0.499371 0.0708908 0
3.345 1 0.487056 0.0502957 0
3.35 1 0.4972 0.0587501 0
3.355 1 0.491754 0.0666358 0
3.36 1 0.474801 0.0670245 0
3.365 1 0.505496 0.0493637 0
3.37 1 0.505896 0.0579266 0
3.375 1 0.512306 0.0821868 0
3.38 1 0.52586 0.0506534 0
3.385 1 0.515649 0.0524509 0
3.39 1 0.510325 0.0602651 0
3.395 1 0.513076 0.0728738 0
3.4 1 0.517538 0.051738 0
3.405 1 0.524127 0.0448861 0
3.41 1 0.510265 0.0553166 0
3.415 1 0.542367 0.0510374 0
3.42 1 0.546688 0.0585028 0
3.425 1 0.535334 0.0402977 0
3.43 1 0.541892 0.0595118 0
3.435 1 0.538221 0.0571208 0
3.44 1 0.540915 0.0566938 0
3.445 1 0.544779 0.0481804 0
3.45 1 0.522961 0.0590564 0
3.455 1 0.523359 0.0620526 0
3.46 1 0.529499 0.0586212 0
3.465 1 0.528951 0.0503286 0
3.47 1 0.530442 0.0608252 0
3.475 1 0.525329 0.0646944 0
3.48 1 0.52982 0.0553328 0
3.485 1 0.545151 0.0556486 0
3.49 1 0.539782 0.0543343 0
3.495 1 0.552957 0.0587989 0
3.5 1 0.534573 0.0715508 0
3.505 1 0.547784 0.0529666 0
3.51 1 0.531023 0.0693217 0
3.515 1 0.549362 0.0510241 0
3.52 1 0.540382 0.0634199 0
3.525 1 0.538337 0.0521915 0
3.53 1 0.554494 0.0600849 0
3.535 1 0.573745 0.0404398 0
3.54 1 0.565312 0.0688312 0
3.545 1 0.568477 0.0636881 0
3.55 1 0.573538 0.0521235 0
3.555 1 0.575795 0.0697184 0
3.56 1 0.577718 0.0646459 0
3.565 1 0.595696 0.0522659 0
3.57 1 0.588974 0.0395623 0
3.575 1 0.604838 0.0401813 0
3.58 1 0.60055 0.0467082 0
3.585 1 0.612158 0.0428519 0
3.59 1 0.612397 0.0413493 0
3.595 1 0.613013 0.0341021 0
3.6 1 0.62601 0.0336195 0
3.605 1 0.631995 0.0364879 0
3.61 1 0.631641 0.0390149 0
3.615 1 0.636183 0.0356623 0
3.62 1 0.638503 0.0318246 0
3.625 1 0.638366 0.0443283 0
3.63 1 0.63855 0.0356692 0
3.635 1 0.65404 0.0351007 0
3.64 1 0.671483 0.0250698 0
3.645 1 0.683369 0.0298866 0
3.65 1 0.672557 0.032071 0
3.655 1 0.674286 0.028581 0
3.66 1 0.682851 0.0216807 0
3.665 1 0.686019 0.0346078 0
3.67 1 0.67714 0.0260174 0
3.675 1 0.682438 0.0227552 0
3.68 1 0.68479 0.0239754 0
3.685 1 0.695667 0.0218964 0
3.69 1 0.694818 0.0234082 0
3.695 1 0.691928 0.0304392 0
3.7 1 0.69292 0.0249889 0
3.705 1 0.687184 0.0230503 0
3.71 1 0.689113 0.0269603 0
3.715 1 0.699627 0.0248764 0
3.72 1 0.698589 0.0248512 0
3.725 1 0.705626 0.0212198 0
3.73 1 0.71721 0.0213426 0
3.735 1 0.728903 0.0215924 0
3.74 1 0.727399 0.017679 0
3.745 1 0.730453 0.0156625 0
3.75 1 0.726972 0.0208173 0
3.755 1 0.72703 0.0157365 0
3.76 1 0.727639 0.0213709 0
3.765 1 0.729341 0.0189255 0
3.77 1 0.74115 0.0150137 0
3.775 1 0.738425 0.020655 0
3.78 1 0.73869 0.0211201 0
3.785 1 0.743465 0.0196083 0
3.79 1 0.740804 0.0167279 0
3.795 1 0.742479 0.0200552 0
3.8 1 0.750897 0.0154188 0
3.805 1 0.757904 0.0154283 0
3.81 1 0.758304 0.0201204 0
3.815 1 0.756555 0.0173114 0
3.82 1 0.758965 0.0147966 0
3.825 1 0.75984 0.0168309 0
3.83 1 0.760803 0.0159743 0
3.835 1 0.758996 0.0178411 0
3.84 1 0.760332 0.0183071 0
3.845 1 0.761639 0.0173327 0
3.85 1 0.761277 0.015279 0
3.855 1 0.767265 0.0159109 0
3.86 1 0.770465 0.0137016 0
3.865 1 0.770385 0.0145657 0
3.87 1 0.770735 0.0185446 0
3.875 1 0.770917 0.0166501 0
3.88 1 0.770477 0.0167999 0
3.885 1 0.772011 0.0154953 0
3.89 1 0.771792 0.0168066 0
3.895 1 0.772199 0.0170335 0
3.9 1 0.773252 0.0177569 0
3.905 1 0.7731 0.0171334 0
3.91 1 0.774415 0.0166088 0
3.915 1 0.779642 0.0140571 0
3.92 1 0.780321 0.0146913 0
3.925 1 0.78181 0.0149999 0
3.93 1 0.787457 0.0146268 0
3.935 1 0.788417 0.0164401 0
3.94 1 0.78989 0.0142948 0
3.945 1 0.788753 0.0132963 0
3.95 1 0.790067 0.0141976 0
3.955 1 0.790606 0.0145011 0
3.96 1 0.790829 0.0141288 0
3.965 1 0.791186 0.0143777 0
3.97 1 0.792235 0.0128896 0
3.975 1 0.794971 0.0151118 0
3.98 1 0.795834 0.0134223 0
3.985 1 0.795878 0.0148563 0
3.99 1 0.797613 0.0139845 0
3.995 1 0.798408 0.0143225 0
4 1 0.798786 0.0136567 0
4.005 1 0.798702 0.0155711 0
4.01 1 0.798928 0.0157425 0
4.015 1 0.798609 0.0127848 0
4.02 1 0.799371 0.0138919 0
4.025 1 0.800066 0.0118967 0
4.03 1 0.801336 0.014254 0
4.035 1 0.802572 0.0144354 0
4.04 1 0.802523 0.0160481 0
4.045 1 0.801623 0.0162691 0
4.05 1 0.803532 0.0137096 0
4.055 1 0.806424 0.0126876 0
4.06 1 0.805816 0.0133314 0
4.065 1 0.80644 0.0135014 0
4.07 1 0.809061 0.014169 0
4.075 1 0.81075 0.0121876 0
4.08 1 0.810874 0.0137831 0
4.085 1 0.811951 0.0154386 0
4.09 1 0.812393 0.0133151 0
4.095 1 0.81167 0.0120731 0
4.1 1 0.812203 0.0134905 0
4.105 1 0.812204 0.0132291 0
4.11 1 0.814695 0.0154387 0
4.115 1 0.820461 0.0144858 0
4.12 1 0.822453 0.0130689 0
4.125 1 0.822108 0.0112671 0
4.13 1 0.822962 0.0101697 0
4.135 1 0.823999 0.013178 0
4.14 1 0.824794 0.0118282 0
4.145 1 0.824727 0.0109622 0
4.15 1 0.826089 0.0124111 0
4.155 1 0.825592 0.0125714 0
4.16 1 0.828131 0.0119274 0
4.165 1 0.828557 0.0121668 0
4.17 1 0.830104 0.0116832 0
4.175 1 0.829569 0.0110089 0
4.18 1 0.829224 0.0108315 0
4.185 1 0.829708 0.0110634 0
4.19 1 0.82966 0.0121741 0
4.195 1 0.829664 0.0102136 0
4.2 1 0.829656 0.0128245 0
4.205 1 0.829318 0.0125881 0
4.21 1 0.828743 0.0107366 0
4.215 1 0.829527 0.0116017 0
4.22 1 0.829279 0.0112269 0
4.225 1 0.83028 0.0127946 0
4.23 1 0.83278 0.0104952 0
4.235 1 0.833494 0.0108391 0
4.24 1 0.832164 0.0113337 0
4.245 1 0.833401 0.0117137 0
4.25 1 0.83292 0.00879933 0
4.255 1 0.833433 0.010279 0
4.26 1 0.833837 0.0106552 0
4.265 1 0.834573 0.0118901 0
4.27 1 0.836666 0.0101902 0
4.275 1 0.837531 0.00985769 0
4.28 1 0.84429 0.0101938 0
4.285 1 0.844441 0.00997416 0
4.29 1 0.844 0.0102271 0
4.295 1 0.84377 0.00977991 0
4.3 1 0.844431 0.0101796 0
4.305 1 0.84381 0.00966378 0
4.31 1 0.845384 0.00919719 0
4.315 1 0.844806 0.00933794 0
4.32 1 0.845513 0.0091761 0
4.325 1 0.845174 0.0100592 0
4.33 1 0.847606 0.0094162 0
4.335 1 0.847781 0.0100055 0
4.34 1 0.849717 0.0102523 0
4.345 1 0.849738 0.0102135 0
4.35 1 0.851646 0.00969331 0
4.355 1 0.852623 0.00886785 0
4.36 1 0.854896 0.00953927 0
4.365 1 0.85786 0.00874803 0
4.37 1 0.858244 0.00739917 0
4.375 1 0.858568 0.0077223 0
4.38 1 0.864317 0.00526824 0
4.385 1 0.864852 0.00499137 0
4.39 1 0.865278 0.00518887 0
4.395 1 0.866091 0.00511362 0
4.4 1 0.866031 0.0049555 0
4.405 1 0.865953 0.00513518 0
4.41 1 0.866368 0.00511388 0
4.415 1 0.867464 0.00500192 0
4.42 1 0.867764 0.00518792 0
4.425 1 0.869193 0.00497266 0
4.43 1 0.869332 0.00520491 0
4.435 1 0.869337 0.00505002 0
4.44 1 0.872074 0.00506918 0
4.445 1 0.876019 0.00519504 0
4.45 1 0.876125 0.00496957 0
4.455 1 0.876174 0.00517652 0
4.46 1 0.876327 0.00497997 0
4.465 1 0.876506 0.0050983 0
4.47 1 0.877146 0.00497115 0
4.475 1 0.877916 0.00495801 0
4.48 1 0.877996 0.00465115 0
4.485 1 0.878447 0.00456879 0
4.49 1 0.878778 0.0044749 0
4.495 1 0.878785 0.0044985 0
4.5 1 0.878852 0.0046504 0
4.505 1 0.879319 0.00462486 0
4.51 1 0.879588 0.00462037 0
4.515 1 0.879825 0.00461399 0
4.52 1 0.879802 0.00461307 0
4.525 1 0.879771 0.00467726 0
4.53 1 0.879842 0.00465499 0
4.535 1 0.880088 0.0046502 0
4.54 1 0.881833 0.00467702 0
4.545 1 0.881811 0.00471957 0
4.55 1 0.881835 0.00473507 0
4.555 1 0.882756 0.00465642 0
4.56 1 0.884586 0.00442113 0
4.565 1 0.884555 0.00457917 0
4.57 1 0.884491 0.00468998 0
4.575 1 0.884805 0.00447916 0
4.58 1 0.884965 0.00455038 0
4.585 1 0.885035 0.00466435 0
4.59 1 0.885013 0.00458467 0
4.595 1 0.88506 0.00458776 0
4.6 1 0.885332 0.00465468 0
4.605 1 0.885386 0.00467697 0
4.61 1 0.885455 0.00465794 0
4.615 1 0.885633 0.00462022 0
4.62 1 0.885742 0.00465501 0
4.625 1 0.88574 0.00470975 0
4.63 1 0.886783 0.00467162 0
4.635 1 0.88674 0.00433678 0
4.64 1 0.88765 0.00441436 0
4.645 1 0.888684 0.00441121 0
4.65 1 0.888513 0.00462577 0
4.655 1 0.888902 0.00430436 0
4.66 1 0.889076 0.00450723 0
4.665 1 0.890051 0.00430494 0
4.67 1 0.890349 0.00468253 0
4.675 1 0.89015 0.00430691 0
4.68 1 0.890236 0.00443442 0
4.685 1 0.890723 0.00448883 0
4.69 1 0.890837 0.00432303 0
4.695 1 0.89079 0.00432504 0
4.7 1 0.891329 0.00439936 0
4.705 1 0.891565 0.0044083 0
4.71 1 0.891611 0.0044572 0
4.715 1 0.891531 0.00432136 0
4.72 1 0.891516 0.00428423 0
4.725 1 0.891625 0.00428785 0
4.73 1 0.891696 0.0042698 0
4.735 1 0.893683 0.0044173 0
4.74 1 0.895117 0.00438553 0
4.745 1 0.89521 0.00503131 0
4.75 1 0.895398 0.0041443 0
4.755 1 0.8959 0.003866 0
4.76 1 0.896618 0.00476505 0
4.765 1 0.896598 0.0049624 0
4.77 1 0.896579 0.00397651 0
4.775 1 0.896708 0.00398552 0
4.78 1 0.896604 0.00506834 0
4.785 1 0.89676 0.00411107 0
4.79 1 0.897171 0.00429584 0
4.795 1 0.897109 0.00423145 0
4.8 1 0.897702 0.00377725 0
4.805 1 0.897768 0.00498869 0
4.81 1 0.89774 0.00385352 0
4.815 1 0.899331 0.00430185 0
4.82 1 0.899519 0.00502726 0
4.825 1 0.898838 0.00419901 0
4.83 1 0.898862 0.00454148 0
4.835 1 0.899021 0.00447148 0
4.84 1 0.899206 0.00419705 0
4.845 1 0.899199 0.00411631 0
4.85 1 0.899271 0.00427725 0
4.855 1 0.899262 0.00446527 0
4.86 1 0.899325 0.00452576 0
4.865 1 0.899596 0.00449554 0
4.87 1 0.899595 0.00426063 0
4.875 1 0.899667 0.00418368 0
4.88 1 0.899872 0.00430379 0
4.885 1 0.901017 0.00448844 0
4.89 1 0.901118 0.00428702 0
4.895 1 0.902175 0.00427931 0
4.9 1 0.902545 0.0044564 0
4.905 1 0.903781 0.00425477 0
4.91 1 0.903917 0.00412097 0
4.915 1 0.904117 0.00436957 0
4.92 1 0.904294 0.00451532 0
4.925 1 0.905123 0.00439598 0
4.93 1 0.904724 0.00270549 0
4.935 1 0.905067 0.0027854 0
4.94 1 0.905692 0.00247058 0
4.945 1 0.90614 0.00247469 0
4.95 1 0.906105 0.00247282 0
4.955 1 0.906272 0.00249514 0
4.96 1 0.906269 0.00255928 0
4.965 1 0.906692 0.00260923 0
4.97 1 0.906787 0.00266244 0
4.975 1 0.906946 0.00266913 0
4.98 1 0.907068 0.00264373 0
4.985 1 0.906999 0.00255528 0
4.99 1 0.908826 0.00247108 0
4.995 1 0.909174 0.00243398 0
5 1 0.909343 0.00252489 0
