# Node_nr = 200
# K <r> sigma_r(sig not of average! divide by sqrt(n))
0 0.01 0.0840417 0.0360804 0
0.005 0.01 0.0667573 0.0315818 0
0.01 0.01 0.0589754 0.0278514 0
0.015 0.015 0.0603538 0.024479 0
0.02 0.015 0.0768023 0.0396325 0
0.025 0.015 0.0690316 0.0355733 0
0.03 0.015 0.0698476 0.0299462 0
0.035 0.015 0.0655192 0.0318023 0
0.04 0.015 0.0545876 0.0314388 0
0.045 0.015 0.0563507 0.0308507 0
0.05 0.015 0.0702005 0.0337021 0
0.055 0.015 0.0754389 0.0347119 0
0.06 0.015 0.0660528 0.0355875 0
0.065 0.015 0.0701946 0.032869 0
0.07 0.015 0.0566573 0.0278149 0
0.075 0.015 0.0582408 0.0325207 0
0.08 0.025 0.0684165 0.0386456 0
0.085 0.025 0.0787639 0.045017 0
0.09 0.025 0.0800536 0.0426519 0
0.095 0.025 0.0880023 0.0436781 0
0.1 0.025 0.067711 0.0361263 0
0.105 0.025 0.0633045 0.0306805 0
0.11 0.025 0.0717625 0.0509088 0
0.115 0.025 0.0719456 0.0331064 0
0.12 0.025 0.0824786 0.0419723 0
0.125 0.025 0.0644497 0.0274157 0
0.13 0.025 0.0728948 0.030412 0
0.135 0.025 0.0625785 0.0283806 0
0.14 0.025 0.0867802 0.0325171 0
0.145 0.025 0.0524425 0.0246293 0
0.15 0.025 0.067159 0.0335643 0
0.155 0.025 0.0730631 0.0302671 0
0.16 0.025 0.0664527 0.035604 0
0.165 0.025 0.0747307 0.0406307 0
0.17 0.025 0.0789722 0.0414734 0
0.175 0.025 0.0724081 0.0289727 0
0.18 0.025 0.0676734 0.0449174 0
0.185 0.025 0.102403 0.0420014 0
0.19 0.025 0.0621771 0.03002 0
0.195 0.025 0.0947654 0.0547408 0
0.2 0.025 0.0652692 0.0297769 0
0.205 0.025 0.0954831 0.0342268 0
0.21 0.025 0.103712 0.0417924 0
0.215 0.025 0.0767511 0.0433317 0
0.22 0.025 0.0705832 0.0424218 0
0.225 0.025 0.0894524 0.0389141 0
0.23 0.025 0.0793249 0.0421538 0
0.235 0.025 0.102812 0.0497761 0
0.24 0.025 0.0833168 0.0364685 0
0.245 0.025 0.0985124 0.0404132 0
0.25 0.035 0.0821396 0.0391956 0
0.255 0.035 0.0995057 0.0584376 0
0.26 0.035 0.0790607 0.0518029 0
0.265 0.035 0.0994576 0.0553337 0
0.27 0.035 0.0633402 0.0357921 0
0.275 0.035 0.0687987 0.0456367 0
0.28 0.035 0.0963036 0.0469433 0
0.285 0.035 0.0879778 0.0325028 0
0.29 0.045 0.109667 0.0573223 0
0.295 0.045 0.0985631 0.0748992 0
0.3 0.045 0.0984288 0.0388763 0
0.305 0.065 0.106129 0.0386212 0
0.31 0.065 0.092231 0.0371587 0
0.315 0.065 0.0903284 0.0562231 0
0.32 0.065 0.104257 0.0580073 0
0.325 0.07 0.111 0.0569089 0
0.33 0.1 0.110688 0.0538668 0
0.335 0.1 0.0886212 0.0407219 0
0.34 0.1 0.0979871 0.0543004 0
0.345 0.1 0.0909402 0.0413318 0
0.35 0.105 0.0882633 0.0400697 0
0.355 0.12 0.0901866 0.0393801 0
0.36 0.125 0.11481 0.0590269 0
0.365 0.125 0.0914543 0.0393442 0
0.37 0.125 0.172517 0.0543307 0
0.375 0.17 0.0735843 0.0385203 0
0.38 0.17 0.107449 0.0423007 0
0.385 0.19 0.134345 0.0600132 0
0.39 0.195 0.082614 0.0370563 0
0.395 0.195 0.0816748 0.0505336 0
0.4 0.2 0.0922978 0.0532902 0
0.405 0.2 0.0908535 0.0593819 0
0.41 0.2 0.125019 0.0706766 0
0.415 0.2 0.095544 0.0383482 0
0.42 0.2 0.127592 0.0487208 0
0.425 0.2 0.127495 0.0537082 0
0.43 0.2 0.088231 0.0442247 0
0.435 0.2 0.127633 0.0594764 0
0.44 0.2 0.0697973 0.0421402 0
0.445 0.2 0.100731 0.0493273 0
0.45 0.2 0.0852676 0.0521869 0
0.455 0.2 0.082105 0.0493996 0
0.46 0.2 0.121669 0.0479055 0
0.465 0.205 0.123856 0.0409945 0
0.47 0.21 0.103326 0.0434996 0
0.475 0.245 0.124479 0.0729227 0
0.48 0.245 0.144007 0.0555837 0
0.485 0.245 0.112477 0.0458479 0
0.49 0.25 0.120677 0.0710821 0
0.495 0.255 0.0986549 0.0547381 0
0.5 0.255 0.167289 0.0591103 0
0.505 0.255 0.0831031 0.0537844 0
0.51 0.255 0.103128 0.0467967 0
0.515 0.255 0.0953063 0.0551503 0
0.52 0.255 0.102247 0.0492672 0
0.525 0.255 0.101822 0.0547483 0
0.53 0.255 0.127039 0.0443338 0
0.535 0.255 0.130876 0.0480082 0
0.54 0.285 0.0860609 0.0320104 0
0.545 0.305 0.0946685 0.0424814 0
0.55 0.305 0.143073 0.0685574 0
0.555 0.315 0.120038 0.0495445 0
0.56 0.325 0.128287 0.0483515 0
0.565 0.325 0.162711 0.102377 0
0.57 0.325 0.138744 0.0445793 0
0.575 0.325 0.118661 0.0542419 0
0.58 0.325 0.153686 0.072426 0
0.585 0.325 0.12785 0.0799835 0
0.59 0.34 0.129716 0.0633889 0
0.595 0.34 0.123215 0.0581403 0
0.6 0.39 0.133045 0.0677921 0
0.605 0.39 0.151081 0.0676322 0
0.61 0.39 0.161468 0.0544752 0
0.615 0.39 0.0819192 0.0493379 0
0.62 0.41 0.135775 0.069064 0
0.625 0.41 0.128777 0.0465113 0
0.63 0.415 0.10975 0.0490417 0
0.635 0.425 0.150682 0.0990727 0
0.64 0.425 0.128488 0.0484928 0
0.645 0.425 0.113232 0.0445989 0
0.65 0.43 0.112326 0.0472789 0
0.655 0.44 0.124474 0.0670778 0
0.66 0.44 0.108852 0.0713471 0
0.665 0.445 0.0925505 0.0392201 0
0.67 0.445 0.100241 0.064419 0
0.675 0.45 0.102791 0.0643131 0
0.68 0.46 0.163165 0.110365 0
0.685 0.46 0.158 0.0850751 0
0.69 0.46 0.103578 0.0550684 0
0.695 0.46 0.106281 0.0453853 0
0.7 0.47 0.0701032 0.0319532 0
0.705 0.47 0.15286 0.076548 0
0.71 0.47 0.147668 0.0514923 0
0.715 0.475 0.150605 0.0772656 0
0.72 0.475 0.149789 0.0582375 0
0.725 0.48 0.140426 0.0776875 0
0.73 0.48 0.217641 0.0799873 0
0.735 0.485 0.143197 0.0618807 0
0.74 0.485 0.209684 0.0654437 0
0.745 0.545 0.16528 0.0804359 0
0.75 0.56 0.210056 0.0653524 0
0.755 0.56 0.221718 0.0760828 0
0.76 0.57 0.123147 0.0622877 0
0.765 0.57 0.142485 0.0587386 0
0.77 0.58 0.181365 0.0549357 0
0.775 0.58 0.227306 0.0734554 0
0.78 0.585 0.173771 0.0659297 0
0.785 0.59 0.213209 0.0678706 0
0.79 0.615 0.171203 0.0513175 0
0.795 0.615 0.136111 0.0379569 0
0.8 0.625 0.166008 0.0372954 0
0.805 0.635 0.140595 0.0436997 0
0.81 0.645 0.241215 0.0554851 0
0.815 0.685 0.277055 0.0977333 0
0.82 0.69 0.164253 0.0587781 0
0.825 0.7 0.235164 0.0622835 0
0.83 0.715 0.277035 0.098756 0
0.835 0.725 0.229147 0.0837073 0
0.84 0.735 0.255155 0.080169 0
0.845 0.74 0.306071 0.10186 0
0.85 0.745 0.266605 0.0791437 0
0.855 0.745 0.244296 0.0659475 0
0.86 0.745 0.191916 0.0428835 0
0.865 0.745 0.307077 0.091524 0
0.87 0.745 0.211938 0.0776074 0
0.875 0.745 0.212195 0.0727537 0
0.88 0.745 0.225907 0.079679 0
0.885 0.745 0.229238 0.0434147 0
0.89 0.75 0.271042 0.0991336 0
0.895 0.76 0.308001 0.119857 0
0.9 0.76 0.273448 0.0840451 0
0.905 0.765 0.273456 0.0804007 0
0.91 0.765 0.345424 0.0622632 0
0.915 0.765 0.275057 0.0563184 0
0.92 0.785 0.346355 0.0800638 0
0.925 0.785 0.393585 0.0860513 0
0.93 0.79 0.396996 0.0807204 0
0.935 0.795 0.259381 0.0827933 0
0.94 0.795 0.364373 0.057384 0
0.945 0.8 0.350357 0.109906 0
0.95 0.8 0.372927 0.0661553 0
0.955 0.805 0.371082 0.0707426 0
0.96 0.805 0.305935 0.0592618 0
0.965 0.81 0.418411 0.113361 0
0.97 0.83 0.452614 0.0754802 0
0.975 0.83 0.453028 0.0948008 0
0.98 0.83 0.455151 0.0771233 0
0.985 0.83 0.165279 0.059073 0
0.99 0.83 0.240064 0.0877743 0
0.995 0.835 0.430562 0.0807663 0
1 0.835 0.356415 0.0873226 0
1.005 0.845 0.290488 0.114718 0
1.01 0.845 0.407765 0.133958 0
1.015 0.85 0.517266 0.0823747 0
1.02 0.855 0.412619 0.0347201 0
1.025 0.855 0.530339 0.0992384 0
1.03 0.865 0.359694 0.160586 0
1.035 0.865 0.409316 0.0885529 0
1.04 0.87 0.510002 0.0916972 0
1.045 0.87 0.381157 0.0327098 0
1.05 0.87 0.608514 0.151004 0
1.055 0.87 0.620838 0.108291 0
1.06 0.87 0.623478 0.11906 0
1.065 0.87 0.654113 0.103262 0
1.07 0.87 0.46561 0.227773 0
1.075 0.87 0.63181 0.11646 0
1.08 0.87 0.634989 0.120384 0
1.085 0.87 0.620922 0.120524 0
1.09 0.875 0.510685 0.161129 0
1.095 0.875 0.609369 0.0589388 0
1.1 0.875 0.660506 0.0882519 0
1.105 0.875 0.635935 0.115118 0
1.11 0.875 0.41565 0.242894 0
1.115 0.875 0.647912 0.11165 0
1.12 0.875 0.612288 0.0825101 0
1.125 0.875 0.608045 0.121817 0
1.13 0.885 0.413395 0.260691 0
1.135 0.885 0.561127 0.221111 0
1.14 0.89 0.655366 0.134205 0
1.145 0.89 0.549475 0.213379 0
1.15 0.89 0.664039 0.130159 0
1.155 0.89 0.626565 0.182775 0
1.16 0.89 0.672255 0.131495 0
1.165 0.89 0.676078 0.106046 0
1.17 0.89 0.689699 0.124676 0
1.175 0.89 0.695081 0.098034 0
1.18 0.89 0.643086 0.0869328 0
1.185 0.89 0.720608 0.0983238 0
1.19 0.89 0.693696 0.10518 0
1.195 0.895 0.671434 0.110352 0
1.2 0.895 0.647664 0.149488 0
1.205 0.895 0.68469 0.113164 0
1.21 0.9 0.687219 0.105324 0
1.215 0.9 0.691274 0.104304 0
1.22 0.9 0.673355 0.130815 0
1.225 0.9 0.666978 0.180928 0
1.23 0.905 0.722044 0.121736 0
1.235 0.905 0.694799 0.139086 0
1.24 0.905 0.685624 0.122015 0
1.245 0.905 0.721569 0.100798 0
1.25 0.905 0.73204 0.10287 0
1.255 0.905 0.747934 0.10258 0
1.26 0.905 0.669379 0.169532 0
1.265 0.905 0.683573 0.169477 0
1.27 0.91 0.705258 0.130935 0
1.275 0.91 0.729151 0.177917 0
1.28 0.91 0.761434 0.113405 0
1.285 0.91 0.74583 0.133296 0
1.29 0.91 0.75584 0.118206 0
1.295 0.91 0.745092 0.188809 0
1.3 0.91 0.758485 0.167818 0
1.305 0.91 0.757051 0.0973804 0
1.31 0.91 0.755935 0.128391 0
1.315 0.915 0.725862 0.197191 0
1.32 0.915 0.738024 0.168351 0
1.325 0.915 0.802538 0.141456 0
1.33 0.92 0.778873 0.137724 0
1.335 0.92 0.783765 0.163705 0
1.34 0.92 0.794581 0.126621 0
1.345 0.92 0.791497 0.14659 0
1.35 0.92 0.826805 0.0973809 0
1.355 0.92 0.823203 0.0978593 0
1.36 0.92 0.786181 0.179724 0
1.365 0.92 0.804737 0.115332 0
1.37 0.92 0.840352 0.0845266 0
1.375 0.92 0.816309 0.0975078 0
1.38 0.92 0.810183 0.133533 0
1.385 0.92 0.753489 0.220049 0
1.39 0.92 0.825749 0.113535 0
1.395 0.92 0.803669 0.111249 0
1.4 0.92 0.81766 0.152098 0
1.405 0.92 0.829944 0.131579 0
1.41 0.92 0.782828 0.210955 0
1.415 0.92 0.828129 0.133134 0
1.42 0.92 0.823811 0.119128 0
1.425 0.92 0.786325 0.164339 0
1.43 0.92 0.770586 0.20779 0
1.435 0.92 0.81118 0.124409 0
1.44 0.92 0.818369 0.13111 0
1.445 0.93 0.839425 0.0957289 0
1.45 0.93 0.84005 0.113643 0
1.455 0.93 0.854801 0.0936771 0
1.46 0.93 0.815782 0.141501 0
1.465 0.93 0.845293 0.104494 0
1.47 0.93 0.811435 0.16215 0
1.475 0.93 0.837742 0.116383 0
1.48 0.93 0.822725 0.144569 0
1.485 0.93 0.817969 0.145266 0
1.49 0.93 0.818351 0.17045 0
1.495 0.93 0.781249 0.158778 0
1.5 0.93 0.820119 0.11788 0
1.505 0.93 0.806255 0.0880861 0
1.51 0.93 0.817478 0.182325 0
1.515 0.93 0.840607 0.119067 0
1.52 0.935 0.821437 0.167991 0
1.525 0.935 0.811711 0.145237 0
1.53 0.935 0.866266 0.102753 0
1.535 0.935 0.855399 0.14342 0
1.54 0.935 0.858753 0.106563 0
1.545 0.935 0.821965 0.116867 0
1.55 0.935 0.868419 0.123582 0
1.555 0.935 0.865841 0.0905754 0
1.56 0.935 0.856064 0.118578 0
1.565 0.94 0.841336 0.16155 0
1.57 0.94 0.870527 0.0731114 0
1.575 0.945 0.882428 0.0993256 0
1.58 0.945 0.845519 0.170078 0
1.585 0.945 0.814235 0.197154 0
1.59 0.945 0.854216 0.165287 0
1.595 0.95 0.857371 0.156543 0
1.6 0.95 0.86739 0.131298 0
1.605 0.95 0.876198 0.0964525 0
1.61 0.95 0.893817 0.108686 0
1.615 0.95 0.829036 0.215178 0
1.62 0.95 0.883551 0.137728 0
1.625 0.95 0.874637 0.152499 0
1.63 0.95 0.870436 0.138235 0
1.635 0.95 0.889576 0.11432 0
1.64 0.95 0.881603 0.144453 0
1.645 0.95 0.874337 0.126795 0
1.65 0.96 0.854384 0.179375 0
1.655 0.965 0.867296 0.177044 0
1.66 0.965 0.846891 0.226071 0
1.665 0.965 0.888037 0.153556 0
1.67 0.97 0.871463 0.185288 0
1.675 0.97 0.902796 0.116677 0
1.68 0.97 0.871885 0.171828 0
1.685 0.97 0.896529 0.144014 0
1.69 0.97 0.887994 0.159021 0
1.695 0.97 0.912431 0.083805 0
1.7 0.97 0.895889 0.123182 0
1.705 0.97 0.908411 0.103035 0
1.71 0.97 0.906199 0.120288 0
1.715 0.97 0.909607 0.0970087 0
1.72 0.97 0.910173 0.120439 0
1.725 0.97 0.895596 0.147343 0
1.73 0.97 0.911249 0.111928 0
1.735 0.97 0.907698 0.118454 0
1.74 0.97 0.921772 0.0890449 0
1.745 0.97 0.897048 0.159156 0
1.75 0.975 0.919927 0.129096 0
1.755 0.975 0.917907 0.128344 0
1.76 0.975 0.924914 0.1118 0
1.765 0.975 0.914918 0.113824 0
1.77 0.98 0.923889 0.127904 0
1.775 0.98 0.926946 0.10532 0
1.78 0.98 0.913848 0.148667 0
1.785 0.98 0.910975 0.157809 0
1.79 0.98 0.929284 0.0982256 0
1.795 0.98 0.92531 0.122658 0
1.8 0.98 0.902211 0.181382 0
1.805 0.98 0.921942 0.130646 0
1.81 0.98 0.939387 0.0963992 0
1.815 0.98 0.922942 0.130663 0
1.82 0.98 0.908167 0.170983 0
1.825 0.98 0.915611 0.164169 0
1.83 0.98 0.922277 0.133226 0
1.835 0.985 0.919784 0.143609 0
1.84 0.985 0.926666 0.123133 0
1.845 0.985 0.891172 0.202661 0
1.85 0.985 0.934471 0.137597 0