# Node_nr = 200
# K <r> sigma_r(sig not of average! divide by sqrt(n))
0 0.01 0.0673331 0.034175 0
0.005 0.01 0.067213 0.0322463 0
0.01 0.01 0.0631777 0.0330323 0
0.015 0.01 0.0589137 0.0319094 0
0.02 0.01 0.0664651 0.0331901 0
0.025 0.01 0.0626609 0.0303145 0
0.03 0.01 0.0669927 0.0312817 0
0.035 0.01 0.0641913 0.0339378 0
0.04 0.01 0.065978 0.0377178 0
0.045 0.01 0.0724272 0.0365898 0
0.05 0.015 0.0584158 0.0365442 0
0.055 0.015 0.0738453 0.0368262 0
0.06 0.015 0.0651035 0.0336453 0
0.065 0.015 0.066911 0.0314832 0
0.07 0.015 0.0619236 0.034433 0
0.075 0.015 0.0686562 0.0314796 0
0.08 0.015 0.0579824 0.0302861 0
0.085 0.015 0.0642622 0.0320534 0
0.09 0.015 0.0585494 0.0320972 0
0.095 0.02 0.0664609 0.0356803 0
0.1 0.02 0.0692301 0.0330322 0
0.105 0.02 0.0788958 0.0393847 0
0.11 0.02 0.0623265 0.0335903 0
0.115 0.02 0.0744434 0.0382496 0
0.12 0.02 0.0718215 0.0423555 0
0.125 0.02 0.0686335 0.0402071 0
0.13 0.02 0.0768539 0.0360925 0
0.135 0.02 0.0716327 0.0383339 0
0.14 0.02 0.0726146 0.0358043 0
0.145 0.02 0.0720053 0.0387407 0
0.15 0.02 0.0685974 0.0363825 0
0.155 0.02 0.0685422 0.0374135 0
0.16 0.02 0.0665238 0.0393237 0
0.165 0.02 0.0711384 0.0402722 0
0.17 0.02 0.0807774 0.041982 0
0.175 0.03 0.0833924 0.0454884 0
0.18 0.03 0.0708715 0.0421759 0
0.185 0.03 0.0860241 0.0445405 0
0.19 0.03 0.0753831 0.0367147 0
0.195 0.03 0.0768628 0.0360962 0
0.2 0.03 0.073389 0.0342686 0
0.205 0.03 0.0785857 0.0401544 0
0.21 0.03 0.0811547 0.0418983 0
0.215 0.035 0.0710792 0.0379065 0
0.22 0.035 0.0881532 0.0435276 0
0.225 0.035 0.0773551 0.0382673 0
0.23 0.035 0.0815391 0.0375969 0
0.235 0.035 0.102963 0.0460836 0
0.24 0.035 0.0715986 0.0393422 0
0.245 0.035 0.0734592 0.0338806 0
0.25 0.035 0.0800175 0.037899 0
0.255 0.035 0.0941964 0.040848 0
0.26 0.035 0.0779729 0.0434658 0
0.265 0.035 0.0853306 0.0412006 0
0.27 0.035 0.0784023 0.0430595 0
0.275 0.035 0.0650429 0.0330897 0
0.28 0.035 0.0837238 0.0408373 0
0.285 0.035 0.100297 0.0559582 0
0.29 0.035 0.0656813 0.0293071 0
0.295 0.035 0.0758027 0.0432638 0
0.3 0.035 0.0938014 0.0457979 0
0.305 0.035 0.0914995 0.0405732 0
0.31 0.035 0.0759113 0.0439719 0
0.315 0.035 0.087172 0.0396432 0
0.32 0.035 0.0711123 0.0389734 0
0.325 0.035 0.100066 0.0504663 0
0.33 0.035 0.0890521 0.0485987 0
0.335 0.035 0.0830319 0.0396221 0
0.34 0.035 0.0835536 0.044438 0
0.345 0.035 0.112176 0.0626462 0
0.35 0.035 0.0754245 0.0343613 0
0.355 0.035 0.106966 0.0516695 0
0.36 0.035 0.0714961 0.0378468 0
0.365 0.035 0.07044 0.0378596 0
0.37 0.035 0.0976929 0.0567449 0
0.375 0.035 0.0980402 0.0402366 0
0.38 0.035 0.0894642 0.0435324 0
0.385 0.035 0.0947726 0.045323 0
0.39 0.035 0.0978418 0.0519975 0
0.395 0.04 0.103332 0.0472143 0
0.4 0.04 0.0874339 0.0406697 0
0.405 0.045 0.129938 0.0589506 0
0.41 0.045 0.0869877 0.0456274 0
0.415 0.045 0.0817818 0.0417779 0
0.42 0.045 0.0898922 0.0402966 0
0.425 0.045 0.0884846 0.038941 0
0.43 0.045 0.10514 0.037762 0
0.435 0.045 0.109383 0.0423091 0
0.44 0.045 0.0674943 0.039084 0
0.445 0.045 0.0894679 0.0459781 0
0.45 0.045 0.082127 0.0390702 0
0.455 0.045 0.107385 0.0411126 0
0.46 0.045 0.114461 0.0502299 0
0.465 0.05 0.109788 0.0470545 0
0.47 0.05 0.0922722 0.0443433 0
0.475 0.05 0.110657 0.0608547 0
0.48 0.05 0.0993899 0.043385 0
0.485 0.05 0.143308 0.0748443 0
0.49 0.05 0.134192 0.0494446 0
0.495 0.05 0.0923963 0.0397786 0
0.5 0.05 0.112429 0.0439808 0
0.505 0.05 0.0877264 0.0519565 0
0.51 0.05 0.129102 0.0622409 0
0.515 0.05 0.154361 0.081331 0
0.52 0.05 0.0878165 0.0529716 0
0.525 0.05 0.0945238 0.0417227 0
0.53 0.05 0.109628 0.0505332 0
0.535 0.07 0.116193 0.0721084 0
0.54 0.07 0.111893 0.0630709 0
0.545 0.07 0.0975109 0.0562466 0
0.55 0.07 0.0831789 0.0501626 0
0.555 0.07 0.13664 0.0691755 0
0.56 0.07 0.142545 0.0780022 0
0.565 0.07 0.12118 0.0648442 0
0.57 0.07 0.08183 0.0438523 0
0.575 0.07 0.0955245 0.0338584 0
0.58 0.07 0.126223 0.0501661 0
0.585 0.07 0.128705 0.0572701 0
0.59 0.07 0.138289 0.078448 0
0.595 0.07 0.129204 0.0485296 0
0.6 0.07 0.160411 0.0598892 0
0.605 0.1 0.14101 0.082707 0
0.61 0.1 0.208585 0.0657674 0
0.615 0.1 0.214476 0.0744165 0
0.62 0.115 0.17397 0.0763777 0
0.625 0.115 0.117632 0.0611219 0
0.63 0.115 0.168781 0.0814556 0
0.635 0.115 0.18684 0.0765219 0
0.64 0.12 0.162483 0.0860694 0
0.645 0.12 0.119038 0.0527681 0
0.65 0.12 0.172208 0.0444453 0
0.655 0.12 0.185913 0.0887049 0
0.66 0.12 0.138936 0.0652374 0
0.665 0.12 0.196424 0.0765046 0
0.67 0.125 0.143727 0.0927885 0
0.675 0.125 0.17357 0.107559 0
0.68 0.125 0.225216 0.107516 0
0.685 0.13 0.177284 0.0794086 0
0.69 0.13 0.203902 0.103592 0
0.695 0.135 0.141017 0.0801637 0
0.7 0.135 0.191759 0.0795772 0
0.705 0.135 0.116902 0.062612 0
0.71 0.135 0.246057 0.0995166 0
0.715 0.135 0.191188 0.0880081 0
0.72 0.135 0.165175 0.0862324 0
0.725 0.135 0.221209 0.123532 0
0.73 0.135 0.231356 0.0621863 0
0.735 0.265 0.159938 0.0703427 0
0.74 0.265 0.177086 0.0585274 0
0.745 0.265 0.177795 0.07114 0
0.75 0.265 0.125423 0.0428029 0
0.755 0.265 0.136589 0.0856194 0
0.76 0.265 0.147021 0.0678763 0
0.765 0.265 0.178796 0.0814035 0
0.77 0.265 0.177656 0.0940192 0
0.775 0.265 0.166774 0.0616721 0
0.78 0.265 0.23975 0.0886268 0
0.785 0.265 0.25663 0.110337 0
0.79 0.27 0.273696 0.084558 0
0.795 0.27 0.240538 0.0942864 0
0.8 0.27 0.19578 0.0723114 0
0.805 0.27 0.299879 0.0868478 0
0.81 0.28 0.14498 0.0680849 0
0.815 0.28 0.20758 0.0659373 0
0.82 0.28 0.227049 0.0620819 0
0.825 0.355 0.255424 0.0347658 0
0.83 0.355 0.0854115 0.0524854 0
0.835 0.355 0.175668 0.0905353 0
0.84 0.36 0.307724 0.0757905 0
0.845 0.36 0.246066 0.10558 0
0.85 0.36 0.198561 0.0524198 0
0.855 0.36 0.143515 0.0811928 0
0.86 0.36 0.201399 0.103675 0
0.865 0.36 0.327034 0.0610427 0
0.87 0.36 0.33436 0.0492721 0
0.875 0.36 0.370298 0.0675244 0
0.88 0.36 0.344218 0.0634742 0
0.885 0.36 0.37123 0.0678647 0
0.89 0.585 0.328657 0.070008 0
0.895 0.585 0.350368 0.065318 0
0.9 0.585 0.284767 0.0723465 0
0.905 0.585 0.365898 0.0860703 0
0.91 0.59 0.364486 0.0629829 0
0.915 0.6 0.382273 0.0542111 0
0.92 0.6 0.35781 0.0810403 0
0.925 0.7 0.374904 0.0731751 0
0.93 0.7 0.362309 0.0929956 0
0.935 0.7 0.409516 0.0638338 0
0.94 0.7 0.349227 0.0607876 0
0.945 0.7 0.323334 0.0597294 0
0.95 0.705 0.374244 0.0790928 0
0.955 0.705 0.446059 0.0585804 0
0.96 0.72 0.440181 0.0806197 0
0.965 0.72 0.426056 0.064581 0
0.97 0.82 0.48328 0.0304444 0
0.975 0.82 0.507301 0.0257933 0
0.98 0.82 0.533384 0.0335228 0
0.985 0.825 0.520318 0.0426847 0
0.99 0.835 0.499786 0.0212424 0
0.995 0.875 0.502311 0.0208356 0
1 0.885 0.51885 0.034023 0
1.005 0.885 0.548024 0.0258078 0
1.01 0.89 0.576538 0.0249629 0
1.015 0.89 0.527173 0.0243832 0
1.02 0.89 0.535591 0.0249908 0
1.025 0.905 0.609253 0.0306921 0
1.03 0.92 0.641951 0.0171698 0
1.035 0.92 0.636597 0.0171551 0
1.04 0.92 0.630255 0.0187479 0
1.045 0.92 0.671072 0.0175117 0
1.05 0.93 0.691053 0.0188625 0
1.055 0.935 0.695575 0.019388 0
1.06 0.935 0.701915 0.0164822 0
1.065 0.935 0.71115 0.0208257 0
1.07 0.935 0.714521 0.0170728 0
1.075 0.935 0.738504 0.0185119 0
1.08 0.945 0.707389 0.0206249 0
1.085 0.955 0.715854 0.0160401 0
1.09 0.96 0.724793 0.0161034 0
1.095 0.96 0.734346 0.0171079 0
1.1 0.96 0.733606 0.0159635 0
1.105 0.96 0.761161 0.0191856 0
1.11 0.96 0.765214 0.0160884 0
1.115 0.96 0.779744 0.0177454 0
1.12 0.96 0.783649 0.0159218 0
1.125 0.96 0.781211 0.0165544 0
1.13 0.96 0.784594 0.0166834 0
1.135 0.96 0.79522 0.0170494 0
1.14 0.96 0.79586 0.0172684 0
1.145 0.96 0.795444 0.0167462 0
1.15 0.96 0.804172 0.0167912 0
1.155 0.98 0.798392 0.00582017 0
1.16 0.98 0.796436 0.00857483 0
1.165 0.99 0.809378 0.00587192 0
1.17 0.99 0.807837 0.00321491 0
1.175 0.99 0.815622 0.00704312 0
1.18 0.99 0.818054 0.00149126 0
1.185 0.99 0.831101 0.00792305 0
1.19 0.99 0.834789 0.00223166 0
1.195 0.99 0.832033 0.00589867 0
1.2 0.99 0.832244 0.00411185 0
1.205 0.99 0.841855 0.00493013 0
1.21 0.99 0.844588 0.00600959 0
1.215 0.99 0.851914 0.00319642 0
1.22 0.99 0.852279 0.0064107 0
1.225 0.99 0.854968 0.00159639 0
1.23 0.99 0.86051 0.00648736 0
1.235 0.99 0.862861 0.00255153 0
1.24 0.99 0.862264 0.00639045 0
1.245 0.99 0.863711 0.00411457 0
1.25 0.99 0.865392 0.00465059 0
1.255 0.99 0.864159 0.00584905 0
1.26 0.99 0.867096 0.00254464 0
1.265 0.99 0.867968 0.00697235 0
1.27 0.99 0.870258 0.0012736 0
1.275 0.99 0.877327 0.00659312 0
1.28 0.99 0.877797 0.00263854 0
1.285 0.99 0.879794 0.00560717 0
1.29 0.99 0.882073 0.00467049 0
1.295 0.99 0.883738 0.00446591 0
1.3 0.99 0.900916 0.00599407 0
1.305 0.99 0.901822 0.00259886 0
1.31 0.99 0.903857 0.00651074 0
1.315 0.99 0.904431 0.00138698 0
1.32 0.99 0.905159 0.0068079 0
1.325 0.99 0.904965 0.00289988 0
1.33 0.99 0.908604 0.00594635 0
1.335 0.99 0.910765 0.00474485 0
1.34 0.995 0.915096 0.00344008 0
1.345 0.995 0.914924 0.00350555 0
1.35 0.995 0.914727 0.0034649 0
1.355 0.995 0.915794 0.00347252 0
1.36 0.995 0.915784 0.00340766 0
1.365 0.995 0.918999 0.00343312 0
1.37 0.995 0.919343 0.00341139 0
1.375 1 0.922938 0.00113999 0
1.38 1 0.924267 9.08227e-05 0
1.385 1 0.924391 1.47206e-05 0
1.39 1 0.925723 0.000174576 0
1.395 1 0.92671 5.63091e-05 0
1.4 1 0.926647 1.61647e-05 0
1.405 1 0.927092 4.57318e-05 0
1.41 1 0.931731 0.000555818 0
1.415 1 0.940763 0.000656376 0
1.42 1 0.940886 4.52097e-07 0
1.425 1 0.94093 9.73345e-06 0
1.43 1 0.941289 2.90951e-05 0
1.435 1 0.941938 7.08993e-05 0
1.44 1 0.941791 1.89172e-05 0
1.445 1 0.943695 0.000109258 0
1.45 1 0.943821 1.63142e-05 0
1.455 1 0.944363 1.89158e-05 0
1.46 1 0.94442 1.00554e-05 0
1.465 1 0.944767 3.55624e-05 0
1.47 1 0.944743 2.46555e-06 0
1.475 1 0.944931 1.85602e-05 0
1.48 1 0.944948 2.39837e-06 0
1.485 1 0.9452 1.8589e-05 0
1.49 1 0.948388 0.000243412 0
1.495 1 0.948348 1.31963e-05 0
1.5 1 0.948238 1.36327e-05 0
