# Relevant parameters to reproduce this network:
# node_nr=200	 k_max=20
# initial_seed=1557414222	 delta_t=0.01	 max_steps=3000	 in_between=10
# fg_m=1	 fg_alpha=0	 fg_t_min=0	 fg_t_max=2	 fg_t_number=400	 fg_weff_lower_frequency=-1e+08	 fg_weff_max_steps=3000	 fg_weff_in_between=10
# K Giant_component <r> sigma_r*sqrt(NODE_NR) clustering
0 0.01 0.0577091 0.0271581 0
0.005 0.01 0.0575525 0.030142 0
0.01 0.01 0.060339 0.0354152 0
0.015 0.01 0.062745 0.033996 0
0.02 0.01 0.07014 0.0354029 0
0.025 0.01 0.0645174 0.0361307 0
0.03 0.01 0.0612616 0.0310851 0
0.035 0.01 0.0610539 0.0315162 0
0.04 0.01 0.0587178 0.0348173 0
0.045 0.01 0.0673844 0.0345405 0
0.05 0.01 0.0622227 0.0326421 0
0.055 0.01 0.0685737 0.0308238 0
0.06 0.015 0.073974 0.038452 0
0.065 0.015 0.0647543 0.0322027 0
0.07 0.015 0.0625066 0.0349456 0
0.075 0.015 0.07116 0.0349017 0
0.08 0.015 0.0608106 0.0306747 0
0.085 0.015 0.0586144 0.0316511 0
0.09 0.015 0.0695278 0.0319963 0
0.095 0.015 0.0713403 0.0353341 0
0.1 0.015 0.0677578 0.0340057 0
0.105 0.015 0.0705378 0.0386281 0
0.11 0.015 0.0776562 0.0387425 0
0.115 0.015 0.0697914 0.03645 0
0.12 0.015 0.0697866 0.038379 0
0.125 0.015 0.069359 0.0447309 0
0.13 0.015 0.0764611 0.0362841 0
0.135 0.015 0.0723156 0.037847 0
0.14 0.015 0.0645854 0.0295151 0
0.145 0.015 0.0767934 0.0340221 0
0.15 0.015 0.0780499 0.0400644 0
0.155 0.015 0.0639747 0.0362978 0
0.16 0.02 0.0734262 0.0404801 0
0.165 0.02 0.0796251 0.033203 0
0.17 0.02 0.0845633 0.0393322 0
0.175 0.02 0.0794578 0.0380572 0
0.18 0.02 0.0749582 0.0371472 0
0.185 0.02 0.0701733 0.0359017 0
0.19 0.02 0.0874389 0.0446971 0
0.195 0.02 0.0832026 0.0408565 0
0.2 0.02 0.0698971 0.0408376 0
0.205 0.02 0.0725996 0.0383253 0
0.21 0.03 0.0788283 0.0359132 0
0.215 0.03 0.0768486 0.0378121 0
0.22 0.03 0.0892698 0.0466617 0
0.225 0.03 0.0758421 0.0405203 0
0.23 0.04 0.0919321 0.040114 0
0.235 0.04 0.0882712 0.0460996 0
0.24 0.04 0.0964048 0.0431472 0
0.245 0.04 0.0824774 0.042328 0
0.25 0.04 0.0992265 0.0490797 0
0.255 0.04 0.0861595 0.044045 0
0.26 0.04 0.079222 0.0450382 0
0.265 0.05 0.0983186 0.0451511 0
0.27 0.055 0.085776 0.0412271 0
0.275 0.055 0.0778994 0.0403136 0
0.28 0.055 0.0808159 0.0414849 0
0.285 0.055 0.0910592 0.0373168 0
0.29 0.055 0.113418 0.0560418 0
0.295 0.055 0.101331 0.0457206 0
0.3 0.055 0.111192 0.0549838 0
0.305 0.055 0.10893 0.0637508 0
0.31 0.055 0.092728 0.046884 0
0.315 0.055 0.104271 0.0498818 0
0.32 0.055 0.0933139 0.0581081 0
0.325 0.06 0.0918653 0.0457923 0
0.33 0.06 0.113701 0.0507826 0
0.335 0.06 0.0907217 0.0420425 0
0.34 0.06 0.0828644 0.0443173 0
0.345 0.065 0.119198 0.0480603 0
0.35 0.08 0.0843594 0.0429881 0
0.355 0.09 0.11313 0.0512001 0
0.36 0.09 0.1188 0.0509819 0
0.365 0.09 0.0955965 0.0529783 0
0.37 0.095 0.124213 0.0557099 0
0.375 0.095 0.119716 0.0545971 0
0.38 0.105 0.134847 0.0593956 0
0.385 0.105 0.144676 0.0615586 0
0.39 0.105 0.108739 0.0543884 0
0.395 0.105 0.143657 0.0695598 0
0.4 0.105 0.123194 0.0499575 0
0.405 0.105 0.14456 0.0581626 0
0.41 0.105 0.135001 0.0485392 0
0.415 0.105 0.136045 0.063597 0
0.42 0.125 0.147587 0.0606009 0
0.425 0.13 0.15125 0.057531 0
0.43 0.14 0.149803 0.0647592 0
0.435 0.14 0.174983 0.0796264 0
0.44 0.14 0.155742 0.0585112 0
0.445 0.14 0.167809 0.068717 0
0.45 0.14 0.174805 0.0668632 0
0.455 0.155 0.155248 0.0675143 0
0.46 0.155 0.1583 0.0676624 0
0.465 0.155 0.150978 0.0524162 0
0.47 0.155 0.171635 0.0700333 0
0.475 0.155 0.182748 0.0608105 0
0.48 0.155 0.142727 0.0617267 0
0.485 0.155 0.164726 0.0640972 0
0.49 0.165 0.181535 0.0587889 0
0.495 0.185 0.185606 0.0649898 0
0.5 0.185 0.185189 0.0761036 0
0.505 0.185 0.158564 0.0677145 0
0.51 0.185 0.182215 0.0737976 0
0.515 0.19 0.188299 0.0757469 0
0.52 0.195 0.207615 0.0767707 0
0.525 0.205 0.21225 0.0647523 0
0.53 0.205 0.201776 0.0759088 0
0.535 0.205 0.214152 0.0800205 0
0.54 0.205 0.224681 0.069289 0
0.545 0.215 0.210804 0.0691392 0
0.55 0.215 0.225242 0.0688674 0
0.555 0.215 0.193699 0.0758476 0
0.56 0.215 0.206279 0.082407 0
0.565 0.215 0.217954 0.0664225 0
0.57 0.215 0.224838 0.089186 0
0.575 0.31 0.264661 0.0738255 0
0.58 0.31 0.245028 0.0714308 0
0.585 0.32 0.285121 0.0605 0
0.59 0.335 0.31231 0.0588976 0
0.595 0.34 0.290131 0.0782181 0
0.6 0.34 0.314359 0.0687909 0
0.605 0.355 0.300028 0.0582671 0
0.61 0.38 0.285074 0.0647972 0
0.615 0.38 0.279198 0.0537006 0
0.62 0.4 0.377778 0.0559676 0
0.625 0.4 0.388896 0.0681825 0
0.63 0.41 0.377521 0.0637647 0
0.635 0.41 0.370166 0.0709813 0
0.64 0.45 0.426181 0.0612407 0
0.645 0.45 0.442654 0.058589 0
0.65 0.45 0.433646 0.062117 0
0.655 0.46 0.443975 0.05865 0
0.66 0.465 0.451285 0.0509749 0
0.665 0.48 0.460188 0.0533295 0
0.67 0.49 0.462711 0.052796 0
0.675 0.495 0.478178 0.0515297 0
0.68 0.5 0.468192 0.0535437 0
0.685 0.505 0.469237 0.0458094 0
0.69 0.51 0.463095 0.0549331 0
0.695 0.51 0.45813 0.0443269 0
0.7 0.515 0.444961 0.0566843 0
0.705 0.515 0.445786 0.060927 0
0.71 0.53 0.456187 0.0572228 0
0.715 0.53 0.500643 0.0536956 0
0.72 0.53 0.500469 0.0527305 0
0.725 0.535 0.507205 0.060386 0
0.73 0.535 0.506181 0.0543067 0
0.735 0.54 0.513099 0.0563587 0
0.74 0.54 0.515958 0.060728 0
0.745 0.54 0.5162 0.0710822 0
0.75 0.545 0.533938 0.0745466 0
0.755 0.55 0.527053 0.0564587 0
0.76 0.55 0.530846 0.0647958 0
0.765 0.605 0.478385 0.0452327 0
0.77 0.605 0.542308 0.0587003 0
0.775 0.605 0.566424 0.0569715 0
0.78 0.605 0.561283 0.0532965 0
0.785 0.605 0.598605 0.0577412 0
0.79 0.605 0.593479 0.0633006 0
0.795 0.605 0.597968 0.0539008 0
0.8 0.61 0.604531 0.0592514 0
0.805 0.61 0.59878 0.0643512 0
0.81 0.615 0.606162 0.0686576 0
0.815 0.675 0.651528 0.0455295 0
0.82 0.68 0.656407 0.047734 0
0.825 0.68 0.667197 0.045003 0
0.83 0.68 0.668643 0.0492517 0
0.835 0.725 0.6691 0.0320074 0
0.84 0.725 0.681863 0.0386524 0
0.845 0.73 0.688359 0.0307532 0
0.85 0.75 0.709168 0.0317798 0
0.855 0.75 0.715171 0.0293514 0
0.86 0.75 0.713481 0.0390166 0
0.865 0.75 0.716648 0.027132 0
0.87 0.75 0.720696 0.0326824 0
0.875 0.75 0.729813 0.0240662 0
0.88 0.75 0.723519 0.0350317 0
0.885 0.75 0.7206 0.0300684 0
0.89 0.75 0.729084 0.0291083 0
0.895 0.755 0.738672 0.0281209 0
0.9 0.76 0.739594 0.0375692 0
0.905 0.76 0.734704 0.0306272 0
0.91 0.785 0.746015 0.0231204 0
0.915 0.785 0.751995 0.0264045 0
0.92 0.79 0.75216 0.0278925 0
0.925 0.79 0.763941 0.0285102 0
0.93 0.79 0.762195 0.0262056 0
0.935 0.795 0.767189 0.0229502 0
0.94 0.8 0.771715 0.0175593 0
0.945 0.8 0.77127 0.0281044 0
0.95 0.8 0.772975 0.0266276 0
0.955 0.81 0.779432 0.0288606 0
0.96 0.82 0.789773 0.02453 0
0.965 0.82 0.794155 0.0241943 0
0.97 0.825 0.799298 0.0267715 0
0.975 0.83 0.803129 0.0203647 0
0.98 0.835 0.808172 0.0241927 0
0.985 0.845 0.814912 0.0193498 0
0.99 0.85 0.819018 0.0222072 0
0.995 0.855 0.825693 0.0204531 0
1 0.855 0.831827 0.0183258 0
1.005 0.865 0.834101 0.0157773 0
1.01 0.865 0.833652 0.018201 0
1.015 0.865 0.841327 0.0211436 0
1.02 0.87 0.84753 0.0158531 0
1.025 0.87 0.848413 0.0217913 0
1.03 0.87 0.849995 0.0204636 0
1.035 0.87 0.846377 0.0168223 0
1.04 0.87 0.848964 0.0179217 0
1.045 0.87 0.850453 0.0206079 0
1.05 0.87 0.851357 0.0198461 0
1.055 0.875 0.856616 0.0172435 0
1.06 0.875 0.858056 0.0174274 0
1.065 0.88 0.8624 0.0208678 0
1.07 0.88 0.862807 0.0139337 0
1.075 0.88 0.862409 0.0202619 0
1.08 0.88 0.862629 0.0149212 0
1.085 0.88 0.863783 0.0222682 0
1.09 0.885 0.868543 0.0185598 0
1.095 0.89 0.872648 0.0194036 0
1.1 0.89 0.877147 0.0164262 0
1.105 0.89 0.877801 0.0162462 0
1.11 0.89 0.877924 0.0194951 0
1.115 0.895 0.882116 0.0153163 0
1.12 0.895 0.883389 0.0154847 0
1.125 0.895 0.883548 0.0144606 0
1.13 0.9 0.888036 0.0222003 0
1.135 0.91 0.898398 0.0158311 0
1.14 0.91 0.898256 0.0156388 0
1.145 0.91 0.896705 0.0190093 0
1.15 0.915 0.90