# Relevant parameters to reproduce this network:
# node_nr=200	 k_max=20
# initial_seed=1557414222	 delta_t=0.1	 max_steps=3000	 in_between=0
# fg_m=1	 fg_alpha=-1	 fg_t_min=0	 fg_t_max=1.5	 fg_t_number=300	 fg_weff_lower_frequency=-1e+08	 fg_weff_max_steps=3000	 fg_weff_in_between=0
# K Giant_component <r> sigma_r*sqrt(NODE_NR) clustering
0 0.01 0.0567762 0.0302041 0
0.005 0.01 0.0610547 0.0320046 0
0.01 0.01 0.0570763 0.0296461 0
0.015 0.01 0.0667993 0.0358768 0
0.02 0.01 0.0657944 0.0328146 0
0.025 0.01 0.0621581 0.0346024 0
0.03 0.01 0.0660571 0.0344802 0
0.035 0.01 0.0727153 0.0380067 0
0.04 0.01 0.0693666 0.032598 0
0.045 0.01 0.0630154 0.0289418 0
0.05 0.01 0.0658293 0.0340684 0
0.055 0.01 0.0698396 0.0364189 0
0.06 0.01 0.0621696 0.033011 0
0.065 0.01 0.0704827 0.0318857 0
0.07 0.01 0.0681798 0.0328442 0
0.075 0.01 0.0632928 0.0321096 0
0.08 0.01 0.0601332 0.0377445 0
0.085 0.01 0.073796 0.0379619 0
0.09 0.01 0.067491 0.0389997 0
0.095 0.01 0.0697698 0.0320483 0
0.1 0.015 0.0715742 0.0350143 0
0.105 0.015 0.0753111 0.0407922 0
0.11 0.015 0.0761615 0.0362994 0
0.115 0.015 0.0718911 0.0343466 0
0.12 0.015 0.0767077 0.0358229 0
0.125 0.015 0.0723076 0.0329736 0
0.13 0.015 0.0701539 0.0337336 0
0.135 0.015 0.078201 0.0365092 0
0.14 0.015 0.0722278 0.038022 0
0.145 0.015 0.0780071 0.042368 0
0.15 0.015 0.0711489 0.0367802 0
0.155 0.015 0.0729867 0.0369158 0
0.16 0.02 0.0740552 0.0380256 0
0.165 0.02 0.0730939 0.0323018 0
0.17 0.02 0.0747469 0.0409359 0
0.175 0.02 0.0732184 0.0354467 0
0.18 0.02 0.0773264 0.0399377 0
0.185 0.02 0.0813382 0.0423201 0
0.19 0.02 0.0870746 0.0380463 0
0.195 0.02 0.071217 0.0353508 0
0.2 0.035 0.0874395 0.041633 0
0.205 0.035 0.0840301 0.0447081 0
0.21 0.045 0.0757929 0.0369591 0
0.215 0.045 0.0871531 0.0415435 0
0.22 0.045 0.0842033 0.0457925 0
0.225 0.045 0.0797795 0.0400894 0
0.23 0.045 0.0964666 0.0514961 0
0.235 0.045 0.0880973 0.046851 0
0.24 0.045 0.0891788 0.035277 0
0.245 0.045 0.0863994 0.0416909 0
0.25 0.045 0.0887502 0.0476225 0
0.255 0.045 0.0834651 0.0426254 0
0.26 0.045 0.0873296 0.0422732 0
0.265 0.045 0.0818737 0.0431026 0
0.27 0.045 0.0844265 0.0415552 0
0.275 0.045 0.0701205 0.0425517 0
0.28 0.05 0.0791079 0.0426186 0
0.285 0.05 0.0913095 0.0423671 0
0.29 0.05 0.0938606 0.0399962 0
0.295 0.05 0.0832227 0.0480042 0
0.3 0.05 0.0918329 0.0471438 0
0.305 0.05 0.0918132 0.0506624 0
0.31 0.05 0.0803199 0.0422427 0
0.315 0.05 0.091669 0.0518921 0
0.32 0.055 0.0958801 0.0533634 0
0.325 0.055 0.0941106 0.0492838 0
0.33 0.065 0.0989233 0.0590834 0
0.335 0.065 0.104492 0.0439105 0
0.34 0.065 0.106277 0.0463152 0
0.345 0.07 0.103877 0.0400594 0
0.35 0.085 0.110758 0.0554313 0
0.355 0.1 0.0985693 0.0552881 0
0.36 0.1 0.119744 0.0573822 0
0.365 0.1 0.117355 0.0498767 0
0.37 0.105 0.118665 0.0574887 0
0.375 0.105 0.116011 0.0443371 0
0.38 0.135 0.137093 0.0658333 0
0.385 0.135 0.134967 0.0541256 0
0.39 0.145 0.149863 0.0617367 0
0.395 0.145 0.149259 0.0565628 0
0.4 0.145 0.144601 0.0574289 0
0.405 0.145 0.153539 0.0620572 0
0.41 0.145 0.146876 0.0612796 0
0.415 0.145 0.141132 0.058913 0
0.42 0.19 0.11179 0.0514234 0
0.425 0.195 0.108032 0.0461671 0
0.43 0.195 0.124528 0.0513786 0
0.435 0.195 0.106947 0.0544868 0
0.44 0.215 0.13455 0.0717802 0
0.445 0.235 0.14071 0.061288 0
0.45 0.235 0.15334 0.0575862 0
0.455 0.255 0.174323 0.0580686 0
0.46 0.255 0.143515 0.0612518 0
0.465 0.26 0.171882 0.0618257 0
0.47 0.26 0.165474 0.0580951 0
0.475 0.265 0.168288 0.0505199 0
0.48 0.265 0.165755 0.0505779 0
0.485 0.27 0.154743 0.043386 0
0.49 0.285 0.180907 0.0523852 0
0.495 0.305 0.17305 0.0552697 0
0.5 0.31 0.17113 0.0517987 0
0.505 0.31 0.156957 0.0430311 0
0.51 0.315 0.133658 0.0382813 0
0.515 0.32 0.115839 0.0548211 0
0.52 0.33 0.162989 0.0573596 0
0.525 0.34 0.156947 0.0506486 0
0.53 0.345 0.15835 0.054215 0
0.535 0.365 0.187472 0.0560761 0
0.54 0.365 0.148376 0.0490407 0
0.545 0.365 0.158821 0.055439 0
0.55 0.365 0.180875 0.055251 0
0.555 0.38 0.188111 0.0538046 0
0.56 0.385 0.158254 0.0552426 0
0.565 0.39 0.169802 0.0596757 0
0.57 0.395 0.190304 0.0488404 0
0.575 0.405 0.212486 0.0497185 0
0.58 0.405 0.239219 0.0579176 0
0.585 0.42 0.20182 0.0576079 0
0.59 0.44 0.162361 0.0508205 0
0.595 0.445 0.145936 0.0498938 0
0.6 0.45 0.14508 0.0543427 0
0.605 0.45 0.162888 0.054383 0
0.61 0.455 0.14532 0.0551372 0
0.615 0.47 0.17234 0.059234 0
0.62 0.47 0.204706 0.0551274 0
0.625 0.47 0.185452 0.0617698 0
0.63 0.485 0.197795 0.0818403 0
0.635 0.485 0.208564 0.0868818 0
0.64 0.485 0.16674 0.0630497 0
0.645 0.485 0.123955 0.0512101 0
0.65 0.485 0.126992 0.047793 0
0.655 0.485 0.114729 0.0447906 0
0.66 0.49 0.102389 0.0483182 0
0.665 0.505 0.0800326 0.0471227 0
0.67 0.515 0.0905669 0.0419052 0
0.675 0.52 0.0811009 0.0427952 0
0.68 0.52 0.088365 0.0380596 0
0.685 0.52 0.0846416 0.0380061 0
0.69 0.525 0.110114 0.0422088 0
0.695 0.53 0.112187 0.0494839 0
0.7 0.535 0.0850467 0.0376704 0
0.705 0.535 0.0977848 0.0415924 0
0.71 0.535 0.106659 0.0457321 0
0.715 0.535 0.125758 0.0490853 0
0.72 0.55 0.13794 0.0415279 0
0.725 0.555 0.161526 0.0459586 0
0.73 0.565 0.163856 0.0515489 0
0.735 0.595 0.156516 0.05125 0
0.74 0.6 0.155074 0.0520103 0
0.745 0.61 0.108912 0.0584875 0
0.75 0.62 0.0827311 0.0395298 0
0.755 0.62 0.0944779 0.0523577 0
0.76 0.62 0.163814 0.0488359 0
0.765 0.62 0.174282 0.0456092 0
0.77 0.66 0.153584 0.0442373 0
0.775 0.66 0.133614 0.0554776 0
0.78 0.66 0.197793 0.0719337 0
0.785 0.66 0.255116 0.0361834 0
0.79 0.665 0.240668 0.0357579 0
0.795 0.665 0.237082 0.0446319 0
0.8 0.67 0.238438 0.0337923 0
0.805 0.68 0.231481 0.0436302 0
0.81 0.69 0.249026 0.0718682 0
0.815 0.69 0.185212 0.065198 0
0.82 0.69 0.162329 0.0437687 0
0.825 0.695 0.169522 0.0477266 0
0.83 0.695 0.169497 0.0592989 0
0.835 0.74 0.193538 0.0473584 0
0.84 0.74 0.209081 0.0376261 0
0.845 0.74 0.215487 0.0382778 0
0.85 0.74 0.213429 0.0462837 0
0.855 0.74 0.226959 0.0427373 0
0.86 0.74 0.280662 0.0366021 0
0.865 0.74 0.299845 0.0313289 0
0.87 0.74 0.302781 0.0294899 0
0.875 0.74 0.300419 0.0262011 0
0.88 0.745 0.317729 0.0277887 0
0.885 0.745 0.34638 0.0288026 0
0.89 0.75 0.34921 0.0267093 0
0.895 0.755 0.352054 0.0350253 0
0.9 0.755 0.3493 0.0254028 0
0.905 0.755 0.351171 0.0298495 0
0.91 0.755 0.390377 0.0312911 0
0.915 0.755 0.446635 0.0278358 0
0.92 0.76 0.44864 0.0328591 0
0.925 0.76 0.451726 0.0294537 0
0.93 0.76 0.47838 0.0319564 0
0.935 0.765 0.508693 0.0342541 0
0.94 0.77 0.512837 0.0286457 0
0.945 0.79 0.513042 0.0240083 0
0.95 0.795 0.512047 0.0215862 0
0.955 0.805 0.495788 0.023907 0
0.96 0.81 0.492127 0.0259159 0
0.965 0.81 0.583942 0.033507 0
0.97 0.81 0.595848 0.0200926 0
0.975 0.81 0.605357 0.0206367 0
0.98 0.815 0.609519 0.0229357 0
0.985 0.825 0.619752 0.0221458 0
0.99 0.84 0.590252 0.0224623 0
0.995 0.84 0.58725 0.0172281 0
1 0.84 0.636667 0.0211723 0
1.005 0.84 0.652458 0.0165635 0
1.01 0.845 0.652556 0.0173456 0
1.015 0.845 0.650339 0.020699 0
1.02 0.85 0.655191 0.0202855 0
1.025 0.85 0.668498 0.0206798 0
1.03 0.85 0.678491 0.0211551 0
1.035 0.85 0.673275 0.0212013 0
1.04 0.85 0.66618 0.0199096 0
1.045 0.85 0.702417 0.0188567 0
1.05 0.85 0.715974 0.0172885 0
1.055 0.855 0.710026 0.0199728 0
1.06 0.855 0.713275 0.0207914 0
1.065 0.86 0.732398 0.020103 0
1.07 0.86 0.716823 0.0202155 0
1.075 0.87 0.728229 0.0198982 0
1.08 0.875 0.735669 0.0178166 0
1.085 0.885 0.744925 0.0168414 0
1.09 0.89 0.748552 0.0148375 0
1.095 0.895 0.759211 0.0171313 0
1.1 0.895 0.765899 0.0159578 0
1.105 0.895 0.765975 0.0148607 0
1.11 0.895 0.767534 0.0163684 0
1.115 0.905 0.758297 0.0130916 0
1.12 0.905 0.761447 0.0160794 0
1.125 0.905 0.774362 0.019142 0
1.13 0.91 0.77538 0.0155795 0
1.135 0.91 0.775212 0.013874 0
1.14 0.91 0.778131 0.0158534 0
1.145 0.915 0.782078 0.0147293 0
1.15 0.92 0.784338 0.0132242 0
1.155 0.92 0.783912 0.014692 0
1.16 0.92 0.803307 0.0149759 0
1.165 0.92 0.805087 0.0117112 0
1.17 0.925 0.804424 0.0147454 0
1.175 0.925 0.803697 0.0143252 0
1.18 0.925 0.804674 0.0129749 0
1.185 0.925 0.803115 0.0137676 0
1.19 0.925 0.804472 0.0155952 0
1.195 0.925 0.803125 0.012988 0
1.2 0.925 0.804894 0.0136131 0
1.205 0.925 0.80432 0.0139653 0
1.21 0.925 0.803914 0.013984 0
1.215 0.925 0.808591 0.014275 0
1.22 0.925 0.81041 0.0127087 0
1.225 0.925 0.816501 0.0135287 0
1.23 0.925 0.817353 0.0144818 0
1.235 0.925 0.818232 0.0143056 0
1.24 0.925 0.826158 0.0144281 0
1.245 0.925 0.830231 0.0140646 0
1.25 0.925 0.829944 0.014281 0
1.255 0.925 0.83115 0.0151558 0
1.26 0.925 0.830225 0.0163146 0
1.265 0.925 0.829638 0.0127173 0
1.27 0.925 0.830303 0.0135465 0
1.275 0.925 0.83019 0.0161301 0
1.28 0.925 0.83083 0.0133163 0
1.285 0.93 0.836586 0.0124446 0
1.29 0.93 0.837411 0.0131281 0
1.295 0.935 0.840811 0.0131344 0
1.3 0.935 0.845245 0.0140685 0
1.305 0.935 0.845776 0.0142311 0
1.31 0.935 0.85711 0.0129506 0
1.315 0.935 0.856366 0.0126135 0
1.32 0.935 0.858554 0.0140841 0
1.325 0.935 0.861901 0.0130896 0
1.33 0.935 0.862744 0.0113127 0
1.335 0.935 0.863628 0.0108014 0
1.34 0.935 0.862585 0.012179 0
1.345 0.935 0.866176 0.0118362 0
1.35 0.935 0.873416 0.0110854 0
1.355 0.935 0.877582 0.011661 0
1.36 0.935 0.881123 0.0119159 0
1.365 0.935 0.88141 0.012157 0
1.37 0.935 0.885293 0.013263 0
1.375 0.935 0.884732 0.0111466 0
1.38 0.935 0.88803 0.0109384 0
1.385 0.935 0.888177 0.0121243 0
1.39 0.935 0.887669 0.0119725 0
1.395 0.935 0.893512 0.0103714 0
1.4 0.935 0.893735 0.0106155 0
1.405 0.935 0.898362 0.0118721 0
1.41 0.935 0.897771 0.0129311 0
1.415 0.94 0.888229 0.01318 0
1.42 0.94 0.886766 0.0116938 0
1.425 0.94 0.886072 0.0120351 0
1.43 0.94 0.890681 0.0119743 0
1.435 0.94 0.891269 0.0140368 0
1.44 0.94 0.890985 0.0102491 0
1.445 0.94 0.891454 0.0123507 0
1.45 0.94 0.891396 0.0127015 0
1.455 0.94 0.891898 0.0131258 0
1.46 0.94 0.893349 0.0126011 0
1.465 0.94 0.892759 0.01171 0
1.47 0.94 0.891932 0.0126305 0
1.475 0.94 0.893037 0.0142945 0
1.48 0.94 0.894439 0.0117746 0
1.485 0.94 0.917818 0.0129237 0
1.49 0.94 0.916855 0.0121291 0
1.495 0.94 0.918146 0.0130702 0
1.5 0.94 0.917079 0.0139544 0
