# Node_nr = 50
# K <r> sigma_r(sig not of average! divide by sqrt(n))
0 0.04 0.131001 0.0705598 0
0.02 0.04 0.138867 0.0725774 0
0.04 0.04 0.140677 0.0684734 0
0.06 0.04 0.141528 0.0841619 0
0.08 0.04 0.129983 0.0630623 0
0.1 0.04 0.155696 0.0674524 0
0.12 0.04 0.136463 0.0700798 0
0.14 0.04 0.147066 0.0526356 0
0.16 0.04 0.156906 0.0613221 0
0.18 0.04 0.132193 0.074012 0
0.2 0.04 0.139041 0.0785752 0
0.22 0.04 0.152994 0.0701791 0
0.24 0.06 0.139439 0.0646293 0
0.26 0.06 0.123112 0.0620311 0
0.28 0.1 0.12507 0.0628067 0
0.3 0.12 0.177548 0.0762215 0
0.32 0.12 0.200073 0.083372 0
0.34 0.12 0.153171 0.0748759 0
0.36 0.12 0.170533 0.0629068 0
0.38 0.14 0.166887 0.0690268 0
0.4 0.14 0.151759 0.0830117 0
0.42 0.22 0.155511 0.0866998 0
0.44 0.22 0.154501 0.0755334 0
0.46 0.24 0.137172 0.0769858 0
0.48 0.28 0.146286 0.0631965 0
0.5 0.28 0.158933 0.0571162 0
0.52 0.28 0.159614 0.0698956 0
0.54 0.32 0.21537 0.090857 0
0.56 0.32 0.237054 0.0988106 0
0.58 0.32 0.225897 0.0865266 0
0.6 0.32 0.25306 0.0899469 0
0.62 0.32 0.21006 0.0936564 0
0.64 0.32 0.267528 0.112088 0
0.66 0.34 0.193225 0.0801826 0
0.68 0.34 0.213145 0.080152 0
0.7 0.46 0.215624 0.0866862 0
0.72 0.5 0.220955 0.087084 0
0.74 0.5 0.216959 0.0995162 0
0.76 0.52 0.203852 0.105663 0
0.78 0.56 0.246875 0.100775 0
0.8 0.56 0.241576 0.121376 0
0.82 0.6 0.254094 0.131846 0
0.84 0.6 0.201885 0.108367 0
0.86 0.8 0.230426 0.15188 0
0.88 0.88 0.311784 0.129119 0
0.9 0.9 0.296215 0.140188 0
0.92 0.92 0.259037 0.14093 0
0.94 0.92 0.333708 0.0957865 0
0.96 0.92 0.376385 0.132913 0
0.98 0.92 0.286465 0.15966 0
1 0.92 0.318567 0.168787 0
1.02 0.92 0.337172 0.13815 0
1.04 0.92 0.246783 0.176587 0
1.06 0.92 0.272896 0.140383 0
1.08 0.92 0.499264 0.0820307 0
1.1 0.96 0.559069 0.0272142 0
1.12 0.96 0.562727 0.0289447 0
1.14 0.96 0.563739 0.023913 0
1.16 0.98 0.510944 0.0232819 0
1.18 0.98 0.547861 0.0286561 0
1.2 0.98 0.673894 0.0282262 0
1.22 0.98 0.684793 0.0233241 0
1.24 0.98 0.697688 0.0250508 0
1.26 0.98 0.702899 0.0248005 0
1.28 0.98 0.702944 0.0251979 0
1.3 0.98 0.710615