# Relevant parameters to reproduce this network:
# node_nr=500	 k_max=50
# initial_seed=1557414566	 delta_t=0.1	 max_steps=5000	 in_between=0
# fg_m=1	 fg_alpha=0	 fg_t_min=0	 fg_t_max=1.5	 fg_t_number=150	 fg_weff_lower_frequency=-1e+08	 fg_weff_max_steps=1000	 fg_weff_in_between=0
# K Giant_component <r> sigma_r*sqrt(NODE_NR) clustering
0 0.004 0.0395402 0.0200878 0
0.01 0.006 0.0389661 0.0216705 0
0.02 0.006 0.0425996 0.0219177 0
0.03 0.006 0.038942 0.0197548 0
0.04 0.006 0.039591 0.0195734 0
0.05 0.008 0.042261 0.0188762 0
0.06 0.01 0.0422466 0.0223304 0
0.07 0.01 0.043558 0.0221708 0
0.08 0.01 0.0415203 0.0210997 0
0.09 0.01 0.0427021 0.0218775 0
0.1 0.01 0.044128 0.0240524 0
0.11 0.01 0.0442232 0.0224645 0
0.12 0.01 0.0434782 0.0241545 0
0.13 0.01 0.0464901 0.024484 0
0.14 0.012 0.0468633 0.0250564 0
0.15 0.012 0.0408002 0.0219857 0
0.16 0.014 0.0404066 0.0203047 0
0.17 0.014 0.0528722 0.0281779 0
0.18 0.014 0.0480584 0.0255177 0
0.19 0.018 0.0548681 0.0264829 0
0.2 0.018 0.0521998 0.0255399 0
0.21 0.018 0.0550067 0.0280967 0
0.22 0.018 0.0527232 0.0271203 0
0.23 0.018 0.0521832 0.0293703 0
0.24 0.018 0.0563187 0.0285043 0
0.25 0.018 0.058787 0.029553 0
0.26 0.018 0.0596169 0.0305906 0
0.27 0.024 0.0576899 0.032118 0
0.28 0.024 0.0594979 0.0300414 0
0.29 0.024 0.0700429 0.0321375 0
0.3 0.026 0.0630195 0.032115 0
0.31 0.026 0.0558865 0.0294114 0
0.32 0.026 0.0693786 0.0351251 0
0.33 0.026 0.0582259 0.0303086 0
0.34 0.026 0.0653023 0.0304888 0
0.35 0.028 0.064364 0.0331256 0
0.36 0.028 0.0675381 0.0283741 0
0.37 0.028 0.0675303 0.0331943 0
0.38 0.028 0.0714754 0.0340586 0
0.39 0.046 0.0737898 0.0369635 0
0.4 0.046 0.0775541 0.0402838 0
0.41 0.046 0.0851013 0.0419144 0
0.42 0.046 0.0813174 0.0413308 0
0.43 0.056 0.0753232 0.0371492 0
0.44 0.056 0.0876605 0.0466781 0
0.45 0.056 0.0664487 0.0313031 0
0.46 0.056 0.0832682 0.046151 0
0.47 0.056 0.0803885 0.0405199 0
0.48 0.058 0.0875197 0.0391319 0
0.49 0.058 0.0892555 0.0477519 0
0.5 0.058 0.0888546 0.0421655 0
0.51 0.064 0.0992718 0.0473378 0
0.52 0.068 0.0935946 0.0399168 0
0.53 0.104 0.0805506 0.0440654 0
0.54 0.104 0.0919635 0.0435553 0
0.55 0.132 0.0792341 0.0374987 0
0.56 0.156 0.0882459 0.0427374 0
0.57 0.156 0.0782211 0.0401665 0
0.58 0.156 0.0753571 0.0413409 0
0.59 0.16 0.0843946 0.0374678 0
0.6 0.182 0.0930336 0.0395342 0
0.61 0.204 0.0694723 0.0348213 0
0.62 0.208 0.0855379 0.0453624 0
0.63 0.21 0.0996332 0.0440418 0
0.64 0.408 0.101846 0.0455285 0
0.65 0.41 0.119419 0.053713 0
0.66 0.422 0.122987 0.0555566 0
0.67 0.432 0.129428 0.0531763 0
0.68 0.436 0.108825 0.0545516 0
0.69 0.48 0.148814 0.0317165 0
0.7 0.534 0.0834147 0.0434032 0
0.71 0.546 0.0456788 0.0251338 0
0.72 0.556 0.064315 0.0282419 0
0.73 0.564 0.112958 0.0320841 0
0.74 0.566 0.135032 0.027927 0
0.75 0.57 0.0525404 0.026354 0
0.76 0.58 0.0978702 0.0311339 0
0.77 0.59 0.148119 0.028485 0
0.78 0.606 0.179617 0.0273866 0
0.79 0.642 0.199405 0.0322652 0
0.8 0.662 0.255216 0.0386218 0
0.81 0.664 0.359993 0.0381622 0
0.82 0.682 0.360449 0.0345192 0
0.83 0.688 0.386677 0.0413093 0
0.84 0.698 0.381751 0.0305963 0
0.85 0.708 0.410535 0.0357197 0
0.86 0.714 0.415986 0.0198844 0
0.87 0.722 0.4612 0.0215983 0
0.88 0.728 0.484428 0.0215499 0
0.89 0.732 0.510568 0.0239345 0
0.9 0.734 0.516264 0.023622 0
0.91 0.74 0.538729 0.0209666 0
0.92 0.742 0.54542 0.0207006 0
0.93 0.746 0.545507 0.0215375 0
0.94 0.766 0.557425 0.0184003 0
0.95 0.774 0.58319 0.0176475 0
0.96 0.778 0.593128 0.0191263 0
0.97 0.784 0.581584 0.0185548 0
0.98 0.792 0.601324 0.0196814 0
0.99 0.792 0.642728 0.0178561 0
1 0.804 0.640104 0.0150258 0
1.01 0.804 0.656013 0.0183815 0
1.02 0.826 0.665754 0.0147813 0
1.03 0.83 0.686236 0.013586 0
1.04 0.834 0.686971 0.0154625 0
1.05 0.834 0.694182 0.0134396 0
1.06 0.836 0.703017 0.0163007 0
1.07 0.836 0.709576 0.0155295 0
1.08 0.842 0.720278 0.0139466 0
1.09 0.848 0.723435 0.0147433 0
1.1 0.864 0.736903 0.0136907 0
1.11 0.864 0.739755 0.0125805 0
1.12 0.87 0.742424 0.012701 0
1.13 0.87 0.751033 0.0133407 0
1.14 0.874 0.754332 0.0127185 0
1.15 0.876 0.754413 0.0116677 0
1.16 0.878 0.758989 0.012599 0
1.17 0.884 0.767257 0.0117057 0
1.18 0.884 0.769832 0.0123495 0
1.19 0.888 0.775532 0.0111047 0
1.2 0.89 0.78172 0.0121245 0
1.21 0.892 0.80969 0.0126748 0
1.22 0.892 0.813135 0.0105877 0
1.23 0.892 0.822931 0.0141545 0
1.24 0.892 0.825555 0.0124629 0
1.25 0.9 0.835178 0.00993984 0
1.26 0.906 0.838173 0.0114849 0
1.27 0.906 0.837555 0.0103872 0
1.28 0.906 0.839676 0.0103896 0
1.29 0.908 0.85486 0.0099326 0
1.3 0.908 0.859342 0.0107747 0
1.31 0.908 0.857641 0.010065 0
1.32 0.91 0.860692 0.0094477 0
1.33 0.91 0.865616 0.0109234 0
1.34 0.916 0.869781 0.00891753 0
1.35 0.916 0.877296 0.0095008 0
1.36 0.918 0.882829 0.00971698 0
1.37 0.92 0.885515 0.0100271 0
1.38 0.92 0.889455 0.00945486 0
1.39 0.924 0.894248 0.00816227 0
1.4 0.928 0.898821 0.00752991 0
1.41 0.93 0.898714 0.00850703 0
1.42 0.93 0.900112 0.00865406 0
1.43 0.93 0.901941 0.00980615 0
1.44 0.932 0.901762 0.0096963 0
1.45 0.936 0.908484 0.00809609 0
1.46 0.942 0.913882 0.00707681 0
1.47 0.942 0.911586 0.00830834 0
1.48 0.942 0.91425 0.00840697 0
1.49 0.946 0.91673 0.00668595 0
