# Node_nr = 200
# K <r> sigma_r(sig not of average! divide by sqrt(n))
0 0.01 0.0540986 0.0291804 0
0.005 0.01 0.0562176 0.0327171 0
0.01 0.01 0.0615819 0.0313723 0
0.015 0.01 0.0614569 0.0255582 0
0.02 0.01 0.0592076 0.0286962 0
0.025 0.01 0.0617002 0.0226943 0
0.03 0.01 0.0716581 0.0384057 0
0.035 0.01 0.0729669 0.0299803 0
0.04 0.01 0.0756334 0.0355522 0
0.045 0.01 0.0673174 0.0439271 0
0.05 0.01 0.0697155 0.0325161 0
0.055 0.01 0.0701985 0.0372356 0
0.06 0.01 0.064417 0.028418 0
0.065 0.015 0.0578105 0.0325048 0
0.07 0.015 0.0709425 0.0345051 0
0.075 0.015 0.050001 0.0275208 0
0.08 0.015 0.0643687 0.0301165 0
0.085 0.015 0.0686502 0.0368511 0
0.09 0.015 0.0642462 0.0399553 0
0.095 0.015 0.0727626 0.0389548 0
0.1 0.015 0.0663702 0.0260058 0
0.105 0.015 0.0745079 0.0388843 0
0.11 0.015 0.0623856 0.028835 0
0.115 0.015 0.0628023 0.0343585 0
0.12 0.015 0.0550578 0.0288872 0
0.125 0.015 0.0672212 0.0293917 0
0.13 0.015 0.0650344 0.0285142 0
0.135 0.02 0.0590032 0.0337881 0
0.14 0.02 0.069363 0.0283569 0
0.145 0.02 0.0700873 0.0399123 0
0.15 0.02 0.0730592 0.0370618 0
0.155 0.02 0.0804793 0.0392665 0
0.16 0.02 0.0743969 0.0368024 0
0.165 0.02 0.0764039 0.0436955 0
0.17 0.02 0.0741428 0.0273971 0
0.175 0.02 0.0967056 0.0390023 0
0.18 0.02 0.0763308 0.0416546 0
0.185 0.02 0.071834 0.0337533 0
0.19 0.02 0.0693285 0.0293631 0
0.195 0.02 0.0697633 0.0361923 0
0.2 0.02 0.0874612 0.0389242 0
0.205 0.02 0.0713036 0.0447008 0
0.21 0.02 0.0813785 0.0444721 0
0.215 0.02 0.0918356 0.0484137 0
0.22 0.02 0.0626776 0.0269462 0
0.225 0.02 0.0790534 0.0350817 0
0.23 0.02 0.0651359 0.0448996 0
0.235 0.02 0.0789309 0.0353721 0
0.24 0.02 0.0729091 0.0337108 0
0.245 0.02 0.0726823 0.0359589 0
0.25 0.02 0.122004 0.0271816 0
0.255 0.02 0.0645641 0.0276755 0
0.26 0.02 0.0701516 0.0299539 0
0.265 0.02 0.0817482 0.0345433 0
0.27 0.02 0.0936938 0.0447745 0
0.275 0.02 0.0698915 0.0376877 0
0.28 0.025 0.073667 0.0314531 0
0.285 0.025 0.0831215 0.0374506 0
0.29 0.025 0.0845276 0.0385793 0
0.295 0.025 0.0748766 0.0392951 0
0.3 0.03 0.114805 0.0514406 0
0.305 0.03 0.0903757 0.051441 0
0.31 0.03 0.0772352 0.0353824 0
0.315 0.03 0.095428 0.0375295 0
0.32 0.03 0.0709619 0.0433324 0
0.325 0.03 0.0932529 0.0635898 0
0.33 0.03 0.0713891 0.0392907 0
0.335 0.03 0.0969273 0.0373624 0
0.34 0.03 0.0817161 0.0544575 0
0.345 0.03 0.0827876 0.0348402 0
0.35 0.03 0.0616009 0.0282862 0
0.355 0.03 0.0942396 0.0367561 0
0.36 0.03 0.0763483 0.0314281 0
0.365 0.03 0.114931 0.0441723 0
0.37 0.03 0.0974382 0.0422886 0
0.375 0.03 0.0795493 0.0377945 0
0.38 0.03 0.107955 0.0367499 0
0.385 0.03 0.111412 0.0558894 0
0.39 0.03 0.0983217 0.0570119 0
0.395 0.035 0.0829539 0.0410088 0
0.4 0.035 0.0782339 0.0376356 0
0.405 0.035 0.097102 0.0452024 0
0.41 0.035 0.086301 0.0425276 0
0.415 0.035 0.11409 0.0329118 0
0.42 0.035 0.0911063 0.0550005 0
0.425 0.035 0.0952425 0.0667478 0
0.43 0.035 0.095287 0.0492844 0
0.435 0.035 0.0617344 0.0334024 0
0.44 0.035 0.0653579 0.041607 0
0.445 0.035 0.101894 0.0512805 0
0.45 0.035 0.168194 0.0476891 0
0.455 0.035 0.0963284 0.032411 0
0.46 0.035 0.0757612 0.0374977 0
0.465 0.035 0.132433 0.0280449 0
0.47 0.035 0.11919 0.0425038 0
0.475 0.035 0.0935579 0.0291996 0
0.48 0.035 0.149471 0.0443527 0
0.485 0.04 0.0822207 0.0371493 0
0.49 0.04 0.133486 0.0385952 0
0.495 0.04 0.121655 0.0576198 0
0.5 0.04 0.11698 0.0597563 0
0.505 0.045 0.0564624 0.0313882 0
0.51 0.045 0.124073 0.0591763 0
0.515 0.045 0.127803 0.062156 0
0.52 0.045 0.0789463 0.0521286 0
0.525 0.045 0.0878479 0.0472038 0
0.53 0.045 0.120001 0.0475932 0
0.535 0.045 0.0870487 0.0458596 0
0.54 0.045 0.110893 0.0497601 0
0.545 0.045 0.122028 0.0573702 0
0.55 0.045 0.107533 0.0543046 0
0.555 0.045 0.117732 0.0467077 0
0.56 0.045 0.121754 0.0651017 0
0.565 0.045 0.121193 0.0388624 0
0.57 0.045 0.104161 0.0340615 0
0.575 0.045 0.098951 0.036803 0
0.58 0.045 0.152551 0.0526716 0
0.585 0.045 0.134488 0.0596782 0
0.59 0.045 0.072423 0.0402192 0
0.595 0.045 0.107294 0.0509519 0
0.6 0.055 0.10839 0.0460857 0
0.605 0.055 0.093811 0.044041 0
0.61 0.055 0.154976 0.0472259 0
0.615 0.055 0.15704 0.0673508 0
0.62 0.055 0.0901586 0.0341626 0
0.625 0.055 0.0802016 0.0311928 0
0.63 0.055 0.142899 0.0738529 0
0.635 0.055 0.0973714 0.0461265 0
0.64 0.055 0.114987 0.0340614 0
0.645 0.055 0.187738 0.053872 0
0.65 0.065 0.156284 0.0672825 0
0.655 0.065 0.13408 0.057142 0
0.66 0.07 0.133957 0.0564387 0
0.665 0.07 0.115899 0.0603435 0
0.67 0.07 0.151934 0.0605568 0
0.675 0.07 0.0604243 0.0354531 0
0.68 0.07 0.136579 0.0371247 0
0.685 0.07 0.0823167 0.0489374 0
0.69 0.105 0.152493 0.0363755 0
0.695 0.105 0.233211 0.0712246 0
0.7 0.16 0.142124 0.0384323 0
0.705 0.16 0.207764 0.0317598 0
0.71 0.19 0.154096 0.0415842 0
0.715 0.205 0.199529 0.0484563 0
0.72 0.205 0.15751 0.074111 0
0.725 0.205 0.161313 0.0726526 0
0.73 0.205 0.226666 0.112031 0
0.735 0.205 0.254228 0.0534711 0
0.74 0.205 0.237352 0.0663503 0
0.745 0.27 0.220193 0.0747449 0
0.75 0.27 0.148887 0.0271729 0
0.755 0.27 0.192299 0.0412293 0
0.76 0.27 0.16217 0.0456334 0
0.765 0.27 0.322384 0.0646526 0
0.77 0.27 0.130872 0.0418694 0
0.775 0.27 0.202992 0.117569 0
0.78 0.27 0.108275 0.049204 0
0.785 0.27 0.349093 0.0637241 0
0.79 0.27 0.264115 0.0355413 0
0.795 0.27 0.197902 0.0460212 0
0.8 0.27 0.180246 0.0599704 0
0.805 0.27 0.189754 0.0584462 0
0.81 0.27 0.265702 0.106216 0
0.815 0.27 0.236542 0.0559615 0
0.82 0.27 0.227578 0.0521547 0
0.825 0.275 0.20401 0.0325408 0
0.83 0.295 0.105416 0.0405831 0
0.835 0.3 0.0451167 0.0292821 0
0.84 0.3 0.192205 0.033728 0
0.845 0.3 0.280647 0.0699565 0
0.85 0.3 0.208831 0.0695531 0
0.855 0.3 0.299909 0.0824262 0
0.86 0.325 0.166589 0.0741122 0
0.865 0.455 0.238554 0.1415 0
0.87 0.755 0.379703 0.142066 0
0.875 0.755 0.308495 0.123261 0
0.88 0.755 0.37498 0.108958 0
0.885 0.76 0.348945 0.102347 0
0.89 0.78 0.380713 0.110264 0
0.895 0.78 0.303989 0.104359 0
0.9 0.78 0.394128 0.0762474 0
0.905 0.78 0.264455 0.0775788 0
0.91 0.78 0.225654 0.0763164 0
0.915 0.83 0.26219 0.0862262 0
0.92 0.83 0.193302 0.0677373 0
0.925 0.83 0.203211 0.0786574 0
0.93 0.83 0.191726 0.0676656 0
0.935 0.84 0.19149 0.0949485 0
0.94 0.84 0.19053 0.0828277 0
0.945 0.84 0.220276 0.120744 0
0.95 0.845 0.224434 0.103735 0
0.955 0.845 0.168801 0.0770815 0
0.96 0.845 0.196383 0.0844962 0
0.965 0.845 0.245983 0.111823 0
0.97 0.845 0.271137 0.10044 0
0.975 0.845 0.198532 0.112047 0
0.98 0.845 0.319886 0.108614 0
0.985 0.85 0.251434 0.101419 0
0.99 0.85 0.146874 0.0789712 0
0.995 0.87 0.224525 0.0983451 0
1 0.87 0.219791 0.118393 0
1.005 0.875 0.298979 0.107472 0
1.01 0.875 0.245762 0.109194 0
1.015 0.88 0.260367 0.122277 0
1.02 0.88 0.202997 0.0900878 0
1.025 0.88 0.22258 0.120061 0
1.03 0.88 0.253079 0.122073 0
1.035 0.88 0.285511 0.122698 0
1.04 0.895 0.231858 0.115065 0
1.045 0.895 0.282297 0.13817 0
1.05 0.9 0.233975 0.145127 0
1.055 0.9 0.279823 0.122775 0
1.06 0.9 0.243673 0.104423 0
1.065 0.905 0.270968 0.122931 0
1.07 0.905 0.19936 0.105895 0
1.075 0.905 0.229648 0.122583 0
1.08 0.905 0.22553 0.129255 0
1.085 0.905 0.22609 0.110575 0
1.09 0.905 0.239591 0.107073 0
1.095 0.905 0.226761 0.108981 0
1.1 0.905 0.198377 0.0968472 0
1.105 0.905 0.24388 0.114157 0
1.11 0.92 0.212825 0.100492 0
1.115 0.92 0.195006 0.0901475 0
1.12 0.92 0.214824 0.108051 0
1.125 0.92 0.21206 0.113057 0
1.13 0.93 0.235837 0.119336 0
1.135 0.93 0.250739 0.112582 0
1.14 0.93 0.220745 0.113902 0
1.145 0.935 0.183368 0.0981256 0
1.15 0.94 0.215297 0.107356 0
1.155 0.94 0.267279 0.126308 0
1.16 0.94 0.282139 0.134555 0
1.165 0.945 0.272639 0.128291 0
1.17 0.945 0.219819 0.113204 0
1.175 0.945 0.234215 0.129095 0
1.18 0.945 0.236255 0.105817 0
1.185 0.945 0.223139 0.115412 0
1.19 0.945 0.218638 0.115226 0
1.195 0.945 0.250988 0.11645 0
1.2 0.945 0.271346 0.13463 0
1.205 0.945 0.255977 0.124623 0
1.21 0.945 0.262482 0.137269 0
1.215 0.945 0.236587 0.117793 0
1.22 0.945 0.244394 0.122514 0
1.225 0.945 0.214797 0.116754 0
1.23 0.945 0.26584 0.127105 0
1.235 0.945 0.246277 0.126178 0
1.24 0.945 0.242913 0.125855 0
1.245 0.945 0.241717 0.123804 0
1.25 0.945 0.241024 0.124166 0
1.255 0.945 0.262336 0.133209 0
1.26 0.945 0.207277 0.115446 0
1.265 0.97 0.278656 0.126336 0
1.27 0.97 0.240872 0.122008 0
1.275 0.97 0.245172 0.13607 0
1.28 0.97 0.273556 0.13293 0
1.285 0.97 0.253314 0.145226 0
1.29 0.97 0.313091 0.13507 0
1.295 0.97 0.228364 0.116244 0
1.3 0.97 0.230429 0.105487 0
1.305 0.97 0.287323 0.14883 0
1.31 0.97 0.220027 0.123614 0
1.315 0.97 0.249432 0.121023 0
1.32 0.975 0.251491 0.129128 0
1.325 0.975 0.233088 0.109204 0
1.33 0.975 0.267694 0.133286 0
1.335 0.975 0.276218 0.147527 0
1.34 0.975 0.236679 0.137238 0
1.345 0.975 0.247785 0.142535 0
1.35 0.975 0.250889 0.134443 0
1.355 0.975 0.253766 0.138088 0
1.36 0.975 0.289051 0.14476 0
1.365 0.975 0.260334 0.142031 0
1.37 0.975 0.253947 0.127372 0
1.375 0.975 0.275431 0.14234 0
1.38 0.975 0.265068 0.134229 0
1.385 0.975 0.268087 0.127196 0
1.39 0.975 0.252518 0.12543 0
1.395 0.975 0.246536 0.130233 0
1.4 0.975 0.217032 0.114386 0
1.405 0.975 0.263994 0.134606 0
1.41 0.975 0.294652 0.135011 0
1.415 0.975 0.292766 0.150263 0
1.42 0.975 0.273635 0.128845 0
1.425 0.975 0.274953 0.147052 0
1.43 0.975 0.274881 0.154423 0
1.435 0.975 0.257081 0.129724 0
1.44 0.975 0.277856 0.145714 0
1.445 0.975 0.239879 0.124917 0
1.45 0.975 0.279758 0.153133 0
1.455 0.975 0.248291 0.128949 0
1.46 0.975 0.289847 0.143357 0
1.465 0.975 0.259602 0.148627 0
1.47 0.975 0.298492 0.14404 0
1.475 0.975 0.280101 0.155007 0
1.48 0.975 0.292686 0.146316 0
1.485 0.975 0.287813 0.14565 0
1.49 0.975 0.317792 0.162364 0
1.495 0.98 0.339473 0.160611 0
1.5 0.98 0.293435 0.144108 0
