# Relevant parameters to reproduce this network:
# node_nr=200	 k_max=20
# initial_seed=1557414222	 delta_t=0.1	 max_steps=3000	 in_between=0
# fg_m=1	 fg_alpha=-0.5	 fg_t_min=0	 fg_t_max=1.5	 fg_t_number=300	 fg_weff_lower_frequency=-1e+08	 fg_weff_max_steps=3000	 fg_weff_in_between=0
# K Giant_component <r> sigma_r*sqrt(NODE_NR) clustering
0 0.01 0.0567762 0.0302041 0
0.005 0.01 0.0610547 0.0320046 0
0.01 0.01 0.0570763 0.0296461 0
0.015 0.01 0.0667993 0.0358768 0
0.02 0.01 0.0657944 0.0328146 0
0.025 0.01 0.0621581 0.0346024 0
0.03 0.01 0.0660571 0.0344802 0
0.035 0.01 0.0727153 0.0380067 0
0.04 0.01 0.0693666 0.032598 0
0.045 0.01 0.0630154 0.0289418 0
0.05 0.01 0.0658293 0.0340684 0
0.055 0.01 0.0698396 0.0364189 0
0.06 0.01 0.0621696 0.033011 0
0.065 0.01 0.0704827 0.0318857 0
0.07 0.01 0.0681798 0.0328442 0
0.075 0.01 0.0632928 0.0321096 0
0.08 0.01 0.0601332 0.0377445 0
0.085 0.01 0.073796 0.0379619 0
0.09 0.01 0.067491 0.0389997 0
0.095 0.01 0.0710012 0.0320572 0
0.1 0.01 0.0732347 0.0368085 0
0.105 0.01 0.072416 0.0409303 0
0.11 0.015 0.0726852 0.0362051 0
0.115 0.015 0.0702858 0.0376012 0
0.12 0.015 0.0707024 0.035473 0
0.125 0.015 0.0666921 0.0359784 0
0.13 0.015 0.0658891 0.0332786 0
0.135 0.015 0.0792419 0.0378578 0
0.14 0.015 0.0744044 0.0437011 0
0.145 0.015 0.0776809 0.0425302 0
0.15 0.015 0.0744872 0.0379869 0
0.155 0.015 0.0761889 0.040787 0
0.16 0.02 0.0723809 0.036777 0
0.165 0.02 0.0778764 0.0349511 0
0.17 0.02 0.079591 0.0371053 0
0.175 0.02 0.076501 0.0415978 0
0.18 0.02 0.0805475 0.0415727 0
0.185 0.02 0.0828935 0.0379198 0
0.19 0.02 0.0835159 0.0405892 0
0.195 0.02 0.075517 0.0420862 0
0.2 0.035 0.0778214 0.0394553 0
0.205 0.035 0.0804798 0.0397325 0
0.21 0.05 0.0860452 0.0455337 0
0.215 0.05 0.0866186 0.0387984 0
0.22 0.05 0.0907199 0.0469288 0
0.225 0.05 0.0787111 0.033677 0
0.23 0.06 0.0919565 0.0456033 0
0.235 0.06 0.0801913 0.0476979 0
0.24 0.06 0.0911781 0.0430383 0
0.245 0.06 0.0950479 0.0414149 0
0.25 0.06 0.0969149 0.0383942 0
0.255 0.06 0.098744 0.0394691 0
0.26 0.06 0.0838995 0.0461344 0
0.265 0.06 0.0899706 0.050015 0
0.27 0.065 0.0978656 0.0527383 0
0.275 0.065 0.0890119 0.0487237 0
0.28 0.07 0.0840703 0.0435088 0
0.285 0.07 0.089948 0.0435353 0
0.29 0.07 0.0868935 0.0395946 0
0.295 0.07 0.0894489 0.0450756 0
0.3 0.07 0.0913957 0.0489056 0
0.305 0.07 0.119248 0.0546793 0
0.31 0.07 0.106532 0.0487705 0
0.315 0.07 0.0875129 0.0528003 0
0.32 0.075 0.117393 0.0586227 0
0.325 0.075 0.10214 0.0524108 0
0.33 0.075 0.0956466 0.0473416 0
0.335 0.075 0.0934427 0.046964 0
0.34 0.075 0.100069 0.0535375 0
0.345 0.08 0.105026 0.0482174 0
0.35 0.095 0.122105 0.0580205 0
0.355 0.11 0.113133 0.0572327 0
0.36 0.11 0.116213 0.0517614 0
0.365 0.11 0.129609 0.0510093 0
0.37 0.115 0.120226 0.0549885 0
0.375 0.115 0.123751 0.0528091 0
0.38 0.135 0.12007 0.0522746 0
0.385 0.135 0.130593 0.0492105 0
0.39 0.135 0.131485 0.0580445 0
0.395 0.135 0.132611 0.0608424 0
0.4 0.135 0.132274 0.0653545 0
0.405 0.135 0.143507 0.0538576 0
0.41 0.135 0.132591 0.0597975 0
0.415 0.135 0.132323 0.0677521 0
0.42 0.145 0.134147 0.0550245 0
0.425 0.15 0.123493 0.0526222 0
0.43 0.16 0.142705 0.0540487 0
0.435 0.16 0.120149 0.0525821 0
0.44 0.18 0.154804 0.0557835 0
0.445 0.18 0.179319 0.0465437 0
0.45 0.18 0.166511 0.0662114 0
0.455 0.195 0.119558 0.054842 0
0.46 0.195 0.136245 0.0638917 0
0.465 0.2 0.126857 0.0490413 0
0.47 0.2 0.125892 0.0524852 0
0.475 0.2 0.136341 0.0560372 0
0.48 0.2 0.145093 0.0530274 0
0.485 0.205 0.124736 0.0581042 0
0.49 0.22 0.129432 0.0592935 0
0.495 0.22 0.154955 0.0662819 0
0.5 0.225 0.097868 0.0477051 0
0.505 0.225 0.123191 0.0687401 0
0.51 0.225 0.108413 0.0450458 0
0.515 0.23 0.0977196 0.0414302 0
0.52 0.235 0.107996 0.0498843 0
0.525 0.235 0.117581 0.0544428 0
0.53 0.235 0.103292 0.0440682 0
0.535 0.255 0.0883154 0.0374628 0
0.54 0.255 0.126821 0.0480513 0
0.545 0.255 0.121105 0.0493643 0
0.55 0.255 0.0918504 0.0500152 0
0.555 0.27 0.106107 0.0585954 0
0.56 0.275 0.138244 0.0597746 0
0.565 0.28 0.111564 0.0611799 0
0.57 0.28 0.111658 0.0560521 0
0.575 0.28 0.0986203 0.0463448 0
0.58 0.35 0.119997 0.0459206 0
0.585 0.36 0.0631768 0.0344087 0
0.59 0.375 0.109422 0.0458364 0
0.595 0.38 0.124753 0.0548159 0
0.6 0.38 0.143167 0.0394782 0
0.605 0.38 0.15137 0.0541287 0
0.61 0.38 0.127836 0.045711 0
0.615 0.395 0.134961 0.0562649 0
0.62 0.4 0.120179 0.0454149 0
0.625 0.4 0.12327 0.0474834 0
0.63 0.4 0.0993638 0.0528827 0
0.635 0.4 0.0798422 0.0467635 0
0.64 0.4 0.0953485 0.0496232 0
0.645 0.4 0.128856 0.0553283 0
0.65 0.4 0.144246 0.0625103 0
0.655 0.4 0.14574 0.0511869 0
0.66 0.405 0.0879765 0.0513313 0
0.665 0.42 0.155093 0.0577927 0
0.67 0.42 0.169174 0.0643765 0
0.675 0.425 0.167304 0.0580786 0
0.68 0.425 0.154987 0.0585125 0
0.685 0.425 0.167149 0.0640853 0
0.69 0.43 0.124095 0.0637229 0
0.695 0.43 0.157491 0.0605829 0
0.7 0.435 0.134122 0.0604469 0
0.705 0.475 0.178993 0.0628457 0
0.71 0.475 0.166124 0.0623887 0
0.715 0.505 0.200421 0.0576452 0
0.72 0.515 0.1887 0.0546091 0
0.725 0.52 0.20388 0.0552047 0
0.73 0.53 0.128077 0.047172 0
0.735 0.56 0.154844 0.0509439 0
0.74 0.565 0.130421 0.0547406 0
0.745 0.575 0.239622 0.0594171 0
0.75 0.625 0.320747 0.048039 0
0.755 0.635 0.281467 0.0464007 0
0.76 0.65 0.296321 0.0428096 0
0.765 0.65 0.313548 0.0378401 0
0.77 0.65 0.320096 0.0407714 0
0.775 0.65 0.316428 0.0447298 0
0.78 0.65 0.304669 0.0491426 0
0.785 0.65 0.343896 0.0433994 0
0.79 0.655 0.335402 0.0397784 0
0.795 0.655 0.333814 0.0453189 0
0.8 0.66 0.316671 0.0552844 0
0.805 0.66 0.312876 0.0498045 0
0.81 0.665 0.323312 0.050383 0
0.815 0.665 0.280859 0.0512534 0
0.82 0.665 0.287652 0.054674 0
0.825 0.705 0.350167 0.0505739 0
0.83 0.705 0.272962 0.0385952 0
0.835 0.75 0.261455 0.0435818 0
0.84 0.75 0.265495 0.0468786 0
0.845 0.75 0.311729 0.0455184 0
0.85 0.75 0.309229 0.0462616 0
0.855 0.75 0.314845 0.0454332 0
0.86 0.75 0.30353 0.0408824 0
0.865 0.75 0.338276 0.0511688 0
0.87 0.75 0.349843 0.0458396 0
0.875 0.75 0.465752 0.0530949 0
0.88 0.75 0.489831 0.0489481 0
0.885 0.75 0.485988 0.0500617 0
0.89 0.755 0.476794 0.0462211 0
0.895 0.76 0.484455 0.0509719 0
0.9 0.76 0.489057 0.0408301 0
0.905 0.76 0.487571 0.04256 0
0.91 0.76 0.509731 0.0443658 0
0.915 0.76 0.530317 0.0441475 0
0.92 0.765 0.531109 0.0503429 0
0.925 0.765 0.525695 0.0479113 0
0.93 0.765 0.525739 0.0451077 0
0.935 0.77 0.528005 0.049059 0
0.94 0.775 0.529948 0.0397807 0
0.945 0.78 0.540054 0.046094 0
0.95 0.785 0.529389 0.0402999 0
0.955 0.795 0.536846 0.050285 0
0.96 0.8 0.54165 0.0467558 0
0.965 0.8 0.539491 0.0419396 0
0.97 0.8 0.541077 0.0429135 0
0.975 0.805 0.545032 0.0451589 0
0.98 0.81 0.521318 0.0406002 0
0.985 0.82 0.536487 0.0504723 0
0.99 0.835 0.539117 0.0423201 0
0.995 0.835 0.553263 0.0395167 0
1 0.835 0.561569 0.0233977 0
1.005 0.845 0.542683 0.0176685 0
1.01 0.85 0.549652 0.018226 0
1.015 0.85 0.554836 0.019907 0
1.02 0.855 0.550541 0.0176972 0
1.025 0.855 0.593008 0.0204609 0
1.03 0.855 0.613161 0.0193912 0
1.035 0.855 0.615715 0.022146 0
1.04 0.855 0.627027 0.0218895 0
1.045 0.855 0.624809 0.0216119 0
1.05 0.855 0.63311 0.020842 0
1.055 0.86 0.62415 0.0200577 0
1.06 0.86 0.628618 0.0188503 0
1.065 0.865 0.62363 0.0172114 0
1.07 0.865 0.621711 0.0174594 0
1.075 0.875 0.638939 0.0188109 0
1.08 0.88 0.638109 0.0178594 0
1.085 0.88 0.69943 0.0234899 0
1.09 0.88 0.704182 0.0184383 0
1.095 0.885 0.710555 0.0191779 0
1.1 0.885 0.738523 0.0168525 0
1.105 0.885 0.749388 0.0187586 0
1.11 0.885 0.754543 0.021713 0
1.115 0.895 0.765331 0.0167252 0
1.12 0.895 0.76566 0.0188824 0
1.125 0.895 0.768315 0.0210327 0
1.13 0.9 0.770199 0.0167141 0
1.135 0.91 0.770626 0.0153285 0
1.14 0.91 0.779507 0.0163713 0
1.145 0.91 0.784402 0.0164961 0
1.15 0.915 0.788081 0.0148093 0
1.155 0.915 0.791203 0.014657 0
1.16 0.92 0.80254 0.0124147 0
1.165 0.92 0.805 0.0139413 0
1.17 0.92 0.807636 0.0159084 0
1.175 0.92 0.817052 0.0168278 0
1.18 0.92 0.816601 0.0148143 0
1.185 0.92 0.817233 0.0142115 0
1.19 0.92 0.816035 0.0137534 0
1.195 0.92 0.82016 0.0122912 0
1.2 0.92 0.819972 0.0159733 0
1.205 0.92 0.823656 0.0173034 0
1.21 0.92 0.824129 0.0180073 0
1.215 0.92 0.828339 0.0157252 0
1.22 0.925 0.827434 0.0115663 0
1.225 0.925 0.828163 0.0122615 0
1.23 0.925 0.829981 0.0161117 0
1.235 0.925 0.831556 0.0152188 0
1.24 0.925 0.842739 0.0138276 0
1.245 0.925 0.844463 0.0149659 0
1.25 0.925 0.844942 0.0135756 0
1.255 0.925 0.844778 0.0127851 0
1.26 0.925 0.845889 0.0144652 0
1.265 0.925 0.844522 0.0131792 0
1.27 0.925 0.849125 0.0118346 0
1.275 0.925 0.849722 0.0155221 0
1.28 0.925 0.851092 0.0165982 0
1.285 0.93 0.856947 0.0170556 0
1.29 0.93 0.857026 0.0123472 0
1.295 0.93 0.856295 0.0162469 0
1.3 0.93 0.860073 0.0163113 0
1.305 0.935 0.865206 0.0130482 0
1.31 0.935 0.870316 0.0118038 0
1.315 0.935 0.87121 0.0136194 0
1.32 0.935 0.870557 0.0148227 0
1.325 0.935 0.878052 0.0149136 0
1.33 0.935 0.878018 0.0121941 0
1.335 0.935 0.878148 0.00929182 0
1.34 0.935 0.878874 0.0119555 0
1.345 0.935 0.879528 0.0145689 0
1.35 0.935 0.881143 0.0144365 0
1.355 0.935 0.880866 0.0134419 0
1.36 0.935 0.883693 0.0131832 0
1.365 0.935 0.885179 0.0145743 0
1.37 0.935 0.885273 0.0136587 0
1.375 0.935 0.885388 0.0116336 0
1.38 0.935 0.886342 0.0141838 0
1.385 0.935 0.886062 0.0174256 0
1.39 0.935 0.888747 0.0168375 0
1.395 0.935 0.890436 0.0140169 0
1.4 0.935 0.891299 0.0119434 0
1.405 0.935 0.893026 0.0124656 0
1.41 0.935 0.892592 0.0127884 0
1.415 0.945 0.869593 0.0125473 0
1.42 0.945 0.869005 0.0103492 0
1.425 0.945 0.869921 0.0122338 0
1.43 0.945 0.871563 0.011191 0
1.435 0.945 0.871782 0.0114187 0
1.44 0.945 0.873032 0.0126188 0
1.445 0.945 0.872938 0.00980541 0
1.45 0.945 0.873445 0.0125434 0
1.455 0.945 0.873797 0.0130218 0
1.46 0.945 0.873745 0.0109102 0
1.465 0.945 0.873786 0.010918 0
1.47 0.945 0.874147 0.011491 0
1.475 0.945 0.875502 0.0103786 0
1.48 0.945 0.88177 0.0132859 0
1.485 0.945 0.911344 0.0109237 0
1.49 0.945 0.911856 0.0115836 0
1.495 0.945 0.913178 0.0135869 0
1.5 0.945 0.913066 0.0113335 0
