# Relevant parameters to reproduce this network:
# node_nr=500	 k_max=50
# initial_seed=1557414566	 delta_t=0.1	 max_steps=1000	 in_between=0
# fg_m=1	 fg_alpha=0	 fg_t_min=0	 fg_t_max=1.25	 fg_t_number=625	 fg_weff_lower_frequency=-1e+08	 fg_weff_max_steps=1000	 fg_weff_in_between=0
# K Giant_component <r> sigma_r*sqrt(NODE_NR) clustering
0 0.004 0.040143 0.0194822 0
0.002 0.004 0.044798 0.0253287 0
0.004 0.006 0.0384249 0.0172865 0
0.006 0.006 0.0401834 0.0132882 0
0.008 0.006 0.0469036 0.0235191 0
0.01 0.006 0.0417958 0.0173915 0
0.012 0.006 0.0445129 0.021315 0
0.014 0.006 0.0340576 0.0214711 0
0.016 0.006 0.0508401 0.0193472 0
0.018 0.006 0.0468552 0.0169906 0
0.02 0.006 0.0521652 0.021336 0
0.022 0.006 0.0485217 0.0196865 0
0.024 0.006 0.0418243 0.0239258 0
0.026 0.006 0.0517909 0.0226906 0
0.028 0.006 0.0479411 0.0298641 0
0.03 0.006 0.0467449 0.0174195 0
0.032 0.006 0.0389652 0.0217495 0
0.034 0.006 0.0442627 0.0211839 0
0.036 0.006 0.0418471 0.022837 0
0.038 0.006 0.0413337 0.018602 0
0.04 0.006 0.0451798 0.0239954 0
0.042 0.006 0.0414276 0.0195547 0
0.044 0.006 0.0411132 0.019572 0
0.046 0.006 0.0377647 0.0206055 0
0.048 0.008 0.0369793 0.0192273 0
0.05 0.008 0.0419119 0.0184895 0
0.052 0.008 0.0430394 0.0236727 0
0.054 0.008 0.0460662 0.0208827 0
0.056 0.008 0.0403758 0.0201915 0
0.058 0.008 0.0344878 0.0160056 0
0.06 0.01 0.0356144 0.0183879 0
0.062 0.01 0.041044 0.0219382 0
0.064 0.01 0.0385209 0.0183967 0
0.066 0.01 0.0510549 0.0184881 0
0.068 0.01 0.0386666 0.0226241 0
0.07 0.01 0.0485891 0.022829 0
0.072 0.01 0.0554871 0.0263422 0
0.074 0.01 0.0450946 0.0234396 0
0.076 0.01 0.0411939 0.0185917 0
0.078 0.01 0.0342476 0.0160891 0
0.08 0.01 0.0561232 0.0244156 0
0.082 0.01 0.0421083 0.0232522 0
0.084 0.01 0.0421717 0.0152503 0
0.086 0.01 0.0383074 0.0181732 0
0.088 0.01 0.049144 0.026548 0
0.09 0.01 0.0457569 0.0286256 0
0.092 0.01 0.047784 0.0198183 0
0.094 0.01 0.037297 0.018875 0
0.096 0.01 0.0435904 0.0219758 0
0.098 0.01 0.0409693 0.0228971 0
0.1 0.01 0.0483291 0.0223195 0
0.102 0.01 0.0456951 0.0221323 0
0.104 0.01 0.0328461 0.0138467 0
0.106 0.01 0.0509325 0.0189371 0
0.108 0.01 0.0360643 0.0190964 0
0.11 0.01 0.0411375 0.0234279 0
0.112 0.01 0.0402075 0.0163914 0
0.114 0.01 0.0424961 0.0222314 0
0.116 0.01 0.0434253 0.0209025 0
0.118 0.01 0.0414396 0.0240822 0
0.12 0.01 0.0507323 0.0233139 0
0.122 0.01 0.0463529 0.0239701 0
0.124 0.01 0.0425529 0.0188591 0
0.126 0.01 0.0451202 0.0203342 0
0.128 0.01 0.0418872 0.0254132 0
0.13 0.01 0.0477882 0.0249965 0
0.132 0.012 0.0478476 0.020523 0
0.134 0.012 0.0489511 0.023852 0
0.136 0.012 0.0429915 0.0221169 0
0.138 0.012 0.0438775 0.0217167 0
0.14 0.012 0.051749 0.025855 0
0.142 0.012 0.0439838 0.0225035 0
0.144 0.012 0.0486762 0.024982 0
0.146 0.012 0.0436842 0.0211558 0
0.148 0.012 0.0504017 0.0230562 0
0.15 0.012 0.0419181 0.0201477 0
0.152 0.012 0.046327 0.0247409 0
0.154 0.012 0.0539683 0.0273062 0
0.156 0.012 0.0409484 0.0204295 0
0.158 0.014 0.0396342 0.0199622 0
0.16 0.014 0.0533616 0.0257231 0
0.162 0.014 0.0509582 0.0298307 0
0.164 0.014 0.0468021 0.0269705 0
0.166 0.014 0.056631 0.0258765 0
0.168 0.014 0.0387854 0.0192775 0
0.17 0.014 0.053772 0.024086 0
0.172 0.014 0.0440072 0.0217308 0
0.174 0.014 0.0487362 0.0216679 0
0.176 0.014 0.0365662 0.01814 0
0.178 0.014 0.0637917 0.0370261 0
0.18 0.014 0.0569595 0.03128 0
0.182 0.014 0.0538046 0.0280673 0
0.184 0.014 0.0505218 0.0248512 0
0.186 0.014 0.0529742 0.0222734 0
0.188 0.014 0.0458102 0.0201061 0
0.19 0.018 0.0407642 0.0199109 0
0.192 0.018 0.0578016 0.0274937 0
0.194 0.018 0.0595349 0.0292229 0
0.196 0.018 0.0567906 0.0335347 0
0.198 0.018 0.0510231 0.0204984 0
0.2 0.018 0.0670065 0.0258184 0
0.202 0.018 0.054276 0.0277606 0
0.204 0.018 0.0524323 0.0309115 0
0.206 0.018 0.0525808 0.0270754 0
0.208 0.018 0.0570786 0.024374 0
0.21 0.018 0.0609896 0.0344843 0
0.212 0.018 0.0459671 0.0214336 0
0.214 0.018 0.0608719 0.0301179 0
0.216 0.018 0.0384256 0.0250503 0
0.218 0.018 0.0436877 0.0229148 0
0.22 0.018 0.0626598 0.0360437 0
0.222 0.018 0.0637667 0.0255157 0
0.224 0.018 0.060459 0.03805 0
0.226 0.018 0.0576551 0.0205735 0
0.228 0.018 0.0491424 0.0202986 0
0.23 0.018 0.0444082 0.0217992 0
0.232 0.018 0.0480575 0.0244404 0
0.234 0.018 0.0541012 0.0281649 0
0.236 0.018 0.0563767 0.0256744 0
0.238 0.018 0.0685338 0.0327371 0
0.24 0.018 0.0478872 0.0190371 0
0.242 0.018 0.0407609 0.0266635 0
0.244 0.018 0.0437145 0.0225906 0
0.246 0.018 0.0622625 0.0288627 0
0.248 0.018 0.0471372 0.0245433 0
0.25 0.018 0.0595024 0.0291713 0
0.252 0.018 0.0546686 0.0243331 0
0.254 0.018 0.0536711 0.0263393 0
0.256 0.018 0.0555221 0.0327656 0
0.258 0.018 0.0715517 0.0349384 0
0.26 0.018 0.052376 0.0215575 0
0.262 0.018 0.0484601 0.0280669 0
0.264 0.018 0.0464206 0.0273371 0
0.266 0.024 0.058359 0.0272661 0
0.268 0.024 0.0540904 0.021263 0
0.27 0.024 0.0448125 0.0220881 0
0.272 0.024 0.0574396 0.034389 0
0.274 0.024 0.052738 0.0238216 0
0.276 0.024 0.040172 0.0233186 0
0.278 0.024 0.0793363 0.0281125 0
0.28 0.024 0.0557906 0.0209484 0
0.282 0.024 0.0515301 0.0317324 0
0.284 0.024 0.0766139 0.0291395 0
0.286 0.024 0.0569502 0.0271975 0
0.288 0.024 0.0711077 0.0322261 0
0.29 0.024 0.0633301 0.0315847 0
0.292 0.024 0.0576192 0.0260921 0
0.294 0.026 0.0680642 0.0329463 0
0.296 0.026 0.0538868 0.0307229 0
0.298 0.026 0.074169 0.0426585 0
0.3 0.026 0.0473279 0.0273491 0
0.302 0.026 0.0769109 0.032609 0
0.304 0.026 0.04482 0.0247612 0
0.306 0.026 0.0540149 0.0236075 0
0.308 0.026 0.0602717 0.0356205 0
0.31 0.026 0.0614789 0.0332826 0
0.312 0.026 0.0579251 0.0329053 0
0.314 0.026 0.0604087 0.0355147 0
0.316 0.026 0.0812807 0.0352065 0
0.318 0.026 0.0659854 0.0429464 0
0.32 0.026 0.0502937 0.020842 0
0.322 0.026 0.0611757 0.025505 0
0.324 0.026 0.0540638 0.0278045 0
0.326 0.026 0.0562211 0.0304429 0
0.328 0.026 0.0634959 0.0323791 0
0.33 0.026 0.0749989 0.0366045 0
0.332 0.026 0.080749 0.0462091 0
0.334 0.026 0.0824641 0.0373635 0
0.336 0.026 0.0577836 0.0320629 0
0.338 0.026 0.0484112 0.0274943 0
0.34 0.026 0.0729858 0.0297939 0
0.342 0.026 0.0606742 0.0311623 0
0.344 0.026 0.0775609 0.0360978 0
0.346 0.028 0.0653547 0.0327559 0
0.348 0.028 0.0566803 0.0360867 0
0.35 0.028 0.0809331 0.0319377 0
0.352 0.028 0.0580984 0.0283473 0
0.354 0.028 0.0606605 0.0349199 0
0.356 0.028 0.0636736 0.0229993 0
0.358 0.028 0.0717482 0.031771 0
0.36 0.028 0.0659102 0.0266353 0
0.362 0.028 0.0513649 0.0253146 0
0.364 0.028 0.0715256 0.0350715 0
0.366 0.028 0.0594942 0.0342677 0
0.368 0.028 0.0763582 0.0364991 0
0.37 0.028 0.0617015 0.0413323 0
0.372 0.028 0.0599552 0.024827 0
0.374 0.028 0.0633613 0.0225243 0
0.376 0.028 0.0572863 0.0290203 0
0.378 0.028 0.0602691 0.032809 0
0.38 0.028 0.0785756 0.0320468 0
0.382 0.028 0.0944189 0.0472227 0
0.384 0.028 0.067478 0.0289035 0
0.386 0.028 0.0677988 0.0273365 0
0.388 0.046 0.0876885 0.0458832 0
0.39 0.046 0.0667091 0.0270033 0
0.392 0.046 0.0858701 0.0428533 0
0.394 0.046 0.0613719 0.0275452 0
0.396 0.046 0.0836824 0.0409353 0
0.398 0.046 0.0659075 0.0282831 0
0.4 0.046 0.0802226 0.039608 0
0.402 0.046 0.0809518 0.0242539 0
0.404 0.046 0.0881707 0.0528805 0
0.406 0.046 0.0775497 0.0408415 0
0.408 0.046 0.0811198 0.0310713 0
0.41 0.046 0.0683029 0.0385998 0
0.412 0.046 0.070131 0.03397 0
0.414 0.046 0.0978848 0.0387827 0
0.416 0.046 0.0912624 0.0473394 0
0.418 0.046 0.0477241 0.0236918 0
0.42 0.046 0.0875681 0.0529165 0
0.422 0.046 0.0977632 0.0414021 0
0.424 0.046 0.0973193 0.0359928 0
0.426 0.046 0.0891155 0.0376483 0
0.428 0.056 0.0655118 0.0323023 0
0.43 0.056 0.0596532 0.0300149 0
0.432 0.056 0.0741781 0.0295539 0
0.434 0.056 0.0712004 0.0391058 0
0.436 0.056 0.0776714 0.0339442 0
0.438 0.056 0.0747581 0.0475701 0
0.44 0.056 0.104772 0.0480426 0
0.442 0.056 0.0612079 0.0364347 0
0.444 0.056 0.101375 0.0476422 0
0.446 0.056 0.0852929 0.0450907 0
0.448 0.056 0.0927877 0.0491202 0
0.45 0.056 0.0560603 0.0304539 0
0.452 0.056 0.0627903 0.0256953 0
0.454 0.056 0.066565 0.0320575 0
0.456 0.056 0.106192 0.0508606 0
0.458 0.056 0.0770229 0.0564699 0
0.46 0.056 0.0820917 0.0384226 0
0.462 0.056 0.04344 0.0314676 0
0.464 0.056 0.0782124 0.0372324 0
0.466 0.056 0.088795 0.0402143 0
0.468 0.056 0.113525 0.0466795 0
0.47 0.056 0.119188 0.0528689 0
0.472 0.056 0.0591551 0.0364101 0
0.474 0.058 0.0743764 0.0343608 0
0.476 0.058 0.0524537 0.028752 0
0.478 0.058 0.0761294 0.0441671 0
0.48 0.058 0.104074 0.0391398 0
0.482 0.058 0.0675275 0.0371848 0
0.484 0.058 0.0897473 0.0438219 0
0.486 0.058 0.102114 0.0438825 0
0.488 0.058 0.0719158 0.0351433 0
0.49 0.058 0.0734433 0.0207697 0
0.492 0.058 0.0886886 0.042796 0
0.494 0.058 0.0614839 0.0313049 0
0.496 0.058 0.114021 0.0399857 0
0.498 0.058 0.0643442 0.0317412 0
0.5 0.058 0.105096 0.0614626 0
0.502 0.058 0.0774109 0.0396271 0
0.504 0.058 0.0962707 0.0441121 0
0.506 0.058 0.0791316 0.0366752 0
0.508 0.064 0.0755599 0.0251313 0
0.51 0.064 0.0861801 0.0528133 0
0.512 0.064 0.0690665 0.0345304 0
0.514 0.068 0.0829362 0.0412946 0
0.516 0.068 0.0922419 0.0388739 0
0.518 0.068 0.0707321 0.0335588 0
0.52 0.068 0.0811253 0.036037 0
0.522 0.068 0.0585704 0.0267832 0
0.524 0.068 0.0635618 0.0331245 0
0.526 0.068 0.0610901 0.0406629 0
0.528 0.068 0.114761 0.0310886 0
0.53 0.104 0.0663128 0.0277622 0
0.532 0.104 0.111094 0.0374335 0
0.534 0.104 0.0835447 0.0299366 0
0.536 0.104 0.0785305 0.0298788 0
0.538 0.104 0.10603 0.0447798 0
0.54 0.104 0.0858872 0.0356652 0
0.542 0.104 0.115462 0.0574476 0
0.544 0.104 0.0728901 0.0333825 0
0.546 0.106 0.0719353 0.0347965 0
0.548 0.132 0.0780168 0.0488402 0
0.55 0.132 0.115752 0.040507 0
0.552 0.132 0.0625477 0.0312128 0
0.554 0.132 0.0898869 0.0513246 0
0.556 0.156 0.0736839 0.0422858 0
0.558 0.156 0.0723936 0.0269782 0
0.56 0.156 0.147723 0.030846 0
0.562 0.156 0.07447 0.0274281 0
0.564 0.156 0.0912179 0.0407119 0
0.566 0.156 0.122109 0.0292268 0
0.568 0.156 0.0483829 0.0260597 0
0.57 0.156 0.0686649 0.0396875 0
0.572 0.156 0.0950634 0.036768 0
0.574 0.156 0.0750495 0.0455798 0
0.576 0.156 0.0906996 0.0557855 0
0.578 0.156 0.0628832 0.0299533 0
0.58 0.156 0.0836865 0.0502223 0
0.582 0.16 0.104102 0.0425662 0
0.584 0.16 0.059567 0.0342112 0
0.586 0.16 0.0730404 0.0382765 0
0.588 0.16 0.101565 0.0518865 0
0.59 0.16 0.0646165 0.0306605 0
0.592 0.18 0.0795529 0.0400199 0
0.594 0.18 0.0815769 0.0363859 0
0.596 0.18 0.0795364 0.0450257 0
0.598 0.18 0.0839278 0.0349214 0
0.6 0.182 0.0905099 0.0396016 0
0.602 0.182 0.0980632 0.0381845 0
0.604 0.182 0.0708087 0.034862 0
0.606 0.182 0.102449 0.0429661 0
0.608 0.204 0.0886164 0.0411181 0
0.61 0.204 0.0694343 0.0347383 0
0.612 0.204 0.106609 0.0372887 0
0.614 0.206 0.0853887 0.0416837 0
0.616 0.206 0.0783394 0.0360374 0
0.618 0.208 0.0682273 0.0336382 0
0.62 0.208 0.0761198 0.0373839 0
0.622 0.208 0.107383 0.0636486 0
0.624 0.208 0.0707657 0.0378255 0
0.626 0.208 0.0802169 0.0391114 0
0.628 0.21 0.13142 0.0459532 0
0.63 0.21 0.0999632 0.0344735 0
0.632 0.212 0.0980264 0.0365586 0
0.634 0.214 0.0528145 0.021209 0
0.636 0.402 0.102203 0.0492785 0
0.638 0.402 0.0942038 0.0456422 0
0.64 0.408 0.104886 0.0417967 0
0.642 0.408 0.0862943 0.0364108 0
0.644 0.408 0.104833 0.0517708 0
0.646 0.408 0.126468 0.0643213 0
0.648 0.41 0.115015 0.0415748 0
0.65 0.41 0.0932062 0.0366611 0
0.652 0.412 0.0934142 0.0227222 0
0.654 0.412 0.142011 0.0387452 0
0.656 0.42 0.117195 0.0408916 0
0.658 0.422 0.0869539 0.0388761 0
0.66 0.422 0.130912 0.0388396 0
0.662 0.424 0.104547 0.0547832 0
0.664 0.43 0.120219 0.0461715 0
0.666 0.432 0.14708 0.0455354 0
0.668 0.432 0.0930496 0.0624443 0
0.67 0.432 0.118137 0.0435291 0
0.672 0.432 0.17808 0.0319236 0
0.674 0.432 0.197697 0.02504 0
0.676 0.432 0.108528 0.0507541 0
0.678 0.436 0.129431 0.0326177 0
0.68 0.436 0.104094 0.0492343 0
0.682 0.438 0.141812 0.042679 0
0.684 0.478 0.0754932 0.0304741 0
0.686 0.478 0.106324 0.0298969 0
0.688 0.478 0.102709 0.0213879 0
0.69 0.48 0.107201 0.0417781 0
0.692 0.484 0.103599 0.0273585 0
0.694 0.484 0.145459 0.0346908 0
0.696 0.484 0.143613 0.0415205 0
0.698 0.526 0.143365 0.04098 0
0.7 0.534 0.138787 0.0314444 0
0.702 0.534 0.125354 0.0318092 0
0.704 0.54 0.150215 0.0352464 0
0.706 0.546 0.0365562 0.0180221 0
0.708 0.546 0.0527477 0.0336942 0
0.71 0.546 0.0541822 0.01748 0
0.712 0.546 0.0427636 0.0249508 0
0.714 0.546 0.0594731 0.0285737 0
0.716 0.552 0.0686156 0.0322094 0
0.718 0.554 0.0619861 0.0161335 0
0.72 0.556 0.0670644 0.042028 0
0.722 0.556 0.0511929 0.0319993 0
0.724 0.558 0.10805 0.0230425 0
0.726 0.56 0.0643451 0.0290688 0
0.728 0.564 0.107444 0.0296357 0
0.73 0.564 0.0941418 0.0453643 0
0.732 0.564 0.0915221 0.0207061 0
0.734 0.566 0.112256 0.0263616 0
0.736 0.566 0.115725 0.0258029 0
0.738 0.566 0.116492 0.0316272 0
0.74 0.566 0.126226 0.0296278 0
0.742 0.566 0.117919 0.0237512 0
0.744 0.566 0.133979 0.0214008 0
0.746 0.57 0.151419 0.0258262 0
0.748 0.57 0.14836 0.0304617 0
0.75 0.57 0.152711 0.0322065 0
0.752 0.572 0.1455 0.0184136 0
0.754 0.572 0.149997 0.0252684 0
0.756 0.574 0.131018 0.0351158 0
0.758 0.574 0.137146 0.0294214 0
0.76 0.58 0.141491 0.0258919 0
0.762 0.58 0.163216 0.0453802 0
0.764 0.588 0.151918 0.0367984 0
0.766 0.588 0.173488 0.0306092 0
0.768 0.59 0.177046 0.0325898 0
0.77 0.59 0.156405 0.0360926 0
0.772 0.592 0.142113 0.0265767 0
0.774 0.594 0.16351 0.0285461 0
0.776 0.604 0.149976 0.0374753 0
0.778 0.604 0.160902 0.0392656 0
0.78 0.606 0.150783 0.0260872 0
0.782 0.606 0.148224 0.0338895 0
0.784 0.614 0.141562 0.0218417 0
0.786 0.62 0.143059 0.0358639 0
0.788 0.62 0.167764 0.0349598 0
0.79 0.642 0.142043 0.0258646 0
0.792 0.652 0.10199 0.0326858 0
0.794 0.652 0.135867 0.0331577 0
0.796 0.652 0.131251 0.0318885 0
0.798 0.654 0.112863 0.0391551 0
0.8 0.662 0.0981574 0.0284003 0
0.802 0.662 0.0906345 0.0362111 0
0.804 0.662 0.185159 0.0929346 0
0.806 0.664 0.356502 0.0300917 0
0.808 0.664 0.330945 0.0238933 0
0.81 0.664 0.364674 0.0322912 0
0.812 0.664 0.369107 0.0272725 0
0.814 0.678 0.373296 0.0363732 0
0.816 0.68 0.370861 0.0284877 0
0.818 0.682 0.390181 0.0258845 0
0.82 0.682 0.382029 0.0253191 0
0.822 0.682 0.39786 0.0324771 0
0.824 0.684 0.377119 0.01965 0
0.826 0.684 0.396132 0.029288 0
0.828 0.684 0.405943 0.0279904 0
0.83 0.688 0.430605 0.0261398 0
0.832 0.696 0.422703 0.0186216 0
0.834 0.696 0.396137 0.0283547 0
0.836 0.698 0.348095 0.0276873 0
0.838 0.698 0.348362 0.0411677 0
0.84 0.698 0.36794 0.0340473 0
0.842 0.698 0.378545 0.0155233 0
0.844 0.702 0.372256 0.0316389 0
0.846 0.708 0.381359 0.0287402 0
0.848 0.708 0.392737 0.0223938 0
0.85 0.708 0.379729 0.03549 0
0.852 0.708 0.404272 0.0240768 0
0.854 0.708 0.398443 0.0237134 0
0.856 0.71 0.401891 0.0250792 0
0.858 0.71 0.399371 0.0215971 0
0.86 0.714 0.417771 0.0154613 0
0.862 0.716 0.406832 0.0184886 0
0.864 0.72 0.428783 0.0186525 0
0.866 0.722 0.413405 0.0143495 0
0.868 0.722 0.426948 0.014393 0
0.87 0.722 0.444776 0.0266889 0
0.872 0.724 0.462811 0.0134178 0
0.874 0.724 0.484753 0.0159569 0
0.876 0.726 0.461995 0.0129742 0
0.878 0.728 0.476202 0.0207745 0
0.88 0.728 0.471995 0.0149146 0
0.882 0.728 0.501183 0.0198795 0
0.884 0.73 0.493036 0.0190351 0
0.886 0.73 0.486173 0.0243651 0
0.888 0.732 0.513389 0.0161328 0
0.89 0.732 0.503322 0.0164892 0
0.892 0.732 0.523139 0.0164964 0
0.894 0.732 0.497548 0.0192026 0
0.896 0.732 0.507713 0.0193853 0
0.898 0.734 0.524176 0.0269446 0
0.9 0.734 0.521458 0.0241425 0
0.902 0.734 0.524021 0.024831 0
0.904 0.738 0.508949 0.0119431 0
0.906 0.738 0.547357 0.0192966 0
0.908 0.738 0.530678 0.0159486 0
0.91 0.74 0.537245 0.018822 0
0.912 0.74 0.521006 0.0143857 0
0.914 0.74 0.552594 0.020335 0
0.916 0.74 0.530394 0.0177194 0
0.918 0.74 0.554005 0.0206451 0
0.92 0.742 0.531717 0.0227345 0
0.922 0.742 0.550506 0.012067 0
0.924 0.742 0.548098 0.0162991 0
0.926 0.744 0.574257 0.0172553 0
0.928 0.746 0.537645 0.0151647 0
0.93 0.746 0.55258 0.0178079 0
0.932 0.752 0.548192 0.0171078 0
0.934 0.762 0.553331 0.0194208 0
0.936 0.762 0.53052 0.0171825 0
0.938 0.764 0.551403 0.0213635 0
0.94 0.766 0.560995 0.0157517 0
0.942 0.766 0.542157 0.0202628 0
0.944 0.77 0.569084 0.0107299 0
0.946 0.772 0.564718 0.0173685 0
0.948 0.774 0.558135 0.0127185 0
0.95 0.774 0.584389 0.0194688 0
0.952 0.774 0.573679 0.0200103 0
0.954 0.776 0.580141 0.016469 0
0.956 0.778 0.605486 0.0182523 0
0.958 0.778 0.593712 0.0175938 0
0.96 0.778 0.5976 0.0114824 0
0.962 0.778 0.589031 0.0149385 0
0.964 0.784 0.582778 0.0166254 0
0.966 0.784 0.586703 0.0222438 0
0.968 0.784 0.58948 0.020227 0
0.97 0.784 0.591448 0.0107802 0
0.972 0.784 0.584316 0.0146229 0
0.974 0.784 0.595715 0.0130537 0
0.976 0.784 0.58174 0.0154813 0
0.978 0.786 0.58998 0.0103327 0
0.98 0.792 0.598452 0.0178166 0
0.982 0.792 0.588871 0.0129932 0
0.984 0.792 0.614188 0.0133667 0
0.986 0.792 0.59936 0.0127527 0
0.988 0.792 0.623291 0.0160095 0
0.99 0.792 0.638378 0.0197212 0
0.992 0.792 0.616407 0.0194482 0
0.994 0.794 0.642745 0.0125637 0
0.996 0.802 0.629752 0.016769 0
0.998 0.802 0.633126 0.0200601 0
1 0.804 0.64103 0.0182964 0
1.002 0.804 0.621491 0.0143296 0
1.004 0.804 0.633634 0.0111459 0
1.006 0.804 0.620544 0.0140312 0
1.008 0.804 0.644517 0.0175344 0
1.01 0.804 0.63145 0.0126405 0
1.012 0.804 0.637985 0.0203688 0
1.014 0.808 0.651296 0.0180604 0
1.016 0.814 0.633897 0.0132333 0
1.018 0.826 0.650235 0.0132078 0
1.02 0.826 0.650978 0.0130859 0
1.022 0.828 0.65496 0.0143907 0
1.024 0.828 0.649309 0.016849 0
1.026 0.828 0.659845 0.01656 0
1.028 0.828 0.671302 0.0118572 0
1.03 0.83 0.665097 0.0139285 0
1.032 0.832 0.663984 0.0163517 0
1.034 0.832 0.67922 0.0177684 0
1.036 0.832 0.678914 0.0159291 0
1.038 0.834 0.669884 0.0174661 0
1.04 0.834 0.675122 0.0137488 0
1.042 0.834 0.66712 0.0118109 0
1.044 0.834 0.667872 0.0218528 0
1.046 0.834 0.670104 0.0121253 0
1.048 0.834 0.68232 0.014224 0
1.05 0.834 0.671879 0.0158584 0
1.052 0.834 0.671492 0.0114961 0
1.054 0.834 0.679177 0.0152772 0
1.056 0.834 0.680098 0.0168305 0
1.058 0.836 0.670418 0.0140695 0
1.06 0.836 0.682276 0.0162508 0
1.062 0.836 0.690027 0.0127657 0
1.064 0.836 0.690186 0.0131388 0
1.066 0.836 0.690659 0.0157127 0
1.068 0.836 0.701536 0.0172894 0
1.07 0.836 0.696627 0.0157058 0
1.072 0.836 0.682584 0.0124881 0
1.074 0.836 0.684293 0.0165652 0
1.076 0.836 0.690399 0.0168202 0
1.078 0.84 0.693097 0.0143343 0
1.08 0.842 0.696466 0.0121009 0
1.082 0.842 0.704031 0.0138179 0
1.084 0.844 0.697818 0.00881815 0
1.086 0.846 0.694169 0.0103223 0
1.088 0.846 0.700094 0.0184255 0
1.09 0.848 0.703799 0.0120557 0
1.092 0.848 0.701727 0.0146735 0
1.094 0.862 0.704845 0.0168731 0
1.096 0.862 0.712583 0.0115375 0
1.098 0.862 0.722896 0.0155372 0
1.1 0.864 0.719371 0.0118903 0
1.102 0.864 0.717267 0.0127035 0
1.104 0.864 0.714717 0.0140882 0
1.106 0.864 0.719468 0.0109675 0
1.108 0.864 0.727883 0.0156301 0
1.11 0.864 0.721421 0.0101174 0
1.112 0.864 0.7085 0.0103927 0
1.114 0.864 0.7206 0.00908355 0
1.116 0.866 0.73143 0.0112004 0
1.118 0.866 0.726445 0.00920282 0
1.12 0.87 0.720147 0.0116325 0
1.122 0.87 0.720005 0.0135874 0
1.124 0.87 0.723218 0.00845387 0
1.126 0.87 0.726062 0.0113461 0
1.128 0.87 0.72927 0.0112858 0
1.13 0.87 0.721936 0.0133139 0
1.132 0.872 0.722489 0.0119336 0
1.134 0.872 0.733953 0.0127318 0
1.136 0.872 0.742319 0.014984 0
1.138 0.872 0.75345 0.0126144 0
1.14 0.874 0.758668 0.010846 0
1.142 0.874 0.749333 0.0119855 0
1.144 0.874 0.750748 0.0103705 0
1.146 0.874 0.757828 0.0116291 0
1.148 0.874 0.760481 0.0113452 0
1.15 0.876 0.753227 0.0130082 0
1.152 0.876 0.753647 0.0122595 0
1.154 0.876 0.756581 0.0105764 0
1.156 0.876 0.759331 0.00883531 0
1.158 0.878 0.767744 0.0100236 0
1.16 0.878 0.754432 0.010382 0
1.162 0.878 0.756061 0.00719582 0
1.164 0.884 0.770882 0.0121265 0
1.166 0.884 0.768086 0.0130007 0
1.168 0.884 0.769668 0.00981566 0
1.17 0.884 0.766321 0.0112673 0
1.172 0.884 0.760704 0.00857704 0
1.174 0.884 0.774579 0.0115651 0
1.176 0.884 0.772212 0.0067369 0
1.178 0.884 0.760713 0.0119326 0
1.18 0.884 0.772534 0.0074528 0
1.182 0.884 0.771152 0.0142453 0
1.184 0.884 0.76598 0.0165055 0
1.186 0.884 0.774969 0.00737185 0
1.188 0.886 0.76849 0.0120121 0
1.19 0.888 0.771854 0.0109746 0
1.192 0.888 0.781293 0.0096181 0
1.194 0.888 0.769338 0.00933409 0
1.196 0.888 0.774591 0.0113726 0
1.198 0.888 0.778578 0.0113745 0
1.2 0.89 0.777421 0.0104594 0
1.202 0.892 0.788509 0.0112525 0
1.204 0.892 0.804328 0.00928408 0
1.206 0.892 0.800161 0.0140227 0
1.208 0.892 0.802408 0.00943594 0
1.21 0.892 0.802972 0.0129768 0
1.212 0.892 0.814336 0.0172744 0
1.214 0.892 0.814299 0.00697515 0
1.216 0.892 0.808667 0.0161041 0
1.218 0.892 0.809765 0.00876415 0
1.22 0.892 0.8072 0.0110579 0
1.222 0.892 0.812778 0.0140665 0
1.224 0.892 0.824537 0.0065856 0
1.226 0.892 0.81773 0.0138083 0
1.228 0.892 0.821563 0.0110728 0
1.23 0.892 0.82163 0.0161179 0
1.232 0.892 0.822267 0.0123258 0
1.234 0.892 0.825841 0.00932519 0
1.236 0.892 0.814741 0.0101474 0
1.238 0.892 0.816881 0.0122769 0
1.24 0.892 0.822602 0.00813107 0
1.242 0.9 0.8304 0.0105294 0
1.244 0.9 0.837803 0.00934866 0
1.246 0.9 0.829411 0.00886811 0
1.248 0.9 0.822493 0.0101094 0
