# Node_nr = 200
# K <r> sigma_r(sig not of average! divide by sqrt(n))
0 0.01 0.0528074 0.0244496 0
0.005 0.01 0.0644288 0.0302864 0
0.01 0.01 0.0709887 0.0420272 0
0.015 0.01 0.067251 0.0332764 0
0.02 0.01 0.0678933 0.0279508 0
0.025 0.01 0.0717498 0.0410626 0
0.03 0.01 0.0557576 0.0310549 0
0.035 0.01 0.0573315 0.0228046 0
0.04 0.01 0.0628481 0.034569 0
0.045 0.015 0.072273 0.0424296 0
0.05 0.015 0.0582252 0.0380962 0
0.055 0.015 0.05631 0.0363124 0
0.06 0.015 0.0742878 0.0327091 0
0.065 0.015 0.0561451 0.0265388 0
0.07 0.015 0.0640513 0.0292613 0
0.075 0.02 0.0849737 0.0388917 0
0.08 0.02 0.0720302 0.0366619 0
0.085 0.02 0.0553198 0.0314206 0
0.09 0.02 0.0655063 0.0344779 0
0.095 0.02 0.0710215 0.0447979 0
0.1 0.02 0.0680326 0.038814 0
0.105 0.02 0.0646276 0.0344483 0
0.11 0.02 0.0676795 0.0315928 0
0.115 0.02 0.0799805 0.042289 0
0.12 0.02 0.0831162 0.0377838 0
0.125 0.02 0.0607938 0.0339079 0
0.13 0.02 0.0844476 0.0434313 0
0.135 0.02 0.0723764 0.0393799 0
0.14 0.02 0.0733898 0.0353359 0
0.145 0.02 0.0653735 0.0307116 0
0.15 0.02 0.0862229 0.0456302 0
0.155 0.02 0.0786604 0.0369316 0
0.16 0.02 0.0825969 0.0357516 0
0.165 0.02 0.074697 0.030702 0
0.17 0.02 0.0738341 0.0412695 0
0.175 0.02 0.0801293 0.0313882 0
0.18 0.02 0.075209 0.03703 0
0.185 0.02 0.0586452 0.0359717 0
0.19 0.025 0.0786609 0.0368634 0
0.195 0.025 0.0883213 0.0415879 0
0.2 0.025 0.0660719 0.0335332 0
0.205 0.025 0.0773783 0.0402818 0
0.21 0.025 0.0740168 0.0372104 0
0.215 0.025 0.0843648 0.0361013 0
0.22 0.025 0.0955782 0.0499853 0
0.225 0.025 0.07788 0.0329151 0
0.23 0.025 0.0894945 0.0362498 0
0.235 0.025 0.0948619 0.0410769 0
0.24 0.025 0.077664 0.0441753 0
0.245 0.025 0.0701708 0.0542768 0
0.25 0.025 0.0700241 0.0408261 0
0.255 0.025 0.0872274 0.0528251 0
0.26 0.025 0.0565464 0.0277695 0
0.265 0.025 0.0597384 0.0369906 0
0.27 0.025 0.0716811 0.0309024 0
0.275 0.025 0.0893968 0.036891 0
0.28 0.025 0.107434 0.0443722 0
0.285 0.025 0.0921719 0.0433994 0
0.29 0.025 0.0800676 0.0491224 0
0.295 0.025 0.0826311 0.0300434 0
0.3 0.025 0.0753861 0.0323995 0
0.305 0.025 0.0772446 0.0298293 0
0.31 0.025 0.109926 0.0481529 0
0.315 0.025 0.0993365 0.0451962 0
0.32 0.025 0.111249 0.0490983 0
0.325 0.025 0.0978449 0.0401688 0
0.33 0.025 0.0750874 0.0429167 0
0.335 0.025 0.112274 0.057408 0
0.34 0.025 0.0999801 0.0421773 0
0.345 0.025 0.0898067 0.0390175 0
0.35 0.025 0.0939937 0.0529825 0
0.355 0.03 0.0805403 0.0305766 0
0.36 0.03 0.136083 0.0459069 0
0.365 0.05 0.12276 0.029223 0
0.37 0.05 0.089246 0.0381144 0
0.375 0.05 0.0724807 0.0266369 0
0.38 0.05 0.0973269 0.0524459 0
0.385 0.055 0.117935 0.0613076 0
0.39 0.055 0.0959004 0.0479817 0
0.395 0.06 0.0773125 0.0326661 0
0.4 0.06 0.106989 0.0368364 0
0.405 0.06 0.112818 0.0638312 0
0.41 0.06 0.101017 0.0555929 0
0.415 0.06 0.131131 0.0448126 0
0.42 0.06 0.0878678 0.0361341 0
0.425 0.06 0.119863 0.0456443 0
0.43 0.06 0.0738184 0.038882 0
0.435 0.06 0.108212 0.0686936 0
0.44 0.06 0.0693641 0.0336901 0
0.445 0.06 0.0995638 0.048531 0
0.45 0.06 0.103173 0.0410912 0
0.455 0.06 0.0830285 0.0355492 0
0.46 0.06 0.111862 0.0310535 0
0.465 0.06 0.129208 0.0670198 0
0.47 0.06 0.0783656 0.0391612 0
0.475 0.06 0.139534 0.0651807 0
0.48 0.06 0.0740477 0.0398758 0
0.485 0.06 0.151584 0.0613639 0
0.49 0.06 0.129896 0.0471868 0
0.495 0.06 0.145745 0.0737928 0
0.5 0.06 0.101756 0.0392535 0
0.505 0.06 0.133777 0.0598811 0
0.51 0.06 0.122672 0.0504304 0
0.515 0.06 0.139096 0.073012 0
0.52 0.065 0.155835 0.0761938 0
0.525 0.065 0.128025 0.061385 0
0.53 0.065 0.14302 0.0491541 0
0.535 0.065 0.168341 0.0456975 0
0.54 0.065 0.13038 0.0714252 0
0.545 0.065 0.104476 0.0671162 0
0.55 0.065 0.170937 0.0806326 0
0.555 0.065 0.149897 0.0787129 0
0.56 0.095 0.193138 0.0363824 0
0.565 0.095 0.178455 0.0833035 0
0.57 0.095 0.252326 0.0586298 0
0.575 0.095 0.136317 0.0467456 0
0.58 0.095 0.188967 0.0776481 0
0.585 0.095 0.129768 0.0577759 0
0.59 0.095 0.288922 0.0886023 0
0.595 0.095 0.11123 0.0293803 0
0.6 0.095 0.279374 0.0761141 0
0.605 0.095 0.193479 0.0724769 0
0.61 0.095 0.106264 0.0275237 0
0.615 0.105 0.158162 0.0383114 0
0.62 0.105 0.150756 0.0493225 0
0.625 0.105 0.35658 0.0448252 0
0.63 0.105 0.195413 0.0847339 0
0.635 0.105 0.180241 0.0259507 0
0.64 0.12 0.148987 0.0474913 0
0.645 0.12 0.119751 0.0363266 0
0.65 0.12 0.188871 0.0992447 0
0.655 0.155 0.256143 0.0696823 0
0.66 0.155 0.342981 0.111661 0
0.665 0.155 0.269299 0.133951 0
0.67 0.155 0.159671 0.0250783 0
0.675 0.155 0.272515 0.0710775 0
0.68 0.155 0.343152 0.0947349 0
0.685 0.155 0.117939 0.0440996 0
0.69 0.155 0.277764 0.057342 0
0.695 0.16 0.282913 0.109918 0
0.7 0.165 0.231853 0.0636258 0
0.705 0.165 0.339961 0.109574 0
0.71 0.165 0.181189 0.081039 0
0.715 0.18 0.132074 0.0800496 0
0.72 0.18 0.356188 0.101614 0
0.725 0.19 0.201954 0.086811 0
0.73 0.195 0.135659 0.0767667 0
0.735 0.195 0.345763 0.0984396 0
0.74 0.195 0.332248 0.152032 0
0.745 0.195 0.26043 0.095276 0
0.75 0.285 0.30592 0.0244931 0
0.755 0.295 0.255372 0.0274321 0
0.76 0.415 0.455171 0.0588164 0
0.765 0.42 0.386369 0.0830726 0
0.77 0.425 0.333544 0.0664943 0
0.775 0.44 0.438231 0.0363628 0
0.78 0.455 0.500161 0.0510677 0
0.785 0.465 0.409647 0.0479078 0
0.79 0.465 0.4239 0.0498008 0
0.795 0.475 0.490645 0.0275746 0
0.8 0.48 0.538382 0.124053 0
0.805 0.52 0.545677 0.127361 0
0.81 0.535 0.530138 0.0591173 0
0.815 0.535 0.510639 0.0299252 0
0.82 0.545 0.570874 0.0366646 0
0.825 0.545 0.542363 0.0567281 0
0.83 0.545 0.543286 0.0347486 0
0.835 0.555 0.553305 0.0669947 0
0.84 0.555 0.530208 0.0613585 0
0.845 0.555 0.599868 0.060443 0
0.85 0.56 0.487281 0.0379774 0
0.855 0.56 0.532043 0.068083 0
0.86 0.56 0.498507 0.0717045 0
0.865 0.56 0.5903 0.0626766 0
0.87 0.56 0.614145 0.0490993 0
0.875 0.605 0.510402 0.0347221 0
0.88 0.605 0.579586 0.0976889 0
0.885 0.605 0.646439 0.0162142 0
0.89 0.605 0.569274 0.0829943 0
0.895 0.665 0.610642 0.036086 0
0.9 0.665 0.629811 0.0876257 0
0.905 0.71 0.722849 0.0577798 0
0.91 0.785 0.796468 0.0350202 0
0.915 0.81 0.828738 0.0339067 0
0.92 0.81 0.790664 0.0219722 0
0.925 0.81 0.764855 0.0209485 0
0.93 0.81 0.831789 0.0195602 0
0.935 0.815 0.811495 0.0296306 0
0.94 0.815 0.803817 0.0209073 0
0.945 0.82 0.840877 0.0269762 0
0.95 0.82 0.789928 0.019816 0
0.955 0.82 0.822545 0.0178071 0
0.96 0.82 0.830629 0.015706 0
0.965 0.825 0.76788 0.02635 0
0.97 0.83 0.836547 0.0201785 0
0.975 0.835 0.829002 0.0341866 0
0.98 0.835 0.791196 0.0149045 0
0.985 0.835 0.831795 0.0111894 0
0.99 0.835 0.83023 0.0377876 0
0.995 0.845 0.847503 0.0180416 0
1 0.85 0.876928 0.0244021 0
1.005 0.87 0.861846 0.0175106 0
1.01 0.875 0.821734 0.0149362 0
1.015 0.875 0.890033 0.0175759 0
1.02 0.875 0.879112 0.0110473 0