# Node_nr = 300
# K <r> sigma_r(sig not of average! divide by sqrt(n))
0 0.00666667 0.0522942 0.0239312 0
0.00333333 0.00666667 0.0527376 0.0287864 0
0.00666667 0.00666667 0.0610824 0.0262307 0
0.01 0.01 0.0645351 0.0259805 0
0.0133333 0.01 0.0514817 0.0265215 0
0.0166667 0.01 0.0492396 0.0253342 0
0.02 0.01 0.0686237 0.0318696 0
0.0233333 0.01 0.0538037 0.0276228 0
0.0266667 0.01 0.0656625 0.0303246 0
0.03 0.01 0.0440482 0.0204397 0
0.0333333 0.01 0.039377 0.0208922 0
0.0366667 0.01 0.0425343 0.0259864 0
0.04 0.01 0.0471054 0.0259444 0
0.0433333 0.01 0.0537179 0.0269037 0
0.0466667 0.01 0.0477436 0.0216921 0
0.05 0.01 0.0593886 0.0235571 0
0.0533333 0.01 0.0492262 0.0274937 0
0.0566667 0.01 0.0546767 0.0242486 0
0.06 0.01 0.0497102 0.023482 0
0.0633333 0.01 0.0513331 0.0235592 0
0.0666667 0.01 0.0707131 0.0359637 0
0.07 0.01 0.0521751 0.0313139 0
0.0733333 0.01 0.0434618 0.0258965 0
0.0766667 0.01 0.0418776 0.020365 0
0.08 0.01 0.0610666 0.0284753 0
0.0833333 0.01 0.0643786 0.0323497 0
0.0866667 0.01 0.0528608 0.0233391 0
0.09 0.0133333 0.0573343 0.0257775 0
0.0933333 0.0133333 0.0512548 0.0267445 0
0.0966667 0.0133333 0.0600183 0.0247824 0
0.1 0.0166667 0.0718597 0.0368329 0
0.103333 0.0166667 0.0593722 0.0220531 0
0.106667 0.0166667 0.0552836 0.0218947 0
0.11 0.0166667 0.0631122 0.0309 0
0.113333 0.0166667 0.0699883 0.0385934 0
0.116667 0.0166667 0.0612418 0.0321174 0
0.12 0.0166667 0.0542436 0.02491 0
0.123333 0.0166667 0.0476777 0.022313 0
0.126667 0.02 0.0802128 0.0343423 0
0.13 0.02 0.0542733 0.0234363 0
0.133333 0.02 0.0530309 0.0221008 0
0.136667 0.02 0.0537573 0.0277363 0
0.14 0.02 0.0825342 0.0461871 0
0.143333 0.02 0.0646229 0.0433196 0
0.146667 0.02 0.0683113 0.0436402 0
0.15 0.02 0.0830377 0.0383193 0
0.153333 0.02 0.0632087 0.0331816 0
0.156667 0.02 0.0714942 0.0324802 0
0.16 0.02 0.0636788 0.0385013 0
0.163333 0.02 0.0524398 0.0218676 0
0.166667 0.02 0.0571837 0.0258913 0
0.17 0.02 0.0695785 0.0425169 0
0.173333 0.02 0.0682895 0.0483265 0
0.176667 0.02 0.0664995 0.0354375 0
0.18 0.02 0.0671632 0.03364 0
0.183333 0.02 0.0711153 0.0272288 0
0.186667 0.02 0.0487891 0.0245015 0
0.19 0.02 0.066777 0.029259 0
0.193333 0.02 0.0566664 0.0238926 0
0.196667 0.02 0.0751848 0.0381535 0
0.2 0.02 0.0657745 0.0291875 0
0.203333 0.02 0.0659915 0.0329388 0
0.206667 0.02 0.0597139 0.0304813 0
0.21 0.0266667 0.0827563 0.022083 0
0.213333 0.0266667 0.0563886 0.0248319 0
0.216667 0.0266667 0.0680172 0.0297774 0
0.22 0.0266667 0.080522 0.0331168 0
0.223333 0.0266667 0.0743162 0.0365784 0
0.226667 0.0266667 0.0501736 0.0242448 0
0.23 0.0266667 0.0443299 0.0216148 0
0.233333 0.0266667 0.0691131 0.0403969 0
0.236667 0.0266667 0.0469748 0.0261918 0
0.24 0.0266667 0.0622601 0.0308099 0
0.243333 0.0266667 0.0719579 0.0357093 0
0.246667 0.0266667 0.0651822 0.0278823 0
0.25 0.0266667 0.079078 0.0371914 0
0.253333 0.0266667 0.0866486 0.036546 0
0.256667 0.03 0.0704269 0.023697 0
0.26 0.03 0.0637637 0.0302247 0
0.263333 0.03 0.0581115 0.0319378 0
0.266667 0.03 0.0830425 0.0366695 0
0.27 0.03 0.0720404 0.048053 0
0.273333 0.03 0.0930066 0.0490865 0
0.276667 0.03 0.0652538 0.0375794 0
0.28 0.03 0.0615839 0.0246673 0
0.283333 0.03 0.0740154 0.0328157 0
0.286667 0.03 0.0769552 0.0334799 0
0.29 0.03 0.0630137 0.0364582 0
0.293333 0.03 0.0723328 0.0370293 0
0.296667 0.03 0.0904627 0.0445625 0
0.3 0.03 0.0639709 0.0287587 0
0.303333 0.03 0.0657029 0.0276272 0
0.306667 0.03 0.0748034 0.0346268 0
0.31 0.03 0.0853992 0.0473057 0
0.313333 0.03 0.073592 0.0270085 0
0.316667 0.03 0.0591546 0.0306951 0
0.32 0.03 0.0732447 0.0319276 0
0.323333 0.03 0.0634783 0.0305362 0
0.326667 0.03 0.0706388 0.0265158 0
0.33 0.03 0.0767831 0.0411045 0
0.333333 0.03 0.0936275 0.0472632 0
0.336667 0.03 0.0674591 0.0287994 0
0.34 0.03 0.107069 0.057044 0
0.343333 0.03 0.0772654 0.038446 0
0.346667 0.03 0.0638639 0.0297062 0
0.35 0.03 0.0989126 0.0574633 0
0.353333 0.03 0.0887513 0.0569631 0
0.356667 0.03 0.0893825 0.0329925 0
0.36 0.03 0.0990295 0.0484668 0
0.363333 0.03 0.0955318 0.0412949 0
0.366667 0.03 0.0685558 0.0395046 0
0.37 0.0333333 0.0785858 0.0452779 0
0.373333 0.0333333 0.0886946 0.050447 0
0.376667 0.0333333 0.101654 0.0394848 0
0.38 0.0333333 0.0880653 0.0418352 0
0.383333 0.0333333 0.117995 0.0577042 0
0.386667 0.0333333 0.0557348 0.0301617 0
0.39 0.0333333 0.081012 0.0425624 0
0.393333 0.0333333 0.0754671 0.0410598 0
0.396667 0.0333333 0.0879099 0.0606989 0
0.4 0.0366667 0.0752727 0.0385522 0
0.403333 0.0366667 0.0793193 0.0451024 0
0.406667 0.0366667 0.0800667 0.0424817 0
0.41 0.0366667 0.0750567 0.0422285 0
0.413333 0.0366667 0.114231 0.0356804 0
0.416667 0.0366667 0.0945748 0.0364512 0
0.42 0.0366667 0.0751833 0.0306115 0
0.423333 0.0366667 0.085816 0.0522694 0
0.426667 0.0566667 0.129357 0.0508716 0
0.43 0.0566667 0.0663874 0.0280325 0
0.433333 0.0566667 0.0855765 0.0385082 0
0.436667 0.0566667 0.0759974 0.0393952 0
0.44 0.0566667 0.104345 0.0574518 0
0.443333 0.0566667 0.080096 0.0284166 0
0.446667 0.0633333 0.0781499 0.0435938 0
0.45 0.0633333 0.10217 0.0477653 0
0.453333 0.0633333 0.0616208 0.0353942 0
0.456667 0.0633333 0.0715534 0.0314141 0
0.46 0.0633333 0.0677997 0.0349613 0
0.463333 0.0633333 0.0890734 0.0457512 0
0.466667 0.0633333 0.113954 0.0544266 0
0.47 0.0633333 0.0850354 0.0397868 0
0.473333 0.0666667 0.0917192 0.0567321 0
0.476667 0.0666667 0.0871448 0.0428324 0
0.48 0.0666667 0.127958 0.0591803 0
0.483333 0.0666667 0.0679494 0.0420942 0
0.486667 0.0666667 0.0867122 0.0441042 0
0.49 0.0666667 0.0955934 0.0658278 0
0.493333 0.0666667 0.0965206 0.0388971 0
0.496667 0.0666667 0.112792 0.0441718 0
0.5 0.0666667 0.120296 0.0421959 0
0.503333 0.0666667 0.106792 0.0456331 0
0.506667 0.0666667 0.0935797 0.051989 0
0.51 0.07 0.0810945 0.0358806 0
0.513333 0.07 0.10967 0.0524368 0
0.516667 0.07 0.0804773 0.0459146 0
0.52 0.07 0.0933565 0.0394947 0
0.523333 0.07 0.108167 0.0551922 0
0.526667 0.07 0.0960624 0.0440008 0
0.53 0.07 0.0970747 0.0498887 0
0.533333 0.0933333 0.0953121 0.0551454 0
0.536667 0.0933333 0.105454 0.0570555 0
0.54 0.0933333 0.103519 0.0408747 0
0.543333 0.0933333 0.0855069 0.035581 0
0.546667 0.0933333 0.121352 0.0611918 0
0.55 0.0933333 0.0976469 0.0404165 0
0.553333 0.0933333 0.109559 0.0497743 0
0.556667 0.0933333 0.0827455 0.038951 0
0.56 0.0933333 0.0926198 0.0471156 0
0.563333 0.0933333 0.0883124 0.0391952 0
0.566667 0.0933333 0.122298 0.0662225 0
0.57 0.0933333 0.100186 0.0505391 0
0.573333 0.0933333 0.0799334 0.0370834 0
0.576667 0.0933333 0.0980227 0.0583144 0
0.58 0.0933333 0.126626 0.0596618 0
0.583333 0.0966667 0.0985162 0.0622058 0
0.586667 0.0966667 0.116821 0.057533 0
0.59 0.0966667 0.120489 0.0478697 0
0.593333 0.0966667 0.12995 0.0616336 0
0.596667 0.0966667 0.102775 0.0457063 0
0.6 0.0966667 0.0954224 0.0511115 0
0.603333 0.0966667 0.114362 0.0347559 0
0.606667 0.0966667 0.115652 0.0388727 0
0.61 0.1 0.108516 0.0532267 0
0.613333 0.106667 0.119214 0.085694 0
0.616667 0.106667 0.120724 0.0537531 0
0.62 0.106667 0.109988 0.0539153 0
0.623333 0.116667 0.156274 0.0793472 0
0.626667 0.116667 0.108491 0.0360428 0
0.63 0.116667 0.107731 0.0483425 0
0.633333 0.116667 0.119934 0.0485492 0
0.636667 0.116667 0.149839 0.052081 0
0.64 0.12 0.101321 0.07106 0
0.643333 0.133333 0.122312 0.0653471 0
0.646667 0.133333 0.11243 0.0506845 0
0.65 0.133333 0.0853612 0.0254636 0
0.653333 0.213333 0.116751 0.0433087 0
0.656667 0.213333 0.11405 0.0558648 0
0.66 0.263333 0.102649 0.0564868 0
0.663333 0.263333 0.138166 0.0678329 0
0.666667 0.27 0.0981007 0.0590429 0
0.67 0.27 0.111025 0.0372204 0
0.673333 0.27 0.133953 0.0652735 0
0.676667 0.27 0.131845 0.0454412 0
0.68 0.293333 0.145553 0.0582165 0
0.683333 0.293333 0.0966211 0.0414053 0
0.686667 0.333333 0.100753 0.0571513 0
0.69 0.463333 0.0832941 0.034216 0
0.693333 0.516667 0.0951581 0.0310974 0
0.696667 0.516667 0.0891099 0.0389155 0
0.7 0.516667 0.0716051 0.0321173 0
0.703333 0.546667 0.0851353 0.0653834 0
0.706667 0.546667 0.128008 0.0333731 0
0.71 0.613333 0.0960979 0.0530945 0
0.713333 0.616667 0.079139 0.0391262 0
0.716667 0.616667 0.083484 0.0368646 0
0.72 0.616667 0.0759869 0.0444247 0
0.723333 0.616667 0.081268 0.0394812 0
0.726667 0.616667 0.118679 0.0458227 0
0.73 0.62 0.127961 0.0602149 0
0.733333 0.623333 0.118124 0.0435314 0
0.736667 0.626667 0.16551 0.0858227 0
0.74 0.626667 0.1282 0.0677751 0
0.743333 0.643333 0.0987648 0.0575782 0
0.746667 0.646667 0.124556 0.0581912 0
0.75 0.646667 0.124052 0.0878535 0
0.753333 0.656667 0.111066 0.0573032 0
0.756667 0.656667 0.107865 0.0457408 0
0.76 0.656667 0.139319 0.0508566 0
0.763333 0.666667 0.119155 0.0595493 0
0.766667 0.666667 0.122898 0.0508813 0
0.77 0.673333 0.0949701 0.0520347 0
0.773333 0.676667 0.15214 0.0802682 0
0.776667 0.676667 0.176983 0.042866 0
0.78 0.676667 0.118062 0.0508773 0
0.783333 0.68 0.160099 0.0598704 0
0.786667 0.68 0.16553 0.0659843 0
0.79 0.68 0.099424 0.0667543 0
0.793333 0.683333 0.130494 0.0494204 0
0.796667 0.683333 0.124313 0.0501846 0
0.8 0.69 0.189638 0.070088 0
0.803333 0.693333 0.171883 0.0908627 0
0.806667 0.7 0.194016 0.054921 0
0.81 0.703333 0.194567 0.043115 0
0.813333 0.71 0.168821 0.0581528 0
0.816667 0.71 0.173398 0.0549038 0
0.82 0.71 0.193733 0.0281996 0
0.823333 0.713333 0.197129 0.0325384 0
0.826667 0.716667 0.209616 0.0296578 0
0.83 0.716667 0.21419 0.0337509 0
0.833333 0.72 0.235067 0.03086 0
0.836667 0.72 0.230495 0.0406516 0
0.84 0.723333 0.241507 0.0592478 0
0.843333 0.723333 0.229258 0.0287204 0
0.846667 0.723333 0.238686 0.0344102 0
0.85 0.723333 0.239372 0.0260416 0
0.853333 0.73 0.309608 0.0234761 0
0.856667 0.73 0.314589 0.0316533 0
0.86 0.733333 0.305648 0.0516805 0
0.863333 0.736667 0.302743 0.0575566 0
0.866667 0.736667 0.308102 0.064752 0
0.87 0.74 0.291181 0.0893499 0
0.873333 0.74 0.302374 0.109744 0
0.876667 0.753333 0.320178 0.0358767 0
0.88 0.756667 0.301544 0.0639755 0
0.883333 0.76 0.307351 0.0599417 0
0.886667 0.76 0.322812 0.0686379 0
0.89 0.763333 0.334068 0.0414622 0
0.893333 0.763333 0.279165 0.0548211 0
0.896667 0.763333 0.269927 0.0504356 0
0.9 0.763333 0.303793 0.0762012 0
0.903333 0.763333 0.231676 0.0562739 0
0.906667 0.763333 0.278064 0.0805985 0
0.91 0.766667 0.259367 0.03973 0
0.913333 0.766667 0.318003 0.0511109 0
0.916667 0.77 0.147718 0.0393089 0
0.92 0.773333 0.156792 0.0427334 0
0.923333 0.773333 0.197138 0.0601751 0
0.926667 0.773333 0.18432 0.0426949 0
0.93 0.773333 0.165243 0.023473 0
0.933333 0.776667 0.189223 0.0414502 0
0.936667 0.776667 0.156067 0.057066 0
0.94 0.776667 0.199383 0.0350217 0
0.943333 0.776667 0.193696 0.0431895 0
0.946667 0.776667 0.191115 0.0280607 0
0.95 0.776667 0.19701 0.0308736 0
0.953333 0.776667 0.375996 0.0535556 0
0.956667 0.776667 0.406706 0.0221689 0
0.96 0.776667 0.426374 0.0198934 0
0.963333 0.776667 0.43165 0.0260944 0
0.966667 0.78 0.437891 0.0181129 0
0.97 0.78 0.445797 0.0299351 0
0.973333 0.78 0.445059 0.0228373 0
0.976667 0.78 0.483845 0.0315145 0
0.98 0.78 0.501914 0.0280395 0
0.983333 0.78 0.500087 0.0297729 0
0.986667 0.79 0.502159 0.028329 0
0.99 0.79 0.504327 0.02624 0
0.993333 0.793333 0.508864 0.0299421 0
0.996667 0.793333 0.515535 0.0215667 0
1 0.793333 0.522528 0.0245962 0
1.00333 0.796667 0.518615 0.0206882 0
1.00667 0.8 0.511687 0.0237188 0
1.01 0.8 0.520527 0.0237471 0
1.01333 0.803333 0.526924 0.0174177 0
1.01667 0.81 0.519439 0.0227195 0
1.02 0.81 0.521475 0.0230292 0
1.02333 0.81 0.522466 0.0302884 0
1.02667 0.813333 0.512166 0.0190055 0
1.03 0.813333 0.509242 0.0170865 0
1.03333 0.813333 0.502501 0.0263205 0
1.03667 0.813333 0.514284 0.0237898 0
1.04 0.816667 0.508628 0.0203581 0
1.04333 0.823333 0.520303 0.0229178 0
1.04667 0.826667 0.528273 0.0226094 0
1.05 0.826667 0.535055 0.0243267 0
1.05333 0.826667 0.529238 0.0164912 0
1.05667 0.826667 0.537456 0.0231289 0
1.06 0.826667 0.544518 0.0255766 0
1.06333 0.826667 0.538444 0.0255862 0
1.06667 0.826667 0.544633 0.0186491 0
1.07 0.826667 0.541847 0.0191638 0
1.07333 0.83 0.546483 0.0251752 0
1.07667 0.83 0.551375 0.0144378 0
1.08 0.83 0.554058 0.0252889 0
1.08333 0.83 0.568072 0.018854 0
1.08667 0.833333 0.55842 0.0350717 0
1.09 0.833333 0.562432 0.0185882 0
1.09333 0.833333 0.58073 0.0195215 0
1.09667 0.833333 0.583281 0.0259509 0
1.1 0.836667 0.58727 0.0231074 0
1.10333 0.84 0.589102 0.0198001 0
1.10667 0.84 0.595025 0.0139911 0
1.11 0.84 0.595861 0.0250855 0
1.11333 0.84 0.594508 0.0223051 0
1.11667 0.84 0.614086 0.0195684 0
1.12 0.84 0.612448 0.0214599 0
1.12333 0.84 0.612802 0.0238833 0
1.12667 0.84 0.615959 0.0268231 0
1.13 0.846667 0.616342 0.020583 0
1.13333 0.846667 0.620021 0.0204528 0
1.13667 0.846667 0.622592 0.0278902 0
1.14 0.85 0.616756 0.0211975 0
1.14333 0.853333 0.62533 0.0225474 0
1.14667 0.873333 0.613297 0.0246384 0
1.15 0.873333 0.621532 0.0210292 0
1.15333 0.873333 0.620752 0.0209279 0
1.15667 0.876667 0.615866 0.0166134 0
1.16 0.876667 0.622129 0.0163181 0
1.16333 0.876667 0.619886 0.0142888 0
1.16667 0.876667 0.615786 0.0162077 0
1.17 0.876667 0.743069 0.0188196 0
1.17333 0.883333 0.741874 0.014684 0
1.17667 0.883333 0.742251 0.0122524 0
1.18 0.883333 0.736824 0.0158139 0
1.18333 0.886667 0.735671 0.0209215 0
1.18667 0.886667 0.739796 0.0163218 0
1.19 0.886667 0.737469 0.0120882 0
1.19333 0.886667 0.752194 0.0176594 0
1.19667 0.886667 0.754666 0.0166766 0
1.2 0.886667 0.763239 0.0143433 0
1.20333 0.89 0.755811 0.0181201 0
1.20667 0.89 0.765 0 0