# Relevant parameters to reproduce this network:
# node_nr=200	 k_max=20
# initial_seed=1557414222	 delta_t=0.1	 max_steps=3000	 in_between=0
# fg_m=1	 fg_alpha=3	 fg_t_min=0	 fg_t_max=1.5	 fg_t_number=300	 fg_weff_lower_frequency=-1e+08	 fg_weff_max_steps=3000	 fg_weff_in_between=0
# K Giant_component <r> sigma_r*sqrt(NODE_NR) clustering
0 0.01 0.056707 0.0301078 0
0.005 0.01 0.0609859 0.0320256 0
0.01 0.01 0.056049 0.0303111 0
0.015 0.01 0.0644347 0.0315999 0
0.02 0.01 0.0667011 0.0339093 0
0.025 0.01 0.0595219 0.0359104 0
0.03 0.01 0.0650703 0.0342314 0
0.035 0.01 0.0689568 0.033447 0
0.04 0.015 0.0682046 0.0318111 0
0.045 0.015 0.0635566 0.0291078 0
0.05 0.015 0.0653329 0.0322984 0
0.055 0.015 0.0673226 0.0373459 0
0.06 0.015 0.0663867 0.0322703 0
0.065 0.015 0.0661309 0.0330312 0
0.07 0.015 0.0621879 0.0296811 0
0.075 0.015 0.0668214 0.0354507 0
0.08 0.015 0.0640961 0.0315958 0
0.085 0.015 0.0692485 0.034162 0
0.09 0.015 0.0637425 0.0318623 0
0.095 0.015 0.0660236 0.0331456 0
0.1 0.015 0.0701084 0.0352133 0
0.105 0.015 0.0707429 0.0338523 0
0.11 0.015 0.070828 0.0389711 0
0.115 0.015 0.0726565 0.0296631 0
0.12 0.015 0.07116 0.0424139 0
0.125 0.015 0.0712023 0.0389256 0
0.13 0.015 0.0739155 0.0364071 0
0.135 0.015 0.0632628 0.0307857 0
0.14 0.015 0.0668193 0.0317717 0
0.145 0.015 0.0739897 0.0393599 0
0.15 0.015 0.0659978 0.0339676 0
0.155 0.015 0.0638405 0.03568 0
0.16 0.015 0.0753616 0.0355431 0
0.165 0.015 0.0689809 0.0405869 0
0.17 0.015 0.0800413 0.0402214 0
0.175 0.015 0.0734326 0.0329466 0
0.18 0.015 0.0794924 0.0409939 0
0.185 0.02 0.0777631 0.0444244 0
0.19 0.02 0.0694742 0.0365407 0
0.195 0.02 0.0734661 0.0409231 0
0.2 0.02 0.060799 0.0287313 0
0.205 0.02 0.0684693 0.0324406 0
0.21 0.035 0.0710783 0.0307758 0
0.215 0.035 0.0826155 0.0403309 0
0.22 0.035 0.0688651 0.035532 0
0.225 0.035 0.0819637 0.0475047 0
0.23 0.035 0.0738047 0.0422292 0
0.235 0.04 0.0677848 0.0375532 0
0.24 0.04 0.0761911 0.0354485 0
0.245 0.04 0.0775157 0.0377801 0
0.25 0.04 0.0653365 0.0361872 0
0.255 0.04 0.0746211 0.0367081 0
0.26 0.04 0.0780399 0.0391961 0
0.265 0.04 0.072154 0.0433636 0
0.27 0.04 0.0737146 0.033298 0
0.275 0.04 0.0916076 0.0495685 0
0.28 0.04 0.0754643 0.0475938 0
0.285 0.04 0.0759556 0.0373197 0
0.29 0.04 0.0884896 0.044575 0
0.295 0.04 0.0874721 0.0459523 0
0.3 0.04 0.0830027 0.03923 0
0.305 0.04 0.0836037 0.0426624 0
0.31 0.04 0.0896459 0.044892 0
0.315 0.04 0.0844452 0.0415891 0
0.32 0.04 0.0829037 0.045652 0
0.325 0.04 0.0897333 0.0502443 0
0.33 0.04 0.0858266 0.0400043 0
0.335 0.04 0.0786156 0.043582 0
0.34 0.04 0.0733631 0.0337081 0
0.345 0.04 0.0891761 0.0381174 0
0.35 0.04 0.10355 0.0560347 0
0.355 0.04 0.0887572 0.039068 0
0.36 0.04 0.09967 0.0583578 0
0.365 0.04 0.0900982 0.0444223 0
0.37 0.04 0.095397 0.0447437 0
0.375 0.045 0.0825407 0.0387426 0
0.38 0.045 0.0975412 0.0419118 0
0.385 0.045 0.0884587 0.0460661 0
0.39 0.045 0.0749755 0.0427396 0
0.395 0.045 0.082917 0.0439836 0
0.4 0.045 0.0791235 0.0402069 0
0.405 0.045 0.099464 0.049407 0
0.41 0.05 0.105162 0.0511655 0
0.415 0.05 0.0986909 0.0528654 0
0.42 0.075 0.0972805 0.0488535 0
0.425 0.075 0.100502 0.0575842 0
0.43 0.11 0.109508 0.0579772 0
0.435 0.11 0.105408 0.0467776 0
0.44 0.11 0.120986 0.0615247 0
0.445 0.11 0.0946902 0.044566 0
0.45 0.11 0.0978187 0.0484248 0
0.455 0.11 0.0836083 0.0491495 0
0.46 0.11 0.102413 0.0473262 0
0.465 0.12 0.0932222 0.0486575 0
0.47 0.12 0.0969154 0.0562767 0
0.475 0.12 0.100588 0.0518782 0
0.48 0.12 0.0953454 0.0511159 0
0.485 0.12 0.110254 0.0544471 0
0.49 0.12 0.105115 0.0457533 0
0.495 0.12 0.115549 0.0588663 0
0.5 0.15 0.107932 0.0557681 0
0.505 0.15 0.112348 0.0593062 0
0.51 0.15 0.11502 0.0663929 0
0.515 0.17 0.109755 0.0481018 0
0.52 0.17 0.133964 0.0639102 0
0.525 0.17 0.129678 0.0565799 0
0.53 0.17 0.11565 0.0541074 0
0.535 0.185 0.11136 0.0574784 0
0.54 0.185 0.11872 0.0560653 0
0.545 0.185 0.126476 0.0567115 0
0.55 0.185 0.106095 0.0650766 0
0.555 0.195 0.130303 0.0580258 0
0.56 0.2 0.12772 0.0569696 0
0.565 0.2 0.11431 0.0720674 0
0.57 0.35 0.122397 0.0639827 0
0.575 0.365 0.103266 0.048551 0
0.58 0.37 0.122148 0.0534569 0
0.585 0.375 0.128436 0.0706513 0
0.59 0.375 0.136025 0.0597164 0
0.595 0.375 0.13737 0.0576306 0
0.6 0.405 0.121543 0.0589865 0
0.605 0.405 0.107492 0.0471228 0
0.61 0.425 0.102945 0.0472547 0
0.615 0.43 0.130702 0.0612957 0
0.62 0.44 0.110331 0.0459856 0
0.625 0.44 0.106385 0.067896 0
0.63 0.44 0.109406 0.0599175 0
0.635 0.44 0.114234 0.0485206 0
0.64 0.46 0.129689 0.0656444 0
0.645 0.47 0.122326 0.0627191 0
0.65 0.475 0.123499 0.0728825 0
0.655 0.48 0.0995497 0.0578383 0
0.66 0.48 0.141152 0.0718064 0
0.665 0.48 0.142109 0.0747857 0
0.67 0.49 0.113956 0.0533033 0
0.675 0.51 0.182763 0.0702269 0
0.68 0.51 0.153389 0.078129 0
0.685 0.51 0.143198 0.0646064 0
0.69 0.51 0.115569 0.0485939 0
0.695 0.51 0.131351 0.0712667 0
0.7 0.515 0.120393 0.0668946 0
0.705 0.515 0.107812 0.0595882 0
0.71 0.52 0.130688 0.0576277 0
0.715 0.525 0.152696 0.0581881 0
0.72 0.535 0.126716 0.0533418 0
0.725 0.535 0.116434 0.0680099 0
0.73 0.535 0.183824 0.0846132 0
0.735 0.535 0.172545 0.0501764 0
0.74 0.54 0.16974 0.0530472 0
0.745 0.545 0.207165 0.0615044 0
0.75 0.545 0.160948 0.0649826 0
0.755 0.575 0.189614 0.0552521 0
0.76 0.575 0.1724 0.0688844 0
0.765 0.585 0.150556 0.0626548 0
0.77 0.59 0.187614 0.083303 0
0.775 0.59 0.137786 0.0515238 0
0.78 0.67 0.146878 0.055953 0
0.785 0.67 0.184502 0.0633125 0
0.79 0.67 0.170206 0.0602465 0
0.795 0.67 0.16518 0.0653918 0
0.8 0.67 0.161147 0.0842341 0
0.805 0.67 0.132577 0.0723941 0
0.81 0.67 0.131946 0.0631043 0
0.815 0.675 0.124349 0.0719142 0
0.82 0.675 0.146837 0.0591232 0
0.825 0.675 0.19587 0.0644012 0
0.83 0.675 0.171717 0.0766825 0
0.835 0.675 0.173049 0.0586642 0
0.84 0.68 0.197566 0.0641822 0
0.845 0.685 0.205866 0.0591469 0
0.85 0.69 0.164801 0.0721325 0
0.855 0.69 0.177637 0.0669087 0
0.86 0.69 0.166265 0.0686498 0
0.865 0.69 0.198032 0.0595276 0
0.87 0.69 0.226049 0.0639352 0
0.875 0.695 0.252798 0.0683455 0
0.88 0.695 0.27863 0.077947 0
0.885 0.71 0.258858 0.0867512 0
0.89 0.71 0.297803 0.0744237 0
0.895 0.715 0.255828 0.0703051 0
0.9 0.715 0.267668 0.0763624 0
0.905 0.715 0.249205 0.0654731 0
0.91 0.72 0.23826 0.0648542 0
0.915 0.735 0.241983 0.0755886 0
0.92 0.735 0.250431 0.0680233 0
0.925 0.745 0.236235 0.0606533 0
0.93 0.775 0.282827 0.0805903 0
0.935 0.775 0.272637 0.0623278 0
0.94 0.775 0.272198 0.0778196 0
0.945 0.785 0.275125 0.082941 0
0.95 0.785 0.277331 0.0830453 0
0.955 0.785 0.299282 0.0976319 0
0.96 0.795 0.302732 0.0746452 0
0.965 0.795 0.301817 0.0842705 0
0.97 0.8 0.308064 0.0840239 0
0.975 0.83 0.305303 0.0793972 0
0.98 0.84 0.283933 0.0915801 0
0.985 0.84 0.274959 0.0801288 0
0.99 0.845 0.290071 0.090558 0
0.995 0.845 0.279339 0.0881147 0
1 0.85 0.280917 0.081725 0
1.005 0.855 0.308562 0.0856948 0
1.01 0.86 0.298114 0.0828095 0
1.015 0.86 0.290002 0.093888 0
1.02 0.86 0.322316 0.0785634 0
1.025 0.86 0.323686 0.0718921 0
1.03 0.86 0.33953 0.0806703 0
1.035 0.86 0.349933 0.0787328 0
1.04 0.86 0.357291 0.0831695 0
1.045 0.86 0.357297 0.0676396 0
1.05 0.86 0.329981 0.0655862 0
1.055 0.865 0.318738 0.075629 0
1.06 0.87 0.330354 0.0775693 0
1.065 0.87 0.334458 0.0752197 0
1.07 0.87 0.3307 0.0808977 0
1.075 0.87 0.329741 0.0708726 0
1.08 0.87 0.323956 0.0782152 0
1.085 0.87 0.328542 0.0776943 0
1.09 0.875 0.339523 0.0688716 0
1.095 0.875 0.324864 0.0716193 0
1.1 0.875 0.301601 0.0630575 0
1.105 0.875 0.309257 0.0674672 0
1.11 0.875 0.320607 0.0628443 0
1.115 0.875 0.328395 0.0874758 0
1.12 0.875 0.320146 0.0726361 0
1.125 0.875 0.350081 0.103968 0
1.13 0.875 0.331284 0.0905816 0
1.135 0.875 0.315293 0.0853408 0
1.14 0.875 0.357524 0.115537 0
1.145 0.88 0.32479 0.109598 0
1.15 0.88 0.343149 0.104007 0
1.155 0.88 0.345019 0.103999 0
1.16 0.885 0.364118 0.112303 0
1.165 0.885 0.35702 0.0730155 0
1.17 0.885 0.363293 0.0742176 0
1.175 0.895 0.367227 0.0865337 0
1.18 0.895 0.349828 0.0857643 0
1.185 0.895 0.350627 0.0830692 0
1.19 0.895 0.388716 0.0944712 0
1.195 0.895 0.376728 0.0737895 0
1.2 0.9 0.376919 0.0720072 0
1.205 0.905 0.378407 0.0775767 0
1.21 0.905 0.392096 0.0775623 0
1.215 0.91 0.384965 0.0809519 0
1.22 0.91 0.374609 0.0848552 0
1.225 0.91 0.423358 0.0740787 0
1.23 0.91 0.430261 0.074271 0
1.235 0.915 0.409482 0.0768953 0
1.24 0.915 0.383949 0.0837015 0
1.245 0.915 0.388554 0.0829332 0
1.25 0.915 0.400066 0.0782045 0
1.255 0.915 0.400058 0.0721096 0
1.26 0.915 0.450618 0.0480482 0
1.265 0.92 0.437233 0.0415819 0
1.27 0.92 0.438663 0.036976 0
1.275 0.92 0.454579 0.0317614 0
1.28 0.925 0.439539 0.0524258 0
1.285 0.925 0.437167 0.0415743 0
1.29 0.935 0.420063 0.0427674 0
1.295 0.94 0.42015 0.0377634 0
1.3 0.94 0.421541 0.0316222 0
1.305 0.94 0.42512 0.0380252 0
1.31 0.94 0.432064 0.0475194 0
1.315 0.94 0.434077 0.0361751 0
1.32 0.94 0.367772 0.0324301 0
1.325 0.96 0.343241 0.0302898 0
1.33 0.96 0.347855 0.0415579 0
1.335 0.96 0.342895 0.0386952 0
1.34 0.96 0.353189 0.0394901 0
1.345 0.96 0.372181 0.0554138 0
1.35 0.96 0.358839 0.11688 0
1.355 0.96 0.411703 0.0284149 0
1.36 0.96 0.416889 0.0313013 0
1.365 0.96 0.419206 0.0344394 0
1.37 0.96 0.417712 0.0314122 0
1.375 0.96 0.422009 0.0293903 0
1.38 0.96 0.422978 0.0333826 0
1.385 0.965 0.433657 0.0336106 0
1.39 0.965 0.441006 0.0360777 0
1.395 0.965 0.459798 0.035132 0
1.4 0.965 0.53394 0.0257867 0
1.405 0.965 0.548957 0.0195455 0
1.41 0.965 0.548571 0.0196159 0
1.415 0.965 0.546314 0.0206231 0
1.42 0.965 0.571522 0.0179921 0
1.425 0.965 0.570604 0.0192291 0
1.43 0.965 0.580559 0.0222603 0
1.435 0.965 0.581132 0.0218915 0
1.44 0.965 0.590345 0.0228384 0
1.445 0.965 0.562916 0.0196341 0
1.45 0.965 0.558509 0.0144463 0
1.455 0.97 0.560487 0.0162952 0
1.46 0.97 0.567758 0.0143128 0
1.465 0.97 0.579309 0.0172115 0
1.47 0.97 0.580292 0.0162503 0
1.475 0.97 0.580765 0.013734 0
1.48 0.97 0.581427 0.015608 0
1.485 0.97 0.599272 0.0160278 0
1.49 0.97 0.580861 0.0131804 0
1.495 0.97 0.579693 0.0111157 0
1.5 0.97 0.583628 0.0134886 0
