# Relevant parameters to reproduce this network:
# node_nr=200	 k_max=20
# initial_seed=1557414222	 delta_t=0.1	 max_steps=3000	 in_between=0
# fg_m=1	 fg_alpha=-0.5	 fg_t_min=0	 fg_t_max=5	 fg_t_number=1000	 fg_weff_lower_frequency=-1e+08	 fg_weff_max_steps=3000	 fg_weff_in_between=0
# K Giant_component <r> sigma_r*sqrt(NODE_NR) clustering
0 0.01 0.0560622 0.0297688 0
0.005 0.01 0.0607496 0.0330984 0
0.01 0.01 0.0555211 0.0295838 0
0.015 0.01 0.0649418 0.0340055 0
0.02 0.01 0.0617487 0.031854 0
0.025 0.01 0.0616282 0.0343318 0
0.03 0.01 0.0623826 0.0321345 0
0.035 0.01 0.0698835 0.0335235 0
0.04 0.01 0.0670482 0.0333716 0
0.045 0.01 0.060917 0.0272667 0
0.05 0.01 0.0660097 0.031955 0
0.055 0.01 0.0694458 0.0346072 0
0.06 0.01 0.060113 0.0313862 0
0.065 0.01 0.0651639 0.0321503 0
0.07 0.01 0.0627492 0.0293662 0
0.075 0.01 0.0637653 0.0324617 0
0.08 0.01 0.0535096 0.0304647 0
0.085 0.01 0.0599458 0.031067 0
0.09 0.01 0.0607713 0.0318146 0
0.095 0.01 0.057132 0.0310391 0
0.1 0.01 0.0678017 0.0356279 0
0.105 0.01 0.0674198 0.0318848 0
0.11 0.015 0.0709696 0.0381861 0
0.115 0.015 0.0653907 0.029195 0
0.12 0.015 0.073981 0.0344777 0
0.125 0.015 0.0701295 0.034841 0
0.13 0.015 0.0690816 0.0354457 0
0.135 0.015 0.0725352 0.0370479 0
0.14 0.015 0.0700294 0.0313325 0
0.145 0.015 0.0684846 0.0423075 0
0.15 0.015 0.0619299 0.036262 0
0.155 0.015 0.0699644 0.0377148 0
0.16 0.02 0.0711046 0.0339364 0
0.165 0.02 0.0601959 0.029806 0
0.17 0.02 0.0667839 0.0318127 0
0.175 0.02 0.0653297 0.0299324 0
0.18 0.02 0.0746166 0.0405082 0
0.185 0.02 0.0687669 0.0375878 0
0.19 0.02 0.0711641 0.0344621 0
0.195 0.02 0.0646021 0.0374935 0
0.2 0.035 0.0670391 0.0354253 0
0.205 0.035 0.0632179 0.032305 0
0.21 0.05 0.0615124 0.0301488 0
0.215 0.05 0.0784218 0.0384027 0
0.22 0.05 0.0648425 0.0370837 0
0.225 0.05 0.0624793 0.0371995 0
0.23 0.06 0.0807295 0.0400768 0
0.235 0.06 0.0588565 0.0355985 0
0.24 0.06 0.074252 0.0401697 0
0.245 0.06 0.0669515 0.0359648 0
0.25 0.06 0.0648519 0.0338846 0
0.255 0.06 0.0656854 0.0378692 0
0.26 0.06 0.0768204 0.0357508 0
0.265 0.06 0.0670983 0.0292188 0
0.27 0.065 0.0625139 0.031168 0
0.275 0.065 0.0603153 0.0299374 0
0.28 0.07 0.0672544 0.0318319 0
0.285 0.07 0.0728078 0.0404721 0
0.29 0.07 0.0668191 0.0334458 0
0.295 0.07 0.0681967 0.0361342 0
0.3 0.07 0.079814 0.0429995 0
0.305 0.07 0.072391 0.0317281 0
0.31 0.07 0.0745936 0.0379888 0
0.315 0.07 0.0651002 0.0309696 0
0.32 0.075 0.0756039 0.0384742 0
0.325 0.075 0.0714401 0.0395945 0
0.33 0.075 0.0727258 0.036753 0
0.335 0.075 0.0775753 0.0401619 0
0.34 0.075 0.0682894 0.0389076 0
0.345 0.08 0.0626645 0.0324173 0
0.35 0.095 0.0655615 0.0317531 0
0.355 0.11 0.0606854 0.0334275 0
0.36 0.11 0.0650125 0.0306721 0
0.365 0.11 0.0696773 0.0355476 0
0.37 0.115 0.0780341 0.0367445 0
0.375 0.115 0.0792226 0.0378012 0
0.38 0.135 0.0723671 0.0411665 0
0.385 0.135 0.0664196 0.0332144 0
0.39 0.135 0.0777971 0.0362999 0
0.395 0.135 0.0753421 0.036857 0
0.4 0.135 0.0795514 0.0348164 0
0.405 0.135 0.0706402 0.0357422 0
0.41 0.135 0.075463 0.0422251 0
0.415 0.135 0.0786071 0.0347481 0
0.42 0.145 0.0762909 0.0361573 0
0.425 0.15 0.0733257 0.0350761 0
0.43 0.16 0.0732166 0.0379569 0
0.435 0.16 0.0664027 0.0331014 0
0.44 0.18 0.0649278 0.031456 0
0.445 0.18 0.0653149 0.0326213 0
0.45 0.18 0.0685438 0.0388956 0
0.455 0.195 0.0684196 0.040148 0
0.46 0.195 0.0818935 0.0425664 0
0.465 0.2 0.0638337 0.037763 0
0.47 0.2 0.076719 0.0332484 0
0.475 0.2 0.0797846 0.0405123 0
0.48 0.2 0.0777511 0.0386881 0
0.485 0.205 0.0663836 0.0346354 0
0.49 0.22 0.0688029 0.0337495 0
0.495 0.22 0.0688602 0.0438872 0
0.5 0.225 0.0811414 0.0345864 0
0.505 0.225 0.0675561 0.0329831 0
0.51 0.225 0.0712823 0.0350455 0
0.515 0.23 0.0797549 0.0416818 0
0.52 0.235 0.0682184 0.0305453 0
0.525 0.235 0.085611 0.0398437 0
0.53 0.235 0.0769368 0.035726 0
0.535 0.255 0.0808478 0.0450323 0
0.54 0.255 0.0797746 0.04024 0
0.545 0.255 0.0817786 0.0418995 0
0.55 0.255 0.0684709 0.035408 0
0.555 0.27 0.0740977 0.0373363 0
0.56 0.275 0.0813718 0.0357234 0
0.565 0.28 0.0692714 0.0373296 0
0.57 0.28 0.0736723 0.0373363 0
0.575 0.28 0.0746433 0.0351888 0
0.58 0.35 0.0855376 0.0436805 0
0.585 0.36 0.0676675 0.0398582 0
0.59 0.375 0.0715723 0.044284 0
0.595 0.38 0.0712459 0.0395553 0
0.6 0.38 0.0701185 0.037569 0
0.605 0.38 0.0726013 0.0398627 0
0.61 0.38 0.0781728 0.0397034 0
0.615 0.395 0.0762983 0.0342996 0
0.62 0.4 0.0796116 0.0446094 0
0.625 0.4 0.0789244 0.0374108 0
0.63 0.4 0.0749508 0.0356762 0
0.635 0.4 0.0829709 0.04466 0
0.64 0.4 0.0781906 0.0410383 0
0.645 0.4 0.083295 0.044609 0
0.65 0.4 0.0730936 0.0401837 0
0.655 0.4 0.0731819 0.0362619 0
0.66 0.405 0.0842535 0.0391239 0
0.665 0.42 0.0752983 0.0408671 0
0.67 0.42 0.0735279 0.0357155 0
0.675 0.425 0.0824034 0.0453216 0
0.68 0.425 0.0767096 0.0360524 0
0.685 0.425 0.077797 0.0360264 0
0.69 0.43 0.0912214 0.0488609 0
0.695 0.43 0.0682914 0.0370508 0
0.7 0.435 0.0795982 0.0458322 0
0.705 0.475 0.0692096 0.0393147 0
0.71 0.475 0.0770505 0.039273 0
0.715 0.505 0.079847 0.0413745 0
0.72 0.515 0.0785289 0.0400012 0
0.725 0.52 0.0694007 0.0385065 0
0.73 0.53 0.0824462 0.0411768 0
0.735 0.56 0.0753539 0.0362278 0
0.74 0.565 0.0707007 0.0452302 0
0.745 0.575 0.0880907 0.0435216 0
0.75 0.625 0.0850876 0.0444269 0
0.755 0.635 0.0723789 0.0351066 0
0.76 0.65 0.0862727 0.0448339 0
0.765 0.65 0.0798044 0.0433611 0
0.77 0.65 0.0795778 0.0419757 0
0.775 0.65 0.0928617 0.0489661 0
0.78 0.65 0.0837205 0.0425416 0
0.785 0.65 0.0842313 0.0490394 0
0.79 0.655 0.073949 0.0372005 0
0.795 0.655 0.0829154 0.0465552 0
0.8 0.66 0.0732465 0.043054 0
0.805 0.66 0.083402 0.0419299 0
0.81 0.665 0.0781049 0.036879 0
0.815 0.665 0.0863833 0.0366497 0
0.82 0.665 0.0915071 0.0385928 0
0.825 0.705 0.0794668 0.0418242 0
0.83 0.705 0.0868691 0.0458857 0
0.835 0.75 0.0803544 0.0343837 0
0.84 0.75 0.082964 0.0360341 0
0.845 0.75 0.0801637 0.0376182 0
0.85 0.75 0.0855572 0.0411424 0
0.855 0.75 0.070993 0.0372903 0
0.86 0.75 0.0774906 0.0397752 0
0.865 0.75 0.0760636 0.0361404 0
0.87 0.75 0.0796783 0.0375711 0
0.875 0.75 0.0774969 0.0375291 0
0.88 0.75 0.0809412 0.0357769 0
0.885 0.75 0.0784035 0.0451213 0
0.89 0.755 0.0703812 0.0392855 0
0.895 0.76 0.0864717 0.0382543 0
0.9 0.76 0.0828411 0.0474525 0
0.905 0.76 0.0738538 0.0404267 0
0.91 0.76 0.0734413 0.0396367 0
0.915 0.76 0.0740212 0.0343657 0
0.92 0.765 0.0723347 0.0404243 0
0.925 0.765 0.0752744 0.0359489 0
0.93 0.765 0.0752085 0.0375804 0
0.935 0.77 0.0835411 0.0456754 0
0.94 0.775 0.0811366 0.0401087 0
0.945 0.78 0.0802759 0.033959 0
0.95 0.785 0.0750284 0.0394699 0
0.955 0.795 0.0795887 0.0424823 0
0.96 0.8 0.0692388 0.0424011 0
0.965 0.8 0.0806457 0.0400468 0
0.97 0.8 0.0819248 0.0407027 0
0.975 0.805 0.0921097 0.0434579 0
0.98 0.81 0.0720366 0.0354448 0
0.985 0.82 0.0853985 0.0478644 0
0.99 0.835 0.0922452 0.0473797 0
0.995 0.835 0.0848798 0.0420676 0
1 0.835 0.0848548 0.0415536 0
1.005 0.845 0.0820025 0.0360639 0
1.01 0.85 0.0884366 0.0469441 0
1.015 0.85 0.0774267 0.038154 0
1.02 0.855 0.0800689 0.0414507 0
1.025 0.855 0.0875743 0.0435676 0
1.03 0.855 0.089897 0.0406239 0
1.035 0.855 0.0894579 0.0449765 0
1.04 0.855 0.0877364 0.0379418 0
1.045 0.855 0.0787986 0.0438156 0
1.05 0.855 0.0837395 0.040516 0
1.055 0.86 0.0759166 0.0392593 0
1.06 0.86 0.0795357 0.0385684 0
1.065 0.865 0.0800493 0.0402751 0
1.07 0.865 0.0816664 0.0417688 0
1.075 0.875 0.0833006 0.0398487 0
1.08 0.88 0.0789272 0.0448303 0
1.085 0.88 0.0809728 0.0438538 0
1.09 0.88 0.0727301 0.044059 0
1.095 0.885 0.07384 0.0351994 0
1.1 0.885 0.0780879 0.0406251 0
1.105 0.885 0.0821288 0.041452 0
1.11 0.885 0.095776 0.0429175 0
1.115 0.895 0.0743784 0.0402989 0
1.12 0.895 0.0829746 0.0447926 0
1.125 0.895 0.0884372 0.0426618 0
1.13 0.9 0.0711128 0.0384208 0
1.135 0.91 0.0846411 0.0399678 0
1.14 0.91 0.0826734 0.0485875 0
1.145 0.91 0.0927207 0.0457228 0
1.15 0.915 0.0924985 0.0489764 0
1.155 0.915 0.0972461 0.0451822 0
1.16 0.92 0.097657 0.0409156 0
1.165 0.92 0.0826919 0.0382614 0
1.17 0.92 0.0831882 0.0404695 0
1.175 0.92 0.0886829 0.0441453 0
1.18 0.92 0.0802451 0.0370488 0
1.185 0.92 0.0857319 0.0448199 0
1.19 0.92 0.0792578 0.0386289 0
1.195 0.92 0.0794047 0.0432137 0
1.2 0.92 0.0799703 0.0380681 0
1.205 0.92 0.0819834 0.0419958 0
1.21 0.92 0.0905428 0.0544136 0
1.215 0.92 0.0788449 0.0434032 0
1.22 0.925 0.0838665 0.0410468 0
1.225 0.925 0.0942097 0.0454557 0
1.23 0.925 0.0918866 0.0454865 0
1.235 0.925 0.0874999 0.0426255 0
1.24 0.925 0.0760863 0.0389763 0
1.245 0.925 0.0910999 0.0483548 0
1.25 0.925 0.0879771 0.0446987 0
1.255 0.925 0.0872781 0.0442626 0
1.26 0.925 0.0846078 0.0385543 0
1.265 0.925 0.0880666 0.0434569 0
1.27 0.925 0.0840027 0.0425031 0
1.275 0.925 0.0977713 0.0468315 0
1.28 0.925 0.101644 0.0581572 0
1.285 0.93 0.0884806 0.0408211 0
1.29 0.93 0.0862212 0.0438002 0
1.295 0.93 0.0952964 0.0502839 0
1.3 0.93 0.08717 0.0469334 0
1.305 0.935 0.0862759 0.0397813 0
1.31 0.935 0.0875381 0.0490562 0
1.315 0.935 0.0925548 0.0451913 0
1.32 0.935 0.0846415 0.0429529 0
1.325 0.935 0.0902593 0.047744 0
1.33 0.935 0.0924831 0.0559375 0
1.335 0.935 0.0883906 0.0475298 0
1.34 0.935 0.0996329 0.0442186 0
1.345 0.935 0.0919326 0.047305 0
1.35 0.935 0.105799 0.0541098 0
1.355 0.935 0.10794 0.0551604 0
1.36 0.935 0.0931984 0.0480266 0
1.365 0.935 0.109317 0.0588303 0
1.37 0.935 0.0977206 0.0490432 0
1.375 0.935 0.100391 0.0468737 0
1.38 0.935 0.0955442 0.0455866 0
1.385 0.935 0.0976646 0.0533834 0
1.39 0.935 0.0828522 0.0432955 0
1.395 0.935 0.0935598 0.0458393 0
1.4 0.935 0.103417 0.0531804 0
1.405 0.935 0.0872218 0.043662 0
1.41 0.935 0.0855461 0.0414658 0
1.415 0.945 0.111601 0.0625197 0
1.42 0.945 0.086582 0.0464011 0
1.425 0.945 0.0976389 0.0511434 0
1.43 0.945 0.097525 0.0485519 0
1.435 0.945 0.104461 0.0458917 0
1.44 0.945 0.0909536 0.0464038 0
1.445 0.945 0.094276 0.0446413 0
1.45 0.945 0.0975277 0.0537194 0
1.455 0.945 0.0910819 0.0496948 0
1.46 0.945 0.0888019 0.0499304 0
1.465 0.945 0.101967 0.0567888 0
1.47 0.945 0.0877007 0.0421985 0
1.475 0.945 0.100217 0.0471766 0
1.48 0.945 0.102942 0.0543643 0
1.485 0.945 0.100966 0.0457055 0
1.49 0.945 0.094607 0.0475281 0
1.495 0.945 0.0971289 0.0466578 0
1.5 0.945 0.0880759 0.047785 0
1.505 0.945 0.0981223 0.0479466 0
1.51 0.945 0.0976704 0.0528269 0
1.515 0.945 0.0976876 0.038275 0
1.52 0.945 0.0960323 0.0477623 0
1.525 0.945 0.0889986 0.0542539 0
1.53 0.945 0.101436 0.0594563 0
1.535 0.945 0.091617 0.0408351 0
1.54 0.95 0.0974827 0.0507612 0
1.545 0.955 0.103727 0.0540066 0
1.55 0.955 0.0924443 0.0484485 0
1.555 0.96 0.0976824 0.0556738 0
1.56 0.96 0.112188 0.0558966 0
1.565 0.96 0.100036 0.0547665 0
1.57 0.96 0.0889988 0.0499188 0
1.575 0.96 0.105828 0.0545527 0
1.58 0.96 0.0873648 0.0479871 0
1.585 0.96 0.0938902 0.0481352 0
1.59 0.96 0.0965347 0.0477492 0
1.595 0.96 0.111266 0.0528617 0
1.6 0.96 0.0996013 0.0528641 0
1.605 0.96 0.0944727 0.0459406 0
1.61 0.96 0.0892768 0.053959 0
1.615 0.96 0.0994945 0.0517333 0
1.62 0.96 0.0945292 0.0486411 0
1.625 0.96 0.0969431 0.051371 0
1.63 0.96 0.100984 0.0536881 0
1.635 0.965 0.0971914 0.0443931 0
1.64 0.965 0.0966464 0.0536499 0
1.645 0.965 0.101208 0.0501618 0
1.65 0.965 0.0987363 0.048078 0
1.655 0.965 0.108302 0.0545699 0
1.66 0.965 0.0939598 0.0476309 0
1.665 0.965 0.0960617 0.0471794 0
1.67 0.97 0.110888 0.0515818 0
1.675 0.97 0.101481 0.0455308 0
1.68 0.97 0.0929155 0.0450463 0
1.685 0.97 0.101254 0.0501207 0
1.69 0.97 0.0971704 0.0525808 0
1.695 0.97 0.0998723 0.0591009 0
1.7 0.97 0.0912496 0.043114 0
1.705 0.97 0.106541 0.058812 0
1.71 0.97 0.0971203 0.0502535 0
1.715 0.97 0.109087 0.0511913 0
1.72 0.97 0.106163 0.0544526 0
1.725 0.97 0.0982877 0.0488904 0
1.73 0.97 0.102372 0.0485752 0
1.735 0.975 0.096215 0.0484387 0
1.74 0.975 0.116802 0.0532102 0
1.745 0.98 0.10411 0.0484364 0
1.75 0.98 0.0994517 0.0496853 0
1.755 0.98 0.0930411 0.0524303 0
1.76 0.98 0.1083 0.0618061 0
1.765 0.98 0.0878781 0.0421697 0
1.77 0.98 0.0876008 0.0431044 0
1.775 0.98 0.0921634 0.0473847 0
1.78 0.98 0.102311 0.0503578 0
1.785 0.98 0.109032 0.0575732 0
1.79 0.98 0.103365 0.0531886 0
1.795 0.98 0.0842823 0.0454139 0
1.8 0.98 0.109095 0.057173 0
1.805 0.98 0.102857 0.057133 0
1.81 0.98 0.109373 0.0553321 0
1.815 0.98 0.127456 0.0643391 0
1.82 0.98 0.121771 0.0580509 0
1.825 0.985 0.112064 0.0533224 0
1.83 0.985 0.108316 0.0662449 0
1.835 0.985 0.0947828 0.0510765 0
1.84 0.985 0.101529 0.0557211 0
1.845 0.985 0.100965 0.0528572 0
1.85 0.985 0.129409 0.0629809 0
1.855 0.985 0.104012 0.0566138 0
1.86 0.985 0.0921628 0.0554092 0
1.865 0.985 0.106791 0.0600833 0
1.87 0.985 0.105999 0.0561902 0
1.875 0.985 0.105507 0.0572938 0
1.88 0.985 0.112547 0.0513877 0
1.885 0.985 0.119409 0.0537236 0
1.89 0.985 0.0933449 0.0592914 0
1.895 0.985 0.108038 0.0573178 0
1.9 0.985 0.110335 0.0579634 0
1.905 0.985 0.10545 0.0545775 0
1.91 0.985 0.114497 0.0610397 0
1.915 0.985 0.110026 0.0584742 0
1.92 0.985 0.11151 0.0591079 0
1.925 0.985 0.125429 0.0581326 0
1.93 0.985 0.106369 0.0537826 0
1.935 0.985 0.125456 0.0566807 0
1.94 0.985 0.1108 0.0392342 0
1.945 0.985 0.111142 0.0549472 0
1.95 0.985 0.124594 0.0567709 0
1.955 0.985 0.111146 0.0622934 0
1.96 0.985 0.128755 0.057816 0
1.965 0.985 0.107466 0.0554884 0
1.97 0.985 0.114119 0.0566853 0
1.975 0.985 0.133339 0.0682911 0
1.98 0.985 0.118906 0.0626827 0
1.985 0.985 0.108024 0.0453878 0
1.99 0.985 0.105178 0.0484687 0
1.995 0.985 0.113345 0.0546344 0
2 0.985 0.105189 0.0585018 0
2.005 0.985 0.102247 0.0550902 0
2.01 0.985 0.118528 0.0579654 0
2.015 0.985 0.124021 0.061672 0
2.02 0.985 0.129021 0.0656228 0
2.025 0.985 0.135981 0.0637297 0
2.03 0.985 0.109624 0.0565857 0
2.035 0.985 0.120414 0.0579351 0
2.04 0.985 0.123668 0.0572378 0
2.045 0.985 0.13994 0.0732424 0
2.05 0.985 0.116732 0.0528961 0
2.055 0.985 0.123786 0.0614751 0
2.06 0.985 0.120206 0.0650179 0
2.065 0.985 0.109594 0.0438438 0
2.07 0.985 0.105644 0.0600097 0
2.075 0.985 0.125992 0.0580505 0
2.08 0.985 0.123815 0.0745262 0
2.085 0.985 0.118118 0.0709576 0
2.09 0.985 0.111692 0.0577876 0
2.095 0.985 0.108951 0.0718179 0
2.1 0.985 0.1172 0.0530501 0
2.105 0.985 0.119639 0.0526937 0
2.11 0.985 0.134478 0.0704614 0
2.115 0.985 0.122271 0.0693326 0
2.12 0.985 0.121007 0.0555732 0
2.125 0.985 0.126294 0.0667613 0
2.13 0.985 0.0994242 0.0500167 0
2.135 0.985 0.108509 0.0582661 0
2.14 0.985 0.116051 0.0573558 0
2.145 0.985 0.114336 0.0621591 0
2.15 0.985 0.134301 0.0629349 0
2.155 0.985 0.117627 0.0481357 0
2.16 0.985 0.125224 0.0677027 0
2.165 0.985 0.122976 0.0599236 0
2.17 0.985 0.128251 0.0620596 0
2.175 0.985 0.12228 0.0560765 0
2.18 0.985 0.148196 0.0603297 0
2.185 0.99 0.135804 0.0741777 0
2.19 0.99 0.131808 0.063826 0
2.195 0.99 0.147949 0.07067 0
2.2 0.995 0.12141 0.0678583 0
2.205 0.995 0.145843 0.0726324 0
2.21 0.995 0.143241 0.0727286 0
2.215 0.995 0.135366 0.0696908 0
2.22 0.995 0.139897 0.0678974 0
2.225 0.995 0.135117 0.0596701 0
2.23 0.995 0.131061 0.0777051 0
2.235 0.995 0.120589 0.0669612 0
2.24 0.995 0.143696 0.0723827 0
2.245 0.995 0.125285 0.0678263 0
2.25 0.995 0.142487 0.0662254 0
2.255 0.995 0.142333 0.0734807 0
2.26 0.995 0.131217 0.0720712 0
2.265 0.995 0.143019 0.0672191 0
2.27 0.995 0.135285 0.0691846 0
2.275 0.995 0.124356 0.0607727 0
2.28 0.995 0.128962 0.0628403 0
2.285 0.995 0.136546 0.0598134 0
2.29 0.995 0.118134 0.0577664 0
2.295 0.995 0.150338 0.0730783 0
2.3 0.995 0.143626 0.0702182 0
2.305 0.995 0.124574 0.054803 0
2.31 0.995 0.149517 0.0816506 0
2.315 0.995 0.141467 0.076952 0
2.32 0.995 0.144094 0.068678 0
2.325 0.995 0.123842 0.0620043 0
2.33 0.995 0.132025 0.0633745 0
2.335 0.995 0.128988 0.0717032 0
2.34 0.995 0.146541 0.0620615 0
2.345 0.995 0.150258 0.0792583 0
2.35 0.995 0.133838 0.0724342 0
2.355 0.995 0.141963 0.0752564 0
2.36 0.995 0.138628 0.0732418 0
2.365 0.995 0.125069 0.0613885 0
2.37 0.995 0.139415 0.0663635 0
2.375 0.995 0.137431 0.0656546 0
2.38 0.995 0.150708 0.07413 0
2.385 0.995 0.160388 0.0777775 0
2.39 0.995 0.137151 0.0715539 0
2.395 0.995 0.130995 0.0635319 0
2.4 0.995 0.160033 0.0826966 0
2.405 0.995 0.148624 0.0814422 0
2.41 0.995 0.145379 0.0763254 0
2.415 0.995 0.157657 0.0870229 0
2.42 0.995 0.131109 0.0657478 0
2.425 0.995 0.134193 0.0673455 0
2.43 0.995 0.137312 0.0611948 0
2.435 0.995 0.141013 0.078282 0
2.44 0.995 0.145909 0.0668644 0
2.445 0.995 0.146565 0.0779358 0
2.45 0.995 0.151245 0.0770046 0
2.455 0.995 0.137449 0.0698394 0
2.46 0.995 0.148658 0.0704514 0
2.465 0.995 0.157022 0.0646875 0
2.47 0.995 0.157932 0.0801048 0
2.475 0.995 0.157351 0.0818372 0
2.48 0.995 0.147479 0.0866564 0
2.485 0.995 0.154281 0.0643674 0
2.49 0.995 0.131282 0.0556029 0
2.495 0.995 0.160848 0.0791485 0
2.5 0.995 0.14298 0.0680204 0
2.505 0.995 0.131806 0.0613617 0
2.51 0.995 0.155543 0.0741535 0
2.515 0.995 0.144352 0.0693568 0
2.52 0.995 0.16547 0.0775581 0
2.525 0.995 0.161401 0.09266 0
2.53 0.995 0.163102 0.0760645 0
2.535 0.995 0.1469 0.0639316 0
2.54 0.995 0.134062 0.0730249 0
2.545 0.995 0.14728 0.0946324 0
2.55 0.995 0.157686 0.0928808 0
2.555 0.995 0.164473 0.0768448 0
2.56 0.995 0.139 0.0605187 0
2.565 0.995 0.162438 0.0856637 0
2.57 0.995 0.179314 0.0818213 0
2.575 0.995 0.167702 0.0657317 0
2.58 0.995 0.166112 0.0859393 0
2.585 0.995 0.163363 0.0806191 0
2.59 0.995 0.168587 0.0859743 0
2.595 0.995 0.14796 0.0831524 0
2.6 0.995 0.161428 0.0898193 0
2.605 0.995 0.181698 0.089141 0
2.61 0.995 0.150162 0.0755078 0
2.615 0.995 0.170954 0.0757176 0
2.62 0.995 0.171945 0.0808075 0
2.625 0.995 0.196753 0.0868557 0
2.63 0.995 0.181088 0.0798863 0
2.635 0.995 0.169492 0.0925744 0
2.64 0.995 0.174826 0.0836467 0
2.645 0.995 0.16196 0.090373 0
2.65 1 0.157139 0.0720827 0
2.655 1 0.158771 0.0948454 0
2.66 1 0.180176 0.0859116 0
2.665 1 0.164483 0.0719049 0
2.67 1 0.191627 0.0913813 0
2.675 1 0.162612 0.0696336 0
2.68 1 0.167271 0.0878548 0
2.685 1 0.199544 0.0971629 0
2.69 1 0.185145 0.114743 0
2.695 1 0.186964 0.0791962 0
2.7 1 0.187946 0.0888957 0
2.705 1 0.179535 0.0939542 0
2.71 1 0.165565 0.0821466 0
2.715 1 0.187727 0.0894056 0
2.72 1 0.184463 0.0860397 0
2.725 1 0.199472 0.0815638 0
2.73 1 0.186823 0.0860411 0
2.735 1 0.201661 0.101647 0
2.74 1 0.186987 0.0988387 0
2.745 1 0.148054 0.0950044 0
2.75 1 0.215467 0.0979816 0
2.755 1 0.191713 0.107739 0
2.76 1 0.171773 0.0810145 0
2.765 1 0.221567 0.0936213 0
2.77 1 0.210144 0.093674 0
2.775 1 0.194469 0.108233 0
2.78 1 0.19935 0.102348 0
2.785 1 0.202492 0.0929889 0
2.79 1 0.206936 0.0779405 0
2.795 1 0.216365 0.0720092 0
2.8 1 0.226531 0.100194 0
2.805 1 0.236344 0.106923 0
2.81 1 0.191953 0.0956855 0
2.815 1 0.237199 0.0968215 0
2.82 1 0.209968 0.104901 0
2.825 1 0.214264 0.109552 0
2.83 1 0.194007 0.102431 0
2.835 1 0.223523 0.107891 0
2.84 1 0.209888 0.103869 0
2.845 1 0.242644 0.122731 0
2.85 1 0.235492 0.0931292 0
2.855 1 0.246687 0.112407 0
2.86 1 0.203497 0.108521 0
2.865 1 0.214732 0.0958261 0
2.87 1 0.212699 0.109373 0
2.875 1 0.228093 0.108985 0
2.88 1 0.239384 0.0933115 0
2.885 1 0.225863 0.0918591 0
2.89 1 0.217314 0.0990774 0
2.895 1 0.236729 0.11159 0
2.9 1 0.235366 0.107349 0
2.905 1 0.242586 0.117085 0
2.91 1 0.268697 0.117226 0
2.915 1 0.263021 0.111099 0
2.92 1 0.241351 0.10882 0
2.925 1 0.237713 0.118452 0
2.93 1 0.234486 0.110092 0
2.935 1 0.262608 0.0954509 0
2.94 1 0.271789 0.120986 0
2.945 1 0.257808 0.116382 0
2.95 1 0.219339 0.0883745 0
2.955 1 0.264551 0.0963333 0
2.96 1 0.267841 0.0959605 0
2.965 1 0.257472 0.108476 0
2.97 1 0.269125 0.116568 0
2.975 1 0.238228 0.119258 0
2.98 1 0.290579 0.0978172 0
2.985 1 0.250688 0.114464 0
2.99 1 0.246127 0.119504 0
2.995 1 0.287136 0.105475 0
3 1 0.244804 0.0939647 0
3.005 1 0.262308 0.103187 0
3.01 1 0.256927 0.0943085 0
3.015 1 0.259378 0.117576 0
3.02 1 0.278282 0.110468 0
3.025 1 0.246391 0.0987333 0
3.03 1 0.307401 0.0824555 0
3.035 1 0.229201 0.0906438 0
3.04 1 0.354802 0.098914 0
3.045 1 0.399574 0.0930877 0
3.05 1 0.273744 0.116883 0
3.055 1 0.428558 0.0696121 0
3.06 1 0.344603 0.105196 0
3.065 1 0.430435 0.0785375 0
3.07 1 0.404961 0.0672501 0
3.075 1 0.428493 0.0733778 0
3.08 1 0.416275 0.0846549 0
3.085 1 0.439149 0.0623832 0
3.09 1 0.404631 0.0712905 0
3.095 1 0.418202 0.0729664 0
3.1 1 0.448746 0.0538946 0
3.105 1 0.44132 0.0667896 0
3.11 1 0.436358 0.064842 0
3.115 1 0.457766 0.0677457 0
3.12 1 0.453303 0.0707374 0
3.125 1 0.399963 0.0735971 0
3.13 1 0.374525 0.0966574 0
3.135 1 0.426672 0.0628527 0
3.14 1 0.447369 0.0630307 0
3.145 1 0.437598 0.117751 0
3.15 1 0.448488 0.0964586 0
3.155 1 0.439283 0.0937795 0
3.16 1 0.420619 0.0669672 0
3.165 1 0.440758 0.0728635 0
3.17 1 0.458382 0.0625238 0
3.175 1 0.433117 0.0706262 0
3.18 1 0.44632 0.0671695 0
3.185 1 0.446828 0.0675156 0
3.19 1 0.396514 0.0897327 0
3.195 1 0.386175 0.0808262 0
3.2 1 0.474366 0.0578255 0
3.205 1 0.40862 0.0949176 0
3.21 1 0.42542 0.062903 0
3.215 1 0.440978 0.0660605 0
3.22 1 0.442901 0.0563711 0
3.225 1 0.464155 0.0657597 0
3.23 1 0.46552 0.0715415 0
3.235 1 0.486497 0.060079 0
3.24 1 0.507649 0.0457924 0
3.245 1 0.497153 0.0528377 0
3.25 1 0.514775 0.040742 0
3.255 1 0.511481 0.0531204 0
3.26 1 0.504355 0.0538585 0
3.265 1 0.498363 0.0450647 0
3.27 1 0.5073 0.0445946 0
3.275 1 0.504965 0.0528876 0
3.28 1 0.501109 0.0604846 0
3.285 1 0.51767 0.0587601 0
3.29 1 0.502234 0.0547431 0
3.295 1 0.505695 0.0539759 0
3.3 1 0.49394 0.0507225 0
3.305 1 0.504546 0.0470604 0
3.31 1 0.504134 0.0486995 0
3.315 1 0.502583 0.0516992 0
3.32 1 0.50889 0.0578679 0
3.325 1 0.501754 0.0520838 0
3.33 1 0.500877 0.0503326 0
3.335 1 0.509751 0.0599069 0
3.34 1 0.490465 0.0458291 0
3.345 1 0.496478 0.0538718 0
3.35 1 0.510749 0.0537396 0
3.355 1 0.493492 0.0542126 0
3.36 1 0.501096 0.0451299 0
3.365 1 0.508712 0.0600699 0
3.37 1 0.498094 0.0589691 0
3.375 1 0.518306 0.0505319 0
3.38 1 0.513225 0.0618044 0
3.385 1 0.511742 0.0521987 0
3.39 1 0.513991 0.0477601 0
3.395 1 0.528164 0.0475096 0
3.4 1 0.526565 0.0458047 0
3.405 1 0.539954 0.0468429 0
3.41 1 0.537509 0.0407902 0
3.415 1 0.538924 0.0455369 0
3.42 1 0.543602 0.0400449 0
3.425 1 0.544072 0.0500592 0
3.43 1 0.556026 0.0473086 0
3.435 1 0.549006 0.0467159 0
3.44 1 0.549704 0.0516359 0
3.445 1 0.55879 0.0562398 0
3.45 1 0.548 0.0568609 0
3.455 1 0.543864 0.0552367 0
3.46 1 0.554553 0.0537641 0
3.465 1 0.552192 0.0521151 0
3.47 1 0.55321 0.0370468 0
3.475 1 0.557638 0.0600245 0
3.48 1 0.561637 0.0482068 0
3.485 1 0.559062 0.0464768 0
3.49 1 0.565842 0.0531735 0
3.495 1 0.568748 0.0520375 0
3.5 1 0.55535 0.0466657 0
3.505 1 0.564139 0.0479037 0
3.51 1 0.568908 0.0450748 0
3.515 1 0.570018 0.0583957 0
3.52 1 0.576252 0.046566 0
3.525 1 0.587065 0.042316 0
3.53 1 0.588153 0.0486669 0
3.535 1 0.590897 0.0498802 0
3.54 1 0.598819 0.0404756 0
3.545 1 0.597458 0.0323326 0
3.55 1 0.591926 0.0388474 0
3.555 1 0.59712 0.0377995 0
3.56 1 0.607951 0.0403256 0
3.565 1 0.61157 0.0339237 0
3.57 1 0.603781 0.0293453 0
3.575 1 0.607739 0.0315226 0
3.58 1 0.611576 0.0406277 0
3.585 1 0.619941 0.0299926 0
3.59 1 0.624034 0.0315975 0
3.595 1 0.63193 0.035313 0
3.6 1 0.629398 0.0360355 0
3.605 1 0.638329 0.0287538 0
3.61 1 0.63315 0.029026 0
3.615 1 0.639168 0.0343273 0
3.62 1 0.637602 0.0315921 0
3.625 1 0.636011 0.0344435 0
3.63 1 0.638481 0.0364332 0
3.635 1 0.643947 0.0395146 0
3.64 1 0.64389 0.0380511 0
3.645 1 0.646957 0.0327499 0
3.65 1 0.656823 0.0297718 0
3.655 1 0.65995 0.0293395 0
3.66 1 0.660939 0.0354144 0
3.665 1 0.66332 0.0333966 0
3.67 1 0.665158 0.0301117 0
3.675 1 0.662269 0.0337774 0
3.68 1 0.663286 0.0327997 0
3.685 1 0.672411 0.0307679 0
3.69 1 0.671582 0.0305036 0
3.695 1 0.672254 0.0277464 0
3.7 1 0.674101 0.035053 0
3.705 1 0.669703 0.0295024 0
3.71 1 0.676216 0.0303118 0
3.715 1 0.678867 0.0238234 0
3.72 1 0.681042 0.029911 0
3.725 1 0.681811 0.0355152 0
3.73 1 0.675448 0.0296169 0
3.735 1 0.68259 0.0349519 0
3.74 1 0.680102 0.0278832 0
3.745 1 0.686154 0.0294177 0
3.75 1 0.683459 0.0303396 0
3.755 1 0.679542 0.0310151 0
3.76 1 0.686917 0.0331488 0
3.765 1 0.688725 0.0352316 0
3.77 1 0.687333 0.0289992 0
3.775 1 0.690863 0.0263435 0
3.78 1 0.693409 0.0272336 0
3.785 1 0.695877 0.0264376 0
3.79 1 0.703007 0.028567 0
3.795 1 0.707741 0.0303401 0
3.8 1 0.715025 0.023736 0
3.805 1 0.713624 0.0211747 0
3.81 1 0.717235 0.0227715 0
3.815 1 0.717923 0.0231445 0
3.82 1 0.718261 0.0207462 0
3.825 1 0.716059 0.0215408 0
3.83 1 0.71701 0.0231463 0
3.835 1 0.721671 0.0210463 0
3.84 1 0.721635 0.0299875 0
3.845 1 0.721156 0.0220108 0
3.85 1 0.726958 0.0272904 0
3.855 1 0.727909 0.0228485 0
3.86 1 0.733458 0.0264014 0
3.865 1 0.732556 0.023363 0
3.87 1 0.731736 0.0263329 0
3.875 1 0.73189 0.0198575 0
3.88 1 0.732799 0.0189067 0
3.885 1 0.737921 0.0241537 0
3.89 1 0.73444 0.0274006 0
3.895 1 0.748466 0.0222394 0
3.9 1 0.750537 0.0193044 0
3.905 1 0.748932 0.0185525 0
3.91 1 0.750046 0.0203959 0
3.915 1 0.749958 0.0201856 0
3.92 1 0.74974 0.0214669 0
3.925 1 0.751395 0.020629 0
3.93 1 0.75388 0.0201441 0
3.935 1 0.757084 0.0198935 0
3.94 1 0.764792 0.015895 0
3.945 1 0.766319 0.0177696 0
3.95 1 0.76608 0.0186955 0
3.955 1 0.766852 0.017819 0
3.96 1 0.767916 0.0164101 0
3.965 1 0.767213 0.0181626 0
3.97 1 0.770144 0.0176793 0
3.975 1 0.774628 0.0169934 0
3.98 1 0.773813 0.0165114 0
3.985 1 0.775397 0.0172037 0
3.99 1 0.778209 0.0155999 0
3.995 1 0.781009 0.0170701 0
4 1 0.781551 0.0151991 0
4.005 1 0.783534 0.0157686 0
4.01 1 0.78256 0.0163135 0
4.015 1 0.784263 0.0154524 0
4.02 1 0.785246 0.0176877 0
4.025 1 0.786575 0.0144685 0
4.03 1 0.786397 0.0171514 0
4.035 1 0.787519 0.0146529 0
4.04 1 0.790174 0.0141844 0
4.045 1 0.789348 0.0150534 0
4.05 1 0.793008 0.0164755 0
4.055 1 0.793013 0.0159663 0
4.06 1 0.79367 0.0149105 0
4.065 1 0.793549 0.0164958 0
4.07 1 0.79099 0.0146743 0
4.075 1 0.79055 0.0175413 0
4.08 1 0.791016 0.0154925 0
4.085 1 0.791081 0.0152587 0
4.09 1 0.791777 0.0133438 0
4.095 1 0.79147 0.0188021 0
4.1 1 0.79193 0.0130707 0
4.105 1 0.79134 0.0146364 0
4.11 1 0.795562 0.0182939 0
4.115 1 0.798837 0.0147863 0
4.12 1 0.800528 0.0143141 0
4.125 1 0.800569 0.0168064 0
4.13 1 0.801844 0.0155651 0
4.135 1 0.801844 0.0153988 0
4.14 1 0.802977 0.0158846 0
4.145 1 0.804083 0.0170005 0
4.15 1 0.806231 0.0158767 0
4.155 1 0.807142 0.0144822 0
4.16 1 0.807933 0.0139656 0
4.165 1 0.809238 0.0150536 0
4.17 1 0.810026 0.0159416 0
4.175 1 0.810236 0.0124557 0
4.18 1 0.809782 0.0134194 0
4.185 1 0.809887 0.0151008 0
4.19 1 0.810281 0.0133364 0
4.195 1 0.811072 0.014664 0
4.2 1 0.811088 0.0135924 0
4.205 1 0.810763 0.0133622 0
4.21 1 0.811602 0.0134799 0
4.215 1 0.811445 0.0135289 0
4.22 1 0.810994 0.0150487 0
4.225 1 0.811979 0.0154689 0
4.23 1 0.813696 0.0146952 0
4.235 1 0.813856 0.0157233 0
4.24 1 0.81412 0.0133162 0
4.245 1 0.813807 0.0122637 0
4.25 1 0.813602 0.0142875 0
4.255 1 0.814685 0.0155826 0
4.26 1 0.815371 0.0132512 0
4.265 1 0.816148 0.013231 0
4.27 1 0.823158 0.0137589 0
4.275 1 0.823799 0.0156866 0
4.28 1 0.824795 0.0137152 0
4.285 1 0.826451 0.01168 0
4.29 1 0.825634 0.0149525 0
4.295 1 0.826451 0.0131523 0
4.3 1 0.827676 0.0128385 0
4.305 1 0.830214 0.0146399 0
4.31 1 0.831345 0.0124519 0
4.315 1 0.831211 0.0113745 0
4.32 1 0.831722 0.012223 0
4.325 1 0.830854 0.0111171 0
4.33 1 0.832163 0.010928 0
4.335 1 0.832605 0.0107652 0
4.34 1 0.834094 0.0107319 0
4.345 1 0.834403 0.0112905 0
4.35 1 0.835963 0.0104015 0
4.355 1 0.837139 0.00885542 0
4.36 1 0.840698 0.0093739 0
4.365 1 0.845247 0.0102383 0
4.37 1 0.845391 0.0123334 0
4.375 1 0.846183 0.00997399 0
4.38 1 0.846557 0.0114185 0
4.385 1 0.8466 0.012022 0
4.39 1 0.846554 0.0103149 0
4.395 1 0.849678 0.0110509 0
4.4 1 0.849571 0.00985379 0
4.405 1 0.849427 0.0101746 0
4.41 1 0.850059 0.0105053 0
4.415 1 0.851802 0.00990474 0
4.42 1 0.852145 0.0110704 0
4.425 1 0.853845 0.0104708 0
4.43 1 0.854604 0.0103724 0
4.435 1 0.85472 0.0110707 0
4.44 1 0.856544 0.00993064 0
4.445 1 0.85878 0.0106491 0
4.45 1 0.858838 0.0101636 0
4.455 1 0.859231 0.0110657 0
4.46 1 0.859033 0.00958431 0
4.465 1 0.859168 0.0103324 0
4.47 1 0.860664 0.0094514 0
4.475 1 0.861302 0.0105498 0
4.48 1 0.861524 0.00968465 0
4.485 1 0.860574 0.00520924 0
4.49 1 0.860456 0.00566371 0
4.495 1 0.860394 0.00616233 0
4.5 1 0.860974 0.00664306 0
4.505 1 0.861462 0.00679647 0
4.51 1 0.86169 0.0065116 0
4.515 1 0.862583 0.00608116 0
4.52 1 0.862566 0.00673265 0
4.525 1 0.862297 0.00832598 0
4.53 1 0.862343 0.00696844 0
4.535 1 0.862577 0.00634775 0
4.54 1 0.864289 0.00753845 0
4.545 1 0.864641 0.0069454 0
4.55 1 0.864819 0.00678776 0
4.555 1 0.865391 0.00748867 0
4.56 1 0.867935 0.00656859 0
4.565 1 0.868954 0.00607781 0
4.57 1 0.868701 0.00624729 0
4.575 1 0.871024 0.00613824 0
4.58 1 0.871588 0.00626499 0
4.585 1 0.871722 0.00613244 0
4.59 1 0.87167 0.00612339 0
4.595 1 0.871586 0.00623246 0
4.6 1 0.872075 0.00616796 0
4.605 1 0.872527 0.00605922 0
4.61 1 0.872565 0.00595646 0
4.615 1 0.873627 0.00603019 0
4.62 1 0.873862 0.00631922 0
4.625 1 0.873709 0.00610457 0
4.63 1 0.874916 0.00609875 0
4.635 1 0.874656 0.00615376 0
4.64 1 0.875304 0.00604475 0
4.645 1 0.875376 0.00594983 0
4.65 1 0.876153 0.00609976 0
4.655 1 0.876911 0.00615333 0
4.66 1 0.876865 0.00598249 0
4.665 1 0.878157 0.0060859 0
4.67 1 0.878276 0.00607258 0
4.675 1 0.878342 0.00605261 0
4.68 1 0.878229 0.00589946 0
4.685 1 0.879733 0.00596043 0
4.69 1 0.879834 0.00617084 0
4.695 1 0.879617 0.00599096 0
4.7 1 0.880109 0.00581118 0
4.705 1 0.880775 0.00608084 0
4.71 1 0.881068 0.00592186 0
4.715 1 0.880575 0.00596842 0
4.72 1 0.881004 0.00612313 0
4.725 1 0.880948 0.00634977 0
4.73 1 0.880781 0.00570178 0
4.735 1 0.882271 0.00518787 0
4.74 1 0.885087 0.00482664 0
4.745 1 0.884895 0.0047678 0
4.75 1 0.88514 0.00459587 0
4.755 1 0.885093 0.00456777 0
4.76 1 0.885896 0.00460817 0
4.765 1 0.886355 0.00475661 0
4.77 1 0.886512 0.00468749 0
4.775 1 0.886469 0.00471564 0
4.78 1 0.886561 0.00473817 0
4.785 1 0.886666 0.00456382 0
4.79 1 0.887089 0.00458484 0
4.795 1 0.8878 0.00467085 0
4.8 1 0.887575 0.00457543 0
4.805 1 0.887761 0.00464123 0
4.81 1 0.888349 0.00470053 0
4.815 1 0.889579 0.00462774 0
4.82 1 0.890661 0.00483321 0
4.825 1 0.890298 0.00424337 0
4.83 1 0.890238 0.00476533 0
4.835 1 0.890469 0.00426784 0
4.84 1 0.890555 0.0047718 0
4.845 1 0.890749 0.0043422 0
4.85 1 0.890748 0.00476641 0
4.855 1 0.890757 0.00436935 0
4.86 1 0.891036 0.00483633 0
4.865 1 0.891734 0.00447792 0
4.87 1 0.891724 0.00456354 0
4.875 1 0.89189 0.00478722 0
4.88 1 0.891903 0.0042531 0
4.885 1 0.892454 0.00479022 0
4.89 1 0.892427 0.00457009 0
4.895 1 0.893756 0.00446393 0
4.9 1 0.893674 0.00481122 0
4.905 1 0.894663 0.00435551 0
4.91 1 0.89475 0.00479748 0
4.915 1 0.895032 0.00454256 0
4.92 1 0.895399 0.00469027 0
4.925 1 0.89636 0.00450485 0
4.93 1 0.895594 0.00315772 0
4.935 1 0.896401 0.00317952 0
4.94 1 0.897254 0.00310065 0
4.945 1 0.897162 0.00312289 0
4.95 1 0.897315 0.00317435 0
4.955 1 0.897748 0.00310881 0
4.96 1 0.897649 0.0031359 0
4.965 1 0.898159 0.0031531 0
4.97 1 0.898276 0.00309671 0
4.975 1 0.898245 0.0030811 0
4.98 1 0.898389 0.0030745 0
4.985 1 0.899639 0.00310233 0
4.99 1 0.901527 0.00314451 0
4.995 1 0.901865 0.00314513 0
5 1 0.901948 0.00310517 0
