# Relevant parameters to reproduce this network:
# node_nr=200	 k_max=20
# initial_seed=1557414222	 delta_t=0.1	 max_steps=3000	 in_between=0
# fg_m=1	 fg_alpha=-0.5	 fg_t_min=0	 fg_t_max=1.5	 fg_t_number=300	 fg_weff_lower_frequency=-1e+08	 fg_weff_max_steps=3000	 fg_weff_in_between=0
# K Giant_component <r> sigma_r*sqrt(NODE_NR) clustering
0 0.01 0.056707 0.0301078 0
0.005 0.01 0.0609859 0.0320256 0
0.01 0.01 0.0569433 0.0297414 0
0.015 0.01 0.0665602 0.0357749 0
0.02 0.01 0.0655992 0.0326859 0
0.025 0.01 0.0618792 0.0345149 0
0.03 0.01 0.0657574 0.0343134 0
0.035 0.01 0.0723749 0.0378103 0
0.04 0.01 0.0688832 0.0324953 0
0.045 0.01 0.0626344 0.0287355 0
0.05 0.01 0.0655885 0.0338998 0
0.055 0.01 0.0695503 0.0361803 0
0.06 0.01 0.0620959 0.0328032 0
0.065 0.01 0.0660094 0.0320525 0
0.07 0.01 0.0663731 0.0286362 0
0.075 0.01 0.0633197 0.03383 0
0.08 0.01 0.0591561 0.0359778 0
0.085 0.01 0.0685892 0.0362287 0
0.09 0.01 0.0671285 0.0362989 0
0.095 0.01 0.063998 0.0325405 0
0.1 0.01 0.0670092 0.038895 0
0.105 0.01 0.0696643 0.0373115 0
0.11 0.015 0.0687602 0.0326732 0
0.115 0.015 0.0688052 0.0389915 0
0.12 0.015 0.0724522 0.0367916 0
0.125 0.015 0.0684913 0.0370739 0
0.13 0.015 0.0669715 0.0346765 0
0.135 0.015 0.0755744 0.0371802 0
0.14 0.015 0.073814 0.0439592 0
0.145 0.015 0.0765012 0.0437745 0
0.15 0.015 0.0677006 0.039976 0
0.155 0.015 0.071282 0.035526 0
0.16 0.02 0.0726623 0.0318708 0
0.165 0.02 0.0700269 0.0355398 0
0.17 0.02 0.0811707 0.043041 0
0.175 0.02 0.0753851 0.039341 0
0.18 0.02 0.0749294 0.0396789 0
0.185 0.02 0.0824873 0.0435087 0
0.19 0.02 0.0762843 0.0393787 0
0.195 0.02 0.0702006 0.0365873 0
0.2 0.035 0.0739304 0.0416616 0
0.205 0.035 0.0801278 0.0391744 0
0.21 0.05 0.0794866 0.0416075 0
0.215 0.05 0.08686 0.0382294 0
0.22 0.05 0.0775813 0.0458182 0
0.225 0.05 0.0738466 0.0312094 0
0.23 0.06 0.0797764 0.040278 0
0.235 0.06 0.0674427 0.0358186 0
0.24 0.06 0.0833785 0.0434272 0
0.245 0.06 0.0793763 0.0376021 0
0.25 0.06 0.0783534 0.036588 0
0.255 0.06 0.0789452 0.0408708 0
0.26 0.06 0.0752892 0.0400566 0
0.265 0.06 0.0806121 0.0443842 0
0.27 0.065 0.0825699 0.0422324 0
0.275 0.065 0.0794525 0.0447548 0
0.28 0.07 0.0794917 0.0468013 0
0.285 0.07 0.0900702 0.0490536 0
0.29 0.07 0.0848474 0.0459367 0
0.295 0.07 0.0796952 0.0401594 0
0.3 0.07 0.0875315 0.0436573 0
0.305 0.07 0.0931412 0.0536857 0
0.31 0.07 0.0799775 0.0443542 0
0.315 0.07 0.0889095 0.0466282 0
0.32 0.075 0.0824673 0.0498658 0
0.325 0.075 0.0997388 0.0424797 0
0.33 0.075 0.0743499 0.041778 0
0.335 0.075 0.0849051 0.0429751 0
0.34 0.075 0.0933032 0.0430759 0
0.345 0.08 0.0845004 0.0426222 0
0.35 0.095 0.0937459 0.0415311 0
0.355 0.11 0.0779805 0.0438396 0
0.36 0.11 0.0944169 0.0476105 0
0.365 0.11 0.0809932 0.0415531 0
0.37 0.115 0.0892367 0.0430111 0
0.375 0.115 0.0881475 0.0452958 0
0.38 0.135 0.102229 0.0483117 0
0.385 0.135 0.0820229 0.0438406 0
0.39 0.135 0.0903049 0.047188 0
0.395 0.135 0.0939085 0.0499028 0
0.4 0.135 0.0860445 0.0376937 0
0.405 0.135 0.0956919 0.0536891 0
0.41 0.135 0.0766255 0.0412771 0
0.415 0.135 0.0875218 0.0409979 0
0.42 0.145 0.0867061 0.0383314 0
0.425 0.15 0.0846365 0.0433788 0
0.43 0.16 0.0959807 0.0426582 0
0.435 0.16 0.0974089 0.0444271 0
0.44 0.18 0.0973255 0.0506257 0
0.445 0.18 0.0904752 0.041766 0
0.45 0.18 0.096384 0.0492265 0
0.455 0.195 0.0830137 0.0400024 0
0.46 0.195 0.0995919 0.0496116 0
0.465 0.2 0.0912445 0.053495 0
0.47 0.2 0.0885995 0.0413574 0
0.475 0.2 0.0910202 0.0390802 0
0.48 0.2 0.0935689 0.0457196 0
0.485 0.205 0.0887189 0.0440496 0
0.49 0.22 0.105577 0.0528289 0
0.495 0.22 0.104461 0.0592462 0
0.5 0.225 0.115145 0.0475527 0
0.505 0.225 0.13194 0.0615357 0
0.51 0.225 0.118139 0.0524161 0
0.515 0.23 0.125491 0.0479358 0
0.52 0.235 0.130514 0.0604284 0
0.525 0.235 0.128202 0.0450517 0
0.53 0.235 0.122238 0.0527429 0
0.535 0.255 0.119638 0.0541356 0
0.54 0.255 0.0994807 0.053811 0
0.545 0.255 0.124712 0.0568655 0
0.55 0.255 0.107752 0.0468291 0
0.555 0.27 0.115216 0.0524906 0
0.56 0.275 0.123909 0.0571392 0
0.565 0.28 0.0958311 0.057016 0
0.57 0.28 0.127924 0.0604283 0
0.575 0.28 0.107114 0.0590441 0
0.58 0.35 0.0872375 0.045411 0
0.585 0.36 0.109938 0.0638989 0
0.59 0.375 0.14422 0.0665034 0
0.595 0.38 0.114435 0.0468541 0
0.6 0.38 0.114514 0.0509303 0
0.605 0.38 0.112913 0.0506797 0
0.61 0.38 0.103149 0.0465333 0
0.615 0.395 0.117574 0.0523665 0
0.62 0.4 0.103003 0.0575821 0
0.625 0.4 0.107009 0.0538819 0
0.63 0.4 0.11347 0.0616465 0
0.635 0.4 0.106117 0.0521367 0
0.64 0.4 0.146875 0.0629027 0
0.645 0.4 0.134235 0.0605542 0
0.65 0.4 0.132997 0.06599 0
0.655 0.4 0.140956 0.0588703 0
0.66 0.405 0.131903 0.0597065 0
0.665 0.42 0.146432 0.0592368 0
0.67 0.42 0.13762 0.0744257 0
0.675 0.425 0.140843 0.072054 0
0.68 0.425 0.139888 0.0709211 0
0.685 0.425 0.143496 0.0675128 0
0.69 0.43 0.177542 0.0656285 0
0.695 0.43 0.20525 0.0673405 0
0.7 0.435 0.186263 0.0659709 0
0.705 0.475 0.219006 0.0622993 0
0.71 0.475 0.224393 0.0533785 0
0.715 0.505 0.230214 0.0571957 0
0.72 0.515 0.235873 0.0675728 0
0.725 0.52 0.235899 0.0645646 0
0.73 0.53 0.232346 0.0526885 0
0.735 0.56 0.237071 0.0682666 0
0.74 0.565 0.227002 0.0678736 0
0.745 0.575 0.17404 0.069567 0
0.75 0.625 0.156734 0.0787073 0
0.755 0.635 0.117429 0.0638508 0
0.76 0.65 0.171599 0.0763046 0
0.765 0.65 0.151249 0.068843 0
0.77 0.65 0.13845 0.0742116 0
0.775 0.65 0.169504 0.0738588 0
0.78 0.65 0.157138 0.0938813 0
0.785 0.65 0.170325 0.062565 0
0.79 0.655 0.0698359 0.0423837 0
0.795 0.655 0.188117 0.078946 0
0.8 0.66 0.0890131 0.041977 0
0.805 0.66 0.112545 0.0571808 0
0.81 0.665 0.139748 0.0692441 0
0.815 0.665 0.114938 0.0513106 0
0.82 0.665 0.122355 0.0580401 0
0.825 0.705 0.122019 0.0606899 0
0.83 0.705 0.149343 0.0648365 0
0.835 0.75 0.124335 0.055071 0
0.84 0.75 0.135714 0.0625152 0
0.845 0.75 0.135412 0.0751253 0
0.85 0.75 0.150085 0.0721622 0
0.855 0.75 0.177819 0.0823042 0
0.86 0.75 0.2715 0.0703414 0
0.865 0.75 0.2921 0.0702153 0
0.87 0.75 0.280378 0.0754669 0
0.875 0.75 0.270347 0.0653313 0
0.88 0.75 0.274381 0.0773671 0
0.885 0.75 0.276742 0.0800668 0
0.89 0.755 0.277308 0.0926422 0
0.895 0.76 0.274757 0.0755238 0
0.9 0.76 0.298968 0.0805442 0
0.905 0.76 0.296059 0.0901182 0
0.91 0.76 0.266444 0.100804 0
0.915 0.76 0.266062 0.0915612 0
0.92 0.765 0.279331 0.100006 0
0.925 0.765 0.277013 0.0986144 0
0.93 0.765 0.266878 0.0889562 0
0.935 0.77 0.244827 0.0794538 0
0.94 0.775 0.271155 0.0936087 0
0.945 0.78 0.243838 0.0838678 0
0.95 0.785 0.257734 0.0761974 0
0.955 0.795 0.249173 0.0852171 0
0.96 0.8 0.249997 0.0944704 0
0.965 0.8 0.264242 0.0728036 0
0.97 0.8 0.277681 0.0888985 0
0.975 0.805 0.280873 0.0973428 0
0.98 0.81 0.302021 0.102339 0
0.985 0.82 0.266385 0.0901042 0
0.99 0.835 0.273872 0.107751 0
0.995 0.835 0.272244 0.102969 0
1 0.835 0.269808 0.110287 0
1.005 0.845 0.251816 0.11263 0
1.01 0.85 0.274162 0.0906857 0
1.015 0.85 0.272149 0.094127 0
1.02 0.855 0.303544 0.0903243 0
1.025 0.855 0.290226 0.0744055 0
1.03 0.855 0.213813 0.0798496 0
1.035 0.855 0.254551 0.102781 0
1.04 0.855 0.246024 0.106589 0
1.045 0.855 0.189575 0.0722807 0
1.05 0.855 0.213425 0.0797929 0
1.055 0.86 0.21039 0.122261 0
1.06 0.86 0.224584 0.0947582 0
1.065 0.865 0.215071 0.119201 0
1.07 0.865 0.209294 0.102599 0
1.075 0.875 0.203107 0.0842001 0
1.08 0.88 0.196283 0.0988634 0
1.085 0.88 0.193938 0.0991813 0
1.09 0.88 0.171549 0.0774855 0
1.095 0.885 0.214773 0.107219 0
1.1 0.885 0.200598 0.103331 0
1.105 0.885 0.238545 0.0947477 0
1.11 0.885 0.26001 0.0729597 0
1.115 0.895 0.20353 0.070001 0
1.12 0.895 0.197771 0.0749725 0
1.125 0.895 0.269407 0.0719974 0
1.13 0.9 0.236165 0.0847466 0
1.135 0.91 0.216864 0.0862056 0
1.14 0.91 0.258097 0.0964964 0
1.145 0.91 0.297517 0.0523874 0
1.15 0.915 0.297327 0.074527 0
1.155 0.915 0.311853 0.0771938 0
1.16 0.92 0.300864 0.0553335 0
1.165 0.92 0.345679 0.0402795 0
1.17 0.92 0.316145 0.0446261 0
1.175 0.92 0.313781 0.0850703 0
1.18 0.92 0.287748 0.0778837 0
1.185 0.92 0.318359 0.0871917 0
1.19 0.92 0.299526 0.0630285 0
1.195 0.92 0.301165 0.0916583 0
1.2 0.92 0.306794 0.0813162 0
1.205 0.92 0.324973 0.0856182 0
1.21 0.92 0.312373 0.0793216 0
1.215 0.92 0.357805 0.0864625 0
1.22 0.925 0.348917 0.0754313 0
1.225 0.925 0.320078 0.0718623 0
1.23 0.925 0.375537 0.0567898 0
1.235 0.925 0.400414 0.0404159 0
1.24 0.925 0.417197 0.0426738 0
1.245 0.925 0.454942 0.0384565 0
1.25 0.925 0.451431 0.0466451 0
1.255 0.925 0.456708 0.0435142 0
1.26 0.925 0.448703 0.0568219 0
1.265 0.925 0.456806 0.0405999 0
1.27 0.925 0.493635 0.0326123 0
1.275 0.925 0.50786 0.0372262 0
1.28 0.925 0.517863 0.0307342 0
1.285 0.93 0.517411 0.033738 0
1.29 0.93 0.518626 0.0411977 0
1.295 0.93 0.524508 0.0411395 0
1.3 0.93 0.53208 0.0281496 0
1.305 0.935 0.539609 0.0268322 0
1.31 0.935 0.545839 0.0204622 0
1.315 0.935 0.549576 0.0295891 0
1.32 0.935 0.552088 0.0214253 0
1.325 0.935 0.581672 0.020046 0
1.33 0.935 0.581398 0.02278 0
1.335 0.935 0.583523 0.0215063 0
1.34 0.935 0.585869 0.018179 0
1.345 0.935 0.594483 0.0206626 0
1.35 0.935 0.611835 0.0219604 0
1.355 0.935 0.612956 0.0246113 0
1.36 0.935 0.632632 0.0218564 0
1.365 0.935 0.640041 0.0200894 0
1.37 0.935 0.640631 0.0239562 0
1.375 0.935 0.640166 0.0266467 0
1.38 0.935 0.648445 0.0229846 0
1.385 0.935 0.65568 0.0263068 0
1.39 0.935 0.66341 0.0238815 0
1.395 0.935 0.661149 0.0229606 0
1.4 0.935 0.669111 0.0227312 0
1.405 0.935 0.6725 0.0217599 0
1.41 0.935 0.673782 0.0205216 0
1.415 0.945 0.677057 0.019842 0
1.42 0.945 0.675803 0.0190243 0
1.425 0.945 0.680361 0.0219206 0
1.43 0.945 0.679253 0.0258024 0
1.435 0.945 0.681059 0.0231 0
1.44 0.945 0.689572 0.0212338 0
1.445 0.945 0.692995 0.0242046 0
1.45 0.945 0.695206 0.0227083 0
1.455 0.945 0.696362 0.0205234 0
1.46 0.945 0.698308 0.0236007 0
1.465 0.945 0.699959 0.0219775 0
1.47 0.945 0.702064 0.0210662 0
1.475 0.945 0.703207 0.0252988 0
1.48 0.945 0.707128 0.022611 0
1.485 0.945 0.708978 0.021349 0
1.49 0.945 0.711279 0.0221472 0
1.495 0.945 0.711838 0.0209243 0
1.5 0.945 0.740894 0.0191475 0
