# Relevant parameters to reproduce this network:
# node_nr=500	 k_max=50
# initial_seed=1557434111	 delta_t=0.1	 max_steps=5000	 in_between=0
# fg_m=1	 fg_alpha=0	 fg_t_min=0	 fg_t_max=0.9	 fg_t_number=450	 fg_weff_lower_frequency=-1e+08	 fg_weff_max_steps=5000	 fg_weff_in_between=0
# K Giant_component <r> sigma_r*sqrt(NODE_NR) clustering
0 0.004 0.0373299 0.0199133 0
0.002 0.004 0.0437763 0.0193257 0
0.004 0.004 0.0390609 0.0196797 0
0.006 0.004 0.0409518 0.0205161 0
0.008 0.004 0.0399673 0.0186423 0
0.01 0.004 0.0392165 0.0194808 0
0.012 0.004 0.0386193 0.0195548 0
0.014 0.004 0.042442 0.0223984 0
0.016 0.004 0.0442322 0.0227823 0
0.018 0.004 0.038285 0.0213554 0
0.02 0.004 0.0435646 0.0236782 0
0.022 0.004 0.0351095 0.0189321 0
0.024 0.004 0.0427463 0.0232156 0
0.026 0.004 0.0417154 0.019559 0
0.028 0.004 0.041261 0.0209995 0
0.03 0.004 0.0417652 0.0220387 0
0.032 0.004 0.0402433 0.0202255 0
0.034 0.004 0.0408004 0.0202916 0
0.036 0.004 0.0436312 0.019321 0
0.038 0.004 0.0432826 0.0214903 0
0.04 0.004 0.0409317 0.021818 0
0.042 0.006 0.03759 0.0184181 0
0.044 0.006 0.0402913 0.0233708 0
0.046 0.006 0.0414869 0.0224724 0
0.048 0.006 0.0393631 0.0218164 0
0.05 0.006 0.0429112 0.0240395 0
0.052 0.006 0.0386082 0.020002 0
0.054 0.006 0.0381329 0.0197822 0
0.056 0.006 0.0429294 0.0223382 0
0.058 0.006 0.0376927 0.0198968 0
0.06 0.006 0.040042 0.021679 0
0.062 0.006 0.041215 0.0210524 0
0.064 0.006 0.042941 0.022305 0
0.066 0.006 0.0402149 0.0225136 0
0.068 0.006 0.042143 0.0209126 0
0.07 0.006 0.0412333 0.0222324 0
0.072 0.006 0.0509112 0.0260044 0
0.074 0.006 0.0418927 0.0217423 0
0.076 0.006 0.0461826 0.0213396 0
0.078 0.006 0.0405913 0.0223274 0
0.08 0.006 0.0408812 0.0211212 0
0.082 0.006 0.0380281 0.0209758 0
0.084 0.006 0.041508 0.0200038 0
0.086 0.006 0.0466651 0.0239628 0
0.088 0.006 0.0393067 0.0198284 0
0.09 0.006 0.0449444 0.0226228 0
0.092 0.006 0.0407026 0.0219944 0
0.094 0.006 0.0388382 0.0202849 0
0.096 0.006 0.0405623 0.0220553 0
0.098 0.006 0.0464325 0.0238955 0
0.1 0.006 0.0391149 0.0185995 0
0.102 0.006 0.0461192 0.0214088 0
0.104 0.006 0.0432993 0.0225646 0
0.106 0.006 0.0433398 0.0226771 0
0.108 0.006 0.0492829 0.0238006 0
0.11 0.006 0.0456523 0.0230259 0
0.112 0.006 0.0447146 0.0228635 0
0.114 0.006 0.045912 0.0248707 0
0.116 0.006 0.0435281 0.0211825 0
0.118 0.006 0.0454876 0.0225044 0
0.12 0.006 0.042318 0.0231769 0
0.122 0.006 0.0435298 0.0179023 0
0.124 0.006 0.0425783 0.0240092 0
0.126 0.006 0.0412355 0.0206534 0
0.128 0.006 0.0468528 0.0237708 0
0.13 0.006 0.0460641 0.0228926 0
0.132 0.006 0.0449182 0.0198673 0
0.134 0.006 0.0444851 0.0227175 0
0.136 0.006 0.0427654 0.0204334 0
0.138 0.008 0.0454704 0.0227153 0
0.14 0.008 0.0500625 0.0241267 0
0.142 0.008 0.0457972 0.024685 0
0.144 0.008 0.0454582 0.0202704 0
0.146 0.008 0.0446292 0.0239257 0
0.148 0.008 0.0480096 0.0267036 0
0.15 0.01 0.0471518 0.0217842 0
0.152 0.01 0.0443074 0.0239929 0
0.154 0.01 0.0447716 0.0255337 0
0.156 0.01 0.0475208 0.0237127 0
0.158 0.01 0.0513054 0.0263428 0
0.16 0.01 0.0474852 0.0248926 0
0.162 0.01 0.0455008 0.0244824 0
0.164 0.01 0.0429899 0.0218037 0
0.166 0.01 0.0482108 0.0235012 0
0.168 0.01 0.0494663 0.0275527 0
0.17 0.01 0.0453807 0.0260902 0
0.172 0.01 0.0519041 0.0253079 0
0.174 0.01 0.0519392 0.0250329 0
0.176 0.01 0.0504176 0.0266422 0
0.178 0.01 0.0519857 0.0238138 0
0.18 0.01 0.0442716 0.022562 0
0.182 0.01 0.0424033 0.0209638 0
0.184 0.01 0.0465842 0.0205609 0
0.186 0.01 0.0447125 0.0226702 0
0.188 0.01 0.0499289 0.022703 0
0.19 0.012 0.0486177 0.0231019 0
0.192 0.012 0.050734 0.026642 0
0.194 0.012 0.046076 0.0222643 0
0.196 0.012 0.0532864 0.0267528 0
0.198 0.012 0.0526837 0.0300274 0
0.2 0.012 0.0537048 0.0242559 0
0.202 0.012 0.049711 0.0264037 0
0.204 0.012 0.0495218 0.0276124 0
0.206 0.012 0.0563391 0.0290742 0
0.208 0.012 0.0504201 0.0240335 0
0.21 0.012 0.0511101 0.0305104 0
0.212 0.012 0.0506038 0.0239521 0
0.214 0.012 0.0573818 0.0271404 0
0.216 0.012 0.0581403 0.0297562 0
0.218 0.012 0.0466912 0.0237909 0
0.22 0.014 0.0517152 0.0268073 0
0.222 0.014 0.0557016 0.0280379 0
0.224 0.016 0.052778 0.0235042 0
0.226 0.016 0.0522318 0.025732 0
0.228 0.016 0.0501377 0.0267785 0
0.23 0.016 0.0529026 0.0267699 0
0.232 0.016 0.055093 0.0284243 0
0.234 0.016 0.0520854 0.025369 0
0.236 0.016 0.0535798 0.0286744 0
0.238 0.016 0.0501364 0.0278721 0
0.24 0.016 0.0498121 0.0249611 0
0.242 0.016 0.0575632 0.0280899 0
0.244 0.016 0.0569357 0.0299191 0
0.246 0.016 0.0573748 0.0308501 0
0.248 0.016 0.0527072 0.0268295 0
0.25 0.016 0.0508814 0.024215 0
0.252 0.016 0.0563009 0.0284302 0
0.254 0.016 0.0559791 0.0305814 0
0.256 0.016 0.0589742 0.0295178 0
0.258 0.016 0.0561108 0.0250366 0
0.26 0.016 0.0569861 0.0271227 0
0.262 0.016 0.0503388 0.0257637 0
0.264 0.016 0.053395 0.0293248 0
0.266 0.016 0.0557365 0.0305085 0
0.268 0.016 0.0569844 0.0291459 0
0.27 0.016 0.0613194 0.0309279 0
0.272 0.016 0.0556347 0.0278266 0
0.274 0.016 0.0481848 0.0263803 0
0.276 0.016 0.0573276 0.0282411 0
0.278 0.018 0.0540674 0.0272435 0
0.28 0.018 0.0609746 0.0323848 0
0.282 0.018 0.0618829 0.0288834 0
0.284 0.018 0.0565636 0.0298008 0
0.286 0.018 0.0590937 0.0317067 0
0.288 0.018 0.0516518 0.0286229 0
0.29 0.018 0.0524904 0.0248497 0
0.292 0.018 0.0559246 0.0260288 0
0.294 0.018 0.0595971 0.0353359 0
0.296 0.018 0.0597149 0.0274236 0
0.298 0.018 0.0590258 0.0277917 0
0.3 0.018 0.0559191 0.0275361 0
0.302 0.018 0.0525263 0.0307137 0
0.304 0.018 0.0625067 0.0342374 0
0.306 0.018 0.0565466 0.0277982 0
0.308 0.018 0.0602572 0.0327016 0
0.31 0.018 0.059289 0.0311971 0
0.312 0.018 0.0582527 0.0308425 0
0.314 0.018 0.0608055 0.0315861 0
0.316 0.024 0.0600052 0.0311747 0
0.318 0.024 0.0563969 0.0266404 0
0.32 0.024 0.0572715 0.0287179 0
0.322 0.024 0.0580814 0.0304036 0
0.324 0.024 0.0686682 0.0377837 0
0.326 0.024 0.0637902 0.0322933 0
0.328 0.024 0.0625329 0.0314111 0
0.33 0.024 0.0546671 0.0288066 0
0.332 0.024 0.0662971 0.0318016 0
0.334 0.024 0.0680032 0.0349535 0
0.336 0.024 0.0715858 0.0322081 0
0.338 0.024 0.0593706 0.0347506 0
0.34 0.024 0.062285 0.0295113 0
0.342 0.024 0.0679752 0.0349017 0
0.344 0.024 0.0611899 0.0319633 0
0.346 0.024 0.0623788 0.0336546 0
0.348 0.024 0.0636789 0.0333747 0
0.35 0.024 0.0681718 0.0387036 0
0.352 0.024 0.0595034 0.0303836 0
0.354 0.028 0.067749 0.0344815 0
0.356 0.028 0.0606183 0.0281025 0
0.358 0.028 0.0686552 0.0335122 0
0.36 0.028 0.064828 0.0287886 0
0.362 0.028 0.0667962 0.0331176 0
0.364 0.028 0.0699715 0.0351576 0
0.366 0.028 0.0630637 0.0292899 0
0.368 0.028 0.060168 0.034452 0
0.37 0.028 0.0693087 0.0328512 0
0.372 0.028 0.0800928 0.0400062 0
0.374 0.028 0.0657535 0.0340261 0
0.376 0.028 0.0698465 0.0366806 0
0.378 0.028 0.0561525 0.0317718 0
0.38 0.028 0.0680406 0.033205 0
0.382 0.028 0.0715187 0.0358201 0
0.384 0.028 0.06841 0.0352316 0
0.386 0.028 0.0719374 0.0335752 0
0.388 0.028 0.0633506 0.0285166 0
0.39 0.028 0.0608246 0.02998 0
0.392 0.028 0.0688804 0.0362725 0
0.394 0.028 0.0768987 0.035522 0
0.396 0.028 0.0643086 0.0358802 0
0.398 0.028 0.0644039 0.0344931 0
0.4 0.032 0.0728845 0.0383352 0
0.402 0.032 0.0741257 0.0385176 0
0.404 0.032 0.0630377 0.0299692 0
0.406 0.032 0.0765724 0.0336016 0
0.408 0.032 0.0683042 0.0359086 0
0.41 0.034 0.073191 0.0337372 0
0.412 0.038 0.0711258 0.0394811 0
0.414 0.038 0.075405 0.0353313 0
0.416 0.038 0.0633055 0.0328822 0
0.418 0.038 0.0782771 0.0389958 0
0.42 0.038 0.0707665 0.0401661 0
0.422 0.038 0.0659696 0.0308107 0
0.424 0.038 0.0702237 0.0327953 0
0.426 0.038 0.0821533 0.0411913 0
0.428 0.038 0.0687703 0.0370429 0
0.43 0.04 0.0701756 0.04196 0
0.432 0.04 0.0744158 0.0394557 0
0.434 0.04 0.0743228 0.0367885 0
0.436 0.04 0.0789237 0.0449317 0
0.438 0.04 0.0795404 0.0424781 0
0.44 0.04 0.0743724 0.0393095 0
0.442 0.04 0.078585 0.038857 0
0.444 0.04 0.0763057 0.0405143 0
0.446 0.04 0.0787254 0.0430613 0
0.448 0.04 0.0756298 0.0370172 0
0.45 0.04 0.0787908 0.0437387 0
0.452 0.04 0.0826992 0.0414975 0
0.454 0.04 0.0709758 0.0382411 0
0.456 0.04 0.0798103 0.0407653 0
0.458 0.04 0.073151 0.0394136 0
0.46 0.08 0.0832422 0.0397568 0
0.462 0.08 0.0780683 0.0340318 0
0.464 0.08 0.0684662 0.033135 0
0.466 0.08 0.0818172 0.0468568 0
0.468 0.08 0.0739318 0.0343439 0
0.47 0.082 0.0709587 0.0365612 0
0.472 0.082 0.0770623 0.0385859 0
0.474 0.104 0.0753353 0.0411707 0
0.476 0.104 0.0753713 0.0406067 0
0.478 0.104 0.0857815 0.0418423 0
0.48 0.104 0.0669338 0.0372574 0
0.482 0.104 0.0777705 0.0397943 0
0.484 0.104 0.0808877 0.0385442 0
0.486 0.104 0.0707955 0.036597 0
0.488 0.104 0.0727649 0.0433853 0
0.49 0.104 0.0831467 0.0450032 0
0.492 0.104 0.0769342 0.039628 0
0.494 0.106 0.0757671 0.0417734 0
0.496 0.106 0.0744259 0.0371682 0
0.498 0.106 0.0720238 0.0338909 0
0.5 0.106 0.0848049 0.0437969 0
0.502 0.106 0.0738722 0.0426261 0
0.504 0.106 0.0745776 0.0376962 0
0.506 0.106 0.088173 0.0421813 0
0.508 0.106 0.0759885 0.0316084 0
0.51 0.106 0.0674804 0.0328109 0
0.512 0.106 0.0766945 0.037475 0
0.514 0.106 0.0821385 0.0487348 0
0.516 0.106 0.0708012 0.0396238 0
0.518 0.106 0.0665453 0.0374057 0
0.52 0.106 0.0724605 0.0328205 0
0.522 0.106 0.0707821 0.0346914 0
0.524 0.106 0.0635076 0.0385237 0
0.526 0.106 0.0646692 0.0355095 0
0.528 0.106 0.0721581 0.0381264 0
0.53 0.106 0.0744175 0.0383323 0
0.532 0.11 0.0746919 0.0438113 0
0.534 0.11 0.102267 0.0482454 0
0.536 0.11 0.0849825 0.0434053 0
0.538 0.11 0.109869 0.0455118 0
0.54 0.11 0.0803616 0.0380629 0
0.542 0.12 0.080844 0.0387374 0
0.544 0.128 0.0750707 0.0398923 0
0.546 0.128 0.0731414 0.0355583 0
0.548 0.128 0.062388 0.0306624 0
0.55 0.128 0.0686759 0.0361968 0
0.552 0.128 0.0683923 0.0313719 0
0.554 0.13 0.0790523 0.0316066 0
0.556 0.13 0.0697067 0.0359085 0
0.558 0.132 0.0872249 0.0433051 0
0.56 0.132 0.0807112 0.0422198 0
0.562 0.138 0.0745105 0.0404508 0
0.564 0.138 0.0754798 0.0336408 0
0.566 0.142 0.0993431 0.0412649 0
0.568 0.142 0.0965115 0.0493635 0
0.57 0.142 0.0893396 0.0530042 0
0.572 0.144 0.0838319 0.0405893 0
0.574 0.144 0.0742103 0.0403157 0
0.576 0.144 0.0810434 0.0394916 0
0.578 0.144 0.0839894 0.0376579 0
0.58 0.144 0.0882019 0.0423356 0
0.582 0.146 0.0826941 0.045603 0
0.584 0.146 0.090971 0.0392027 0
0.586 0.148 0.106717 0.0452337 0
0.588 0.148 0.104045 0.0483081 0
0.59 0.148 0.0983335 0.0548418 0
0.592 0.148 0.0985772 0.0571756 0
0.594 0.162 0.0890448 0.0430349 0
0.596 0.162 0.109287 0.0531567 0
0.598 0.162 0.120258 0.0453688 0
0.6 0.18 0.0721469 0.036405 0
0.602 0.18 0.100905 0.0350091 0
0.604 0.18 0.108513 0.0488637 0
0.606 0.18 0.108101 0.0463571 0
0.608 0.18 0.0770048 0.0319317 0
0.61 0.18 0.0986452 0.0389081 0
0.612 0.18 0.079771 0.0417892 0
0.614 0.18 0.111863 0.0405251 0
0.616 0.18 0.0936551 0.0406509 0
0.618 0.18 0.0667102 0.0350928 0
0.62 0.18 0.0806595 0.0402151 0
0.622 0.352 0.0704462 0.0323445 0
0.624 0.354 0.0611676 0.0290436 0
0.626 0.38 0.0890491 0.0477295 0
0.628 0.38 0.0937463 0.0448001 0
0.63 0.384 0.0822314 0.0440106 0
0.632 0.384 0.0593808 0.0328732 0
0.634 0.388 0.064297 0.0314457 0
0.636 0.388 0.0704925 0.0327052 0
0.638 0.39 0.0830904 0.0364681 0
0.64 0.392 0.0878522 0.0308604 0
0.642 0.392 0.0942616 0.0418551 0
0.644 0.392 0.0826189 0.0412977 0
0.646 0.394 0.0602427 0.0275036 0
0.648 0.394 0.0741797 0.0359794 0
0.65 0.394 0.0743262 0.0308706 0
0.652 0.408 0.0909959 0.0318834 0
0.654 0.408 0.0713604 0.0381471 0
0.656 0.418 0.0992543 0.0363655 0
0.658 0.428 0.114269 0.0343025 0
0.66 0.432 0.120521 0.0368777 0
0.662 0.434 0.110287 0.0350878 0
0.664 0.436 0.104566 0.0377584 0
0.666 0.466 0.0813088 0.039659 0
0.668 0.466 0.127266 0.0352542 0
0.67 0.466 0.134329 0.035957 0
0.672 0.47 0.0907804 0.0373381 0
0.674 0.48 0.0992659 0.0379043 0
0.676 0.48 0.117594 0.0383222 0
0.678 0.48 0.105002 0.0402572 0
0.68 0.48 0.0934283 0.0372253 0
0.682 0.484 0.0822591 0.0304199 0
0.684 0.486 0.0824403 0.0299604 0
0.686 0.486 0.118003 0.0469756 0
0.688 0.486 0.11786 0.0378611 0
0.69 0.49 0.13511 0.0413183 0
0.692 0.49 0.0977951 0.038579 0
0.694 0.49 0.0816189 0.0366546 0
0.696 0.49 0.0630502 0.0318206 0
0.698 0.514 0.0639976 0.0288211 0
0.7 0.54 0.0436416 0.0244986 0
0.702 0.54 0.0522544 0.0314403 0
0.704 0.544 0.058889 0.0292622 0
0.706 0.58 0.109039 0.039395 0
0.708 0.582 0.12533 0.0399485 0
0.71 0.584 0.106262 0.036683 0
0.712 0.59 0.108272 0.0325306 0
0.714 0.592 0.082796 0.0364152 0
0.716 0.596 0.0832577 0.0321731 0
0.718 0.6 0.0954623 0.0433394 0
0.72 0.602 0.0873235 0.0339861 0
0.722 0.604 0.0845609 0.0343583 0
0.724 0.604 0.0929565 0.0382441 0
0.726 0.606 0.0853145 0.037181 0
0.728 0.606 0.104351 0.046852 0
0.73 0.612 0.0808847 0.0365028 0
0.732 0.614 0.0930922 0.0358054 0
0.734 0.614 0.0782967 0.0313119 0
0.736 0.614 0.0785313 0.043283 0
0.738 0.616 0.0685939 0.0333077 0
0.74 0.616 0.0731832 0.0328886 0
0.742 0.64 0.0475404 0.0248083 0
0.744 0.64 0.0546086 0.0258615 0
0.746 0.642 0.0506815 0.025786 0
0.748 0.644 0.0521168 0.0297001 0
0.75 0.646 0.0517086 0.0257101 0
0.752 0.646 0.0612399 0.0259857 0
0.754 0.652 0.057723 0.0274887 0
0.756 0.654 0.0586098 0.0256442 0
0.758 0.66 0.0554299 0.0323741 0
0.76 0.662 0.0597957 0.0295191 0
0.762 0.664 0.0572391 0.0278554 0
0.764 0.666 0.0555914 0.0273255 0
0.766 0.666 0.0632521 0.0331284 0
0.768 0.676 0.0656128 0.0333666 0
0.77 0.678 0.059363 0.0288281 0
0.772 0.678 0.0711456 0.0310891 0
0.774 0.682 0.0643487 0.032697 0
0.776 0.682 0.0602072 0.0303003 0
0.778 0.684 0.0447768 0.0314306 0
0.78 0.684 0.0346155 0.0176513 0
0.782 0.684 0.0340685 0.0175525 0
0.784 0.684 0.0538457 0.0206246 0
0.786 0.684 0.0662909 0.0223778 0
0.788 0.686 0.058647 0.0210654 0
0.79 0.686 0.0507222 0.0250186 0
0.792 0.686 0.0426261 0.0221476 0
0.794 0.686 0.0508035 0.0234311 0
0.796 0.686 0.0477276 0.0184362 0
0.798 0.692 0.048621 0.0211646 0
0.8 0.692 0.0525457 0.0189069 0
0.802 0.694 0.0552739 0.0205835 0
0.804 0.696 0.0610406 0.0234111 0
0.806 0.696 0.168137 0.0799456 0
0.808 0.698 0.23237 0.0478007 0
0.81 0.698 0.241442 0.0587966 0
0.812 0.702 0.252359 0.0443356 0
0.814 0.704 0.248816 0.0496123 0
0.816 0.704 0.254385 0.0551167 0
0.818 0.706 0.244041 0.0528284 0
0.82 0.718 0.252508 0.0447833 0
0.822 0.72 0.264852 0.0501014 0
0.824 0.72 0.25951 0.0493466 0
0.826 0.722 0.258986 0.0517217 0
0.828 0.724 0.228249 0.0543761 0
0.83 0.724 0.187077 0.0591667 0
0.832 0.724 0.128439 0.0202368 0
0.834 0.726 0.135017 0.0203221 0
0.836 0.728 0.132061 0.0223203 0
0.838 0.732 0.142139 0.0198467 0
0.84 0.732 0.196183 0.0391361 0
0.842 0.734 0.224796 0.0184523 0
0.844 0.734 0.226296 0.0180447 0
0.846 0.734 0.26029 0.019531 0
0.848 0.734 0.265445 0.017848 0
0.85 0.734 0.260885 0.0191371 0
0.852 0.734 0.262687 0.0199603 0
0.854 0.734 0.267065 0.0207927 0
0.856 0.734 0.286792 0.0185892 0
0.858 0.736 0.279576 0.0197729 0
0.86 0.74 0.270002 0.0200817 0
0.862 0.742 0.279093 0.0183846 0
0.864 0.742 0.253441 0.0192422 0
0.866 0.742 0.249208 0.0192234 0
0.868 0.746 0.26449 0.0182444 0
0.87 0.75 0.26003 0.0183315 0
0.872 0.75 0.274957 0.0173498 0
0.874 0.75 0.270783 0.0193719 0
0.876 0.75 0.307408 0.0185373 0
0.878 0.75 0.317355 0.0200396 0
0.88 0.75 0.303464 0.021192 0
0.882 0.752 0.318963 0.0189523 0
0.884 0.754 0.311546 0.0174368 0
0.886 0.754 0.305608 0.0183542 0
0.888 0.754 0.297924 0.0183892 0
0.89 0.754 0.307378 0.0179249 0
0.892 0.754 0.310926 0.0158469 0
0.894 0.754 0.312209 0.020753 0
0.896 0.754 0.315049 0.0199554 0
0.898 0.754 0.339807 0.0188979 0
