# Relevant parameters to reproduce this network:
# node_nr=200	 k_max=20
# initial_seed=1557414222	 delta_t=0.1	 max_steps=3000	 in_between=0
# fg_m=1	 fg_alpha=0	 fg_t_min=0	 fg_t_max=1.5	 fg_t_number=300	 fg_weff_lower_frequency=-1e+08	 fg_weff_max_steps=3000	 fg_weff_in_between=0
# K Giant_component <r> sigma_r*sqrt(NODE_NR) clustering
0 0.01 0.056707 0.0301078 0
0.005 0.01 0.0609859 0.0320256 0
0.01 0.01 0.0569433 0.0297414 0
0.015 0.01 0.0665602 0.0357749 0
0.02 0.01 0.0655992 0.0326859 0
0.025 0.01 0.0618792 0.0345149 0
0.03 0.01 0.0657574 0.0343134 0
0.035 0.01 0.0723749 0.0378103 0
0.04 0.01 0.0688832 0.0324953 0
0.045 0.01 0.0626344 0.0287355 0
0.05 0.01 0.0655885 0.0338998 0
0.055 0.01 0.0695503 0.0361803 0
0.06 0.015 0.0640039 0.0336893 0
0.065 0.015 0.0652336 0.0330197 0
0.07 0.015 0.065239 0.0282423 0
0.075 0.015 0.0628699 0.0332646 0
0.08 0.015 0.0582457 0.033312 0
0.085 0.015 0.0671173 0.0351677 0
0.09 0.015 0.0660774 0.0361487 0
0.095 0.015 0.0606211 0.0324583 0
0.1 0.015 0.0673793 0.0399269 0
0.105 0.015 0.0671423 0.0357037 0
0.11 0.015 0.0680301 0.0323777 0
0.115 0.015 0.0684738 0.0380527 0
0.12 0.015 0.0726598 0.0359455 0
0.125 0.015 0.0714408 0.0375477 0
0.13 0.015 0.0665846 0.0353065 0
0.135 0.015 0.0727068 0.0372949 0
0.14 0.015 0.0737465 0.038653 0
0.145 0.015 0.0777097 0.0421282 0
0.15 0.015 0.0681072 0.0342234 0
0.155 0.015 0.0721027 0.032506 0
0.16 0.02 0.0723682 0.0357722 0
0.165 0.02 0.0702382 0.037927 0
0.17 0.02 0.077099 0.0378131 0
0.175 0.02 0.0658738 0.0350587 0
0.18 0.02 0.079901 0.03898 0
0.185 0.02 0.0793296 0.0413033 0
0.19 0.02 0.0755801 0.0418584 0
0.195 0.02 0.0706898 0.0457096 0
0.2 0.02 0.0720554 0.0397601 0
0.205 0.02 0.0808769 0.0386062 0
0.21 0.03 0.0683074 0.0374134 0
0.215 0.03 0.0809367 0.0383003 0
0.22 0.03 0.0751918 0.0381298 0
0.225 0.03 0.0696822 0.0326049 0
0.23 0.04 0.0798604 0.0428845 0
0.235 0.04 0.0665418 0.0328065 0
0.24 0.04 0.0800865 0.0393224 0
0.245 0.04 0.0796575 0.0370091 0
0.25 0.04 0.0651317 0.0335228 0
0.255 0.04 0.0740913 0.0386314 0
0.26 0.04 0.0701709 0.040096 0
0.265 0.05 0.0883946 0.0502943 0
0.27 0.055 0.0911233 0.0481071 0
0.275 0.055 0.0873081 0.0405017 0
0.28 0.055 0.0941429 0.0470408 0
0.285 0.055 0.103017 0.0453919 0
0.29 0.055 0.089071 0.0362059 0
0.295 0.055 0.0895039 0.0449475 0
0.3 0.055 0.0963244 0.0542397 0
0.305 0.055 0.0727096 0.0419385 0
0.31 0.055 0.0815877 0.0442481 0
0.315 0.055 0.0837044 0.0397578 0
0.32 0.055 0.091771 0.0442681 0
0.325 0.06 0.081072 0.0408787 0
0.33 0.06 0.0806815 0.0436963 0
0.335 0.06 0.0857823 0.0421697 0
0.34 0.06 0.0768524 0.0418862 0
0.345 0.065 0.0780797 0.043069 0
0.35 0.08 0.0678362 0.0371835 0
0.355 0.09 0.0927851 0.0441629 0
0.36 0.09 0.0842148 0.0414143 0
0.365 0.09 0.0950055 0.0497519 0
0.37 0.095 0.0924344 0.0499447 0
0.375 0.095 0.0817915 0.0448967 0
0.38 0.105 0.118386 0.0508912 0
0.385 0.105 0.109499 0.0508449 0
0.39 0.105 0.0999981 0.0406681 0
0.395 0.105 0.0938635 0.0447817 0
0.4 0.105 0.113045 0.0569846 0
0.405 0.105 0.0921782 0.0594538 0
0.41 0.105 0.0809992 0.0443893 0
0.415 0.105 0.0834451 0.046332 0
0.42 0.125 0.101893 0.0522814 0
0.425 0.13 0.112864 0.0499572 0
0.43 0.14 0.104905 0.0487313 0
0.435 0.14 0.108803 0.0541492 0
0.44 0.14 0.126765 0.0603394 0
0.445 0.14 0.125987 0.0526602 0
0.45 0.14 0.115381 0.0557087 0
0.455 0.155 0.123449 0.0572007 0
0.46 0.155 0.116736 0.049899 0
0.465 0.155 0.126872 0.0498832 0
0.47 0.155 0.12201 0.0586465 0
0.475 0.155 0.127494 0.0564349 0
0.48 0.155 0.128632 0.0519678 0
0.485 0.155 0.13653 0.0536128 0
0.49 0.165 0.113378 0.0518332 0
0.495 0.185 0.122021 0.0632401 0
0.5 0.185 0.138566 0.0640464 0
0.505 0.185 0.133781 0.0660777 0
0.51 0.185 0.115568 0.0640518 0
0.515 0.19 0.124486 0.0577324 0
0.52 0.195 0.133325 0.0615843 0
0.525 0.205 0.134692 0.048968 0
0.53 0.205 0.126634 0.0567865 0
0.535 0.205 0.120542 0.0480601 0
0.54 0.205 0.12105 0.0576544 0
0.545 0.215 0.0829567 0.0388225 0
0.55 0.215 0.0960122 0.0447096 0
0.555 0.215 0.0884283 0.0418009 0
0.56 0.215 0.0926189 0.0492334 0
0.565 0.215 0.102062 0.0464145 0
0.57 0.215 0.0998007 0.0473452 0
0.575 0.31 0.0951866 0.0444779 0
0.58 0.31 0.0842654 0.0391243 0
0.585 0.32 0.0998717 0.0520423 0
0.59 0.335 0.114158 0.0687611 0
0.595 0.34 0.135552 0.0615427 0
0.6 0.34 0.125448 0.0465207 0
0.605 0.355 0.128537 0.0547989 0
0.61 0.38 0.13553 0.0686921 0
0.615 0.38 0.136027 0.0723347 0
0.62 0.4 0.14148 0.0635226 0
0.625 0.4 0.119412 0.0638196 0
0.63 0.41 0.141247 0.0698221 0
0.635 0.41 0.126908 0.056782 0
0.64 0.45 0.139919 0.0678837 0
0.645 0.45 0.141083 0.0578179 0
0.65 0.45 0.148946 0.0642962 0
0.655 0.46 0.120595 0.0572724 0
0.66 0.465 0.10979 0.059001 0
0.665 0.48 0.115768 0.0539248 0
0.67 0.49 0.116123 0.0537476 0
0.675 0.495 0.109143 0.0542032 0
0.68 0.5 0.112404 0.0508872 0
0.685 0.505 0.119323 0.0475931 0
0.69 0.51 0.119122 0.0558041 0
0.695 0.51 0.14324 0.0683385 0
0.7 0.515 0.124455 0.0594444 0
0.705 0.515 0.133381 0.0717834 0
0.71 0.53 0.126903 0.059435 0
0.715 0.53 0.114572 0.0580384 0
0.72 0.53 0.136002 0.0771844 0
0.725 0.535 0.144746 0.0700556 0
0.73 0.535 0.137528 0.0722687 0
0.735 0.54 0.121614 0.0610932 0
0.74 0.54 0.139276 0.0716262 0
0.745 0.54 0.128247 0.0637538 0
0.75 0.545 0.13289 0.0609761 0
0.755 0.55 0.133238 0.0489207 0
0.76 0.55 0.117109 0.0677662 0
0.765 0.605 0.111194 0.0759602 0
0.77 0.605 0.137498 0.0644836 0
0.775 0.605 0.133192 0.0596444 0
0.78 0.605 0.11973 0.064261 0
0.785 0.605 0.154561 0.0786875 0
0.79 0.605 0.146833 0.068117 0
0.795 0.605 0.150072 0.0688782 0
0.8 0.61 0.156803 0.0643987 0
0.805 0.61 0.142938 0.0612193 0
0.81 0.615 0.14346 0.0570325 0
0.815 0.675 0.145219 0.0648902 0
0.82 0.68 0.12205 0.0482277 0
0.825 0.68 0.1549 0.078262 0
0.83 0.68 0.177161 0.0682872 0
0.835 0.725 0.142306 0.0668476 0
0.84 0.725 0.168621 0.0786302 0
0.845 0.73 0.175823 0.0727629 0
0.85 0.75 0.129138 0.0688106 0
0.855 0.75 0.156594 0.0639487 0
0.86 0.75 0.158524 0.0716459 0
0.865 0.75 0.201606 0.0943337 0
0.87 0.75 0.165549 0.0760097 0
0.875 0.75 0.197768 0.0894072 0
0.88 0.75 0.193606 0.0729591 0
0.885 0.75 0.181524 0.0721512 0
0.89 0.75 0.178739 0.0818959 0
0.895 0.755 0.151999 0.0744928 0
0.9 0.76 0.20753 0.0754982 0
0.905 0.76 0.174101 0.0658655 0
0.91 0.785 0.169377 0.0958346 0
0.915 0.785 0.17483 0.0905178 0
0.92 0.79 0.168305 0.0935656 0
0.925 0.79 0.152255 0.082186 0
0.93 0.79 0.199428 0.0689918 0
0.935 0.795 0.18389 0.0899751 0
0.94 0.8 0.194358 0.0766171 0
0.945 0.8 0.189293 0.0841368 0
0.95 0.8 0.200221 0.0874113 0
0.955 0.81 0.166017 0.0629226 0
0.96 0.82 0.190068 0.090975 0
0.965 0.82 0.215746 0.116403 0
0.97 0.825 0.253944 0.0886139 0
0.975 0.83 0.268283 0.0789254 0
0.98 0.835 0.253667 0.09399 0
0.985 0.845 0.25741 0.0965035 0
0.99 0.85 0.259208 0.106168 0
0.995 0.855 0.260146 0.064807 0
1 0.855 0.198435 0.102174 0
1.005 0.865 0.234649 0.068282 0
1.01 0.865 0.237099 0.0824379 0
1.015 0.865 0.210842 0.0841568 0
1.02 0.87 0.229316 0.0794077 0
1.025 0.87 0.245499 0.0953989 0
1.03 0.87 0.295473 0.0786083 0
1.035 0.87 0.281973 0.0847615 0
1.04 0.87 0.318439 0.0828386 0
1.045 0.87 0.29589 0.0715453 0
1.05 0.87 0.327943 0.0849955 0
1.055 0.875 0.306039 0.0659478 0
1.06 0.875 0.304898 0.0493944 0
1.065 0.88 0.322422 0.0504733 0
1.07 0.88 0.334395 0.0560731 0
1.075 0.88 0.340238 0.0782163 0
1.08 0.88 0.370215 0.0637145 0
1.085 0.88 0.37035 0.0682377 0
1.09 0.885 0.342916 0.0558432 0
1.095 0.89 0.339723 0.0571721 0
1.1 0.89 0.35275 0.0597895 0
1.105 0.89 0.349576 0.0697412 0
1.11 0.89 0.359155 0.0663279 0
1.115 0.895 0.372666 0.0553491 0
1.12 0.895 0.384061 0.0751742 0
1.125 0.895 0.389198 0.0565744 0
1.13 0.9 0.35986 0.0454047 0
1.135 0.91 0.346491 0.0399071 0
1.14 0.91 0.352975 0.0555318 0
1.145 0.91 0.315131 0.0653145 0
1.15 0.915 0.312248 0.0661761 0
1.155 0.915 0.381164 0.0597785 0
1.16 0.915 0.400728 0.0594736 0
1.165 0.915 0.425928 0.0414151 0
1.17 0.92 0.400646 0.0494483 0
1.175 0.92 0.388688 0.0360173 0
1.18 0.92 0.405719 0.049943 0
1.185 0.92 0.402581 0.0604146 0
1.19 0.92 0.406277 0.0382136 0
1.195 0.92 0.395342 0.0413808 0
1.2 0.92 0.406432 0.0380849 0
1.205 0.92 0.400788 0.0443405 0
1.21 0.92 0.405537 0.0462941 0
1.215 0.92 0.44375 0.0362656 0
1.22 0.925 0.46184 0.0413826 0
1.225 0.925 0.462679 0.0408756 0
1.23 0.925 0.498968 0.0325309 0
1.235 0.925 0.510867 0.0371704 0
1.24 0.925 0.529615 0.030721 0
1.245 0.925 0.524857 0.0257266 0
1.25 0.925 0.525506 0.0257482 0
1.255 0.925 0.525636 0.0253419 0
1.26 0.925 0.532542 0.0353967 0
1.265 0.925 0.558822 0.038462 0
1.27 0.925 0.559008 0.0396435 0
1.275 0.925 0.57303 0.049139 0
1.28 0.925 0.594263 0.0385077 0
1.285 0.93 0.597068 0.0419851 0
1.29 0.93 0.600841 0.0510999 0
1.295 0.93 0.605944 0.0364666 0
1.3 0.93 0.600877 0.0355865 0
1.305 0.935 0.600282 0.0318019 0
1.31 0.935 0.604896 0.0300803 0
1.315 0.935 0.608693 0.032323 0
1.32 0.935 0.602012 0.0347554 0
1.325 0.935 0.622679 0.0247706 0
1.33 0.935 0.615963 0.0165743 0
1.335 0.935 0.615749 0.0159252 0
1.34 0.935 0.616946 0.0184409 0
1.345 0.935 0.627708 0.018671 0
1.35 0.935 0.651051 0.0182778 0
1.355 0.935 0.65434 0.0197161 0
1.36 0.935 0.654042 0.0148568 0
1.365 0.935 0.655992 0.0224891 0
1.37 0.935 0.654904 0.0200124 0
1.375 0.935 0.661596 0.0200725 0
1.38 0.935 0.665587 0.0169403 0
1.385 0.935 0.66937 0.0159969 0
1.39 0.935 0.669763 0.0181507 0
1.395 0.935 0.676841 0.0156571 0
1.4 0.935 0.69854 0.0154558 0
1.405 0.935 0.700196 0.0157638 0
1.41 0.935 0.700781 0.0119661 0
1.415 0.945 0.70577 0.0162764 0
1.42 0.945 0.705044 0.0181783 0
1.425 0.95 0.699551 0.0150588 0
1.43 0.95 0.698485 0.0181349 0
1.435 0.95 0.698498 0.0198623 0
1.44 0.95 0.698485 0.0191175 0
1.445 0.95 0.710073 0.0161836 0
1.45 0.95 0.724743 0.0184507 0
1.455 0.95 0.725717 0.0202895 0
1.46 0.95 0.730519 0.0199542 0
1.465 0.95 0.730683 0.0162865 0
1.47 0.95 0.732879 0.0171549 0
1.475 0.95 0.740647 0.019653 0
1.48 0.95 0.74144 0.0176236 0
1.485 0.95 0.748997 0.0123163 0
1.49 0.95 0.748761 0.0133994 0
1.495 0.95 0.74926 0.0174852 0
1.5 0.95 0.755214 0.0127094 0
