# Relevant parameters to reproduce this network:
# node_nr=200	 k_max=20
# initial_seed=1557414222	 delta_t=0.01	 max_steps=3000	 in_between=10
# fg_m=1	 fg_alpha=3	 fg_t_min=0	 fg_t_max=1.2	 fg_t_number=240	 fg_weff_lower_frequency=-1e+08	 fg_weff_max_steps=3000	 fg_weff_in_between=10
# K Giant_component <r> sigma_r*sqrt(NODE_NR) clustering
0 0.01 0.0577073 0.0271575 0
0.005 0.01 0.0575511 0.0301396 0
0.01 0.01 0.0601121 0.0334159 0
0.015 0.01 0.0633512 0.033244 0
0.02 0.01 0.0677879 0.0353073 0
0.025 0.01 0.065783 0.0355352 0
0.03 0.01 0.0626394 0.0339887 0
0.035 0.01 0.0654435 0.0353077 0
0.04 0.015 0.0624419 0.0337496 0
0.045 0.015 0.0690268 0.0368645 0
0.05 0.015 0.0632676 0.0321491 0
0.055 0.015 0.0648538 0.0287807 0
0.06 0.015 0.0736699 0.040111 0
0.065 0.015 0.0638714 0.033974 0
0.07 0.015 0.0585361 0.032506 0
0.075 0.015 0.0728013 0.0393551 0
0.08 0.015 0.0560659 0.0298353 0
0.085 0.015 0.065921 0.0270951 0
0.09 0.015 0.0619581 0.0360739 0
0.095 0.015 0.0744661 0.0394074 0
0.1 0.015 0.0673853 0.0384338 0
0.105 0.015 0.0760624 0.044267 0
0.11 0.015 0.0814384 0.037843 0
0.115 0.015 0.0745654 0.0412895 0
0.12 0.015 0.0642873 0.0362855 0
0.125 0.015 0.0752719 0.0403508 0
0.13 0.015 0.0664432 0.0354976 0
0.135 0.015 0.0743788 0.0347779 0
0.14 0.015 0.0735493 0.0427041 0
0.145 0.015 0.0779319 0.0467105 0
0.15 0.015 0.0704202 0.0414139 0
0.155 0.015 0.0733442 0.0407255 0
0.16 0.015 0.0735342 0.0378233 0
0.165 0.015 0.0730235 0.0427706 0
0.17 0.015 0.0801634 0.0380895 0
0.175 0.015 0.0724105 0.0383311 0
0.18 0.015 0.0733494 0.034945 0
0.185 0.02 0.0665363 0.0314505 0
0.19 0.02 0.083534 0.0481847 0
0.195 0.02 0.0773041 0.0483355 0
0.2 0.02 0.0816127 0.0451592 0
0.205 0.02 0.0648397 0.0347603 0
0.21 0.035 0.0865149 0.0413096 0
0.215 0.035 0.0671779 0.0318089 0
0.22 0.035 0.0751246 0.0412196 0
0.225 0.035 0.0767119 0.0355042 0
0.23 0.035 0.0891176 0.0437156 0
0.235 0.04 0.0904309 0.0482426 0
0.24 0.04 0.0937502 0.0418457 0
0.245 0.04 0.0830524 0.0403424 0
0.25 0.04 0.0935459 0.0394031 0
0.255 0.04 0.0932389 0.0542936 0
0.26 0.04 0.0767113 0.0348545 0
0.265 0.04 0.0827378 0.0509787 0
0.27 0.04 0.0855972 0.0458435 0
0.275 0.04 0.0987372 0.0502524 0
0.28 0.04 0.0923762 0.0471981 0
0.285 0.04 0.0999568 0.0480016 0
0.29 0.04 0.0894988 0.0454306 0
0.295 0.04 0.114666 0.0528776 0
0.3 0.04 0.100029 0.0490542 0
0.305 0.04 0.0912835 0.0449851 0
0.31 0.04 0.102604 0.06245 0
0.315 0.04 0.113293 0.056583 0
0.32 0.04 0.099995 0.0467263 0
0.325 0.04 0.0857237 0.0439472 0
0.33 0.04 0.089928 0.0518129 0
0.335 0.04 0.0869902 0.0566388 0
0.34 0.04 0.103251 0.0478764 0
0.345 0.04 0.102022 0.0512857 0
0.35 0.04 0.101933 0.0409504 0
0.355 0.04 0.110727 0.0577517 0
0.36 0.04 0.102728 0.0515895 0
0.365 0.04 0.0930885 0.0456642 0
0.37 0.04 0.081662 0.0517622 0
0.375 0.045 0.103437 0.0585597 0
0.38 0.045 0.0979945 0.0481034 0
0.385 0.045 0.111749 0.0541574 0
0.39 0.045 0.121927 0.0502367 0
0.395 0.045 0.11314 0.060198 0
0.4 0.045 0.121429 0.0546409 0
0.405 0.045 0.11576 0.0598235 0
0.41 0.05 0.115309 0.0548734 0
0.415 0.05 0.116983 0.0534396 0
0.42 0.075 0.111404 0.0569201 0
0.425 0.075 0.103262 0.0495749 0
0.43 0.11 0.12725 0.0514456 0
0.435 0.11 0.135258 0.0583464 0
0.44 0.11 0.158511 0.0686932 0
0.445 0.11 0.111268 0.057803 0
0.45 0.11 0.130125 0.0644073 0
0.455 0.11 0.151464 0.0701223 0
0.46 0.11 0.162448 0.0779661 0
0.465 0.12 0.165342 0.0635792 0
0.47 0.12 0.113278 0.0554584 0
0.475 0.12 0.11977 0.0647342 0
0.48 0.12 0.127505 0.0640542 0
0.485 0.12 0.132888 0.0478229 0
0.49 0.12 0.158214 0.0642367 0
0.495 0.12 0.144748 0.083998 0
0.5 0.15 0.134042 0.0576185 0
0.505 0.15 0.135521 0.0755538 0
0.51 0.15 0.176516 0.0647833 0
0.515 0.17 0.131807 0.0577622 0
0.52 0.17 0.209006 0.0652123 0
0.525 0.17 0.162612 0.0728846 0
0.53 0.17 0.112997 0.073421 0
0.535 0.185 0.168856 0.0703553 0
0.54 0.185 0.15137 0.0524318 0
0.545 0.185 0.11788 0.0582135 0
0.55 0.185 0.14396 0.0669428 0
0.555 0.195 0.158301 0.0591902 0
0.56 0.2 0.172211 0.0488522 0
0.565 0.2 0.166167 0.0653658 0
0.57 0.35 0.210157 0.0653673 0
0.575 0.365 0.189412 0.077973 0
0.58 0.37 0.178262 0.0640853 0
0.585 0.375 0.15105 0.0580986 0
0.59 0.375 0.108058 0.0431733 0
0.595 0.375 0.160899 0.051598 0
0.6 0.405 0.169534 0.0614648 0
0.605 0.405 0.159212 0.0635673 0
0.61 0.425 0.128906 0.0523727 0
0.615 0.43 0.151228 0.0529668 0
0.62 0.44 0.140329 0.0758471 0
0.625 0.44 0.153994 0.0771039 0
0.63 0.44 0.142359 0.0587184 0
0.635 0.44 0.129919 0.0588214 0
0.64 0.46 0.187392 0.0584071 0
0.645 0.47 0.123187 0.0530336 0
0.65 0.475 0.230439 0.0491028 0
0.655 0.48 0.201051 0.0598305 0
0.66 0.48 0.243478 0.0621036 0
0.665 0.48 0.234196 0.0547144 0
0.67 0.49 0.198564 0.0543946 0
0.675 0.51 0.216153 0.0609492 0
0.68 0.51 0.237432 0.0528531 0
0.685 0.51 0.254111 0.0539641 0
0.69 0.51 0.338424 0.0566199 0
0.695 0.51 0.322807 0.0637911 0
0.7 0.515 0.30769 0.0575691 0
0.705 0.515 0.345169 0.0615425 0
0.71 0.52 0.348826 0.0714147 0
0.715 0.525 0.336006 0.0697929 0
0.72 0.535 0.359999 0.0663399 0
0.725 0.535 0.374626 0.0633296 0
0.73 0.535 0.337147 0.0609737 0
0.735 0.535 0.33403 0.0555198 0
0.74 0.54 0.310169 0.0438072 0
0.745 0.545 0.332356 0.0584453 0
0.75 0.545 0.356698 0.062851 0
0.755 0.575 0.356259 0.0583761 0
0.76 0.575 0.393185 0.0549245 0
0.765 0.585 0.371769 0.0596757 0
0.77 0.59 0.398865 0.0596895 0
0.775 0.59 0.441664 0.0631467 0
0.78 0.67 0.501778 0.0410437 0
0.785 0.67 0.487746 0.0353628 0
0.79 0.67 0.48572 0.0365936 0
0.795 0.67 0.489161 0.0418885 0
0.8 0.67 0.513317 0.0440923 0
0.805 0.67 0.521236 0.0442012 0
0.81 0.67 0.513882 0.0383221 0
0.815 0.675 0.509896 0.0447986 0
0.82 0.675 0.523209 0.0371386 0
0.825 0.675 0.529635 0.0478299 0
0.83 0.675 0.547571 0.0346743 0
0.835 0.675 0.559425 0.041494 0
0.84 0.68 0.557756 0.039814 0
0.845 0.685 0.556624 0.0366971 0
0.85 0.69 0.556316 0.040022 0
0.855 0.69 0.596152 0.0409134 0
0.86 0.69 0.600973 0.0447825 0
0.865 0.69 0.603688 0.0391404 0
0.87 0.69 0.60489 0.0374287 0
0.875 0.695 0.612303 0.0385534 0
0.88 0.695 0.626202 0.0497374 0
0.885 0.71 0.613752 0.0399585 0
0.89 0.71 0.622374 0.0397696 0
0.895 0.715 0.628175 0.0335036 0
0.9 0.715 0.624521 0.0404382 0
0.905 0.715 0.615595 0.0427076 0
0.91 0.72 0.619981 0.0333236 0
0.915 0.735 0.634208 0.0303832 0
0.92 0.735 0.628712 0.0379303 0
0.925 0.745 0.620736 0.03775 0
0.93 0.775 0.662833 0.0257421 0
0.935 0.775 0.647736 0.0361434 0
0.94 0.775 0.668017 0.0339971 0
0.945 0.785 0.651632 0.0331307 0
0.95 0.785 0.665996 0.0269997 0
0.955 0.785 0.680702 0.0355535 0
0.96 0.795 0.668628 0.0255059 0
0.965 0.795 0.702233 0.035581 0
0.97 0.8 0.722623 0.0294018 0
0.975 0.83 0.740995 0.0257459 0
0.98 0.84 0.749573 0.022082 0
0.985 0.84 0.749247 0.0172934 0
0.99 0.845 0.751087 0.0226564 0
0.995 0.845 0.754581 0.0218163 0
1 0.85 0.751206 0.0208897 0
1.005 0.855 0.739341 0.0220879 0
1.01 0.86 0.748981 0.0191455 0
1.015 0.86 0.747292 0.0214649 0
1.02 0.86 0.75186 0.0202627 0
1.025 0.86 0.754726 0.0214108 0
1.03 0.86 0.780199 0.0151132 0
1.035 0.86 0.777068 0.02221 0
1.04 0.86 0.776416 0.0186869 0
1.045 0.86 0.782859 0.0244046 0
1.05 0.86 0.7826 0.0193992 0
1.055 0.865 0.789903 0.0207366 0
1.06 0.87 0.788999 0.0205973 0
1.065 0.87 0.789229 0.0219125 0
1.07 0.87 0.794925 0.0196433 0
1.075 0.87 0.796577 0.0219156 0
1.08 0.87 0.794945 0.0205522 0
1.085 0.87 0.797369 0.019492 0
1.09 0.875 0.799859 0.0234548 0
1.095 0.875 0.803151 0.0182904 0
1.1 0.875 0.802637 0.0217926 0
1.105 0.875 0.803228 0.0212659 0
1.11 0.875 0.815811 0.0173177 0
1.115 0.875 0.830254 0.0226658 0
1.12 0.875 0.827282 0.0212288 0
1.125 0.875 0.831462 0.0203081 0
1.13 0.875 0.829245 0.0216933 0
1.135 0.875 0.831452 0.0225803 0
1.14 0.875 0.830625 0.0248619 0
1.145 0.88 0.837406 0.0236789 0
1.15 0.88 0.835128 0.0233691 0
1.155 0.88 0.835652 0.0238734 0
1.16 0.885 0.843107 0.0198725 0
1.165 0.885 0.845421 0.0195751 0
1.17 0.885 0.847529 0.021291 0
1.175 0.895 0.855147 0.0200405 0
1.18 0.895 0.854944 0.0199357 0
1.185 0.895 0.856631 0.0198183 0
1.19 0.895 0.858241 0.0214811 0
1.195 0.895 0.856328 0.0200743 0
1.2 0.9 0.857776 0.0182398 0
