# Relevant parameters to reproduce this network:
# node_nr=200	 k_max=20
# initial_seed=1557414222	 delta_t=0.1	 max_steps=3000	 in_between=0
# fg_m=1	 fg_alpha=0.5	 fg_t_min=0	 fg_t_max=1.5	 fg_t_number=300	 fg_weff_lower_frequency=-1e+08	 fg_weff_max_steps=3000	 fg_weff_in_between=0
# K Giant_component <r> sigma_r*sqrt(NODE_NR) clustering
0 0.01 0.0567762 0.0302041 0
0.005 0.01 0.0610547 0.0320046 0
0.01 0.01 0.0570763 0.0296461 0
0.015 0.01 0.0667993 0.0358768 0
0.02 0.01 0.0657944 0.0328146 0
0.025 0.01 0.0621581 0.0346024 0
0.03 0.01 0.0660571 0.0344802 0
0.035 0.01 0.0727153 0.0380067 0
0.04 0.01 0.0693666 0.032598 0
0.045 0.01 0.0630154 0.0289418 0
0.05 0.01 0.0658293 0.0340684 0
0.055 0.01 0.0698396 0.0364189 0
0.06 0.015 0.065069 0.0344962 0
0.065 0.015 0.0699159 0.0355052 0
0.07 0.015 0.0676838 0.0327661 0
0.075 0.015 0.0644894 0.0311732 0
0.08 0.015 0.059876 0.0353155 0
0.085 0.015 0.0751266 0.0364906 0
0.09 0.015 0.0679864 0.0403376 0
0.095 0.015 0.0684377 0.0328718 0
0.1 0.015 0.0738476 0.0390908 0
0.105 0.015 0.0696859 0.0378615 0
0.11 0.015 0.073297 0.0341167 0
0.115 0.015 0.0711477 0.0369132 0
0.12 0.015 0.0711214 0.0370535 0
0.125 0.015 0.0738336 0.042525 0
0.13 0.015 0.0675386 0.0326746 0
0.135 0.015 0.0697143 0.0354805 0
0.14 0.015 0.0651799 0.0376466 0
0.145 0.015 0.0797088 0.0509614 0
0.15 0.015 0.0708928 0.0354339 0
0.155 0.015 0.0753776 0.0368137 0
0.16 0.015 0.0757323 0.0402664 0
0.165 0.015 0.0786112 0.0432355 0
0.17 0.015 0.0803731 0.0381255 0
0.175 0.015 0.072528 0.0341458 0
0.18 0.015 0.0797313 0.0392856 0
0.185 0.015 0.0755236 0.0353778 0
0.19 0.015 0.0759998 0.0428415 0
0.195 0.02 0.075764 0.043554 0
0.2 0.02 0.0720386 0.0400393 0
0.205 0.02 0.0688411 0.0382655 0
0.21 0.025 0.0699655 0.0352874 0
0.215 0.025 0.0779938 0.0404457 0
0.22 0.03 0.076488 0.0365832 0
0.225 0.03 0.0769533 0.0332441 0
0.23 0.035 0.0734154 0.0423663 0
0.235 0.035 0.0806824 0.0448666 0
0.24 0.035 0.0772242 0.034648 0
0.245 0.035 0.079098 0.0403973 0
0.25 0.035 0.0709367 0.0400088 0
0.255 0.035 0.0833607 0.0449178 0
0.26 0.035 0.0867385 0.041851 0
0.265 0.035 0.0920303 0.0438679 0
0.27 0.04 0.0947315 0.0460532 0
0.275 0.04 0.0754386 0.0385434 0
0.28 0.04 0.0833901 0.0433491 0
0.285 0.04 0.0855163 0.0456995 0
0.29 0.04 0.085356 0.0480739 0
0.295 0.04 0.105254 0.0540985 0
0.3 0.04 0.0861216 0.0515627 0
0.305 0.04 0.0944587 0.0473246 0
0.31 0.04 0.089924 0.0425467 0
0.315 0.04 0.102237 0.0485412 0
0.32 0.04 0.0955185 0.0499057 0
0.325 0.045 0.100041 0.0496373 0
0.33 0.045 0.100357 0.051783 0
0.335 0.045 0.0933542 0.050405 0
0.34 0.045 0.107902 0.0517995 0
0.345 0.05 0.0787306 0.0451503 0
0.35 0.065 0.0956445 0.0443181 0
0.355 0.075 0.105626 0.0393328 0
0.36 0.075 0.114006 0.052996 0
0.365 0.075 0.110278 0.0539413 0
0.37 0.08 0.13054 0.0634095 0
0.375 0.08 0.118402 0.0460202 0
0.38 0.09 0.116227 0.0545706 0
0.385 0.09 0.116001 0.0526989 0
0.39 0.09 0.119241 0.0598617 0
0.395 0.09 0.139501 0.0615003 0
0.4 0.09 0.126084 0.0564745 0
0.405 0.09 0.131282 0.0719359 0
0.41 0.09 0.124255 0.0605241 0
0.415 0.09 0.10932 0.0565833 0
0.42 0.105 0.13004 0.0602116 0
0.425 0.11 0.117598 0.0555825 0
0.43 0.11 0.125694 0.0648847 0
0.435 0.11 0.135294 0.0641008 0
0.44 0.11 0.145732 0.0631038 0
0.445 0.13 0.131153 0.0719278 0
0.45 0.13 0.13924 0.0614173 0
0.455 0.13 0.146275 0.068028 0
0.46 0.13 0.14473 0.0639937 0
0.465 0.13 0.140329 0.079997 0
0.47 0.13 0.161625 0.0785645 0
0.475 0.135 0.159614 0.0803193 0
0.48 0.135 0.151281 0.0742566 0
0.485 0.135 0.147235 0.0667335 0
0.49 0.15 0.145489 0.074379 0
0.495 0.185 0.146888 0.0604728 0
0.5 0.185 0.232383 0.0715545 0
0.505 0.185 0.177906 0.0777161 0
0.51 0.26 0.113655 0.0568164 0
0.515 0.26 0.152987 0.0705566 0
0.52 0.26 0.144913 0.0542327 0
0.525 0.26 0.14431 0.0675755 0
0.53 0.265 0.150085 0.0655699 0
0.535 0.265 0.128064 0.0720997 0
0.54 0.27 0.146098 0.0619514 0
0.545 0.28 0.130296 0.0762692 0
0.55 0.28 0.13339 0.0591038 0
0.555 0.28 0.13527 0.062236 0
0.56 0.28 0.132906 0.0511156 0
0.565 0.28 0.156695 0.0614245 0
0.57 0.285 0.154314 0.075571 0
0.575 0.285 0.16164 0.0700201 0
0.58 0.285 0.162507 0.0695002 0
0.585 0.285 0.157978 0.0679895 0
0.59 0.3 0.167839 0.0695838 0
0.595 0.305 0.18005 0.0846636 0
0.6 0.305 0.175755 0.0760299 0
0.605 0.305 0.202357 0.0728629 0
0.61 0.33 0.187068 0.085435 0
0.615 0.345 0.165306 0.077388 0
0.62 0.345 0.165976 0.0765303 0
0.625 0.345 0.161985 0.063669 0
0.63 0.35 0.158158 0.0729466 0
0.635 0.35 0.171424 0.0648933 0
0.64 0.445 0.159529 0.0687033 0
0.645 0.45 0.159998 0.0700748 0
0.65 0.455 0.14666 0.078315 0
0.655 0.465 0.13865 0.0762238 0
0.66 0.47 0.152849 0.0909374 0
0.665 0.47 0.256644 0.0939937 0
0.67 0.47 0.258719 0.0986056 0
0.675 0.475 0.25645 0.0863779 0
0.68 0.48 0.270082 0.101456 0
0.685 0.485 0.260586 0.107298 0
0.69 0.495 0.269958 0.11143 0
0.695 0.505 0.275536 0.0952805 0
0.7 0.51 0.276341 0.0998469 0
0.705 0.51 0.281678 0.098873 0
0.71 0.51 0.272808 0.109281 0
0.715 0.57 0.213427 0.0927605 0
0.72 0.57 0.235082 0.0873288 0
0.725 0.57 0.229917 0.0887913 0
0.73 0.57 0.229419 0.0585773 0
0.735 0.575 0.270997 0.09596 0
0.74 0.58 0.24569 0.105268 0
0.745 0.58 0.175471 0.100805 0
0.75 0.585 0.0921541 0.0465392 0
0.755 0.585 0.0830518 0.0392392 0
0.76 0.585 0.0849644 0.0414768 0
0.765 0.585 0.12134 0.0427478 0
0.77 0.585 0.129572 0.0327894 0
0.775 0.585 0.161021 0.0522486 0
0.78 0.585 0.34236 0.0651322 0
0.785 0.585 0.320831 0.0553242 0
0.79 0.585 0.365716 0.0448647 0
0.795 0.64 0.366233 0.0468161 0
0.8 0.645 0.384374 0.0472549 0
0.805 0.655 0.4072 0.0380688 0
0.81 0.655 0.413417 0.038483 0
0.815 0.655 0.468414 0.0448778 0
0.82 0.66 0.471291 0.0404039 0
0.825 0.66 0.532492 0.0409685 0
0.83 0.675 0.537307 0.0404422 0
0.835 0.675 0.552076 0.0351325 0
0.84 0.675 0.57918 0.0452506 0
0.845 0.68 0.582591 0.0308791 0
0.85 0.68 0.585087 0.0356345 0
0.855 0.69 0.581222 0.0371645 0
0.86 0.69 0.575315 0.0396086 0
0.865 0.715 0.569775 0.0444904 0
0.87 0.715 0.573012 0.0419165 0
0.875 0.72 0.575953 0.0389678 0
0.88 0.73 0.591375 0.0435477 0
0.885 0.76 0.576112 0.0372468 0
0.89 0.76 0.579662 0.0359118 0
0.895 0.765 0.567828 0.0344428 0
0.9 0.78 0.546516 0.0379456 0
0.905 0.78 0.548165 0.0355247 0
0.91 0.78 0.571403 0.0388234 0
0.915 0.78 0.575581 0.0363484 0
0.92 0.785 0.582707 0.0400667 0
0.925 0.785 0.585107 0.0356308 0
0.93 0.785 0.580683 0.0329822 0
0.935 0.79 0.562691 0.0374765 0
0.94 0.795 0.567088 0.0311082 0
0.945 0.795 0.591506 0.0308816 0
0.95 0.795 0.591484 0.03155 0
0.955 0.795 0.598818 0.0343204 0
0.96 0.805 0.609276 0.0345249 0
0.965 0.805 0.63424 0.0304515 0
0.97 0.81 0.638181 0.0331399 0
0.975 0.815 0.638445 0.0328278 0
0.98 0.82 0.629804 0.0348579 0
0.985 0.83 0.629704 0.031607 0
0.99 0.835 0.634873 0.0295637 0
0.995 0.835 0.626404 0.0331727 0
1 0.835 0.616278 0.0223859 0
1.005 0.835 0.629475 0.0227071 0
1.01 0.835 0.645315 0.0207465 0
1.015 0.835 0.652241 0.0164007 0
1.02 0.84 0.658705 0.0149936 0
1.025 0.845 0.651212 0.0226018 0
1.03 0.845 0.652548 0.0197991 0
1.035 0.845 0.651172 0.0182562 0
1.04 0.845 0.651515 0.0201478 0
1.045 0.845 0.651678 0.0203439 0
1.05 0.845 0.65416 0.01988 0
1.055 0.85 0.662961 0.0218141 0
1.06 0.855 0.66819 0.0197939 0
1.065 0.86 0.67215 0.019405 0
1.07 0.86 0.671746 0.0226808 0
1.075 0.86 0.67742 0.016307 0
1.08 0.86 0.679753 0.0177735 0
1.085 0.86 0.725741 0.0194989 0
1.09 0.86 0.72683 0.0203535 0
1.095 0.865 0.731336 0.0244679 0
1.1 0.865 0.768423 0.0225121 0
1.105 0.865 0.770621 0.0230093 0
1.11 0.865 0.770663 0.0207867 0
1.115 0.87 0.775254 0.017697 0
1.12 0.87 0.777698 0.0251902 0
1.125 0.87 0.775767 0.0212275 0
1.13 0.875 0.778002 0.0227116 0
1.135 0.885 0.781424 0.0150083 0
1.14 0.885 0.783233 0.0184097 0
1.145 0.885 0.791819 0.0204505 0
1.15 0.89 0.796281 0.0173438 0
1.155 0.89 0.8016 0.0192276 0
1.16 0.89 0.803627 0.0162859 0
1.165 0.89 0.80391 0.0156045 0
1.17 0.89 0.803487 0.0164345 0
1.175 0.89 0.804449 0.0169634 0
1.18 0.89 0.80495 0.0140996 0
1.185 0.895 0.810746 0.01581 0
1.19 0.895 0.81041 0.0188036 0
1.195 0.895 0.812364 0.0184846 0
1.2 0.895 0.813663 0.0223398 0
1.205 0.895 0.81387 0.0154946 0
1.21 0.895 0.814173 0.0200953 0
1.215 0.9 0.820111 0.0171526 0
1.22 0.905 0.824551 0.0151145 0
1.225 0.905 0.823836 0.0156673 0
1.23 0.905 0.839664 0.0152359 0
1.235 0.905 0.845334 0.0164507 0
1.24 0.905 0.846979 0.0154599 0
1.245 0.905 0.850714 0.014809 0
1.25 0.905 0.845225 0.0173459 0
1.255 0.905 0.839828 0.0136093 0
1.26 0.905 0.84414 0.0186395 0
1.265 0.905 0.851466 0.0168945 0
1.27 0.905 0.851118 0.0168502 0
1.275 0.905 0.846824 0.020205 0
1.28 0.905 0.852941 0.0158554 0
1.285 0.91 0.863684 0.0164328 0
1.29 0.91 0.858479 0.0187722 0
1.295 0.91 0.858722 0.0176253 0
1.3 0.92 0.875944 0.0170493 0
1.305 0.925 0.87394 0.0168609 0
1.31 0.925 0.882919 0.0106765 0
1.315 0.925 0.877438 0.016183 0
1.32 0.925 0.879416 0.0161928 0
1.325 0.925 0.885325 0.0138336 0
1.33 0.925 0.878021 0.0136309 0
1.335 0.925 0.88341 0.0114971 0
1.34 0.925 0.883974 0.014701 0
1.345 0.93 0.880762 0.0141168 0
1.35 0.93 0.884994 0.0136966 0
1.355 0.93 0.889527 0.0119308 0
1.36 0.93 0.896722 0.0105121 0
1.365 0.93 0.899582 0.0153921 0
1.37 0.93 0.897472 0.0184583 0
1.375 0.93 0.893928 0.014871 0
1.38 0.93 0.891935 0.0173931 0
1.385 0.93 0.893203 0.0137547 0
1.39 0.93 0.897562 0.0173842 0
1.395 0.935 0.905321 0.0158817 0
1.4 0.935 0.902615 0.0132112 0
1.405 0.935 0.905372 0.0153483 0
1.41 0.935 0.912286 0.0122194 0
1.415 0.945 0.915604 0.0127879 0
1.42 0.945 0.918619 0.0104227 0
1.425 0.95 0.923983 0.00989615 0
1.43 0.95 0.917562 0.0125473 0
1.435 0.95 0.909156 0.009805 0
1.44 0.95 0.913575 0.0119032 0
1.445 0.955 0.927725 0.00973174 0
1.45 0.955 0.929914 0.0110535 0
1.455 0.955 0.923076 0.0114774 0
1.46 0.955 0.917232 0.00900063 0
1.465 0.955 0.919072 0.0095611 0
1.47 0.955 0.926365 0.0115122 0
1.475 0.955 0.931762 0.0110245 0
1.48 0.955 0.929854 0.0107148 0
1.485 0.955 0.925779 0.009214 0
1.49 0.955 0.921104 0.00819479 0
1.495 0.955 0.925147 0.0124686 0
1.5 0.955 0.933029 0.011376 0
