# Relevant parameters to reproduce this network:
# node_nr=200	 k_max=20
# initial_seed=1557414222	 delta_t=0.1	 max_steps=3000	 in_between=0
# fg_m=1	 fg_alpha=-3	 fg_t_min=0	 fg_t_max=2	 fg_t_number=400	 fg_weff_lower_frequency=-1e+08	 fg_weff_max_steps=3000	 fg_weff_in_between=0
# K Giant_component <r> sigma_r*sqrt(NODE_NR) clustering
0 0.01 0.0567662 0.0301903 0
0.005 0.01 0.0610465 0.0320075 0
0.01 0.01 0.0570558 0.0296614 0
0.015 0.01 0.0667656 0.0358626 0
0.02 0.01 0.0657663 0.0327963 0
0.025 0.01 0.0621178 0.0345888 0
0.03 0.01 0.066015 0.0344566 0
0.035 0.01 0.0726676 0.0379787 0
0.04 0.01 0.0692992 0.0325858 0
0.045 0.01 0.0629623 0.0289122 0
0.05 0.01 0.0657955 0.0340447 0
0.055 0.01 0.069799 0.0363861 0
0.06 0.01 0.0621487 0.0329836 0
0.065 0.01 0.0704229 0.031885 0
0.07 0.01 0.0681209 0.0328076 0
0.075 0.01 0.0632222 0.0320585 0
0.08 0.01 0.0602121 0.0354986 0
0.085 0.01 0.075334 0.0392514 0
0.09 0.01 0.0669321 0.0390406 0
0.095 0.01 0.0703715 0.0320719 0
0.1 0.01 0.0756519 0.0345001 0
0.105 0.015 0.0738016 0.0375629 0
0.11 0.015 0.075116 0.0370517 0
0.115 0.015 0.0706637 0.0336752 0
0.12 0.015 0.0744849 0.0368151 0
0.125 0.015 0.0730291 0.0366855 0
0.13 0.015 0.0668152 0.0315742 0
0.135 0.015 0.0804485 0.0355462 0
0.14 0.015 0.0762138 0.0430288 0
0.145 0.015 0.0760769 0.0484913 0
0.15 0.015 0.0709576 0.0371264 0
0.155 0.025 0.0750472 0.0424793 0
0.16 0.025 0.0800392 0.037213 0
0.165 0.025 0.0668855 0.0343315 0
0.17 0.025 0.0801868 0.0406167 0
0.175 0.025 0.0799611 0.0408714 0
0.18 0.025 0.0851013 0.0362596 0
0.185 0.025 0.077883 0.0400184 0
0.19 0.025 0.0851246 0.0424091 0
0.195 0.025 0.076007 0.0357168 0
0.2 0.045 0.085182 0.0408709 0
0.205 0.045 0.0805207 0.0403806 0
0.21 0.045 0.0865655 0.0413228 0
0.215 0.045 0.0854805 0.0483326 0
0.22 0.045 0.0845258 0.0488341 0
0.225 0.045 0.0879264 0.0444649 0
0.23 0.045 0.0906184 0.0410678 0
0.235 0.045 0.0712141 0.0389616 0
0.24 0.045 0.079841 0.0362431 0
0.245 0.045 0.088519 0.0424019 0
0.25 0.045 0.0895131 0.046636 0
0.255 0.045 0.0850422 0.0447747 0
0.26 0.045 0.0933394 0.0540969 0
0.265 0.045 0.0814853 0.0420285 0
0.27 0.045 0.0891955 0.0421857 0
0.275 0.045 0.0762601 0.0406721 0
0.28 0.045 0.0820062 0.0394101 0
0.285 0.045 0.0817039 0.0395565 0
0.29 0.045 0.0924217 0.0457415 0
0.295 0.045 0.0834123 0.0435211 0
0.3 0.045 0.08447 0.042576 0
0.305 0.045 0.0941836 0.0523527 0
0.31 0.045 0.0971681 0.0510143 0
0.315 0.045 0.0935722 0.0494211 0
0.32 0.045 0.0840084 0.0479727 0
0.325 0.045 0.0900297 0.0469089 0
0.33 0.045 0.0823481 0.0412495 0
0.335 0.045 0.0929932 0.0463993 0
0.34 0.045 0.0926007 0.0484938 0
0.345 0.045 0.102667 0.0530227 0
0.35 0.045 0.103867 0.0496158 0
0.355 0.045 0.111009 0.0566292 0
0.36 0.045 0.105834 0.0483278 0
0.365 0.045 0.0936011 0.0547648 0
0.37 0.055 0.102539 0.0571371 0
0.375 0.055 0.109955 0.0528256 0
0.38 0.055 0.113808 0.0514179 0
0.385 0.055 0.114925 0.0577191 0
0.39 0.055 0.113119 0.0508307 0
0.395 0.06 0.108741 0.0612371 0
0.4 0.06 0.111528 0.0518455 0
0.405 0.06 0.124806 0.0639735 0
0.41 0.06 0.108367 0.050815 0
0.415 0.06 0.11386 0.0624437 0
0.42 0.06 0.110325 0.0580101 0
0.425 0.06 0.0924621 0.0505405 0
0.43 0.07 0.115022 0.0510324 0
0.435 0.07 0.142462 0.0690831 0
0.44 0.07 0.136814 0.0685785 0
0.445 0.07 0.101479 0.0536388 0
0.45 0.07 0.125492 0.0627328 0
0.455 0.07 0.131539 0.0631659 0
0.46 0.07 0.123332 0.0587938 0
0.465 0.075 0.128055 0.0605754 0
0.47 0.075 0.126817 0.0734359 0
0.475 0.075 0.115786 0.0626869 0
0.48 0.075 0.120447 0.0622207 0
0.485 0.075 0.118704 0.0694326 0
0.49 0.085 0.114417 0.0490804 0
0.495 0.085 0.109203 0.0510642 0
0.5 0.14 0.140474 0.0649482 0
0.505 0.145 0.107763 0.0464759 0
0.51 0.145 0.106878 0.0527375 0
0.515 0.15 0.119092 0.0590762 0
0.52 0.15 0.0895436 0.0484732 0
0.525 0.15 0.107607 0.0623214 0
0.53 0.15 0.115052 0.0580374 0
0.535 0.155 0.119082 0.0495506 0
0.54 0.155 0.129761 0.0529463 0
0.545 0.155 0.112879 0.0607255 0
0.55 0.155 0.106912 0.0609112 0
0.555 0.185 0.147038 0.0668415 0
0.56 0.19 0.134945 0.0680487 0
0.565 0.19 0.127898 0.0608288 0
0.57 0.19 0.131863 0.0654015 0
0.575 0.24 0.121524 0.0623682 0
0.58 0.24 0.118813 0.0581329 0
0.585 0.24 0.134374 0.069418 0
0.59 0.24 0.10062 0.0463295 0
0.595 0.245 0.123775 0.0583852 0
0.6 0.245 0.121505 0.0605834 0
0.605 0.245 0.12354 0.060672 0
0.61 0.245 0.135426 0.0669737 0
0.615 0.245 0.147465 0.0631521 0
0.62 0.255 0.150306 0.0605744 0
0.625 0.255 0.157809 0.0828467 0
0.63 0.255 0.136196 0.060293 0
0.635 0.255 0.1569 0.0818086 0
0.64 0.36 0.1393 0.0645358 0
0.645 0.365 0.18078 0.0457405 0
0.65 0.365 0.172531 0.0745835 0
0.655 0.365 0.186537 0.0580901 0
0.66 0.37 0.175172 0.0770167 0
0.665 0.37 0.144036 0.0631219 0
0.67 0.37 0.136744 0.058646 0
0.675 0.375 0.114019 0.0538565 0
0.68 0.38 0.136309 0.0666769 0
0.685 0.38 0.163791 0.081589 0
0.69 0.38 0.147607 0.0690511 0
0.695 0.385 0.127855 0.0671839 0
0.7 0.39 0.0987352 0.051888 0
0.705 0.43 0.130347 0.0676698 0
0.71 0.43 0.174822 0.0641858 0
0.715 0.43 0.144289 0.0590585 0
0.72 0.43 0.162712 0.0637669 0
0.725 0.46 0.214373 0.0656588 0
0.73 0.47 0.179793 0.0794116 0
0.735 0.495 0.139048 0.0670207 0
0.74 0.5 0.142945 0.086648 0
0.745 0.5 0.134468 0.075673 0
0.75 0.5 0.14104 0.0671417 0
0.755 0.5 0.131082 0.0853347 0
0.76 0.5 0.124109 0.0731983 0
0.765 0.5 0.134109 0.0704894 0
0.77 0.5 0.120142 0.0448879 0
0.775 0.5 0.118816 0.0676907 0
0.78 0.51 0.11803 0.0710453 0
0.785 0.51 0.141689 0.0683442 0
0.79 0.51 0.135926 0.0591996 0
0.795 0.51 0.143104 0.0540361 0
0.8 0.51 0.147548 0.0458414 0
0.805 0.515 0.163457 0.0513105 0
0.81 0.515 0.156105 0.0493528 0
0.815 0.54 0.178347 0.0473111 0
0.82 0.55 0.148625 0.0571732 0
0.825 0.55 0.227036 0.064496 0
0.83 0.55 0.124964 0.066283 0
0.835 0.565 0.137348 0.062157 0
0.84 0.57 0.136388 0.0578125 0
0.845 0.595 0.148463 0.0611063 0
0.85 0.595 0.165058 0.0658354 0
0.855 0.63 0.216841 0.055053 0
0.86 0.65 0.242307 0.0502437 0
0.865 0.735 0.182479 0.0584487 0
0.87 0.735 0.181972 0.0450916 0
0.875 0.735 0.197452 0.0638118 0
0.88 0.745 0.191629 0.0521763 0
0.885 0.755 0.207796 0.0537324 0
0.89 0.76 0.24379 0.0580892 0
0.895 0.765 0.230627 0.0525073 0
0.9 0.765 0.221127 0.0372802 0
0.905 0.77 0.208029 0.0389085 0
0.91 0.77 0.213358 0.0399004 0
0.915 0.77 0.206751 0.0491932 0
0.92 0.77 0.183534 0.0387715 0
0.925 0.785 0.164487 0.042684 0
0.93 0.805 0.239798 0.0340594 0
0.935 0.805 0.26431 0.0371122 0
0.94 0.805 0.270346 0.0330532 0
0.945 0.805 0.271963 0.0365037 0
0.95 0.805 0.304454 0.0430752 0
0.955 0.815 0.488091 0.0760209 0
0.96 0.82 0.515162 0.0489602 0
0.965 0.82 0.524254 0.0473774 0
0.97 0.82 0.528501 0.0479686 0
0.975 0.82 0.524698 0.047886 0
0.98 0.82 0.53591 0.0491552 0
0.985 0.83 0.516189 0.0458083 0
0.99 0.835 0.513569 0.0431317 0
0.995 0.835 0.529542 0.0478031 0
1 0.835 0.538342 0.0501416 0
1.005 0.845 0.524638 0.0470275 0
1.01 0.845 0.519001 0.0442732 0
1.015 0.845 0.521648 0.0451758 0
1.02 0.85 0.518618 0.0455004 0
1.025 0.855 0.499683 0.0452071 0
1.03 0.855 0.501907 0.0427913 0
1.035 0.855 0.499455 0.0431001 0
1.04 0.855 0.4998 0.0434329 0
1.045 0.855 0.552385 0.0434244 0
1.05 0.855 0.556753 0.0477444 0
1.055 0.855 0.583917 0.0476519 0
1.06 0.855 0.603282 0.0488942 0
1.065 0.855 0.612272 0.0543629 0
1.07 0.855 0.600974 0.050832 0
1.075 0.855 0.599828 0.0592893 0
1.08 0.86 0.630258 0.0580876 0
1.085 0.86 0.627448 0.0475842 0
1.09 0.865 0.634691 0.0508376 0
1.095 0.875 0.637231 0.0451606 0
1.1 0.875 0.634698 0.0428625 0
1.105 0.875 0.652708 0.0443801 0
1.11 0.875 0.639814 0.0534447 0
1.115 0.875 0.637998 0.05079 0
1.12 0.88 0.641743 0.0472686 0
1.125 0.885 0.64694 0.0516571 0
1.13 0.89 0.645953 0.0528689 0
1.135 0.9 0.634865 0.0632817 0
1.14 0.9 0.629799 0.0649254 0
1.145 0.9 0.62751 0.0677247 0
1.15 0.9 0.628745 0.0667291 0
1.155 0.9 0.633654 0.0657644 0
1.16 0.91 0.635219 0.0666367 0
1.165 0.91 0.638905 0.0670518 0
1.17 0.91 0.637923 0.0668587 0
1.175 0.91 0.64584 0.0705606 0
1.18 0.915 0.647527 0.0694057 0
1.185 0.915 0.646002 0.0709135 0
1.19 0.915 0.652977 0.0747182 0
1.195 0.915 0.68388 0.0680993 0
1.2 0.915 0.683809 0.0635549 0
1.205 0.915 0.684504 0.0653205 0
1.21 0.915 0.691425 0.0628391 0
1.215 0.915 0.689264 0.0617638 0
1.22 0.92 0.692846 0.0604723 0
1.225 0.92 0.702508 0.0591731 0
1.23 0.92 0.718652 0.0567154 0
1.235 0.925 0.708926 0.056817 0
1.24 0.925 0.717772 0.0588888 0
1.245 0.925 0.713506 0.0574349 0
1.25 0.935 0.715494 0.0557508 0
1.255 0.935 0.709293 0.0309178 0
1.26 0.935 0.711731 0.0150324 0
1.265 0.935 0.723308 0.0166314 0
1.27 0.935 0.735962 0.017473 0
1.275 0.935 0.735151 0.0195428 0
1.28 0.935 0.736469 0.0187 0
1.285 0.935 0.737372 0.0182257 0
1.29 0.935 0.738232 0.0155975 0
1.295 0.935 0.756021 0.0135287 0
1.3 0.935 0.76367 0.0145074 0
1.305 0.935 0.764308 0.0162495 0
1.31 0.94 0.767911 0.0154656 0
1.315 0.94 0.776396 0.0169553 0
1.32 0.94 0.78431 0.0178991 0
1.325 0.94 0.785422 0.0173091 0
1.33 0.94 0.786225 0.0168521 0
1.335 0.94 0.795241 0.0146625 0
1.34 0.94 0.795853 0.0139429 0
1.345 0.94 0.804373 0.0129842 0
1.35 0.94 0.803522 0.0139497 0
1.355 0.94 0.805726 0.016068 0
1.36 0.94 0.806044 0.0173903 0
1.365 0.94 0.805618 0.0176586 0
1.37 0.955 0.785345 0.0149724 0
1.375 0.955 0.782691 0.0102838 0
1.38 0.955 0.784113 0.0108587 0
1.385 0.955 0.787108 0.0121071 0
1.39 0.955 0.786271 0.0120011 0
1.395 0.96 0.791184 0.0110569 0
1.4 0.96 0.791072 0.0111078 0
1.405 0.96 0.794938 0.0124637 0
1.41 0.96 0.793409 0.0112844 0
1.415 0.96 0.804524 0.0108698 0
1.42 0.96 0.838172 0.011967 0
1.425 0.96 0.839322 0.0110274 0
1.43 0.96 0.839436 0.0110028 0
1.435 0.96 0.870109 0.0116378 0
1.44 0.96 0.887112 0.0109096 0
1.445 0.96 0.887141 0.0111886 0
1.45 0.96 0.888292 0.0109634 0
1.455 0.965 0.893301 0.0104698 0
1.46 0.965 0.893726 0.0102635 0
1.465 0.965 0.893663 0.010789 0
1.47 0.965 0.899026 0.0104714 0
1.475 0.965 0.899109 0.0102145 0
1.48 0.965 0.899202 0.0107144 0
1.485 0.965 0.915259 0.0102836 0
1.49 0.965 0.918337 0.0104048 0
1.495 0.965 0.918523 0.010635 0
1.5 0.965 0.917799 0.0103924 0
1.505 0.965 0.918197 0.0104831 0
1.51 0.965 0.91878 0.0107478 0
1.515 0.965 0.919717 0.0101567 0
1.52 0.965 0.91931 0.0106664 0
1.525 0.965 0.922268 0.0103758 0
1.53 0.965 0.923233 0.0103456 0
1.535 0.965 0.92359 0.0106402 0
1.54 0.965 0.923207 0.0106866 0
1.545 0.965 0.926545 0.0101354 0
1.55 0.965 0.927535 0.0106766 0
1.555 0.975 0.936396 0.00806352 0
1.56 0.975 0.936745 0.00772167 0
1.565 0.975 0.937264 0.00808235 0
1.57 0.98 0.941483 0.00754391 0
1.575 0.98 0.941834 0.00693396 0
1.58 0.98 0.942093 0.00687499 0
1.585 0.98 0.943088 0.00761841 0
1.59 0.98 0.943082 0.00632758 0
1.595 0.98 0.94462 0.00752288 0
1.6 0.98 0.945165 0.00704061 0
1.605 0.98 0.945405 0.00657758 0
1.61 0.98 0.947953 0.00766718 0
1.615 0.98 0.948174 0.00659224 0
1.62 0.98 0.948364 0.00713937 0
1.625 0.98 0.948102 0.00739609 0
1.63 0.98 0.948098 0.00647139 0
1.635 0.98 0.948328 0.00770382 0
1.64 0.98 0.948588 0.00657231 0
1.645 0.98 0.948631 0.00719324 0
1.65 0.98 0.949057 0.00741838 0
1.655 0.98 0.949527 0.00632548 0
1.66 0.98 0.951112 0.00773124 0
1.665 0.98 0.951755 0.0066693 0
1.67 0.985 0.959004 0.00607804 0
1.675 0.985 0.959676 0.00618247 0
1.68 0.985 0.95984 0.00609786 0
1.685 0.985 0.960364 0.00612393 0
1.69 0.985 0.960404 0.0061589 0
1.695 0.985 0.961104 0.00601631 0
1.7 0.985 0.961389 0.00616485 0
1.705 0.985 0.961454 0.00612819 0
1.71 0.985 0.96159 0.00608364 0
1.715 0.985 0.961573 0.00618263 0
1.72 0.985 0.96168 0.00607198 0
1.725 0.985 0.961872 0.00614676 0
1.73 0.985 0.962105 0.00613023 0
1.735 0.985 0.962096 0.00611674 0
1.74 0.985 0.9625 0.00615668 0
1.745 0.985 0.963035 0.00609661 0
1.75 0.985 0.96344 0.00616595 0
1.755 0.985 0.963459 0.00610308 0
1.76 0.985 0.963637 0.00612824 0
1.765 0.985 0.963843 0.00615473 0
1.77 0.985 0.96424 0.00604644 0
1.775 0.985 0.964221 0.00617863 0
1.78 0.985 0.964359 0.00610936 0
1.785 0.985 0.964348 0.00606866 0
1.79 0.985 0.964336 0.00618505 0
1.795 0.985 0.964486 0.00605385 0
1.8 0.985 0.9645 0.00615432 0
1.805 0.985 0.964714 0.00613836 0
1.81 0.985 0.964684 0.0060744 0
1.815 0.985 0.964934 0.00617119 0
1.82 0.985 0.964961 0.00610391 0
1.825 0.985 0.965615 0.0061461 0
1.83 0.985 0.965689 0.00612558 0
1.835 0.985 0.965994 0.00612269 0
1.84 0.985 0.965991 0.00615777 0
1.845 0.985 0.966164 0.00608733 0
1.85 0.985 0.966203 0.00616911 0
1.855 0.985 0.966293 0.00610038 0
1.86 0.985 0.966806 0.00607995 0
1.865 0.985 0.96679 0.00618603 0
1.87 0.985 0.967002 0.00605832 0
1.875 0.985 0.967007 0.00616968 0
1.88 0.985 0.966955 0.0061213 0
1.885 0.985 0.966935 0.00603724 0
1.89 0.985 0.967173 0.00617978 0
1.895 0.985 0.967379 0.00609427 0
1.9 0.985 0.967332 0.00613857 0
1.905 0.985 0.967373 0.00614738 0
1.91 0.985 0.967676 0.00609449 0
1.915 0.985 0.967646 0.00615661 0
1.92 0.985 0.967971 0.00611512 0
1.925 0.985 0.968175 0.00614624 0
1.93 0.985 0.968191 0.00612263 0
1.935 0.985 0.968194 0.00609611 0
1.94 0.985 0.968715 0.00618458 0
1.945 0.985 0.969794 0.0060767 0
1.95 0.985 0.970458 0.00617082 0
1.955 0.985 0.97117 0.00610384 0
1.96 0.985 0.971234 0.006036 0
1.965 0.985 0.971521 0.00619114 0
1.97 0.985 0.97156 0.00608368 0
1.975 0.985 0.971743 0.0061389 0
1.98 0.985 0.971818 0.00614893 0
1.985 0.985 0.971911 0.00605384 0
1.99 0.985 0.971898 0.00616269 0
1.995 0.985 0.972146 0.00612206 0
2 0.985 0.972155 0.00612128 0
