# Relevant parameters to reproduce this network:
# node_nr=200	 k_max=20
# initial_seed=1557414222	 delta_t=0.01	 max_steps=3000	 in_between=10
# fg_m=1	 fg_alpha=0.5	 fg_t_min=0	 fg_t_max=1.2	 fg_t_number=240	 fg_weff_lower_frequency=-1e+08	 fg_weff_max_steps=3000	 fg_weff_in_between=10
# K Giant_component <r> sigma_r*sqrt(NODE_NR) clustering
0 0.01 0.0577073 0.0271575 0
0.005 0.01 0.0575511 0.0301396 0
0.01 0.01 0.0603356 0.0354132 0
0.015 0.01 0.0627396 0.0339956 0
0.02 0.01 0.0701364 0.0354028 0
0.025 0.01 0.0645113 0.0361279 0
0.03 0.01 0.0612582 0.0310826 0
0.035 0.01 0.0610541 0.0315164 0
0.04 0.01 0.0587129 0.0348155 0
0.045 0.01 0.0673802 0.0345392 0
0.05 0.01 0.0622186 0.0326414 0
0.055 0.01 0.0685686 0.030823 0
0.06 0.015 0.0739404 0.0384353 0
0.065 0.015 0.0647225 0.0321793 0
0.07 0.015 0.0624927 0.0349265 0
0.075 0.015 0.0711401 0.0348956 0
0.08 0.015 0.0610647 0.0309409 0
0.085 0.015 0.0578545 0.0316945 0
0.09 0.015 0.0707786 0.0326121 0
0.095 0.015 0.0715668 0.0336137 0
0.1 0.015 0.0689977 0.0397921 0
0.105 0.015 0.0682204 0.040347 0
0.11 0.015 0.0775976 0.0392253 0
0.115 0.015 0.0706828 0.0371787 0
0.12 0.015 0.0728888 0.0408036 0
0.125 0.015 0.0700859 0.040908 0
0.13 0.015 0.0779121 0.0350218 0
0.135 0.015 0.0739972 0.0341887 0
0.14 0.015 0.0691454 0.0307395 0
0.145 0.015 0.0739076 0.0338795 0
0.15 0.015 0.072958 0.038722 0
0.155 0.015 0.0671278 0.0363674 0
0.16 0.015 0.0737302 0.0429884 0
0.165 0.015 0.0777881 0.0330346 0
0.17 0.015 0.0777634 0.0337623 0
0.175 0.015 0.0766094 0.0398268 0
0.18 0.015 0.0806788 0.0408803 0
0.185 0.015 0.0773581 0.0398808 0
0.19 0.015 0.0809252 0.0432839 0
0.195 0.02 0.0872067 0.0420515 0
0.2 0.02 0.0727085 0.0442579 0
0.205 0.02 0.0751509 0.032351 0
0.21 0.025 0.077891 0.0397795 0
0.215 0.025 0.0821722 0.0414342 0
0.22 0.03 0.0801183 0.0444225 0
0.225 0.03 0.0745663 0.0398266 0
0.23 0.035 0.0782153 0.0406277 0
0.235 0.035 0.0829334 0.0386072 0
0.24 0.035 0.0891644 0.047401 0
0.245 0.035 0.0820091 0.0417083 0
0.25 0.035 0.0893668 0.0472768 0
0.255 0.035 0.0975168 0.0495399 0
0.26 0.035 0.0799437 0.0411772 0
0.265 0.035 0.0942404 0.0405232 0
0.27 0.04 0.0889386 0.0415028 0
0.275 0.04 0.0871132 0.0502791 0
0.28 0.04 0.0963173 0.0472321 0
0.285 0.04 0.106153 0.0471913 0
0.29 0.04 0.108356 0.0547476 0
0.295 0.04 0.108944 0.0513559 0
0.3 0.04 0.0887939 0.0499744 0
0.305 0.04 0.0825818 0.0442022 0
0.31 0.04 0.0930776 0.0456246 0
0.315 0.04 0.0970633 0.0529031 0
0.32 0.04 0.0892659 0.0472394 0
0.325 0.045 0.10167 0.042112 0
0.33 0.045 0.115253 0.0565509 0
0.335 0.045 0.0808778 0.0456254 0
0.34 0.045 0.0891057 0.046643 0
0.345 0.05 0.11032 0.0540017 0
0.35 0.065 0.113942 0.0578061 0
0.355 0.075 0.115828 0.0653808 0
0.36 0.075 0.0953964 0.0493573 0
0.365 0.075 0.123088 0.0585864 0
0.37 0.08 0.112189 0.0634767 0
0.375 0.08 0.127152 0.0690964 0
0.38 0.09 0.126323 0.0559368 0
0.385 0.09 0.132822 0.0652828 0
0.39 0.09 0.113535 0.0661427 0
0.395 0.09 0.129853 0.0578425 0
0.4 0.09 0.114937 0.0488114 0
0.405 0.09 0.135154 0.0718259 0
0.41 0.09 0.129764 0.05716 0
0.415 0.09 0.144556 0.0638721 0
0.42 0.105 0.131803 0.0711298 0
0.425 0.11 0.141526 0.0673014 0
0.43 0.11 0.137516 0.0616915 0
0.435 0.11 0.158919 0.0830812 0
0.44 0.11 0.140276 0.0637819 0
0.445 0.13 0.162653 0.0630152 0
0.45 0.13 0.142252 0.0563077 0
0.455 0.13 0.159343 0.0701647 0
0.46 0.13 0.166465 0.0704872 0
0.465 0.13 0.157457 0.0744226 0
0.47 0.13 0.171734 0.0678557 0
0.475 0.135 0.165256 0.0667074 0
0.48 0.135 0.149526 0.0763239 0
0.485 0.135 0.166915 0.0745091 0
0.49 0.15 0.152499 0.0903328 0
0.495 0.185 0.213852 0.0868629 0
0.5 0.185 0.171718 0.0655598 0
0.505 0.185 0.236281 0.0938868 0
0.51 0.26 0.178961 0.0541856 0
0.515 0.26 0.165404 0.0570487 0
0.52 0.26 0.15762 0.0608639 0
0.525 0.26 0.143354 0.0584616 0
0.53 0.265 0.148584 0.0681687 0
0.535 0.265 0.148531 0.0546442 0
0.54 0.27 0.166205 0.0689465 0
0.545 0.28 0.169066 0.0621031 0
0.55 0.28 0.144891 0.0573247 0
0.555 0.28 0.156913 0.0574592 0
0.56 0.28 0.168406 0.0599147 0
0.565 0.28 0.165756 0.0768941 0
0.57 0.285 0.168599 0.0716116 0
0.575 0.285 0.203803 0.0755438 0
0.58 0.285 0.237386 0.0830514 0
0.585 0.285 0.226497 0.0856502 0
0.59 0.3 0.229387 0.0926144 0
0.595 0.305 0.242276 0.0883714 0
0.6 0.305 0.237891 0.0831152 0
0.605 0.305 0.232667 0.0836026 0
0.61 0.33 0.262496 0.0830582 0
0.615 0.345 0.259027 0.085607 0
0.62 0.345 0.250688 0.0811638 0
0.625 0.345 0.255307 0.0777886 0
0.63 0.35 0.266491 0.0793749 0
0.635 0.35 0.264286 0.0785929 0
0.64 0.445 0.162693 0.0540782 0
0.645 0.45 0.135322 0.0561379 0
0.65 0.455 0.131925 0.0496415 0
0.655 0.465 0.14394 0.0465313 0
0.66 0.47 0.122955 0.0475259 0
0.665 0.47 0.123676 0.0452951 0
0.67 0.47 0.126138 0.0561086 0
0.675 0.475 0.144561 0.0531711 0
0.68 0.48 0.128986 0.0484019 0
0.685 0.485 0.205208 0.0587274 0
0.69 0.495 0.171093 0.0511064 0
0.695 0.505 0.180846 0.0552374 0
0.7 0.51 0.116 0.052754 0
0.705 0.51 0.160747 0.0626384 0
0.71 0.51 0.120428 0.0576469 0
0.715 0.57 0.149651 0.0511223 0
0.72 0.58 0.167133 0.0380744 0
0.725 0.58 0.159192 0.0555503 0
0.73 0.58 0.225172 0.0516299 0
0.735 0.585 0.215986 0.0419586 0
0.74 0.59 0.233638 0.0556501 0
0.745 0.59 0.297762 0.0446544 0
0.75 0.595 0.325936 0.0478507 0
0.755 0.595 0.316572 0.0501871 0
0.76 0.595 0.32552 0.0547861 0
0.765 0.595 0.256787 0.0450757 0
0.77 0.595 0.268135 0.0536547 0
0.775 0.595 0.138771 0.0426549 0
0.78 0.595 0.230898 0.0547674 0
0.785 0.595 0.265106 0.0481099 0
0.79 0.595 0.323603 0.0331199 0
0.795 0.65 0.320781 0.0406049 0
0.8 0.655 0.329513 0.0406535 0
0.805 0.665 0.350863 0.0392417 0
0.81 0.665 0.344618 0.041108 0
0.815 0.665 0.413949 0.0351459 0
0.82 0.67 0.425321 0.0413411 0
0.825 0.67 0.431212 0.0409771 0
0.83 0.685 0.46036 0.0308842 0
0.835 0.685 0.46374 0.0416861 0
0.84 0.685 0.475412 0.0400238 0
0.845 0.69 0.487009 0.0332912 0
0.85 0.69 0.54166 0.0336174 0
0.855 0.69 0.54883 0.0378691 0
0.86 0.69 0.555542 0.0406539 0
0.865 0.715 0.494736 0.0348756 0
0.87 0.715 0.490972 0.0278727 0
0.875 0.72 0.498613 0.0318902 0
0.88 0.73 0.520799 0.0324455 0
0.885 0.76 0.514179 0.0261571 0
0.89 0.76 0.561319 0.0287969 0
0.895 0.765 0.560906 0.0272207 0
0.9 0.78 0.64047 0.0249554 0
0.905 0.78 0.635043 0.0259975 0
0.91 0.78 0.629774 0.0235843 0
0.915 0.78 0.632953 0.0243482 0
0.92 0.785 0.641581 0.0197305 0
0.925 0.785 0.644701 0.0256402 0
0.93 0.785 0.64493 0.0246433 0
0.935 0.79 0.638719 0.0282864 0
0.94 0.795 0.650964 0.0197056 0
0.945 0.795 0.653288 0.0268729 0
0.95 0.795 0.646454 0.0261667 0
0.955 0.795 0.649567 0.0282876 0
0.96 0.805 0.665068 0.0212412 0
0.965 0.805 0.655482 0.0234286 0
0.97 0.81 0.667937 0.026387 0
0.975 0.815 0.676159 0.0194158 0
0.98 0.82 0.677211 0.0241696 0
0.985 0.83 0.672421 0.016015 0
0.99 0.835 0.673383 0.0198545 0
0.995 0.835 0.68296 0.0183043 0
1 0.835 0.729189 0.0181275 0
1.005 0.835 0.724648 0.0203609 0
1.01 0.835 0.733069 0.0181246 0
1.015 0.835 0.733567 0.0226785 0
1.02 0.84 0.74394 0.0185187 0
1.025 0.845 0.788173 0.0231382 0
1.03 0.845 0.785833 0.0220896 0
1.035 0.845 0.785824 0.0184161 0
1.04 0.845 0.783848 0.020946 0
1.045 0.845 0.782299 0.0230036 0
1.05 0.845 0.783592 0.0227721 0
1.055 0.85 0.789924 0.0214152 0
1.06 0.855 0.797149 0.0249476 0
1.065 0.86 0.803625 0.0240914 0
1.07 0.86 0.802455 0.0145607 0
1.075 0.86 0.804038 0.0193261 0
1.08 0.86 0.8054 0.0169874 0
1.085 0.86 0.818415 0.0248078 0
1.09 0.86 0.819642 0.019273 0
1.095 0.865 0.823364 0.0214285 0
1.1 0.865 0.839172 0.0188639 0
1.105 0.865 0.841384 0.0194226 0
1.11 0.865 0.841886 0.017611 0
1.115 0.87 0.845004 0.0155752 0
1.12 0.87 0.844837 0.0249435 0
1.125 0.87 0.843944 0.0209315 0
1.13 0.875 0.849183 0.0212192 0
1.135 0.885 0.858837 0.0195559 0
1.14 0.885 0.858544 0.0192274 0
1.145 0.885 0.860236 0.0196836 0
1.15 0.89 0.866511 0.0190226 0
1.155 0.89 0.867708 0.0204427 0
1.16 0.89 0.867588 0.0144136 0
1.165 0.89 0.867813 0.0179581 0
1.17 0.89 0.868563 0.0184384 0
1.175 0.89 0.868314 0.0167107 0
1.18 0.89 0.867968 0.0191234 0
1.185 0.895 0.873532 0.0165728 0
1.19 0.895 0.873249 0.0176964 0
1.195 0.895 0.873483 0.0150672 0
1.2 0.895 0.874112 0.0195523 0
