# Relevant parameters to reproduce this network:
# node_nr=500	 k_max=50
# initial_seed=1557434111	 delta_t=0.1	 max_steps=2000	 in_between=0
# fg_m=1	 fg_alpha=0	 fg_t_min=0	 fg_t_max=0.9	 fg_t_number=450	 fg_weff_lower_frequency=-1e+08	 fg_weff_max_steps=2000	 fg_weff_in_between=0
# K Giant_component <r> sigma_r*sqrt(NODE_NR) clustering
0 0.004 0.0407297 0.0194986 0
0.002 0.004 0.0387434 0.0193665 0
0.004 0.004 0.0362458 0.0167405 0
0.006 0.004 0.0434567 0.0196184 0
0.008 0.004 0.0417014 0.0197536 0
0.01 0.004 0.0377368 0.0192599 0
0.012 0.004 0.0380656 0.0205398 0
0.014 0.004 0.0397673 0.0181107 0
0.016 0.004 0.0401677 0.0210294 0
0.018 0.004 0.0402901 0.0196506 0
0.02 0.004 0.0392858 0.0179314 0
0.022 0.004 0.0383429 0.022181 0
0.024 0.004 0.0403502 0.02097 0
0.026 0.004 0.0350609 0.0164489 0
0.028 0.004 0.0432353 0.0216205 0
0.03 0.004 0.041537 0.0168215 0
0.032 0.004 0.0434282 0.0212913 0
0.034 0.004 0.0404667 0.022031 0
0.036 0.004 0.0496146 0.0276982 0
0.038 0.004 0.0343336 0.0190583 0
0.04 0.004 0.0408109 0.0238938 0
0.042 0.006 0.0482638 0.0179809 0
0.044 0.006 0.0404771 0.0231846 0
0.046 0.006 0.0320279 0.0184674 0
0.048 0.006 0.0418725 0.025406 0
0.05 0.006 0.0449946 0.0208859 0
0.052 0.006 0.0423838 0.0220276 0
0.054 0.006 0.0422764 0.0247005 0
0.056 0.006 0.0327509 0.0197578 0
0.058 0.006 0.042513 0.0221304 0
0.06 0.006 0.0478267 0.0264755 0
0.062 0.006 0.043768 0.0211472 0
0.064 0.006 0.0441334 0.0199267 0
0.066 0.006 0.0447688 0.0266487 0
0.068 0.006 0.0363932 0.0213475 0
0.07 0.006 0.0467725 0.0275298 0
0.072 0.006 0.0394699 0.0217309 0
0.074 0.006 0.0370425 0.0198898 0
0.076 0.006 0.0433468 0.0228401 0
0.078 0.006 0.0460677 0.0231406 0
0.08 0.006 0.0418215 0.0193438 0
0.082 0.006 0.0411165 0.0192605 0
0.084 0.006 0.0389133 0.0192508 0
0.086 0.006 0.0433999 0.0209164 0
0.088 0.006 0.0465505 0.0235707 0
0.09 0.006 0.0426389 0.0186437 0
0.092 0.006 0.0414216 0.0203645 0
0.094 0.006 0.0496505 0.0270104 0
0.096 0.006 0.0496605 0.0225381 0
0.098 0.006 0.043968 0.0212472 0
0.1 0.006 0.0449066 0.0222985 0
0.102 0.006 0.0413976 0.0260339 0
0.104 0.006 0.0407252 0.0208784 0
0.106 0.006 0.0427194 0.020699 0
0.108 0.006 0.0412486 0.0198629 0
0.11 0.006 0.0403893 0.0234024 0
0.112 0.006 0.0420719 0.0202105 0
0.114 0.006 0.0404203 0.0216004 0
0.116 0.006 0.0461993 0.0255208 0
0.118 0.006 0.0387082 0.0213249 0
0.12 0.006 0.0439068 0.021874 0
0.122 0.006 0.0411241 0.020547 0
0.124 0.006 0.0475275 0.0244087 0
0.126 0.006 0.0455136 0.0227807 0
0.128 0.006 0.0432066 0.023013 0
0.13 0.006 0.0449726 0.0203277 0
0.132 0.006 0.0464347 0.021744 0
0.134 0.006 0.0391671 0.0227513 0
0.136 0.006 0.0417656 0.023821 0
0.138 0.008 0.0490273 0.0238921 0
0.14 0.008 0.0365551 0.0198794 0
0.142 0.008 0.0505123 0.0285448 0
0.144 0.008 0.0485082 0.0219278 0
0.146 0.008 0.0490087 0.0255344 0
0.148 0.008 0.0450147 0.0206507 0
0.15 0.01 0.0433511 0.021106 0
0.152 0.01 0.0587225 0.0274299 0
0.154 0.01 0.052638 0.0255581 0
0.156 0.01 0.0444073 0.0245202 0
0.158 0.01 0.0437178 0.0217447 0
0.16 0.01 0.0471299 0.0222648 0
0.162 0.01 0.044291 0.019736 0
0.164 0.01 0.0570825 0.0242871 0
0.166 0.01 0.0565542 0.0384359 0
0.168 0.01 0.0480457 0.0256669 0
0.17 0.01 0.0540336 0.029817 0
0.172 0.01 0.0580462 0.0307651 0
0.174 0.01 0.0463148 0.0206714 0
0.176 0.01 0.0490333 0.0304127 0
0.178 0.01 0.0504921 0.0239906 0
0.18 0.01 0.0480437 0.0231028 0
0.182 0.01 0.0524363 0.0232347 0
0.184 0.01 0.0449398 0.026392 0
0.186 0.01 0.0544002 0.0274551 0
0.188 0.01 0.0505502 0.0202832 0
0.19 0.012 0.0507782 0.0261528 0
0.192 0.012 0.0536383 0.0227741 0
0.194 0.012 0.0607708 0.0272568 0
0.196 0.012 0.0508108 0.0353082 0
0.198 0.012 0.0470182 0.0241721 0
0.2 0.012 0.0474056 0.0301853 0
0.202 0.012 0.0520696 0.0269278 0
0.204 0.012 0.061328 0.0321294 0
0.206 0.012 0.0476345 0.0271086 0
0.208 0.012 0.0456805 0.022476 0
0.21 0.012 0.0474167 0.0216661 0
0.212 0.012 0.0421352 0.0202375 0
0.214 0.012 0.0451264 0.023442 0
0.216 0.012 0.0510913 0.0270876 0
0.218 0.012 0.0544076 0.0200323 0
0.22 0.014 0.0472372 0.0252679 0
0.222 0.014 0.0476826 0.024733 0
0.224 0.016 0.0425405 0.0228976 0
0.226 0.016 0.0500228 0.0236558 0
0.228 0.016 0.0564338 0.0251904 0
0.23 0.016 0.0469745 0.022622 0
0.232 0.016 0.049006 0.0211751 0
0.234 0.016 0.0536208 0.0318826 0
0.236 0.016 0.0466041 0.0226804 0
0.238 0.016 0.0484774 0.0228843 0
0.24 0.016 0.0606796 0.0308488 0
0.242 0.016 0.0670489 0.0316236 0
0.244 0.016 0.0484452 0.0232694 0
0.246 0.016 0.0627052 0.0281867 0
0.248 0.016 0.0505722 0.0272003 0
0.25 0.016 0.0607059 0.0307945 0
0.252 0.016 0.0429717 0.0194609 0
0.254 0.016 0.0502022 0.0229371 0
0.256 0.016 0.0523362 0.030669 0
0.258 0.016 0.0501109 0.0246959 0
0.26 0.016 0.0575224 0.0252166 0
0.262 0.016 0.0641205 0.0257537 0
0.264 0.016 0.0528993 0.0227153 0
0.266 0.016 0.0523108 0.0281541 0
0.268 0.016 0.0563197 0.0301662 0
0.27 0.016 0.0567865 0.0298415 0
0.272 0.016 0.0490558 0.02526 0
0.274 0.016 0.0545023 0.0267102 0
0.276 0.016 0.0593228 0.0255084 0
0.278 0.018 0.0594851 0.02616 0
0.28 0.018 0.0606225 0.0287373 0
0.282 0.018 0.0484219 0.0250557 0
0.284 0.018 0.0560699 0.0305787 0
0.286 0.018 0.0682429 0.0336582 0
0.288 0.018 0.0578235 0.0313977 0
0.29 0.018 0.0525498 0.02618 0
0.292 0.018 0.0514973 0.0235405 0
0.294 0.018 0.0516368 0.0310964 0
0.296 0.018 0.0521781 0.024951 0
0.298 0.018 0.0590645 0.0311348 0
0.3 0.018 0.0458762 0.0238813 0
0.302 0.018 0.0629315 0.0296566 0
0.304 0.018 0.0583549 0.028816 0
0.306 0.018 0.0619576 0.0280337 0
0.308 0.018 0.0470281 0.0212217 0
0.31 0.018 0.053075 0.0308785 0
0.312 0.018 0.0570043 0.0281776 0
0.314 0.018 0.0683059 0.0312001 0
0.316 0.024 0.0549394 0.0280695 0
0.318 0.024 0.052673 0.028318 0
0.32 0.024 0.0646435 0.0324148 0
0.322 0.024 0.0707753 0.0367983 0
0.324 0.024 0.0498024 0.0256482 0
0.326 0.024 0.0571626 0.0222289 0
0.328 0.024 0.0638296 0.0385345 0
0.33 0.024 0.0670693 0.0352695 0
0.332 0.024 0.0723352 0.0370149 0
0.334 0.024 0.0546316 0.0295367 0
0.336 0.024 0.0519115 0.027333 0
0.338 0.024 0.0628092 0.0306999 0
0.34 0.024 0.0608926 0.031513 0
0.342 0.024 0.062978 0.0301641 0
0.344 0.024 0.0721661 0.0336946 0
0.346 0.024 0.0551646 0.0284494 0
0.348 0.024 0.0707787 0.0414121 0
0.35 0.024 0.0606693 0.0320194 0
0.352 0.024 0.0587555 0.035236 0
0.354 0.028 0.0629999 0.0384999 0
0.356 0.028 0.0655142 0.0306126 0
0.358 0.028 0.0659676 0.0310833 0
0.36 0.028 0.0622641 0.0364463 0
0.362 0.028 0.0658124 0.0401691 0
0.364 0.028 0.0764282 0.0329668 0
0.366 0.028 0.0682596 0.0370645 0
0.368 0.028 0.0597322 0.0355285 0
0.37 0.028 0.0717887 0.0321126 0
0.372 0.028 0.0825505 0.0471273 0
0.374 0.028 0.0587948 0.0309213 0
0.376 0.028 0.0662856 0.0348074 0
0.378 0.028 0.0637839 0.0255723 0
0.38 0.028 0.0643791 0.0300685 0
0.382 0.028 0.0640507 0.0237362 0
0.384 0.028 0.086585 0.0409608 0
0.386 0.028 0.0603671 0.0317545 0
0.388 0.028 0.0752846 0.0375643 0
0.39 0.028 0.071209 0.0261849 0
0.392 0.028 0.0574932 0.0269626 0
0.394 0.028 0.0723478 0.035018 0
0.396 0.028 0.0709022 0.0383242 0
0.398 0.028 0.0614158 0.0326937 0
0.4 0.032 0.0684878 0.0396295 0
0.402 0.032 0.0830161 0.0429772 0
0.404 0.032 0.0640271 0.0334897 0
0.406 0.032 0.0680386 0.0334561 0
0.408 0.032 0.078972 0.0384526 0
0.41 0.034 0.0727571 0.0326893 0
0.412 0.038 0.0608597 0.033003 0
0.414 0.038 0.0672356 0.0326945 0
0.416 0.038 0.0762168 0.0413095 0
0.418 0.038 0.0783711 0.0458478 0
0.42 0.038 0.0817716 0.0307901 0
0.422 0.038 0.0806531 0.0535793 0
0.424 0.038 0.0777089 0.0366012 0
0.426 0.038 0.0604821 0.0390576 0
0.428 0.038 0.0722332 0.0326695 0
0.43 0.04 0.0658137 0.0385312 0
0.432 0.04 0.0937298 0.0386824 0
0.434 0.04 0.092268 0.0383412 0
0.436 0.04 0.0642762 0.0364013 0
0.438 0.04 0.0803523 0.0389366 0
0.44 0.04 0.0822826 0.0318729 0
0.442 0.04 0.0700853 0.0348792 0
0.444 0.04 0.0882904 0.0449624 0
0.446 0.04 0.0941014 0.0442595 0
0.448 0.04 0.0729005 0.0325939 0
0.45 0.04 0.0712007 0.0348947 0
0.452 0.04 0.0820905 0.0457622 0
0.454 0.04 0.0764009 0.0340213 0
0.456 0.04 0.0670968 0.034505 0
0.458 0.04 0.0779628 0.0406444 0
0.46 0.08 0.0686212 0.0302637 0
0.462 0.08 0.0783948 0.0420716 0
0.464 0.08 0.0723283 0.034543 0
0.466 0.08 0.0606007 0.0342051 0
0.468 0.08 0.0781071 0.0367739 0
0.47 0.082 0.0882714 0.042763 0
0.472 0.082 0.0663384 0.0490544 0
0.474 0.104 0.0683258 0.0419131 0
0.476 0.104 0.0730185 0.040644 0
0.478 0.104 0.0899374 0.0437396 0
0.48 0.104 0.0840642 0.03464 0
0.482 0.104 0.0820295 0.0375663 0
0.484 0.104 0.0792825 0.0326165 0
0.486 0.104 0.0771189 0.0386566 0
0.488 0.104 0.075307 0.0486032 0
0.49 0.104 0.0866666 0.0404382 0
0.492 0.104 0.0790561 0.0378174 0
0.494 0.106 0.0832359 0.0490608 0
0.496 0.106 0.0842063 0.0456486 0
0.498 0.106 0.0825291 0.0354592 0
0.5 0.106 0.074254 0.0250962 0
0.502 0.106 0.080925 0.0377498 0
0.504 0.106 0.0767843 0.0386115 0
0.506 0.106 0.0819014 0.0483155 0
0.508 0.106 0.0854904 0.0417698 0
0.51 0.106 0.0819593 0.0380049 0
0.512 0.106 0.0655553 0.0303516 0
0.514 0.106 0.0733086 0.0310924 0
0.516 0.106 0.0589771 0.0264706 0
0.518 0.106 0.0687999 0.0359671 0
0.52 0.106 0.0734751 0.0383071 0
0.522 0.106 0.078686 0.0498063 0
0.524 0.106 0.0813397 0.0343745 0
0.526 0.106 0.0768821 0.0445786 0
0.528 0.106 0.0759517 0.0440758 0
0.53 0.106 0.0749801 0.0380492 0
0.532 0.11 0.0766499 0.0391287 0
0.534 0.11 0.10489 0.0393891 0
0.536 0.11 0.113004 0.0414287 0
0.538 0.11 0.061947 0.0292748 0
0.54 0.11 0.0712874 0.0353668 0
0.542 0.12 0.0763787 0.0400502 0
0.544 0.128 0.0691253 0.0377662 0
0.546 0.128 0.0787179 0.0418962 0
0.548 0.128 0.0813937 0.0365465 0
0.55 0.128 0.0654858 0.0294195 0
0.552 0.128 0.0584763 0.0287646 0
0.554 0.13 0.0669743 0.0333323 0
0.556 0.13 0.087138 0.0462223 0
0.558 0.132 0.0760651 0.0352779 0
0.56 0.132 0.0760126 0.0408952 0
0.562 0.138 0.139435 0.0315479 0
0.564 0.138 0.114987 0.053651 0
0.566 0.142 0.0859624 0.0372107 0
0.568 0.142 0.122404 0.0553552 0
0.57 0.142 0.059456 0.0322719 0
0.572 0.144 0.0879032 0.0510561 0
0.574 0.144 0.106059 0.0378854 0
0.576 0.144 0.097894 0.0456129 0
0.578 0.144 0.0704184 0.0334531 0
0.58 0.144 0.126448 0.0438248 0
0.582 0.146 0.0753318 0.0352972 0
0.584 0.146 0.0878275 0.0444035 0
0.586 0.148 0.106298 0.0372644 0
0.588 0.148 0.106258 0.0566773 0
0.59 0.148 0.111834 0.0729165 0
0.592 0.148 0.105793 0.038498 0
0.594 0.162 0.10789 0.058929 0
0.596 0.162 0.123274 0.0424925 0
0.598 0.162 0.0917196 0.0398612 0
0.6 0.18 0.0682687 0.0325195 0
0.602 0.18 0.0852237 0.0442354 0
0.604 0.18 0.0831753 0.0375626 0
0.606 0.18 0.106882 0.0422553 0
0.608 0.18 0.0665356 0.036485 0
0.61 0.18 0.117499 0.0378905 0
0.612 0.18 0.145908 0.0357662 0
0.614 0.18 0.107162 0.0299944 0
0.616 0.18 0.0748055 0.0325564 0
0.618 0.18 0.0741738 0.029697 0
0.62 0.18 0.090534 0.037048 0
0.622 0.352 0.0695864 0.0345125 0
0.624 0.354 0.0884853 0.0350735 0
0.626 0.38 0.0908041 0.0336927 0
0.628 0.38 0.0690636 0.0253253 0
0.63 0.384 0.125565 0.0479628 0
0.632 0.384 0.0669387 0.0329186 0
0.634 0.388 0.0436006 0.0265617 0
0.636 0.388 0.0525367 0.0270852 0
0.638 0.39 0.0628756 0.0313489 0
0.64 0.392 0.112678 0.0372081 0
0.642 0.392 0.0715759 0.0289587 0
0.644 0.392 0.113932 0.0365455 0
0.646 0.394 0.0620301 0.0364604 0
0.648 0.394 0.087696 0.0424982 0
0.65 0.394 0.0617257 0.0344237 0
0.652 0.408 0.0683528 0.0372121 0
0.654 0.408 0.120121 0.0397614 0
0.656 0.418 0.0640292 0.0330102 0
0.658 0.428 0.0857157 0.0322155 0
0.66 0.432 0.0686432 0.0393341 0
0.662 0.434 0.115062 0.0403318 0
0.664 0.436 0.111111 0.0281845 0
0.666 0.466 0.104607 0.0354071 0
0.668 0.466 0.125826 0.0407852 0
0.67 0.466 0.133789 0.0266326 0
0.672 0.47 0.106144 0.0375801 0
0.674 0.48 0.0907139 0.0350843 0
0.676 0.48 0.117124 0.0381799 0
0.678 0.48 0.132787 0.0432882 0
0.68 0.48 0.0556553 0.0311156 0
0.682 0.484 0.113836 0.0371757 0
0.684 0.486 0.0677376 0.0219458 0
0.686 0.486 0.105774 0.0445617 0
0.688 0.486 0.101212 0.0392023 0
0.69 0.49 0.146886 0.0370102 0
0.692 0.49 0.0859027 0.038058 0
0.694 0.49 0.078949 0.032333 0
0.696 0.49 0.0716938 0.029475 0
0.698 0.514 0.0652893 0.0285684 0
0.7 0.54 0.0577803 0.0230907 0
0.702 0.54 0.0495488 0.0247799 0
0.704 0.544 0.0475755 0.0215088 0
0.706 0.58 0.100073 0.0382573 0
0.708 0.582 0.121851 0.0369328 0
0.71 0.584 0.116207 0.0362069 0
0.712 0.59 0.090257 0.0365213 0
0.714 0.592 0.0958636 0.0447957 0
0.716 0.596 0.0736141 0.0354656 0
0.718 0.6 0.106935 0.0272015 0
0.72 0.602 0.075473 0.0319707 0
0.722 0.604 0.0944535 0.0303906 0
0.724 0.604 0.0866264 0.0395815 0
0.726 0.606 0.081524 0.0441273 0
0.728 0.606 0.0946855 0.0302516 0
0.73 0.612 0.0841412 0.0265652 0
0.732 0.614 0.115521 0.0351144 0
0.734 0.614 0.0723426 0.0447006 0
0.736 0.614 0.0679272 0.0336493 0
0.738 0.616 0.053352 0.0291111 0
0.74 0.616 0.0899304 0.028027 0
0.742 0.64 0.0550509 0.029272 0
0.744 0.64 0.0534258 0.0302105 0
0.746 0.642 0.0539598 0.0183822 0
0.748 0.644 0.0420359 0.0293782 0
0.75 0.646 0.051473 0.0245437 0
0.752 0.646 0.0604755 0.0299645 0
0.754 0.652 0.0448822 0.0237118 0
0.756 0.654 0.0686242 0.0208678 0
0.758 0.66 0.0467731 0.0208656 0
0.76 0.662 0.0488169 0.0222741 0
0.762 0.664 0.0885391 0.0359938 0
0.764 0.666 0.0433159 0.0205649 0
0.766 0.666 0.0764216 0.0337022 0
0.768 0.676 0.046382 0.0197181 0
0.77 0.678 0.0723789 0.0318052 0
0.772 0.678 0.0887855 0.0249925 0
0.774 0.682 0.0649231 0.0284044 0
0.776 0.682 0.0600481 0.0261688 0
0.778 0.684 0.0705974 0.0529838 0
0.78 0.684 0.0483718 0.0207447 0
0.782 0.684 0.0386243 0.0204449 0
0.784 0.684 0.0660763 0.0179473 0
0.786 0.684 0.0543664 0.0218792 0
0.788 0.686 0.0669203 0.0219953 0
0.79 0.686 0.0590481 0.0247491 0
0.792 0.686 0.0443364 0.0189911 0
0.794 0.686 0.0546711 0.0218035 0
0.796 0.686 0.0465273 0.0186722 0
0.798 0.692 0.0495586 0.0186387 0
0.8 0.692 0.0668081 0.0231413 0
0.802 0.694 0.0561672 0.0234492 0
0.804 0.696 0.0546469 0.0203415 0
0.806 0.696 0.0802678 0.0393485 0
0.808 0.698 0.224943 0.040151 0
0.81 0.698 0.236115 0.0480919 0
0.812 0.702 0.240173 0.0517923 0
0.814 0.704 0.276263 0.034746 0
0.816 0.704 0.238163 0.0570412 0
0.818 0.706 0.251074 0.0437799 0
0.82 0.718 0.258283 0.0573676 0
0.822 0.72 0.275352 0.0573257 0
0.824 0.72 0.253482 0.0586067 0
0.826 0.722 0.261931 0.0407648 0
0.828 0.724 0.217279 0.0373185 0
0.83 0.724 0.251995 0.0398909 0
0.832 0.724 0.129523 0.0194955 0
0.834 0.726 0.124618 0.0243308 0
0.836 0.728 0.125919 0.0214194 0
0.838 0.732 0.13913 0.017594 0
0.84 0.732 0.179734 0.0544823 0
0.842 0.734 0.212332 0.0174184 0
0.844 0.734 0.220859 0.020973 0
0.846 0.734 0.257728 0.0217018 0
0.848 0.734 0.265767 0.0190229 0
0.85 0.734 0.266521 0.0160196 0
0.852 0.734 0.264026 0.022748 0
0.854 0.734 0.272796 0.0176956 0
0.856 0.734 0.283484 0.0175408 0
0.858 0.736 0.270383 0.0189999 0
0.86 0.74 0.268425 0.014349 0
0.862 0.742 0.270254 0.0199145 0
0.864 0.742 0.251784 0.0197422 0
0.866 0.742 0.262009 0.0191874 0
0.868 0.746 0.254884 0.0192219 0
0.87 0.75 0.266416 0.0204725 0
0.872 0.75 0.265466 0.0175947 0
0.874 0.75 0.273644 0.022539 0
0.876 0.75 0.305405 0.016375 0
0.878 0.75 0.318952 0.0191429 0
0.88 0.75 0.316107 0.0191176 0
0.882 0.752 0.328091 0.0164005 0
0.884 0.754 0.306712 0.0143287 0
0.886 0.754 0.297485 0.0155153 0
0.888 0.754 0.30683 0.0169749 0
0.89 0.754 0.305003 0.0217907 0
0.892 0.754 0.30306 0.016062 0
0.894 0.754 0.300496 0.0190163 0
0.896 0.754 0.3085 0.020473 0
0.898 0.754 0.33645 0.0202566 0
