# Node_nr = 300
# K <r> sigma_r(sig not of average! divide by sqrt(n))
0 0.00666667 0.0394911 0.0243342 0
0.00333333 0.00666667 0.058879 0.0270595 0
0.00666667 0.00666667 0.0474444 0.0253249 0
0.01 0.00666667 0.0449177 0.0256779 0
0.0133333 0.00666667 0.0468579 0.0228643 0
0.0166667 0.00666667 0.0556604 0.0268012 0
0.02 0.00666667 0.0607667 0.0322912 0
0.0233333 0.00666667 0.0498572 0.0243941 0
0.0266667 0.00666667 0.055596 0.027043 0
0.03 0.00666667 0.0553193 0.0262993 0
0.0333333 0.00666667 0.0502465 0.0299817 0
0.0366667 0.00666667 0.0476295 0.0253984 0
0.04 0.00666667 0.0503897 0.0234865 0
0.0433333 0.00666667 0.0580376 0.0326522 0
0.0466667 0.00666667 0.0524095 0.0298201 0
0.05 0.00666667 0.0534718 0.028797 0
0.0533333 0.00666667 0.0364222 0.0254306 0
0.0566667 0.00666667 0.0515953 0.0269415 0
0.06 0.00666667 0.0474395 0.0315675 0
0.0633333 0.01 0.0484379 0.017858 0
0.0666667 0.01 0.0562575 0.0290161 0
0.07 0.01 0.0551654 0.0213904 0
0.0733333 0.01 0.0457168 0.0245786 0
0.0766667 0.01 0.0431136 0.0269998 0
0.08 0.01 0.0622771 0.0334074 0
0.0833333 0.01 0.0531744 0.0235044 0
0.0866667 0.01 0.0537629 0.026019 0
0.09 0.01 0.0541992 0.0242303 0
0.0933333 0.01 0.0659728 0.0348744 0
0.0966667 0.01 0.0515102 0.0290224 0
0.1 0.01 0.0495217 0.0311209 0
0.103333 0.01 0.0569291 0.0313852 0
0.106667 0.01 0.0541364 0.0255509 0
0.11 0.01 0.0664488 0.0172614 0
0.113333 0.01 0.0524275 0.0259083 0
0.116667 0.01 0.0556422 0.0329924 0
0.12 0.01 0.0520414 0.0332832 0
0.123333 0.01 0.0518899 0.0279448 0
0.126667 0.01 0.0668831 0.0328955 0
0.13 0.01 0.0550777 0.0185908 0
0.133333 0.01 0.0670413 0.0294761 0
0.136667 0.01 0.0536523 0.0298806 0
0.14 0.01 0.0590836 0.0348026 0
0.143333 0.01 0.0599676 0.0297641 0
0.146667 0.01 0.0562012 0.0233027 0
0.15 0.01 0.0672365 0.0255091 0
0.153333 0.01 0.0687562 0.0414713 0
0.156667 0.01 0.0455206 0.0282991 0
0.16 0.01 0.0555916 0.0200722 0
0.163333 0.01 0.0614111 0.0259546 0
0.166667 0.01 0.0597449 0.0302047 0
0.17 0.01 0.0655753 0.0338651 0
0.173333 0.01 0.0505194 0.0249553 0
0.176667 0.01 0.0556993 0.0317135 0
0.18 0.01 0.0785666 0.0326226 0
0.183333 0.0133333 0.0496381 0.0260589 0
0.186667 0.0133333 0.0503096 0.0305576 0
0.19 0.0133333 0.0601954 0.0250988 0
0.193333 0.0133333 0.0750427 0.0311153 0
0.196667 0.0133333 0.0714333 0.0307258 0
0.2 0.0133333 0.0524441 0.0274307 0
0.203333 0.0166667 0.0534424 0.024949 0
0.206667 0.0166667 0.0698863 0.0409698 0
0.21 0.0166667 0.0586548 0.0367467 0
0.213333 0.0166667 0.0508815 0.030455 0
0.216667 0.0166667 0.0523741 0.0294647 0
0.22 0.0166667 0.0573895 0.029131 0
0.223333 0.0166667 0.0761666 0.0407451 0
0.226667 0.0166667 0.055618 0.0296861 0
0.23 0.0166667 0.0583928 0.0312226 0
0.233333 0.0166667 0.0746266 0.0395317 0
0.236667 0.0166667 0.0657919 0.0422587 0
0.24 0.0166667 0.0579586 0.0262078 0
0.243333 0.0166667 0.0734 0.0322351 0
0.246667 0.0166667 0.0724617 0.0290955 0
0.25 0.0166667 0.0568987 0.0269895 0
0.253333 0.02 0.0750083 0.0291136 0
0.256667 0.02 0.0789123 0.0301855 0
0.26 0.02 0.0369284 0.0175505 0
0.263333 0.02 0.0746219 0.0403613 0
0.266667 0.02 0.0545895 0.0301724 0
0.27 0.02 0.0804541 0.0435037 0
0.273333 0.02 0.0714052 0.0345327 0
0.276667 0.02 0.0788836 0.0278851 0
0.28 0.02 0.0568707 0.0268509 0
0.283333 0.02 0.0511139 0.02376 0
0.286667 0.02 0.0701559 0.0366605 0
0.29 0.02 0.0826156 0.0363587 0
0.293333 0.02 0.0645287 0.0266209 0
0.296667 0.0233333 0.0595785 0.0235142 0
0.3 0.0233333 0.0631693 0.0288971 0
0.303333 0.0233333 0.078739 0.0423046 0
0.306667 0.0233333 0.083042 0.0348188 0
0.31 0.0233333 0.0516151 0.0297939 0
0.313333 0.0233333 0.0761233 0.0396912 0
0.316667 0.0233333 0.0952292 0.0369039 0
0.32 0.0233333 0.073171 0.028375 0
0.323333 0.0233333 0.0607282 0.0383279 0
0.326667 0.0233333 0.0999967 0.0410836 0
0.33 0.0233333 0.0656515 0.0254068 0
0.333333 0.0233333 0.0746922 0.040095 0
0.336667 0.0233333 0.059987 0.0375946 0
0.34 0.0233333 0.0635217 0.0395104 0
0.343333 0.0233333 0.0625386 0.0256321 0
0.346667 0.0233333 0.059953 0.0292363 0
0.35 0.0233333 0.0511225 0.0363018 0
0.353333 0.0233333 0.05917 0.0367618 0
0.356667 0.0233333 0.0798773 0.0379327 0
0.36 0.0233333 0.070774 0.0409495 0
0.363333 0.0233333 0.0695738 0.034133 0
0.366667 0.0233333 0.073988 0.0417222 0
0.37 0.0233333 0.0802974 0.050291 0
0.373333 0.0233333 0.0716936 0.0318782 0
0.376667 0.0233333 0.0675856 0.0320941 0
0.38 0.0233333 0.0827128 0.0339553 0
0.383333 0.0233333 0.110016 0.0453904 0
0.386667 0.0233333 0.0795556 0.0418804 0
0.39 0.0333333 0.115936 0.0276456 0
0.393333 0.0333333 0.0962769 0.0363406 0
0.396667 0.0333333 0.10164 0.0324833 0
0.4 0.0333333 0.100434 0.034016 0
0.403333 0.0333333 0.106174 0.037398 0
0.406667 0.0333333 0.0738651 0.040815 0
0.41 0.0333333 0.104978 0.0329398 0
0.413333 0.0333333 0.0893808 0.0324199 0
0.416667 0.0333333 0.0572265 0.0198946 0
0.42 0.0333333 0.0568668 0.0237855 0
0.423333 0.04 0.0760286 0.0352142 0
0.426667 0.04 0.0811774 0.0361874 0
0.43 0.04 0.0963473 0.0500853 0
0.433333 0.04 0.0852423 0.0368375 0
0.436667 0.04 0.0902149 0.035743 0
0.44 0.04 0.0816946 0.0403501 0
0.443333 0.04 0.103723 0.0390864 0
0.446667 0.04 0.103332 0.0532098 0
0.45 0.04 0.082157 0.035986 0
0.453333 0.04 0.140596 0.0206389 0
0.456667 0.04 0.102823 0.0474402 0
0.46 0.04 0.110545 0.0470024 0
0.463333 0.04 0.104497 0.0415786 0
0.466667 0.04 0.0666986 0.0304354 0
0.47 0.04 0.102686 0.0425099 0
0.473333 0.04 0.1255 0.0508984 0
0.476667 0.04 0.0932897 0.0403631 0
0.48 0.04 0.0730037 0.0388289 0
0.483333 0.04 0.114533 0.0368403 0
0.486667 0.0433333 0.0931568 0.0359417 0
0.49 0.0433333 0.121736 0.0333717 0
0.493333 0.0433333 0.0994487 0.0427703 0
0.496667 0.0433333 0.09443 0.0579156 0
0.5 0.0433333 0.0978377 0.0459778 0
0.503333 0.0433333 0.102106 0.0385975 0
0.506667 0.0433333 0.124334 0.0448974 0
0.51 0.0433333 0.0883316 0.0388436 0
0.513333 0.0433333 0.0706253 0.0378073 0
0.516667 0.0433333 0.10448 0.0471103 0
0.52 0.0433333 0.0658511 0.0324592 0
0.523333 0.0433333 0.0854985 0.041964 0
0.526667 0.0433333 0.0818548 0.0415318 0
0.53 0.0433333 0.0853287 0.0261686 0
0.533333 0.0433333 0.0962075 0.0570187 0
0.536667 0.0433333 0.0973704 0.0368999 0
0.54 0.0433333 0.127371 0.0494819 0
0.543333 0.0433333 0.0764046 0.0446807 0
0.546667 0.0433333 0.115035 0.0455798 0
0.55 0.0433333 0.16417 0.0543904 0
0.553333 0.0433333 0.0964927 0.0441007 0
0.556667 0.0433333 0.115869 0.057196 0
0.56 0.0466667 0.099465 0.0620326 0
0.563333 0.0466667 0.10989 0.0511725 0
0.566667 0.0466667 0.112131 0.0779368 0
0.57 0.0466667 0.142393 0.0424758 0
0.573333 0.0633333 0.0990567 0.0445157 0
0.576667 0.0633333 0.109988 0.042602 0
0.58 0.0633333 0.161801 0.0500109 0
0.583333 0.0633333 0.176059 0.0560607 0
0.586667 0.0633333 0.080627 0.0454544 0
0.59 0.0633333 0.0922973 0.0374596 0
0.593333 0.0633333 0.147958 0.0476515 0
0.596667 0.0966667 0.112292 0.0510783 0
0.6 0.0966667 0.122025 0.0496486 0
0.603333 0.103333 0.224354 0.0358317 0
0.606667 0.103333 0.0937201 0.074442 0
0.61 0.103333 0.0949593 0.0318235 0
0.613333 0.12 0.161809 0.0366496 0
0.616667 0.163333 0.17766 0.072486 0
0.62 0.166667 0.244336 0.0497587 0
0.623333 0.18 0.209683 0.0449965 0
0.626667 0.18 0.192492 0.0547211 0
0.63 0.18 0.109111 0.0620282 0
0.633333 0.18 0.120095 0.0598225 0
0.636667 0.18 0.179826 0.0558248 0
0.64 0.18 0.190419 0.06136 0
0.643333 0.183333 0.316507 0.0351887 0
0.646667 0.183333 0.177329 0.0350037 0
0.65 0.186667 0.163423 0.067715 0
0.653333 0.186667 0.220029 0.0760604 0
0.656667 0.186667 0.293087 0.0873971 0
0.66 0.19 0.246477 0.0786183 0
0.663333 0.19 0.203526 0.0178652 0
0.666667 0.19 0.268729 0.0429373 0
0.67 0.196667 0.257361 0.0954278 0
0.673333 0.196667 0.178251 0.062258 0
0.676667 0.203333 0.180742 0.0263192 0
0.68 0.203333 0.315171 0.0317432 0
0.683333 0.206667 0.260435 0.0501013 0
0.686667 0.206667 0.285008 0.0437534 0
0.69 0.206667 0.182121 0.0672048 0
0.693333 0.206667 0.244825 0.0560899 0
0.696667 0.206667 0.16368 0.0464916 0
0.7 0.206667 0.156279 0.026659 0
0.703333 0.23 0.251211 0.0379242 0
0.706667 0.23 0.26008 0.0424972 0
0.71 0.24 0.178928 0.0450345 0
0.713333 0.246667 0.310809 0.0570161 0
0.716667 0.3 0.204504 0.0706201 0
0.72 0.3 0.252729 0.0972312 0
0.723333 0.3 0.359673 0.05832 0
0.726667 0.3 0.436855 0.0451943 0
0.73 0.3 0.343078 0.0477172 0
0.733333 0.3 0.370446 0.0314945 0
0.736667 0.3 0.2426 0.072936 0
0.74 0.3 0.337562 0.0584505 0
0.743333 0.31 0.301304 0.049859 0
0.746667 0.343333 0.350318 0.0574918 0
0.75 0.343333 0.315093 0.0526947 0
0.753333 0.35 0.336598 0.05131 0
0.756667 0.35 0.4251 0.0517051 0
0.76 0.35 0.330226 0.0274548 0
0.763333 0.35 0.386527 0.112736 0
0.766667 0.356667 0.476937 0.0658359 0
0.77 0.363333 0.314995 0.0361155 0
0.773333 0.37 0.416221 0.0301875 0
0.776667 0.456667 0.375715 0.0193926 0
0.78 0.456667 0.41241 0.028024 0
0.783333 0.456667 0.621473 0.0325177 0
0.786667 0.46 0.370138 0.0420232 0
0.79 0.46 0.430821 0.0491106 0
0.793333 0.556667 0.576703 0.0303268 0
0.796667 0.556667 0.466408 0.0192616 0
0.8 0.56 0.590876 0.0278776 0
0.803333 0.56 0.547162 0.0314342 0
0.806667 0.566667 0.514379 0.0228705 0
0.81 0.566667 0.591307 0.0423293 0
0.813333 0.576667 0.553696 0.0191128 0
0.816667 0.576667 0.489904 0.0439758 0
0.82 0.576667 0.638131 0.0261884 0
0.823333 0.576667 0.5523 0.0253394 0
0.826667 0.583333 0.558242 0.017612 0
0.83 0.596667 0.661503 0.0381217 0
0.833333 0.596667 0.589856 0.0388932 0
0.836667 0.596667 0.558378 0.0391426 0
0.84 0.6 0.55421 0.013501 0
0.843333 0.606667 0.566107 0.0294816 0
0.846667 0.62 0.622678 0.0185894 0
0.85 0.62 0.650385 0.0171057 0
0.853333 0.62 0.654736 0.0442468 0
0.856667 0.626667 0.721693 0.0244955 0
0.86 0.626667 0.657072 0.0314883 0
0.863333 0.626667 0.715979 0.027363 0
0.866667 0.626667 0.635614 0.0366582 0
0.87 0.656667 0.679851 0.0264753 0
0.873333 0.656667 0.629204 0.02292 0
0.876667 0.66 0.594909 0.037954 0
0.88 0.72 0.753586 0.0482994 0
0.883333 0.72 0.688532 0.0289455 0
0.886667 0.736667 0.755099 0.0166454 0
0.89 0.736667 0.749563 0.0303742 0
0.893333 0.74 0.741658 0.0253502 0
0.896667 0.74 0.770711 0.0167476 0
0.9 0.74 0.750852 0.0301643 0
0.903333 0.74 0.74104 0.0182897 0
0.906667 0.74 0.763868 0.0154216 0
0.91 0.743333 0.747829 0.0186371 0
0.913333 0.743333 0.75091 0.0270919 0
0.916667 0.743333 0.75953 0.0170375 0
0.92 0.756667 0.777207 0.0411529 0
0.923333 0.756667 0.752617 0.0250371 0
0.926667 0.756667 0.780055 0.0315222 0
0.93 0.756667 0.755494 0.0379566 0
0.933333 0.766667 0.728224 0.0168678 0
0.936667 0.78 0.794871 0.0184968 0
0.94 0.78 0.744486 0.0176259 0
0.943333 0.783333 0.756645 0.0394967 0
0.946667 0.786667 0.792162 0.0176571 0
0.95 0.79 0.754814 0.0240594 0
0.953333 0.793333 0.806521 0.0288376 0
0.956667 0.793333 0.80223 0.020697 0
0.96 0.796667 0.788422 0.0271487 0
0.963333 0.796667 0.844713 0.0393584 0
0.966667 0.796667 0.793263 0.0158916 0
0.97 0.8 0.812908 0.0283908 0
0.973333 0.8 0.789335 0.0110389 0
0.976667 0.8 0.815456 0.0218443 0
0.98 0.806667 0.781953 0.0200842 0
0.983333 0.826667 0.837562 0.0370262 0
0.986667 0.83 0.840214 0.0105083 0
0.99 0.83 0.853321 0.0125642 0
0.993333 0.836667 0.796187 0.0207847 0
0.996667 0.836667 0.831036 0.0342983 0
1 0.836667 0.834055 0.0151922 0
1.00333 0.84 0.873468 0.00973172 0
1.00667 0.84 0.80614 0.0285476 0
1.01 0.84 0.825774 0.0183385 0
1.01333 0.84 0.817134 0.00837885 0