# Relevant parameters to reproduce this network:
# node_nr=200	 k_max=20
# initial_seed=1557414222	 delta_t=0.1	 max_steps=3000	 in_between=0
# fg_m=1	 fg_alpha=5	 fg_t_min=0	 fg_t_max=1.5	 fg_t_number=300	 fg_weff_lower_frequency=-1e+08	 fg_weff_max_steps=3000	 fg_weff_in_between=0
# K Giant_component <r> sigma_r*sqrt(NODE_NR) clustering
0 0.01 0.0567662 0.0301903 0
0.005 0.015 0.0616143 0.0306111 0
0.01 0.015 0.0585694 0.0327489 0
0.015 0.015 0.068936 0.0340642 0
0.02 0.015 0.0624136 0.0352726 0
0.025 0.015 0.0614802 0.0365308 0
0.03 0.015 0.0665342 0.0333467 0
0.035 0.015 0.0684857 0.034276 0
0.04 0.015 0.0720917 0.0395238 0
0.045 0.015 0.0576136 0.0304421 0
0.05 0.015 0.0666224 0.0385662 0
0.055 0.015 0.0669094 0.0359056 0
0.06 0.015 0.0714721 0.0385733 0
0.065 0.015 0.0618905 0.0334369 0
0.07 0.015 0.0731565 0.0317688 0
0.075 0.015 0.0719284 0.0345988 0
0.08 0.015 0.0617567 0.0326916 0
0.085 0.015 0.0684568 0.0382478 0
0.09 0.015 0.0627743 0.0365807 0
0.095 0.015 0.0676064 0.0332523 0
0.1 0.015 0.0725043 0.0356896 0
0.105 0.015 0.0709322 0.0386305 0
0.11 0.02 0.0604612 0.0348147 0
0.115 0.02 0.0648199 0.0341607 0
0.12 0.02 0.070096 0.0400947 0
0.125 0.02 0.0814575 0.0397985 0
0.13 0.02 0.0765028 0.0392743 0
0.135 0.025 0.073449 0.0372111 0
0.14 0.025 0.0758694 0.0398691 0
0.145 0.025 0.0759586 0.039708 0
0.15 0.025 0.0686862 0.0311272 0
0.155 0.025 0.081807 0.0453889 0
0.16 0.025 0.0755129 0.0356583 0
0.165 0.025 0.0702585 0.0418212 0
0.17 0.025 0.0788632 0.0368902 0
0.175 0.03 0.087465 0.0461606 0
0.18 0.03 0.0819885 0.044387 0
0.185 0.03 0.084477 0.0399064 0
0.19 0.03 0.0941902 0.0489716 0
0.195 0.03 0.084193 0.0420565 0
0.2 0.03 0.0769987 0.0397941 0
0.205 0.03 0.0921761 0.0408159 0
0.21 0.045 0.0782004 0.0414996 0
0.215 0.045 0.0861773 0.0368424 0
0.22 0.05 0.0868714 0.0393818 0
0.225 0.05 0.0906797 0.0481491 0
0.23 0.055 0.0838265 0.0476577 0
0.235 0.055 0.080825 0.0408435 0
0.24 0.055 0.0827934 0.0461334 0
0.245 0.055 0.0832647 0.0503556 0
0.25 0.055 0.079189 0.040351 0
0.255 0.055 0.0798235 0.0393523 0
0.26 0.055 0.0875071 0.0384383 0
0.265 0.055 0.087618 0.0442279 0
0.27 0.055 0.0856888 0.0426805 0
0.275 0.055 0.0931824 0.0407008 0
0.28 0.055 0.0912156 0.0470446 0
0.285 0.055 0.0931326 0.0499037 0
0.29 0.055 0.0902033 0.0460126 0
0.295 0.055 0.0900852 0.0463578 0
0.3 0.055 0.0884311 0.0442541 0
0.305 0.06 0.0902056 0.0406504 0
0.31 0.06 0.0814546 0.0439708 0
0.315 0.06 0.0925374 0.0435577 0
0.32 0.06 0.101068 0.0527823 0
0.325 0.06 0.0807132 0.0422217 0
0.33 0.06 0.0926647 0.047647 0
0.335 0.06 0.0831882 0.0527661 0
0.34 0.06 0.106453 0.0481134 0
0.345 0.06 0.0987974 0.0429962 0
0.35 0.06 0.0824571 0.037551 0
0.355 0.06 0.112606 0.0509881 0
0.36 0.06 0.111536 0.0447191 0
0.365 0.06 0.0971807 0.0544234 0
0.37 0.06 0.120397 0.0672283 0
0.375 0.06 0.0977159 0.0435707 0
0.38 0.065 0.109699 0.061499 0
0.385 0.065 0.122059 0.0551222 0
0.39 0.065 0.0995713 0.0581659 0
0.395 0.065 0.105022 0.0625465 0
0.4 0.07 0.119379 0.0587381 0
0.405 0.075 0.112459 0.0571715 0
0.41 0.075 0.109761 0.0605414 0
0.415 0.075 0.118122 0.0681136 0
0.42 0.115 0.121486 0.0520667 0
0.425 0.12 0.10672 0.0514078 0
0.43 0.12 0.0908411 0.0466197 0
0.435 0.12 0.10698 0.0537867 0
0.44 0.12 0.119678 0.0519297 0
0.445 0.12 0.10481 0.0628539 0
0.45 0.12 0.0973049 0.0455732 0
0.455 0.12 0.115102 0.0621651 0
0.46 0.12 0.12432 0.0743747 0
0.465 0.125 0.109191 0.0599314 0
0.47 0.125 0.117079 0.0570546 0
0.475 0.125 0.1279 0.0634607 0
0.48 0.125 0.118979 0.0506975 0
0.485 0.125 0.12354 0.0564617 0
0.49 0.125 0.10109 0.0480892 0
0.495 0.125 0.0990615 0.0511054 0
0.5 0.145 0.12396 0.0723113 0
0.505 0.145 0.108913 0.0545811 0
0.51 0.145 0.126195 0.0564868 0
0.515 0.18 0.0997663 0.046318 0
0.52 0.185 0.11906 0.058057 0
0.525 0.185 0.101899 0.0498802 0
0.53 0.185 0.120673 0.058446 0
0.535 0.185 0.100492 0.0514852 0
0.54 0.185 0.121155 0.0648234 0
0.545 0.185 0.106266 0.0475301 0
0.55 0.185 0.116202 0.0550551 0
0.555 0.185 0.106024 0.0402964 0
0.56 0.185 0.106117 0.0556634 0
0.565 0.185 0.149054 0.0620914 0
0.57 0.24 0.116688 0.0618611 0
0.575 0.245 0.0958754 0.0450286 0
0.58 0.245 0.0913638 0.0469976 0
0.585 0.245 0.118668 0.0448367 0
0.59 0.245 0.108645 0.04642 0
0.595 0.245 0.108719 0.045235 0
0.6 0.245 0.118434 0.0544703 0
0.605 0.245 0.131255 0.0542246 0
0.61 0.245 0.114867 0.049196 0
0.615 0.245 0.116134 0.071287 0
0.62 0.245 0.145658 0.0708164 0
0.625 0.245 0.101727 0.0486477 0
0.63 0.245 0.112635 0.0600488 0
0.635 0.245 0.113562 0.0615212 0
0.64 0.355 0.1153 0.0406701 0
0.645 0.355 0.120059 0.0571139 0
0.65 0.355 0.111981 0.0626488 0
0.655 0.36 0.107965 0.0551381 0
0.66 0.435 0.117783 0.0546163 0
0.665 0.435 0.126569 0.0589232 0
0.67 0.44 0.143225 0.0638987 0
0.675 0.48 0.124383 0.053546 0
0.68 0.48 0.150704 0.0562119 0
0.685 0.48 0.155392 0.0609886 0
0.69 0.48 0.144847 0.0689473 0
0.695 0.48 0.138109 0.0496133 0
0.7 0.485 0.136297 0.0626332 0
0.705 0.49 0.127418 0.0606837 0
0.71 0.49 0.147173 0.0658419 0
0.715 0.635 0.148215 0.0516196 0
0.72 0.635 0.12466 0.0510972 0
0.725 0.64 0.123504 0.0499914 0
0.73 0.645 0.101781 0.0369785 0
0.735 0.645 0.180075 0.0611432 0
0.74 0.65 0.234322 0.0478062 0
0.745 0.655 0.232702 0.0467993 0
0.75 0.66 0.220433 0.0489405 0
0.755 0.68 0.202995 0.0480108 0
0.76 0.685 0.200353 0.0471539 0
0.765 0.69 0.213203 0.0513027 0
0.77 0.695 0.224836 0.0492554 0
0.775 0.695 0.273244 0.0499179 0
0.78 0.7 0.278399 0.0662748 0
0.785 0.7 0.290643 0.0716842 0
0.79 0.7 0.340504 0.0630312 0
0.795 0.705 0.294737 0.0709087 0
0.8 0.715 0.198828 0.0834131 0
0.805 0.715 0.279408 0.0704136 0
0.81 0.72 0.17571 0.0874159 0
0.815 0.72 0.199629 0.0611132 0
0.82 0.72 0.184429 0.0663161 0
0.825 0.73 0.295546 0.0708692 0
0.83 0.73 0.321973 0.0727257 0
0.835 0.73 0.324136 0.0771279 0
0.84 0.73 0.36478 0.0655842 0
0.845 0.735 0.31195 0.0695987 0
0.85 0.735 0.310005 0.0682554 0
0.855 0.735 0.346922 0.0645335 0
0.86 0.735 0.465304 0.0720013 0
0.865 0.76 0.508935 0.0695998 0
0.87 0.76 0.520306 0.0662123 0
0.875 0.765 0.528644 0.0721478 0
0.88 0.77 0.51458 0.073258 0
0.885 0.77 0.532446 0.0737109 0
0.89 0.77 0.534531 0.0592124 0
0.895 0.77 0.525784 0.060118 0
0.9 0.775 0.518499 0.0582637 0
0.905 0.775 0.520075 0.0338097 0
0.91 0.775 0.50102 0.0403268 0
0.915 0.775 0.499116 0.0399183 0
0.92 0.78 0.516098 0.0356431 0
0.925 0.795 0.504464 0.0275247 0
0.93 0.795 0.503704 0.0277514 0
0.935 0.795 0.510919 0.0285037 0
0.94 0.8 0.51791 0.0232432 0
0.945 0.8 0.533742 0.026562 0
0.95 0.805 0.53911 0.0288657 0
0.955 0.805 0.561748 0.0250831 0
0.96 0.805 0.564756 0.0277983 0
0.965 0.805 0.56429 0.0352633 0
0.97 0.805 0.561412 0.0371774 0
0.975 0.805 0.56382 0.0258463 0
0.98 0.805 0.563393 0.0305489 0
0.985 0.83 0.591296 0.0281505 0
0.99 0.835 0.593295 0.0251468 0
0.995 0.835 0.600639 0.0316898 0
1 0.835 0.603641 0.0288177 0
1.005 0.835 0.611454 0.0294874 0
1.01 0.835 0.617486 0.0266481 0
1.015 0.835 0.615385 0.029807 0
1.02 0.84 0.621187 0.021718 0
1.025 0.84 0.621027 0.0300752 0
1.03 0.84 0.627758 0.0283233 0
1.035 0.84 0.62919 0.026528 0
1.04 0.84 0.62529 0.0235006 0
1.045 0.84 0.631788 0.024728 0
1.05 0.84 0.629128 0.0301968 0
1.055 0.84 0.627702 0.0249885 0
1.06 0.84 0.631311 0.027614 0
1.065 0.845 0.63414 0.0317562 0
1.07 0.85 0.642131 0.0296302 0
1.075 0.86 0.650069 0.0263656 0
1.08 0.86 0.650138 0.0246403 0
1.085 0.86 0.651423 0.026822 0
1.09 0.865 0.658437 0.0212559 0
1.095 0.865 0.657921 0.0193628 0
1.1 0.865 0.657905 0.0223598 0
1.105 0.865 0.663333 0.0225657 0
1.11 0.865 0.669533 0.0175823 0
1.115 0.87 0.668129 0.0173503 0
1.12 0.875 0.661191 0.0154503 0
1.125 0.875 0.675953 0.0173828 0
1.13 0.875 0.675873 0.0159585 0
1.135 0.875 0.67721 0.0191558 0
1.14 0.875 0.678175 0.0172496 0
1.145 0.88 0.68576 0.0182489 0
1.15 0.885 0.682852 0.0188997 0
1.155 0.885 0.683171 0.0181382 0
1.16 0.89 0.690917 0.0141612 0
1.165 0.89 0.71987 0.0174727 0
1.17 0.89 0.724253 0.0191554 0
1.175 0.89 0.723518 0.0161283 0
1.18 0.89 0.724953 0.0135819 0
1.185 0.89 0.723418 0.0191619 0
1.19 0.89 0.729039 0.0166144 0
1.195 0.895 0.728483 0.014311 0
1.2 0.895 0.723185 0.0194446 0
1.205 0.9 0.731018 0.0169641 0
1.21 0.9 0.743576 0.0148239 0
1.215 0.9 0.735382 0.0161697 0
1.22 0.905 0.734114 0.0152742 0
1.225 0.905 0.749406 0.013357 0
1.23 0.905 0.736334 0.0156513 0
1.235 0.905 0.744492 0.0151432 0
1.24 0.905 0.757871 0.0151209 0
1.245 0.905 0.746651 0.0156642 0
1.25 0.91 0.761267 0.0128671 0
1.255 0.91 0.754947 0.0143902 0
1.26 0.91 0.77322 0.0127285 0
1.265 0.91 0.77202 0.0136515 0
1.27 0.91 0.786133 0.0138925 0
1.275 0.91 0.77859 0.0146203 0
1.28 0.91 0.778656 0.0131844 0
1.285 0.91 0.787486 0.0156578 0
1.29 0.91 0.774421 0.0163785 0
1.295 0.91 0.793265 0.0143334 0
1.3 0.91 0.78039 0.0126088 0
1.305 0.91 0.792529 0.0170078 0
1.31 0.91 0.787654 0.013528 0
1.315 0.91 0.788144 0.0133917 0
1.32 0.91 0.798713 0.0119491 0
1.325 0.91 0.782568 0.0144639 0
1.33 0.91 0.800361 0.0127036 0
1.335 0.91 0.786627 0.016636 0
1.34 0.91 0.799491 0.0155443 0
1.345 0.91 0.79742 0.0142744 0
1.35 0.91 0.794758 0.0156451 0
1.355 0.91 0.804639 0.0180628 0
1.36 0.915 0.796664 0.0154687 0
1.365 0.915 0.818254 0.0131113 0
1.37 0.915 0.80274 0.0116897 0
1.375 0.915 0.818911 0.0113329 0
1.38 0.915 0.807013 0.0116166 0
1.385 0.915 0.823604 0.0138546 0
1.39 0.915 0.831511 0.0119222 0
1.395 0.92 0.848245 0.0147515 0
1.4 0.92 0.831365 0.0128569 0
1.405 0.92 0.837953 0.0125207 0
1.41 0.92 0.850513 0.0150405 0
1.415 0.92 0.835687 0.0109916 0
1.42 0.92 0.847435 0.0119134 0
1.425 0.925 0.866128 0.013937 0
1.43 0.925 0.867203 0.0155235 0
1.435 0.925 0.85596 0.0123847 0
1.44 0.925 0.853683 0.0158158 0
1.445 0.93 0.866493 0.0145149 0
1.45 0.93 0.873997 0.0138672 0
1.455 0.93 0.87812 0.0148848 0
1.46 0.93 0.875204 0.0109069 0
1.465 0.93 0.868231 0.0130823 0
1.47 0.935 0.870568 0.00999564 0
1.475 0.935 0.873743 0.0117098 0
1.48 0.935 0.880718 0.00974558 0
1.485 0.935 0.88871 0.012029 0
1.49 0.935 0.893271 0.0113277 0
1.495 0.94 0.9003 0.0110465 0
1.5 0.94 0.900729 0.0135314 0
