# Relevant parameters to reproduce this network:
# node_nr=200	 k_max=20
# initial_seed=1557414222	 delta_t=0.1	 max_steps=3000	 in_between=0
# fg_m=1	 fg_alpha=0	 fg_t_min=0	 fg_t_max=10	 fg_t_number=2000	 fg_weff_lower_frequency=-1e+08	 fg_weff_max_steps=3000	 fg_weff_in_between=0
# K Giant_component <r> sigma_r*sqrt(NODE_NR) clustering
0 0.01 0.057036 0.0300558 0
0.005 0.01 0.0604351 0.0335123 0
0.01 0.01 0.0563898 0.0313141 0
0.015 0.01 0.0661185 0.0360058 0
0.02 0.01 0.0662301 0.0338724 0
0.025 0.01 0.0625401 0.0341239 0
0.03 0.01 0.0639761 0.0335429 0
0.035 0.01 0.0700111 0.03769 0
0.04 0.01 0.065589 0.0313881 0
0.045 0.01 0.0628452 0.0280783 0
0.05 0.01 0.0661033 0.0332547 0
0.055 0.01 0.0710639 0.0343099 0
0.06 0.015 0.0616339 0.0323512 0
0.065 0.015 0.058914 0.0302506 0
0.07 0.015 0.0634249 0.0265496 0
0.075 0.015 0.0649621 0.0332666 0
0.08 0.015 0.0606104 0.0320304 0
0.085 0.015 0.0616621 0.0309416 0
0.09 0.015 0.0663875 0.035984 0
0.095 0.015 0.0554158 0.0331539 0
0.1 0.015 0.066642 0.0355799 0
0.105 0.015 0.0712763 0.0363377 0
0.11 0.015 0.0720666 0.0341351 0
0.115 0.015 0.0642116 0.0332068 0
0.12 0.015 0.0719278 0.0336417 0
0.125 0.015 0.0645947 0.030937 0
0.13 0.015 0.0668149 0.035059 0
0.135 0.015 0.0682394 0.0316259 0
0.14 0.015 0.0762098 0.0343324 0
0.145 0.015 0.0773916 0.0440076 0
0.15 0.015 0.0651225 0.0346412 0
0.155 0.015 0.0700411 0.03392 0
0.16 0.02 0.0697188 0.0339233 0
0.165 0.02 0.0588039 0.0313601 0
0.17 0.02 0.0735488 0.0349028 0
0.175 0.02 0.0611091 0.0338783 0
0.18 0.02 0.0719383 0.0367969 0
0.185 0.02 0.0811529 0.0381762 0
0.19 0.02 0.0732617 0.042316 0
0.195 0.02 0.0724645 0.0371902 0
0.2 0.02 0.0679312 0.0400053 0
0.205 0.02 0.0746372 0.0342816 0
0.21 0.03 0.0747483 0.0372963 0
0.215 0.03 0.0790361 0.0425496 0
0.22 0.03 0.0774943 0.0404696 0
0.225 0.03 0.0688167 0.0374071 0
0.23 0.04 0.0793211 0.043977 0
0.235 0.04 0.0645448 0.0335834 0
0.24 0.04 0.0804857 0.0383752 0
0.245 0.04 0.0794886 0.0439232 0
0.25 0.04 0.0661759 0.037447 0
0.255 0.04 0.0670535 0.032249 0
0.26 0.04 0.0673053 0.0333079 0
0.265 0.05 0.0827749 0.0424565 0
0.27 0.055 0.0696826 0.0364547 0
0.275 0.055 0.0709271 0.0343781 0
0.28 0.055 0.0757667 0.0381051 0
0.285 0.055 0.0907042 0.0454832 0
0.29 0.055 0.0797883 0.0412892 0
0.295 0.055 0.0755458 0.04728 0
0.3 0.055 0.083277 0.0450294 0
0.305 0.055 0.0676157 0.035997 0
0.31 0.055 0.0719141 0.0381966 0
0.315 0.055 0.0837538 0.0425422 0
0.32 0.055 0.0812193 0.0382471 0
0.325 0.06 0.0791768 0.0419564 0
0.33 0.06 0.0854852 0.0395554 0
0.335 0.06 0.0705766 0.0461184 0
0.34 0.06 0.0666855 0.0329251 0
0.345 0.065 0.0749222 0.0428075 0
0.35 0.08 0.0827759 0.0444712 0
0.355 0.09 0.0835426 0.0397788 0
0.36 0.09 0.0785976 0.0417849 0
0.365 0.09 0.0798459 0.0355666 0
0.37 0.095 0.0816887 0.0428886 0
0.375 0.095 0.0835425 0.0446237 0
0.38 0.105 0.0909228 0.0436653 0
0.385 0.105 0.0802962 0.038965 0
0.39 0.105 0.0884227 0.0435167 0
0.395 0.105 0.0811177 0.0439202 0
0.4 0.105 0.0984827 0.0453349 0
0.405 0.105 0.0898014 0.0417743 0
0.41 0.105 0.0746121 0.0426879 0
0.415 0.105 0.0854421 0.046619 0
0.42 0.125 0.0841353 0.0439402 0
0.425 0.13 0.0744218 0.031776 0
0.43 0.14 0.0817868 0.0480317 0
0.435 0.14 0.0831392 0.0425545 0
0.44 0.14 0.085891 0.0431228 0
0.445 0.14 0.0908553 0.0517838 0
0.45 0.14 0.0828864 0.0461327 0
0.455 0.155 0.0868204 0.0389974 0
0.46 0.155 0.0960261 0.0482465 0
0.465 0.155 0.0790645 0.0413701 0
0.47 0.155 0.0788087 0.0473045 0
0.475 0.155 0.0850222 0.0397359 0
0.48 0.155 0.0890869 0.0421395 0
0.485 0.155 0.0958806 0.0462587 0
0.49 0.165 0.0846382 0.0476717 0
0.495 0.185 0.0922901 0.0475848 0
0.5 0.185 0.099025 0.050956 0
0.505 0.185 0.0855504 0.0433342 0
0.51 0.185 0.0836336 0.0398037 0
0.515 0.19 0.0889055 0.0451204 0
0.52 0.195 0.0846684 0.0412955 0
0.525 0.205 0.0796624 0.0429293 0
0.53 0.205 0.0900741 0.0469862 0
0.535 0.205 0.093092 0.0489574 0
0.54 0.205 0.0923605 0.0463114 0
0.545 0.215 0.083484 0.0441325 0
0.55 0.215 0.0940496 0.0433243 0
0.555 0.215 0.107057 0.0516423 0
0.56 0.215 0.0882438 0.0482406 0
0.565 0.215 0.0831388 0.0473488 0
0.57 0.215 0.097188 0.0459773 0
0.575 0.31 0.0940068 0.0457281 0
0.58 0.31 0.0827335 0.0464778 0
0.585 0.32 0.0924505 0.0438194 0
0.59 0.335 0.0980414 0.0418246 0
0.595 0.34 0.100284 0.0491873 0
0.6 0.34 0.100019 0.0482972 0
0.605 0.355 0.104752 0.0474303 0
0.61 0.38 0.0895248 0.0388287 0
0.615 0.38 0.0990302 0.0508309 0
0.62 0.4 0.101942 0.0539217 0
0.625 0.4 0.0970198 0.0499327 0
0.63 0.41 0.0802513 0.0417081 0
0.635 0.41 0.0918297 0.0416619 0
0.64 0.45 0.115612 0.05571 0
0.645 0.45 0.114903 0.0608603 0
0.65 0.45 0.113332 0.0486338 0
0.655 0.46 0.102325 0.0558837 0
0.66 0.465 0.110271 0.0534904 0
0.665 0.48 0.115669 0.0504445 0
0.67 0.49 0.0932901 0.0461257 0
0.675 0.495 0.0989594 0.0564155 0
0.68 0.5 0.105864 0.0611391 0
0.685 0.505 0.118814 0.0583032 0
0.69 0.51 0.108597 0.0589223 0
0.695 0.51 0.116413 0.0588907 0
0.7 0.515 0.127205 0.055934 0
0.705 0.515 0.110719 0.0469737 0
0.71 0.53 0.105323 0.0501857 0
0.715 0.53 0.111102 0.0584914 0
0.72 0.53 0.108102 0.0513479 0
0.725 0.535 0.113351 0.045744 0
0.73 0.535 0.111698 0.0535795 0
0.735 0.54 0.116831 0.0493583 0
0.74 0.54 0.112426 0.0628616 0
0.745 0.54 0.109004 0.0628948 0
0.75 0.545 0.117714 0.0709939 0
0.755 0.55 0.116234 0.0552363 0
0.76 0.55 0.112409 0.0579362 0
0.765 0.605 0.114363 0.0636513 0
0.77 0.605 0.121765 0.0623051 0
0.775 0.605 0.11637 0.0600628 0
0.78 0.605 0.109049 0.0629589 0
0.785 0.605 0.100638 0.0471026 0
0.79 0.605 0.109824 0.0592573 0
0.795 0.605 0.107715 0.0571722 0
0.8 0.61 0.102278 0.0523107 0
0.805 0.61 0.120809 0.0614464 0
0.81 0.615 0.127567 0.0656894 0
0.815 0.675 0.115694 0.0591685 0
0.82 0.68 0.10509 0.0552349 0
0.825 0.68 0.113973 0.0602209 0
0.83 0.68 0.13507 0.0521903 0
0.835 0.725 0.135908 0.066316 0
0.84 0.725 0.137762 0.0641579 0
0.845 0.73 0.12814 0.0563286 0
0.85 0.75 0.123785 0.0555178 0
0.855 0.75 0.13193 0.0627632 0
0.86 0.75 0.147528 0.0673984 0
0.865 0.75 0.127637 0.0646132 0
0.87 0.75 0.140554 0.0507262 0
0.875 0.75 0.127685 0.0712004 0
0.88 0.75 0.12124 0.0641032 0
0.885 0.75 0.148798 0.0658625 0
0.89 0.75 0.114617 0.0500044 0
0.895 0.755 0.139122 0.0713597 0
0.9 0.76 0.13633 0.0667856 0
0.905 0.76 0.142165 0.0536293 0
0.91 0.785 0.151114 0.0731245 0
0.915 0.785 0.120221 0.0661699 0
0.92 0.79 0.151177 0.0747388 0
0.925 0.79 0.154944 0.0674476 0
0.93 0.79 0.176446 0.0688371 0
0.935 0.795 0.178682 0.0791772 0
0.94 0.8 0.141225 0.0688305 0
0.945 0.8 0.135476 0.065811 0
0.95 0.8 0.147652 0.0644189 0
0.955 0.81 0.161753 0.0787226 0
0.96 0.82 0.151686 0.0716208 0
0.965 0.82 0.153325 0.0674743 0
0.97 0.825 0.166693 0.0678654 0
0.975 0.83 0.171915 0.0876484 0
0.98 0.835 0.150942 0.0809145 0
0.985 0.845 0.201777 0.0889504 0
0.99 0.85 0.161923 0.0697331 0
0.995 0.855 0.195415 0.078598 0
1 0.855 0.196607 0.0877047 0
1.005 0.865 0.200778 0.0720731 0
1.01 0.865 0.173547 0.0723095 0
1.015 0.865 0.194367 0.0853158 0
1.02 0.87 0.173598 0.0932328 0
1.025 0.87 0.171056 0.0705413 0
1.03 0.87 0.162306 0.0683684 0
1.035 0.87 0.165019 0.0605686 0
1.04 0.87 0.187563 0.0706383 0
1.045 0.87 0.202717 0.0821953 0
1.05 0.87 0.158377 0.0651736 0
1.055 0.875 0.212226 0.079766 0
1.06 0.875 0.164489 0.0651421 0
1.065 0.88 0.168431 0.0675431 0
1.07 0.88 0.140072 0.0672766 0
1.075 0.88 0.211735 0.0687503 0
1.08 0.88 0.193378 0.0754705 0
1.085 0.88 0.135339 0.0629392 0
1.09 0.885 0.155602 0.0726381 0
1.095 0.89 0.180205 0.0788039 0
1.1 0.89 0.180473 0.0772849 0
1.105 0.89 0.156188 0.0693119 0
1.11 0.89 0.181381 0.0753699 0
1.115 0.895 0.191121 0.0801336 0
1.12 0.895 0.234903 0.0775067 0
1.125 0.895 0.228842 0.0755402 0
1.13 0.9 0.157288 0.0630503 0
1.135 0.91 0.213796 0.0792959 0
1.14 0.91 0.194068 0.0921486 0
1.145 0.91 0.173065 0.0841091 0
1.15 0.915 0.220024 0.103153 0
1.155 0.915 0.265545 0.101534 0
1.16 0.915 0.21474 0.0911647 0
1.165 0.915 0.213876 0.096584 0
1.17 0.92 0.276688 0.0946643 0
1.175 0.92 0.266331 0.0829266 0
1.18 0.92 0.245776 0.079166 0
1.185 0.92 0.24449 0.119803 0
1.19 0.92 0.257719 0.0734895 0
1.195 0.92 0.257277 0.0766494 0
1.2 0.92 0.265997 0.0920274 0
1.205 0.92 0.259699 0.0880945 0
1.21 0.92 0.303432 0.0760957 0
1.215 0.92 0.272298 0.0825858 0
1.22 0.925 0.264186 0.0946834 0
1.225 0.925 0.323346 0.0692283 0
1.23 0.925 0.334944 0.0661644 0
1.235 0.925 0.357413 0.0796905 0
1.24 0.925 0.390593 0.079403 0
1.245 0.925 0.368432 0.0670108 0
1.25 0.925 0.353498 0.101427 0
1.255 0.925 0.392991 0.0740212 0
1.26 0.925 0.406396 0.07342 0
1.265 0.925 0.416969 0.0689488 0
1.27 0.925 0.416065 0.0739781 0
1.275 0.925 0.409288 0.0748691 0
1.28 0.925 0.418884 0.0698031 0
1.285 0.93 0.402322 0.0755476 0
1.29 0.93 0.419044 0.0639559 0
1.295 0.93 0.428507 0.0649121 0
1.3 0.93 0.434666 0.05551 0
1.305 0.935 0.428547 0.0664213 0
1.31 0.935 0.417714 0.0588144 0
1.315 0.935 0.421605 0.0591566 0
1.32 0.935 0.432281 0.0649338 0
1.325 0.935 0.432662 0.0613939 0
1.33 0.935 0.417807 0.0644694 0
1.335 0.935 0.423261 0.0495387 0
1.34 0.935 0.43241 0.0635623 0
1.345 0.935 0.451501 0.062787 0
1.35 0.935 0.498623 0.0473555 0
1.355 0.935 0.516974 0.050394 0
1.36 0.935 0.509673 0.0475734 0
1.365 0.935 0.514799 0.0484988 0
1.37 0.935 0.514909 0.0446591 0
1.375 0.935 0.514143 0.0426947 0
1.38 0.935 0.521 0.0562744 0
1.385 0.935 0.525828 0.0442496 0
1.39 0.935 0.536023 0.0428466 0
1.395 0.935 0.518714 0.0530311 0
1.4 0.935 0.510472 0.0536795 0
1.405 0.935 0.520117 0.0584585 0
1.41 0.935 0.529335 0.0502535 0
1.415 0.945 0.510979 0.0458223 0
1.42 0.945 0.522077 0.066865 0
1.425 0.95 0.519082 0.0514383 0
1.43 0.95 0.51149 0.0606386 0
1.435 0.95 0.509407 0.063184 0
1.44 0.95 0.502904 0.0569482 0
1.445 0.95 0.46747 0.0904606 0
1.45 0.95 0.467164 0.0697176 0
1.455 0.95 0.423271 0.0860401 0
1.46 0.95 0.397687 0.0960836 0
1.465 0.95 0.530435 0.0594086 0
1.47 0.95 0.520313 0.0612179 0
1.475 0.95 0.461132 0.101734 0
1.48 0.95 0.561211 0.0423905 0
1.485 0.95 0.563277 0.0369213 0
1.49 0.95 0.571666 0.0455841 0
1.495 0.95 0.562399 0.0484738 0
1.5 0.95 0.562932 0.0485536 0
1.505 0.95 0.522487 0.0530848 0
1.51 0.95 0.476802 0.0732976 0
1.515 0.955 0.515274 0.0568584 0
1.52 0.955 0.530692 0.0573163 0
1.525 0.955 0.488294 0.0685557 0
1.53 0.955 0.542656 0.0662915 0
1.535 0.955 0.536816 0.0589465 0
1.54 0.96 0.55762 0.0515798 0
1.545 0.965 0.551128 0.05736 0
1.55 0.965 0.519201 0.0526322 0
1.555 0.97 0.539862 0.0489935 0
1.56 0.97 0.561789 0.049383 0
1.565 0.97 0.554122 0.0532712 0
1.57 0.97 0.553676 0.050348 0
1.575 0.97 0.579255 0.0379659 0
1.58 0.97 0.596668 0.0367704 0
1.585 0.97 0.571503 0.0342952 0
1.59 0.97 0.573121 0.0443578 0
1.595 0.97 0.599791 0.0383073 0
1.6 0.97 0.607586 0.0405144 0
1.605 0.97 0.626326 0.0383022 0
1.61 0.97 0.629122 0.0314829 0
1.615 0.97 0.634568 0.0349018 0
1.62 0.97 0.633127 0.0358109 0
1.625 0.97 0.63661 0.0366476 0
1.63 0.97 0.637663 0.0310112 0
1.635 0.975 0.635972 0.0366962 0
1.64 0.975 0.647084 0.0490964 0
1.645 0.975 0.648609 0.0397041 0
1.65 0.975 0.650672 0.0395676 0
1.655 0.975 0.658655 0.0401252 0
1.66 0.975 0.657964 0.0411068 0
1.665 0.975 0.667756 0.0373235 0
1.67 0.975 0.661701 0.039007 0
1.675 0.975 0.666998 0.0383365 0
1.68 0.975 0.676705 0.0379431 0
1.685 0.98 0.675227 0.0340509 0
1.69 0.98 0.674663 0.0345655 0
1.695 0.98 0.685571 0.0313256 0
1.7 0.98 0.682499 0.0309979 0
1.705 0.98 0.678182 0.0327628 0
1.71 0.98 0.682455 0.0333213 0
1.715 0.985 0.682161 0.0327279 0
1.72 0.985 0.683369 0.0364004 0
1.725 0.985 0.690122 0.0324448 0
1.73 0.985 0.700244 0.0368524 0
1.735 0.99 0.7041 0.0313761 0
1.74 0.99 0.699548 0.0312631 0
1.745 0.99 0.701189 0.0310878 0
1.75 0.99 0.705716 0.0321135 0
1.755 0.99 0.707369 0.0321382 0
1.76 0.99 0.700237 0.0273014 0
1.765 0.99 0.70216 0.0291935 0
1.77 0.99 0.703294 0.0204334 0
1.775 0.99 0.709085 0.0294093 0
1.78 0.99 0.717538 0.0247923 0
1.785 0.99 0.713113 0.0250033 0
1.79 0.99 0.712854 0.0274527 0
1.795 0.99 0.716222 0.0308139 0
1.8 0.99 0.718919 0.0302769 0
1.805 0.99 0.719296 0.0289942 0
1.81 0.99 0.718808 0.0243225 0
1.815 0.99 0.717613 0.0297182 0
1.82 0.99 0.71695 0.0273252 0
1.825 0.99 0.716547 0.028315 0
1.83 0.99 0.719109 0.0265972 0
1.835 0.99 0.717141 0.02466 0
1.84 0.99 0.722463 0.0263467 0
1.845 0.99 0.726627 0.0270914 0
1.85 0.99 0.728213 0.0258896 0
1.855 0.99 0.729941 0.0277534 0
1.86 0.99 0.731035 0.0264474 0
1.865 0.99 0.731389 0.0218074 0
1.87 0.99 0.734838 0.022393 0
1.875 0.99 0.734324 0.023257 0
1.88 0.99 0.735923 0.0241452 0
1.885 0.99 0.734156 0.0217217 0
1.89 0.99 0.734954 0.0253863 0
1.895 0.99 0.738007 0.0265577 0
1.9 0.99 0.738838 0.0225375 0
1.905 0.99 0.739046 0.0250228 0
1.91 0.99 0.745413 0.024679 0
1.915 0.99 0.743347 0.0256037 0
1.92 0.99 0.745222 0.0224692 0
1.925 0.99 0.747461 0.0227468 0
1.93 0.99 0.745354 0.0206597 0
1.935 0.99 0.75232 0.0166728 0
1.94 0.99 0.763161 0.0138617 0
1.945 0.99 0.766245 0.0171865 0
1.95 0.99 0.770275 0.0129449 0
1.955 0.99 0.769001 0.0142386 0
1.96 0.99 0.769731 0.0161169 0
1.965 0.99 0.772767 0.0183205 0
1.97 0.99 0.77194 0.0163574 0
1.975 0.99 0.775036 0.0144688 0
1.98 0.99 0.780015 0.0124538 0
1.985 0.99 0.779646 0.0132332 0
1.99 0.99 0.779875 0.0142121 0
1.995 0.99 0.787577 0.0163975 0
2 0.99 0.788294 0.0181676 0
2.005 0.99 0.788842 0.0129079 0
2.01 0.99 0.794972 0.0139698 0
2.015 0.99 0.795826 0.0130226 0
2.02 0.99 0.795601 0.0157247 0
2.025 0.99 0.803078 0.015751 0
2.03 0.99 0.809057 0.0158989 0
2.035 0.99 0.811791 0.0172611 0
2.04 0.99 0.819271 0.0123805 0
2.045 0.99 0.819015 0.0100828 0
2.05 0.99 0.821477 0.0121361 0
2.055 0.99 0.825964 0.0117564 0
2.06 0.99 0.830287 0.0129646 0
2.065 0.99 0.829602 0.0152505 0
2.07 0.99 0.833295 0.0155425 0
2.075 0.99 0.837713 0.0140401 0
2.08 0.99 0.847459 0.0119222 0
2.085 0.99 0.847458 0.0117803 0
2.09 0.99 0.847279 0.0110741 0
2.095 0.99 0.850799 0.0123404 0
2.1 0.99 0.851022 0.0115633 0
2.105 0.99 0.851265 0.0113877 0
2.11 0.99 0.852771 0.011247 0
2.115 0.99 0.854107 0.0115125 0
2.12 0.99 0.854702 0.0118788 0
2.125 0.99 0.855306 0.011047 0
2.13 0.99 0.855896 0.0118027 0
2.135 0.995 0.852607 0.0105457 0
2.14 0.995 0.860772 0.0117135 0
2.145 0.995 0.861708 0.0122296 0
2.15 0.995 0.86303 0.00743951 0
2.155 0.995 0.863676 0.0121808 0
2.16 0.995 0.864854 0.00954752 0
2.165 0.995 0.8658 0.00916726 0
2.17 0.995 0.867291 0.0105067 0
2.175 0.995 0.868133 0.00873312 0
2.18 0.995 0.868587 0.00913781 0
2.185 1 0.871118 0.00980311 0
2.19 1 0.872601 0.00879077 0
2.195 1 0.878751 0.00889907 0
2.2 1 0.878945 0.00895171 0
2.205 1 0.88037 0.00910148 0
2.21 1 0.880391 0.0092949 0
2.215 1 0.882067 0.0088037 0
2.22 1 0.882486 0.00910899 0
2.225 1 0.882665 0.0095894 0
2.23 1 0.882521 0.00945103 0
2.235 1 0.884157 0.0087447 0
2.24 1 0.883925 0.00883681 0
2.245 1 0.884899 0.00914444 0
2.25 1 0.884988 0.00953872 0
2.255 1 0.887814 0.00883777 0
2.26 1 0.888507 0.00569772 0
2.265 1 0.888214 0.00524019 0
2.27 1 0.889193 0.00525368 0
2.275 1 0.889367 0.00550424 0
2.28 1 0.889136 0.00529138 0
2.285 1 0.889769 0.00550729 0
2.29 1 0.890222 0.00554542 0
2.295 1 0.890491 0.00530026 0
2.3 1 0.890508 0.0055399 0
2.305 1 0.890655 0.00530717 0
2.31 1 0.890452 0.00522868 0
2.315 1 0.890804 0.00549287 0
2.32 1 0.890842 0.00513631 0
2.325 1 0.89102 0.00551455 0
2.33 1 0.890887 0.00549057 0
2.335 1 0.892857 0.0053872 0
2.34 1 0.892787 0.00560614 0
2.345 1 0.892753 0.00548691 0
2.35 1 0.893017 0.00530626 0
2.355 1 0.898348 0.00367339 0
2.36 1 0.898385 0.00344819 0
2.365 1 0.8984 0.0034801 0
2.37 1 0.898602 0.00346515 0
2.375 1 0.898803 0.00350018 0
2.38 1 0.899063 0.00347957 0
2.385 1 0.899042 0.00350612 0
2.39 1 0.899016 0.0034776 0
2.395 1 0.902229 0.000264948 0
2.4 1 0.902237 3.59678e-06 0
2.405 1 0.902501 1.36221e-05 0
2.41 1 0.905351 0.00020748 0
2.415 1 0.905485 7.51093e-06 0
2.42 1 0.910483 0.000306274 0
2.425 1 0.910978 1.80951e-05 0
2.43 1 0.911384 3.37494e-05 0
2.435 1 0.912726 6.94327e-05 0
2.44 1 0.912744 2.29288e-06 0
2.445 1 0.912485 5.15078e-05 0
2.45 1 0.912471 5.95752e-06 0
2.455 1 0.912468 3.41833e-07 0
2.46 1 0.915443 0.000181368 0
2.465 1 0.915547 5.06339e-06 0
2.47 1 0.915685 5.82986e-06 0
2.475 1 0.919167 0.000311753 0
2.48 1 0.9223 0.000187265 0
2.485 1 0.922999 4.49073e-05 0
2.49 1 0.923406 2.64253e-05 0
2.495 1 0.923662 1.39236e-05 0
2.5 1 0.924831 6.12379e-05 0
2.505 1 0.927397 0.000231309 0
2.51 1 0.927984 4.05032e-05 0
2.515 1 0.928233 1.67249e-05 0
2.52 1 0.929481 8.32243e-05 0
2.525 1 0.929495 1.92567e-07 0
2.53 1 0.930146 3.36455e-05 0
2.535 1 0.930931 6.36589e-05 0
2.54 1 0.930929 1.29131e-06 0
2.545 1 0.934122 0.000248224 0
2.55 1 0.934184 1.45033e-06 0
2.555 1 0.934183 4.41604e-07 0
2.56 1 0.934541 1.94171e-05 0
2.565 1 0.934564 1.07358e-06 0
2.57 1 0.935355 6.07588e-05 0
2.575 1 0.93534 5.08473e-06 0
2.58 1 0.935353 1.30793e-06 0
2.585 1 0.935344 8.44671e-07 0
2.59 1 0.935664 2.4739e-05 0
2.595 1 0.935672 6.43286e-07 0
2.6 1 0.936239 3.6954e-05 0
2.605 1 0.936243 2.64907e-07 0
2.61 1 0.936274 1.41398e-06 0
2.615 1 0.936276 4.06418e-07 0
2.62 1 0.936911 4.44743e-05 0
2.625 1 0.936913 2.29386e-07 0
2.63 1 0.936941 2.0356e-06 0
2.635 1 0.937153 1.10746e-05 0
2.64 1 0.938841 0.000103007 0
2.645 1 0.938873 1.50665e-06 0
2.65 1 0.938993 6.7777e-06 0
2.655 1 0.939072 4.58001e-06 0
2.66 1 0.939265 1.0053e-05 0
2.665 1 0.939266 1.80444e-07 0
2.67 1 0.939802 2.91263e-05 0
2.675 1 0.939791 1.29314e-06 0
2.68 1 0.939865 2.31831e-06 0
2.685 1 0.940079 1.15736e-05 0
2.69 1 0.941081 7.3801e-05 0
2.695 1 0.941049 4.94672e-06 0
2.7 1 0.941294 1.5939e-05 0
2.705 1 0.941304 6.92903e-07 0
2.71 1 0.941322 1.87713e-06 0
2.715 1 0.941409 5.91082e-06 0
2.72 1 0.94141 1.43411e-07 0
2.725 1 0.941631 1.32851e-05 0
2.73 1 0.941696 4.22172e-06 0
2.735 1 0.941762 3.13208e-06 0
2.74 1 0.941767 1.7173e-07 0
2.745 1 0.942301 3.67312e-05 0
2.75 1 0.943771 7.48383e-05 0
2.755 1 0.943817 2.39076e-06 0
2.76 1 0.944186 1.98531e-05 0
2.765 1 0.94444 1.76823e-05 0
2.77 1 0.944454 9.15783e-07 0
2.775 1 0.945186 5.44786e-05 0
2.78 1 0.945256 3.41799e-06 0
2.785 1 0.945328 2.41125e-06 0
2.79 1 0.945432 5.59889e-06 0
2.795 1 0.946217 3.45045e-05 0
2.8 1 0.946287 4.6072e-06 0
2.805 1 0.946693 2.36907e-05 0
2.81 1 0.947075 1.72461e-05 0
2.815 1 0.946985 1.13827e-05 0
2.82 1 0.947183 8.99533e-06 0
2.825 1 0.947634 2.41447e-05 0
2.83 1 0.947677 2.95049e-06 0
2.835 1 0.947665 3.93627e-06 0
2.84 1 0.947668 1.87137e-07 0
2.845 1 0.947697 4.01792e-06 0
2.85 1 0.94814 2.33261e-05 0
2.855 1 0.948598 2.16317e-05 0
2.86 1 0.94861 5.97677e-07 0
2.865 1 0.948639 1.01631e-05 0
2.87 1 0.94902 1.83038e-05 0
2.875 1 0.950079 5.8946e-05 0
2.88 1 0.950211 4.10026e-06 0
2.885 1 0.950288 3.45219e-06 0
2.89 1 0.951001 4.14644e-05 0
2.895 1 0.951665 3.52074e-05 0
2.9 1 0.95167 -nan 0
2.905 1 0.951674 3.68842e-07 0
2.91 1 0.951762 7.79016e-06 0
2.915 1 0.95181 3.23985e-06 0
2.92 1 0.951808 1.93656e-06 0
2.925 1 0.951798 1.70437e-06 0
2.93 1 0.951823 1.01689e-06 0
2.935 1 0.951822 7.76313e-07 0
2.94 1 0.951935 8.38515e-06 0
2.945 1 0.951947 5.58685e-07 0
2.95 1 0.952012 4.1097e-06 0
2.955 1 0.952204 1.16482e-05 0
2.96 1 0.952229 4.037