# Relevant parameters to reproduce this network:
# node_nr=200	 k_max=20
# initial_seed=1557414222	 delta_t=0.1	 max_steps=3000	 in_between=0
# fg_m=1	 fg_alpha=0	 fg_t_min=0	 fg_t_max=10	 fg_t_number=2000	 fg_weff_lower_frequency=-1e+08	 fg_weff_max_steps=3000	 fg_weff_in_between=0
# K Giant_component <r> sigma_r*sqrt(NODE_NR) clustering
0 0.01 0.0560622 0.0297688 0
0.005 0.01 0.0607496 0.0330984 0
0.01 0.01 0.0555211 0.0295838 0
0.015 0.01 0.0649418 0.0340055 0
0.02 0.01 0.0617487 0.031854 0
0.025 0.01 0.0616282 0.0343318 0
0.03 0.01 0.0623826 0.0321345 0
0.035 0.01 0.0698835 0.0335235 0
0.04 0.01 0.0670482 0.0333716 0
0.045 0.01 0.060917 0.0272667 0
0.05 0.01 0.0660097 0.031955 0
0.055 0.01 0.0694458 0.0346072 0
0.06 0.015 0.0606507 0.032491 0
0.065 0.015 0.0653625 0.0307467 0
0.07 0.015 0.0620096 0.0311738 0
0.075 0.015 0.0643353 0.0319885 0
0.08 0.015 0.0530757 0.0306579 0
0.085 0.015 0.0621293 0.0328593 0
0.09 0.015 0.063208 0.0328373 0
0.095 0.015 0.054801 0.0294948 0
0.1 0.015 0.066617 0.035322 0
0.105 0.015 0.0683881 0.0317144 0
0.11 0.015 0.0705349 0.0365847 0
0.115 0.015 0.0661643 0.0287234 0
0.12 0.015 0.0742172 0.0353091 0
0.125 0.015 0.0681958 0.0343793 0
0.13 0.015 0.069106 0.0354659 0
0.135 0.015 0.0682537 0.0361143 0
0.14 0.015 0.0706785 0.0309745 0
0.145 0.015 0.071005 0.0425566 0
0.15 0.015 0.0597143 0.0365913 0
0.155 0.015 0.072963 0.0394426 0
0.16 0.02 0.0644033 0.030887 0
0.165 0.02 0.0653702 0.0315529 0
0.17 0.02 0.0685481 0.0349965 0
0.175 0.02 0.0667389 0.0304965 0
0.18 0.02 0.075825 0.0385764 0
0.185 0.02 0.0703565 0.034635 0
0.19 0.02 0.0693478 0.0361821 0
0.195 0.02 0.0695384 0.0394981 0
0.2 0.02 0.0674052 0.0344982 0
0.205 0.02 0.0649894 0.0321717 0
0.21 0.03 0.0662276 0.0346905 0
0.215 0.03 0.0711443 0.0369565 0
0.22 0.03 0.0674163 0.0400158 0
0.225 0.03 0.0631591 0.0356314 0
0.23 0.04 0.0715639 0.039675 0
0.235 0.04 0.0595364 0.0319425 0
0.24 0.04 0.0737626 0.0415899 0
0.245 0.04 0.073294 0.0346184 0
0.25 0.04 0.0637997 0.0340042 0
0.255 0.04 0.0683269 0.0302036 0
0.26 0.04 0.0687455 0.0327436 0
0.265 0.05 0.066041 0.0300168 0
0.27 0.055 0.0647035 0.0325118 0
0.275 0.055 0.0573159 0.0306001 0
0.28 0.055 0.0660016 0.0313575 0
0.285 0.055 0.0714155 0.0375206 0
0.29 0.055 0.0705903 0.0337995 0
0.295 0.055 0.0643557 0.0358552 0
0.3 0.055 0.0732742 0.0418346 0
0.305 0.055 0.0659475 0.0351123 0
0.31 0.055 0.0712274 0.0415844 0
0.315 0.055 0.0738481 0.031002 0
0.32 0.055 0.0766835 0.0412495 0
0.325 0.06 0.065646 0.0353331 0
0.33 0.06 0.0680347 0.0365099 0
0.335 0.06 0.0718281 0.0349452 0
0.34 0.06 0.0719752 0.0367509 0
0.345 0.065 0.0704116 0.0359531 0
0.35 0.08 0.0711819 0.0334521 0
0.355 0.09 0.0660278 0.0372943 0
0.36 0.09 0.0712435 0.0370895 0
0.365 0.09 0.0663942 0.0359666 0
0.37 0.095 0.0711438 0.0378138 0
0.375 0.095 0.0657763 0.0371466 0
0.38 0.105 0.0702687 0.0407631 0
0.385 0.105 0.0660377 0.0347264 0
0.39 0.105 0.0756998 0.0361889 0
0.395 0.105 0.0824431 0.0401238 0
0.4 0.105 0.0756652 0.037977 0
0.405 0.105 0.0726519 0.0372189 0
0.41 0.105 0.0651552 0.0331994 0
0.415 0.105 0.0674533 0.0295061 0
0.42 0.125 0.0718257 0.0401026 0
0.425 0.13 0.066749 0.0358049 0
0.43 0.14 0.0698405 0.0339705 0
0.435 0.14 0.0665335 0.0341587 0
0.44 0.14 0.0684873 0.0317971 0
0.445 0.14 0.0720582 0.0370628 0
0.45 0.14 0.0715304 0.0388828 0
0.455 0.155 0.0677523 0.0318152 0
0.46 0.155 0.0736376 0.0387158 0
0.465 0.155 0.0652509 0.0315591 0
0.47 0.155 0.0579163 0.0267532 0
0.475 0.155 0.0715487 0.0372875 0
0.48 0.155 0.0693796 0.0347679 0
0.485 0.155 0.0812968 0.0439308 0
0.49 0.165 0.0790724 0.0388051 0
0.495 0.185 0.0714053 0.0315437 0
0.5 0.185 0.063977 0.0335904 0
0.505 0.185 0.0812681 0.0403739 0
0.51 0.185 0.0749814 0.0365752 0
0.515 0.19 0.0776794 0.0406053 0
0.52 0.195 0.0702111 0.0332459 0
0.525 0.205 0.0770885 0.0373456 0
0.53 0.205 0.0730362 0.0382352 0
0.535 0.205 0.0692839 0.0375268 0
0.54 0.205 0.0810495 0.0422162 0
0.545 0.215 0.0786646 0.039796 0
0.55 0.215 0.0637645 0.0355109 0
0.555 0.215 0.0827284 0.0372518 0
0.56 0.215 0.0696312 0.043061 0
0.565 0.215 0.0750288 0.0373717 0
0.57 0.215 0.0722742 0.0418132 0
0.575 0.31 0.074621 0.0383282 0
0.58 0.31 0.0718749 0.0371134 0
0.585 0.32 0.076844 0.0423712 0
0.59 0.335 0.0704909 0.0335876 0
0.595 0.34 0.0732852 0.0353309 0
0.6 0.34 0.067034 0.03391 0
0.605 0.355 0.0706601 0.0365664 0
0.61 0.38 0.0792774 0.0432438 0
0.615 0.38 0.0707959 0.0342314 0
0.62 0.4 0.0753821 0.0390645 0
0.625 0.4 0.0779589 0.0359508 0
0.63 0.41 0.0741764 0.035436 0
0.635 0.41 0.0755643 0.0394219 0
0.64 0.45 0.0781617 0.0383729 0
0.645 0.45 0.0823882 0.0460577 0
0.65 0.45 0.0770268 0.042144 0
0.655 0.46 0.0779084 0.0441566 0
0.66 0.465 0.0842591 0.043978 0
0.665 0.48 0.0741424 0.0407116 0
0.67 0.49 0.0732619 0.040248 0
0.675 0.495 0.0762317 0.0405521 0
0.68 0.5 0.0842873 0.045208 0
0.685 0.505 0.0735004 0.0415274 0
0.69 0.51 0.0739563 0.0383212 0
0.695 0.51 0.0739766 0.0411815 0
0.7 0.515 0.0732252 0.0433962 0
0.705 0.515 0.0703926 0.0350622 0
0.71 0.53 0.0761545 0.0383159 0
0.715 0.53 0.0824092 0.042572 0
0.72 0.53 0.0866867 0.0421616 0
0.725 0.535 0.073203 0.0386136 0
0.73 0.535 0.0751472 0.0406792 0
0.735 0.54 0.0775171 0.0342807 0
0.74 0.54 0.067952 0.0351275 0
0.745 0.54 0.0880035 0.0414552 0
0.75 0.545 0.0646223 0.0366568 0
0.755 0.55 0.0732338 0.0362463 0
0.76 0.55 0.0736909 0.0367471 0
0.765 0.605 0.072797 0.0344023 0
0.77 0.605 0.0783973 0.0351566 0
0.775 0.605 0.0786621 0.0445839 0
0.78 0.605 0.0827353 0.0420788 0
0.785 0.605 0.0834304 0.0392443 0
0.79 0.605 0.0832655 0.0473631 0
0.795 0.605 0.0794549 0.0382791 0
0.8 0.61 0.0676275 0.0365018 0
0.805 0.61 0.0740281 0.0384091 0
0.81 0.615 0.0778435 0.0402395 0
0.815 0.675 0.0820019 0.0417304 0
0.82 0.68 0.0771078 0.0369747 0
0.825 0.68 0.0783122 0.0438817 0
0.83 0.68 0.0780458 0.0416975 0
0.835 0.725 0.0786098 0.0370208 0
0.84 0.725 0.0735164 0.0348353 0
0.845 0.73 0.0768582 0.0368544 0
0.85 0.75 0.0788894 0.0446682 0
0.855 0.75 0.073882 0.0447281 0
0.86 0.75 0.0678214 0.0361204 0
0.865 0.75 0.0846663 0.0468273 0
0.87 0.75 0.0854129 0.0454717 0
0.875 0.75 0.0659756 0.0346645 0
0.88 0.75 0.0789552 0.0397475 0
0.885 0.75 0.0791474 0.0436076 0
0.89 0.75 0.0836143 0.0404276 0
0.895 0.755 0.080488 0.0397709 0
0.9 0.76 0.0838423 0.0475192 0
0.905 0.76 0.0862333 0.0481089 0
0.91 0.785 0.0793139 0.0434707 0
0.915 0.785 0.0745443 0.0367182 0
0.92 0.79 0.0859503 0.0459972 0
0.925 0.79 0.081227 0.0425288 0
0.93 0.79 0.0798136 0.043692 0
0.935 0.795 0.0846191 0.0396266 0
0.94 0.8 0.077292 0.0393446 0
0.945 0.8 0.0747831 0.0360247 0
0.95 0.8 0.0808767 0.0408825 0
0.955 0.81 0.0837286 0.039975 0
0.96 0.82 0.0660892 0.0313398 0
0.965 0.82 0.0847586 0.0446941 0
0.97 0.825 0.0970394 0.044312 0
0.975 0.83 0.0827529 0.0431089 0
0.98 0.835 0.0900509 0.0457907 0
0.985 0.845 0.0857705 0.0399706 0
0.99 0.85 0.0930435 0.0469783 0
0.995 0.855 0.08289 0.0425755 0
1 0.855 0.0975854 0.0460647 0
1.005 0.865 0.0792282 0.0392405 0
1.01 0.865 0.0838554 0.0397961 0
1.015 0.865 0.0699237 0.0381925 0
1.02 0.87 0.0864382 0.0480303 0
1.025 0.87 0.0935673 0.0468557 0
1.03 0.87 0.0807919 0.0439169 0
1.035 0.87 0.0885479 0.0504626 0
1.04 0.87 0.0899433 0.0441574 0
1.045 0.87 0.0850866 0.0371127 0
1.05 0.87 0.0891517 0.0428547 0
1.055 0.875 0.0781676 0.0417171 0
1.06 0.875 0.086512 0.0431928 0
1.065 0.88 0.0848033 0.03792 0
1.07 0.88 0.0921158 0.0459864 0
1.075 0.88 0.0881013 0.0438653 0
1.08 0.88 0.0846384 0.0397531 0
1.085 0.88 0.0860424 0.0437411 0
1.09 0.885 0.0783797 0.0409586 0
1.095 0.89 0.0874378 0.0443137 0
1.1 0.89 0.082347 0.0387155 0
1.105 0.89 0.0933763 0.0474119 0
1.11 0.89 0.0807784 0.0406515 0
1.115 0.895 0.0747567 0.0411073 0
1.12 0.895 0.089947 0.040645 0
1.125 0.895 0.0841957 0.0363407 0
1.13 0.9 0.0905943 0.0494562 0
1.135 0.91 0.0811777 0.0414731 0
1.14 0.91 0.0964195 0.0417575 0
1.145 0.91 0.0838869 0.0424936 0
1.15 0.915 0.0814295 0.0410886 0
1.155 0.915 0.0925135 0.0480595 0
1.16 0.915 0.0793213 0.0399802 0
1.165 0.915 0.0815972 0.0466007 0
1.17 0.92 0.08873 0.0438153 0
1.175 0.92 0.0780624 0.0379703 0
1.18 0.92 0.0859691 0.045871 0
1.185 0.92 0.101222 0.0551487 0
1.19 0.92 0.0870946 0.047381 0
1.195 0.92 0.0900756 0.0438808 0
1.2 0.92 0.088007 0.0449767 0
1.205 0.92 0.083609 0.0418462 0
1.21 0.92 0.0903873 0.0389676 0
1.215 0.92 0.0846076 0.0458083 0
1.22 0.925 0.0760559 0.0395552 0
1.225 0.925 0.0907478 0.0445426 0
1.23 0.925 0.0887713 0.0481065 0
1.235 0.925 0.0889959 0.0509034 0
1.24 0.925 0.0909272 0.0450162 0
1.245 0.925 0.0969879 0.0413811 0
1.25 0.925 0.0755527 0.0352378 0
1.255 0.925 0.0979238 0.0486808 0
1.26 0.925 0.0896683 0.03692 0
1.265 0.925 0.100377 0.0480757 0
1.27 0.925 0.0897919 0.0471361 0
1.275 0.925 0.0888763 0.0379033 0
1.28 0.925 0.0937873 0.0451002 0
1.285 0.93 0.0919862 0.0491749 0
1.29 0.93 0.097351 0.0498878 0
1.295 0.93 0.0903537 0.040196 0
1.3 0.93 0.0943297 0.0421216 0
1.305 0.935 0.0926773 0.0469815 0
1.31 0.935 0.0978831 0.0495402 0
1.315 0.935 0.0804282 0.0420656 0
1.32 0.935 0.0830963 0.0505574 0
1.325 0.935 0.0881583 0.0389831 0
1.33 0.935 0.0825644 0.0470396 0
1.335 0.935 0.0799792 0.0448247 0
1.34 0.935 0.0883589 0.0457911 0
1.345 0.935 0.105977 0.0506318 0
1.35 0.935 0.0985222 0.0478621 0
1.355 0.935 0.0884047 0.0458733 0
1.36 0.935 0.0810487 0.0405891 0
1.365 0.935 0.0904345 0.0428929 0
1.37 0.935 0.0857198 0.0476879 0
1.375 0.935 0.0872998 0.0417315 0
1.38 0.935 0.0998963 0.057206 0
1.385 0.935 0.0891247 0.0495882 0
1.39 0.935 0.0975711 0.0443094 0
1.395 0.935 0.0916443 0.0442601 0
1.4 0.935 0.0889917 0.045992 0
1.405 0.935 0.0958964 0.0452908 0
1.41 0.935 0.0909219 0.0491203 0
1.415 0.945 0.103447 0.0535147 0
1.42 0.945 0.0951188 0.0481033 0
1.425 0.95 0.0799558 0.0467224 0
1.43 0.95 0.0990722 0.0448247 0
1.435 0.95 0.0928588 0.0440963 0
1.44 0.95 0.0835734 0.0439907 0
1.445 0.95 0.0940422 0.0501743 0
1.45 0.95 0.0994673 0.0443387 0
1.455 0.95 0.0949691 0.0516137 0
1.46 0.95 0.0937291 0.0507168 0
1.465 0.95 0.0917327 0.0416663 0
1.47 0.95 0.110239 0.0570797 0
1.475 0.95 0.104583 0.0502013 0
1.48 0.95 0.104329 0.0458977 0
1.485 0.95 0.0911259 0.0514346 0
1.49 0.95 0.0876764 0.0419308 0
1.495 0.95 0.0984482 0.0564624 0
1.5 0.95 0.0996836 0.0553228 0
1.505 0.95 0.0826783 0.0524529 0
1.51 0.95 0.0909165 0.0429003 0
1.515 0.955 0.0930494 0.0455034 0
1.52 0.955 0.0889047 0.0459126 0
1.525 0.955 0.0995991 0.045765 0
1.53 0.955 0.098794 0.0553894 0
1.535 0.955 0.0975135 0.0503703 0
1.54 0.96 0.101294 0.0486503 0
1.545 0.965 0.0872755 0.0507532 0
1.55 0.965 0.10107 0.0506074 0
1.555 0.97 0.0992394 0.0534264 0
1.56 0.97 0.102737 0.0481639 0
1.565 0.97 0.0831304 0.0473237 0
1.57 0.97 0.0979563 0.0559005 0
1.575 0.97 0.0998084 0.0510483 0
1.58 0.97 0.106793 0.0597303 0
1.585 0.97 0.091637 0.0541671 0
1.59 0.97 0.10281 0.05318 0
1.595 0.97 0.103608 0.0582932 0
1.6 0.97 0.106555 0.0555157 0
1.605 0.97 0.105618 0.0557519 0
1.61 0.97 0.0982024 0.0446117 0
1.615 0.97 0.101963 0.0573249 0
1.62 0.97 0.100934 0.0487525 0
1.625 0.97 0.0904281 0.0531443 0
1.63 0.97 0.102602 0.0458926 0
1.635 0.975 0.104599 0.0509659 0
1.64 0.975 0.0949074 0.0573278 0
1.645 0.975 0.0977798 0.0471919 0
1.65 0.975 0.114482 0.0529784 0
1.655 0.975 0.0998652 0.0520841 0
1.66 0.975 0.109939 0.0586043 0
1.665 0.975 0.103933 0.0570413 0
1.67 0.975 0.0981381 0.0477726 0
1.675 0.975 0.102835 0.0498769 0
1.68 0.975 0.103526 0.0538363 0
1.685 0.98 0.113441 0.0573843 0
1.69 0.98 0.0878039 0.0440974 0
1.695 0.98 0.0911552 0.0475017 0
1.7 0.98 0.113591 0.0605676 0
1.705 0.98 0.0961398 0.0507064 0
1.71 0.98 0.109947 0.0529236 0
1.715 0.985 0.100189 0.0499622 0
1.72 0.985 0.101433 0.0565489 0
1.725 0.985 0.0999281 0.0576685 0
1.73 0.985 0.10465 0.054959 0
1.735 0.99 0.103015 0.0508455 0
1.74 0.99 0.0968095 0.0532124 0
1.745 0.99 0.112851 0.0463693 0
1.75 0.99 0.103958 0.0497733 0
1.755 0.99 0.105622 0.0487844 0
1.76 0.99 0.0874804 0.0456213 0
1.765 0.99 0.101684 0.0449809 0
1.77 0.99 0.098587 0.0505776 0
1.775 0.99 0.107272 0.0484509 0
1.78 0.99 0.102992 0.0495696 0
1.785 0.99 0.11857 0.0529167 0
1.79 0.99 0.101611 0.0509082 0
1.795 0.99 0.0885615 0.0475301 0
1.8 0.99 0.100917 0.0537896 0
1.805 0.99 0.103663 0.0487447 0
1.81 0.99 0.12063 0.0606578 0
1.815 0.99 0.112605 0.0563107 0
1.82 0.99 0.104181 0.0548269 0
1.825 0.99 0.113918 0.058164 0
1.83 0.99 0.0997324 0.0520707 0
1.835 0.99 0.106278 0.0579225 0
1.84 0.99 0.105812 0.0548706 0
1.845 0.99 0.115839 0.0677527 0
1.85 0.99 0.0942069 0.0534069 0
1.855 0.99 0.0982021 0.0543847 0
1.86 0.99 0.122493 0.0594722 0
1.865 0.99 0.116102 0.0581704 0
1.87 0.99 0.10126 0.0576595 0
1.875 0.99 0.114178 0.060003 0
1.88 0.99 0.11842 0.0552167 0
1.885 0.99 0.116574 0.0505005 0
1.89 0.99 0.110927 0.0606131 0
1.895 0.99 0.122569 0.0558148 0
1.9 0.99 0.133886 0.0611005 0
1.905 0.99 0.109574 0.0699927 0
1.91 0.99 0.113177 0.0625957 0
1.915 0.99 0.125372 0.0659883 0
1.92 0.99 0.10039 0.0489924 0
1.925 0.99 0.120531 0.0750549 0
1.93 0.99 0.116363 0.0582424 0
1.935 0.99 0.122813 0.0677403 0
1.94 0.99 0.117658 0.0663204 0
1.945 0.99 0.119942 0.0567886 0
1.95 0.99 0.118573 0.0591938 0
1.955 0.99 0.117962 0.0623045 0
1.96 0.99 0.11479 0.0646316 0
1.965 0.99 0.136761 0.0667054 0
1.97 0.99 0.116688 0.0560844 0
1.975 0.99 0.139311 0.0664764 0
1.98 0.99 0.147285 0.0749361 0
1.985 0.99 0.13589 0.0641796 0
1.99 0.99 0.121324 0.0631706 0
1.995 0.99 0.129216 0.0580388 0
2 0.99 0.13562 0.0630212 0
2.005 0.99 0.126013 0.0637937 0
2.01 0.99 0.126458 0.0691476 0
2.015 0.99 0.123259 0.0529931 0
2.02 0.99 0.124497 0.0641934 0
2.025 0.99 0.125811 0.0736891 0
2.03 0.99 0.130709 0.0580696 0
2.035 0.99 0.12977 0.0664769 0
2.04 0.99 0.113315 0.0702732 0
2.045 0.99 0.128313 0.0668637 0
2.05 0.99 0.113411 0.0631833 0
2.055 0.99 0.129804 0.0684523 0
2.06 0.99 0.119515 0.0609699 0
2.065 0.99 0.135358 0.0603506 0
2.07 0.99 0.117838 0.0512616 0
2.075 0.99 0.114538 0.0646403 0
2.08 0.99 0.11201 0.0590412 0
2.085 0.99 0.129727 0.0670704 0
2.09 0.99 0.14838 0.0661507 0
2.095 0.99 0.13392 0.0666397 0
2.1 0.99 0.131821 0.0675762 0
2.105 0.99 0.129022 0.0704429 0
2.11 0.99 0.128181 0.0583464 0
2.115 0.99 0.122735 0.0609552 0
2.12 0.99 0.130454 0.0553087 0
2.125 0.99 0.131052 0.063999 0
2.13 0.99 0.150341 0.0771358 0
2.135 0.995 0.118295 0.0722217 0
2.14 0.995 0.128945 0.0648508 0
2.145 0.995 0.147526 0.0655898 0
2.15 0.995 0.121923 0.0669682 0
2.155 0.995 0.102213 0.050433 0
2.16 0.995 0.113588 0.0585074 0
2.165 0.995 0.127444 0.0637633 0
2.17 0.995 0.117152 0.0588249 0
2.175 0.995 0.116423 0.0676278 0
2.18 0.995 0.124784 0.0565193 0
2.185 1 0.122044 0.0669863 0
2.19 1 0.124018 0.0569681 0
2.195 1 0.13175 0.0532204 0
2.2 1 0.129924 0.0681875 0
2.205 1 0.130133 0.072619 0
2.21 1 0.106599 0.0520598 0
2.215 1 0.120064 0.0597295 0
2.22 1 0.133823 0.0741849 0
2.225 1 0.136053 0.0656075 0
2.23 1 0.12271 0.0676611 0
2.235 1 0.130294 0.061123 0
2.24 1 0.115711 0.0537234 0
2.245 1 0.125593 0.0647484 0
2.25 1 0.131343 0.0684687 0
2.255 1 0.146187 0.0712564 0
2.26 1 0.12637 0.0653719 0
2.265 1 0.128481 0.0717307 0
2.27 1 0.115192 0.0630002 0
2.275 1 0.143314 0.0723303 0
2.28 1 0.125066 0.0646623 0
2.285 1 0.117321 0.0492839 0
2.29 1 0.127473 0.0609293 0
2.295 1 0.118989 0.060125 0
2.3 1 0.11597 0.0596071 0
2.305 1 0.140927 0.0697032 0
2.31 1 0.11854 0.058979 0
2.315 1 0.124024 0.064137 0
2.32 1 0.118468 0.0608873 0
2.325 1 0.120376 0.0683429 0
2.33 1 0.125868 0.0660421 0
2.335 1 0.115472 0.0637122 0
2.34 1 0.141071 0.0689702 0
2.345 1 0.116707 0.0627684 0
2.35 1 0.144474 0.0690629 0
2.355 1 0.114118 0.0558978 0
2.36 1 0.139755 0.0635335 0
2.365 1 0.126878 0.0626783 0
2.37 1 0.114936 0.06151 0
2.375 1 0.16681 0.0758513 0
2.38 1 0.128896 0.0591383 0
2.385 1 0.115547 0.0545009 0
2.39 1 0.144574 0.0829803 0
2.395 1 0.145522 0.0571341 0
2.4 1 0.138264 0.0708326 0
2.405 1 0.129089 0.0590042 0
2.41 1 0.12678 0.0663545 0
2.415 1 0.160629 0.0754043 0
2.42 1 0.161439 0.0765044 0
2.425 1 0.141313 0.0686207 0
2.43 1 0.155053 0.0776251 0
2.435 1 0.13689 0.0824724 0
2.44 1 0.156617 0.0789746 0
2.445 1 0.137425 0.0683614 0
2.45 1 0.144645 0.0829501 0
2.455 1 0.16915 0.0809433 0
2.46 1 0.143411 0.0758803 0
2.465 1 0.125734 0.0634582 0
2.47 1 0.159617 0.0746853 0
2.475 1 0.141124 0.0623418 0
2.48 1 0.152757 0.0812509 0
2.485 1 0.161926 0.0631132 0
2.49 1 0.148551 0.059225 0
2.495 1 0.156263 0.0693186 0
2.5 1 0.158203 0.0743595 0
2.505 1 0.142538 0.0812306 0
2.51 1 0.157651 0.0791308 0
2.515 1 0.165253 0.0775492 0
2.52 1 0.147126 0.0761019 0
2.525 1 0.169811 0.0946823 0
2.53 1 0.16811 0.0819411 0
2.535 1 0.150469 0.0733427 0
2.54 1 0.169594 0.0933312 0
2.545 1 0.155473 0.0724854 0
2.55 1 0.162561 0.0797291 0
2.555 1 0.135099 0.0576073 0
2.56 1 0.172433 0.0938392 0
2.565 1 0.153725 0.065816 0
2.57 1 0.170174 0.0852491 0
2.575 1 0.162235 0.0881418 0
2.58 1 0.169736 0.0784585 0
2.585 1 0.167056 0.0866169 0
2.59 1 0.127988 0.0814045 0
2.595 1 0.168425 0.0780615 0
2.6 1 0.150173 0.07432 0
2.605 1 0.149741 0.0803163 0
2.61 1 0.157653 0.0785818 0
2.615 1 0.153928 0.07762 0
2.62 1 0.197382 0.100207 0
2.625 1 0.153482 0.0710858 0
2.63 1 0.148852 0.0693834 0
2.635 1 0.147658 0.067919 0
2.64 1 0.151503 0.0801456 0
2.645 1 0.135561 0.0741434 0
2.65 1 0.155301 0.0828709 0
2.655 1 0.171304 0.0838049 0
2.66 1 0.165911 0.0752509 0
2.665 1 0.152681 0.0701221 0
2.67 1 0.168628 0.0785084 0
2.675 1 0.171449 0.078319 0
2.68 1 0.184728 0.0848971 0
2.685 1 0.172431 0.0926747 0
2.69 1 0.16595 0.0750779 0
2.695 1 0.202294 0.0849927 0
2.7 1 0.187353 0.088891 0
2.705 1 0.163244 0.0882154 0
2.71 1 0.163377 0.0825016 0
2.715 1 0.163765 0.0744315 0
2.72 1 0.149714 0.0696129 0
2.725 1 0.181305 0.0799261 0
2.73 1 0.18399 0.0876489 0
2.735 1 0.16615 0.0879587 0
2.74 1 0.184339 0.0967084 0
2.745 1 0.150873 0.0784489 0
2.75 1 0.18487 0.0869023 0
2.755 1 0.156063 0.0956304 0
2.76 1 0.15387 0.0861351 0
2.765 1 0.182638 0.0892055 0
2.77 1 0.14736 0.0826119 0
2.775 1 0.174086 0.0747609 0
2.78 1 0.185639 0.0891099 0
2.785 1 0.179694 0.077497 0
2.79 1 0.164348 0.0769723 0
2.795 1 0.175251 0.0923188 0
2.8 1 0.169109 0.0887705 0
2.805 1 0.173802 0.0811552 0
2.81 1 0.167442 0.0901917 0
2.815 1 0.195893 0.0811225 0
2.82 1 0.203518 0.0867199 0
2.825 1 0.157981 0.0970944 0
2.83 1 0.203912 0.0924557 0
2.835 1 0.188288 0.0856209 0
2.84 1 0.220326 0.0898526 0
2.845 1 0.185943 0.0945161 0
2.85 1 0.195718 0.0990116 0
2.855 1 0.205351 0.105974 0
2.86 1 0.1846 0.0905549 0
2.865 1 0.214463 0.0838439 0
2.87 1 0.216642 0.0851442 0
2.875 1 0.205488 0.08888 0
2.88 1 0.222401 0.10456 0
2.885 1 0.213457 0.0836341 0
2.89 1 0.224481 0.110849 0
2.895 1 0.222626 0.102691 0
2.9 1 0.20522 0.0959167 0
2.905 1 0.229527 0.103571 0
2.91 1 0.223384 0.105719 0
2.915 1 0.182998 0.0764925 0
2.92 1 0.207338 0.117555 0
2.925 1 0.216498 0.0883723 0
2.93 1 0.223266 0.0847887 0
2.935 1 0.219409 0.104844 0
2.94 1 0.216422 0.0904197 0
2.945 1 0.193416 0.0770787 0
2.95 1 0.235264 0.0849465 0
2.955 1 0.213946 0.107858 0
2.96 1 0.211873 0.107414 0
2.965 1 0.323309 0.112428 0
2.97 1 0.221445 0.0980523 0
2.975 1 0.20323 0.082254 0
2.98 1 0.226324 0.104611 0
2.985 1 0.213504 0.106163 0
2.99 1 0.236768 0.110323 0
2.995 1 0.232978 0.109382 0
3 1 0.25963 0.121314 0
3.005 1 0.225419 0.101907 0
3.01 1 0.23664 0.080507 0
3.015 1 0.263357 0.108504 0
3.02 1 0.240259 0.0846925 0
3.025 1 0.209264 0.11165 0
3.03 1 0.264069 0.0906859 0
3.035 1 0.205163 0.101347 0
3.04 1 0.218275 0.108912 0
3.045 1 0.230284 0.100319 0
3.05 1 0.216362 0.105282 0
3.055 1 0.247805 0.0925361 0
3.06 1 0.230317 0.122119 0
3.065 1 0.297426 0.135173 0
3.07 1 0.242199 0.109017 0
3.075 1 0.216394 0.112814 0
3.08 1 0.285824 0.127556 0
3.085 1 0.259112 0.0997906 0
3.09 1 0.317642 0.0994948 0
3.095 1 0.262628 0.0945145 0
3.1 1 0.315848 0.0962838 0
3.105 1 0.213039 0.101555 0
3.11 1 0.331684 0.108644 0
3.115 1 0.313953 0.100816 0
3.12 1 0.244242 0.107144 0
3.125 1 0.325771 0.110907 0
3.13 1 0.334269 0.0922873 0
3.135 1 0.339131 0.120508 0
3.14 1 0.400898 0.0944994 0
3.145 1 0.337689 0.105478 0
3.15 1 0.302846 0.127819 0
3.155 1 0.350809 0.123109 0
3.16 1 0.339131 0.117724 0
3.165 1 0.299888 0.116301 0
3.17 1 0.333438 0.109284 0
3.175 1 0.34408 0.128193 0
3.18 1 0.348205 0.0866859 0
3.185 1 0.375783 0.108665 0
3.19 1 0.287983 0.143274 0
3.195 1 0.42657 0.0886962 0
3.2 1 0.398831 0.0995953 0
3.205 1 0.464572 0.0801408 0
3.21 1 0.410497 0.0965134 0
3.215 1 0.430245 0.0856388 0
3.22 1 0.46377 0.0618095 0
3.225 1 0.446098 0.0796196 0
3.23 1 0.491692 0.0842299 0
3.235 1 0.483582 0.0682489 0
3.24 1 0.496111 0.0530216 0
3.245 1 0.443762 0.0929315 0
3.25 1 0.517712 0.0520723 0
3.255 1 0.496019 0.0656972 0
3.26 1 0.513025 0.0600494 0
3.265 1 0.502728 0.0639658 0
3.27 1 0.49342 0.0549809 0
3.275 1 0.501686 0.0661262 0
3.28 1 0.515041 0.0550436 0
3.285 1 0.482154 0.0576876 0
3.29 1 0.513072 0.0674253 0
3.295 1 0.516838 0.0712845 0
3.3 1 0.530882 0.0554835 0
3.305 1 0.493055 0.0753138 0
3.31 1 0.517655 0.0653801 0
3.315 1 0.519787 0.0733484 0
3.32 1 0.512018 0.0667317 0
3.325 1 0.516173 0.0707662 0
3.33 1 0.535156 0.0554869 0
3.335 1 0.519861 0.053571 0
3.34 1 0.545902 0.059724 0
3.345 1 0.529214 0.0623787 0
3.35 1 0.506469 0.0688606 0
3.355 1 0.513868 0.0579519 0
3.36 1 0.512083 0.0595545 0
3.365 1 0.517479 0.068566 0
3.37 1 0.537656 0.0646924 0
3.375 1 0.523683 0.0761117 0
3.38 1 0.543049 0.0659294 0
3.385 1 0.540948 0.0542944 0
3.39 1 0.542196 0.0579356 0
3.395 1 0.54525 0.0515597 0
3.4 1 0.507048 0.0747929 0
3.405 1 0.547016 0.0534975 0
3.41 1 0.515231 0.0537979 0
3.415 1 0.536128 0.0581927 0
3.42 1 0.545737 0.0433316 0
3.425 1 0.540223 0.0501226 0
3.43 1 0.554551 0.0585921 0
3.435 1 0.561346 0.0613658 0
3.44 1 0.551468 0.0544134 0
3.445 1 0.561957 0.0538535 0
3.45 1 0.561025 0.0448944 0
3.455 1 0.558922 0.0474744 0
3.46 1 0.550207 0.052142 0
3.465 1 0.558453 0.0614547 0
3.47 1 0.567278 0.0448239 0
3.475 1 0.559193 0.0459308 0
3.48 1 0.55352 0.0548442 0
3.485 1 0.56583 0.0489173 0
3.49 1 0.572602 0.0434329 0
3.495 1 0.574171 0.0658895 0
3.5 1 0.568023 0.0410557 0
3.505 1 0.575132 0.0542195 0
3.51 1 0.570024 0.0555985 0
3.515 1 0.583419 0.0501916 0
3.52 1 0.579838 0.0389413 0
3.525 1 0.573245 0.0493301 0
3.53 1 0.582054 0.0572992 0
3.535 1 0.586994 0.0491954 0
3.54 1 0.615697 0.0353788 0
3.545 1 0.623176 0.0353954 0
3.55 1 0.634759 0.0423325 0
3.555 1 0.633481 0.0302442 0
3.56 1 0.619981 0.0484373 0
3.565 1 0.634637 0.0458755 0
3.57 1 0.643024 0.0391396 0
3.575 1 0.631029 0.0475303 0
3.58 1 0.648858 0.0354456 0
3.585 1 0.652225 0.0329876 0
3.59 1 0.655522 0.0283048 0
3.595 1 0.653466 0.0315168 0
3.6 1 0.659399 0.0331315 0
3.605 1 0.665821 0.03089 0
3.61 1 0.661357 0.0298818 0
3.615 1 0.66498 0.0290292 0
3.62 1 0.663561 0.0297947 0
3.625 1 0.660574 0.0325323 0
3.63 1 0.664512 0.0363753 0
3.635 1 0.659879 0.0394895 0
3.64 1 0.679147 0.0257289 0
3.645 1 0.674225 0.0339258 0
3.65 1 0.679989 0.0330281 0
3.655 1 0.671634 0.034785 0
3.66 1 0.675722 0.0326057 0
3.665 1 0.690311 0.0282952 0
3.67 1 0.694314 0.0306727 0
3.675 1 0.691761 0.0328854 0
3.68 1 0.692491 0.0260205 0
3.685 1 0.698534 0.0270945 0
3.69 1 0.702093 0.0289817 0
3.695 1 0.694255 0.0323174 0
3.7 1 0.694779 0.0227614 0
3.705 1 0.698425 0.0251449 0
3.71 1 0.698458 0.0269628 0
3.715 1 0.704133 0.0256002 0
3.72 1 0.707903 0.0302653 0
3.725 1 0.707473 0.0252571 0
3.73 1 0.709025 0.0263376 0
3.735 1 0.719786 0.020813 0
3.74 1 0.718896 0.0244409 0
3.745 1 0.725061 0.0294903 0
3.75 1 0.7255 0.0178571 0
3.755 1 0.720638 0.0246068 0
3.76 1 0.724319 0.026728 0
3.765 1 0.722797 0.0273315 0
3.77 1 0.718833 0.0263236 0
3.775 1 0.725786 0.0273129 0
3.78 1 0.723941 0.0275243 0
3.785 1 0.726205 0.0261793 0
3.79 1 0.731465 0.0240614 0
3.795 1 0.724223 0.0247172 0
3.8 1 0.730774 0.0286043 0
3.805 1 0.732709 0.0273999 0
3.81 1 0.739396 0.0224384 0
3.815 1 0.743935 0.0258539 0
3.82 1 0.745946 0.023859 0
3.825 1 0.746319 0.0246735 0
3.83 1 0.744158 0.0278702 0
3.835 1 0.747399 0.0242588 0
3.84 1 0.746746 0.0206236 0
3.845 1 0.748551 0.0202599 0
3.85 1 0.752494 0.024797 0
3.855 1 0.750697 0.0201304 0
3.86 1 0.751818 0.0225712 0
3.865 1 0.75174 0.0240412 0
3.87 1 0.752188 0.0245297 0
3.875 1 0.757 0.0232574 0
3.88 1 0.753377 0.0214717 0
3.885 1 0.756432 0.022555 0
3.89 1 0.757169 0.0214485 0
3.895 1 0.7579 0.0240451 0
3.9 1 0.755297 0.0203533 0
3.905 1 0.759192 0.020538 0
3.91 1 0.756469 0.0225757 0
3.915 1 0.766196 0.0187112 0
3.92 1 0.76677 0.0235709 0
3.925 1 0.769402 0.0223746 0
3.93 1 0.778271 0.0169273 0
3.935 1 0.774364 0.01746 0
3.94 1 0.782259 0.0181319 0
3.945 1 0.781398 0.0169017 0
3.95 1 0.784042 0.0167482 0
3.955 1 0.784399 0.0121518 0
3.96 1 0.783751 0.0168149 0
3.965 1 0.784694 0.0164534 0
3.97 1 0.785268 0.0158552 0
3.975 1 0.785263 0.0185126 0
3.98 1 0.78498 0.0178162 0
3.985 1 0.789048 0.015831 0
3.99 1 0.788677 0.0144743 0
3.995 1 0.790996 0.0166363 0
4 1 0.787933 0.0175583 0
4.005 1 0.795297 0.0183171 0
4.01 1 0.795103 0.0197131 0
4.015 1 0.79428 0.0156343 0
4.02 1 0.79893 0.0159482 0
4.025 1 0.798903 0.0143812 0
4.03 1 0.79909 0.0134059 0
4.035 1 0.802378 0.0138148 0
4.04 1 0.801711 0.0126945 0
4.045 1 0.800387 0.0128591 0
4.05 1 0.802408 0.0142656 0
4.055 1 0.802835 0.0152791 0
4.06 1 0.804578 0.0166238 0
4.065 1 0.805032 0.0200799 0
4.07 1 0.805121 0.0166845 0
4.075 1 0.805318 0.0139523 0
4.08 1 0.805629 0.0154539 0
4.085 1 0.806103 0.020198 0
4.09 1 0.807206 0.0150668 0
4.095 1 0.804385 0.015945 0
4.1 1 0.806197 0.0172478 0
4.105 1 0.806896 0.0168925 0
4.11 1 0.809667 0.0164549 0
4.115 1 0.819578 0.0133172 0
4.12 1 0.819657 0.0135286 0
4.125 1 0.820354 0.0130776 0
4.13 1 0.821296 0.0131615 0
4.135 1 0.821008 0.0134078 0
4.14 1 0.828421 0.0123538 0
4.145 1 0.82921 0.00885961 0
4.15 1 0.831362 0.0123691 0
4.155 1 0.835885 0.0102291 0
4.16 1 0.837241 0.0122393 0
4.165 1 0.838584 0.0108134 0
4.17 1 0.838246 0.0117879 0
4.175 1 0.838538 0.0103678 0
4.18 1 0.838567 0.0112541 0
4.185 1 0.838716 0.0106327 0
4.19 1 0.840243 0.0111594 0
4.195 1 0.840341 0.010781 0
4.2 1 0.840517 0.0113984 0
4.205 1 0.840241 0.0110659 0
4.21 1 0.840353 0.0112587 0
4.215 1 0.840532 0.0103655 0
4.22 1 0.840658 0.012411 0
4.225 1 0.840556 0.0108375 0
4.23 1 0.842464 0.0106799 0
4.235 1 0.843309 0.011797 0
4.24 1 0.843579 0.0103336 0
4.245 1 0.843788 0.0101424 0
4.25 1 0.843654 0.0108261 0
4.255 1 0.843926 0.00920556 0
4.26 1 0.844766 0.0107854 0
4.265 1 0.844978 0.0100064 0
4.27 1 0.849525 0.00917633 0
4.275 1 0.850855 0.00958593 0
4.28 1 0.85139 0.00999942 0
4.285 1 0.852342 0.00981197 0
4.29 1 0.851696 0.0103735 0
4.295 1 0.852046 0.00895725 0
4.3 1 0.852334 0.00980093 0
4.305 1 0.852982 0.0100303 0
4.31 1 0.853529 0.0100966 0
4.315 1 0.853306 0.0104049 0
4.32 1 0.853265 0.0106835 0
4.325 1 0.852192 0.012335 0
4.33 1 0.854943 0.00907078 0
4.335 1 0.854748 0.00762555 0
4.34 1 0.855322 0.00918997 0
4.345 1 0.856942 0.009636 0
4.35 1 0.858052 0.00889024 0
4.355 1 0.859276 0.00940557 0
4.36 1 0.866151 0.00854933 0
4.365 1 0.866523 0.00779263 0
4.37 1 0.866982 0.00719277 0
4.375 1 0.867387 0.00692069 0
4.38 1 0.868097 0.0069436 0
4.385 1 0.868053 0.0069551 0
4.39 1 0.868519 0.00680154 0
4.395 1 0.868304 0.00645652 0
4.4 1 0.868894 0.00695277 0
4.405 1 0.868873 0.0100528 0
4.41 1 0.868976 0.00787516 0
4.415 1 0.87064 0.0066929 0
4.42 1 0.870651 0.00937356 0
4.425 1 0.872164 0.00637034 0
4.43 1 0.871767 0.00940653 0
4.435 1 0.872265 0.00694688 0
4.44 1 0.872172 0.00802487 0
4.445 1 0.876182 0.00731637 0
4.45 1 0.876603 0.00783221 0
4.455 1 0.876107 0.00718519 0
4.46 1 0.876602 0.00833725 0
4.465 1 0.876405 0.00679547 0
4.47 1 0.876913 0.00904304 0
4.475 1 0.877713 0.00670377 0
4.48 1 0.87797 0.00551414 0
4.485 1 0.878286 0.0058014 0
4.49 1 0.878248 0.00543609 0
4.495 1 0.878138 0.00527001 0
4.5 1 0.878271 0.0053902 0
4.505 1 0.878995 0.00515317 0
4.51 1 0.879227 0.00563089 0
4.515 1 0.879711 0.00516445 0
4.52 1 0.879665 0.00550932 0
4.525 1 0.879705 0.00562144 0
4.53 1 0.879805 0.0055563 0
4.535 1 0.879826 0.00530759 0
4.54 1 0.880859 0.00553817 0
4.545 1 0.880842 0.00528559 0
4.55 1 0.881252 0.00541275 0
4.555 1 0.881349 0.00520036 0
4.56 1 0.883304 0.00490097 0
4.565 1 0.883177 0.00529197 0
4.57 1 0.883494 0.00533687 0
4.575 1 0.883452 0.00590346 0
4.58 1 0.883956 0.00577812 0
4.585 1 0.885121 0.00572188 0
4.59 1 0.885045 0.00509318 0
4.595 1 0.885368 0.00528201 0
4.6 1 0.885211 0.0049656 0
4.605 1 0.885445 0.00510978 0
4.61 1 0.885279 0.00511795 0
4.615 1 0.885372 0.00503569 0
4.62 1 0.8854 0.00504045 0
4.625 1 0.885136 0.00501446 0
4.63 1 0.887107 0.00496831 0
4.635 1 0.886827 0.00492219 0
4.64 1 0.88761 0.00501965 0
4.645 1 0.887911 0.00503178 0
4.65 1 0.888706 0.00468693 0
4.655 1 0.889195 0.00476785 0
4.66 1 0.889054 0.00534517 0
4.665 1 0.889588 0.00523238 0
4.67 1 0.889805 0.00555894 0
4.675 1 0.889856 0.00521591 0
4.68 1 0.889889 0.00526102 0
4.685 1 0.889904 0.00513672 0
4.69 1 0.889842 0.00546557 0
4.695 1 0.889787 0.00522827 0
4.7 1 0.890587 0.00541308 0
4.705 1 0.891008 0.0053762 0
4.71 1 0.891084 0.00522092 0
4.715 1 0.891085 0.00533343 0
4.72 1 0.891077 0.00527262 0
4.725 1 0.891085 0.00508325 0
4.73 1 0.891324 0.00477652 0
4.735 1 0.892696 0.00492549 0
4.74 1 0.893192 0.0053419 0
4.745 1 0.893186 0.00469419 0
4.75 1 0.892945 0.00469147 0
4.755 1 0.893116 0.00449881 0
4.76 1 0.894178 0.00465911 0
4.765 1 0.894078 0.00397913 0
4.77 1 0.894198 0.00511117 0
4.775 1 0.894172 0.00382224 0
4.78 1 0.894239 0.00506393 0
4.785 1 0.894457 0.00405376 0
4.79 1 0.894815 0.00393536 0
4.795 1 0.895013 0.00498445 0
4.8 1 0.895085 0.00448249 0
4.805 1 0.895242 0.00379181 0
4.81 1 0.895651 0.00396254 0
4.815 1 0.896664 0.00513827 0
4.82 1 0.896711 0.00395945 0
4.825 1 0.896071 0.00520302 0
4.83 1 0.896182 0.00504064 0
4.835 1 0.895808 0.00548939 0
4.84 1 0.896253 0.00532292 0
4.845 1 0.896368 0.00574513 0
4.85 1 0.896055 0.00538481 0
4.855 1 0.896352 0.00499089 0
4.86 1 0.896227 0.00536521 0
4.865 1 0.896521 0.00523607 0
4.87 1 0.896711 0.00524225 0
4.875 1 0.896714 0.00549609 0
4.88 1 0.896546 0.00515369 0
4.885 1 0.897834 0.00471352 0
4.89 1 0.89791 0.00469968 0
4.895 1 0.899976 0.00425358 0
4.9 1 0.899765 0.00432726 0
4.905 1 0.90016 0.00431996 0
4.91 1 0.900472 0.004665 0
4.915 1 0.900871 0.00442554 0
4.92 1 0.90185 0.00439286 0
4.925 1 0.902551 0.00420531 0
4.93 1 0.902232 0.00375642 0
4.935 1 0.903671 0.00383423 0
4.94 1 0.904234 0.00381048 0
4.945 1 0.9042 0.00372239 0
4.95 1 0.904041 0.00362356 0
4.955 1 0.904494 0.00384831 0
4.96 1 0.905335 0.00348155 0
4.965 1 0.906134 0.00341473 0
4.97 1 0.905638 0.00349341 0
4.975 1 0.906208 0.00380729 0
4.98 1 0.906241 0.00346637 0
4.985 1 0.90608 0.00354665 0
4.99 1 0.908084 0.00231675 0
4.995 1 0.908177 0.00234289 0
5 1 0.908259 0.00231338 0
5.005 1 0.908601 0.00201633 0
5.01 1 0.908494 0.00233169 0
5.015 1 0.908657 0.00233617 0
5.02 1 0.909016 0.00217199 0
5.025 1 0.90953 0.00228587 0
5.03 1 0.909572 0.00233503 0
5.035 1 0.909588 0.00232956 0
5.04 1 0.909444 0.00206219 0
5.045 1 0.909855 0.00229317 0
5.05 1 0.909814 0.00232683 0
5.055 1 0.909839 0.00233218 0
5.06 1 0.909579 0.0020375 0
5.065 1 0.909985 0.00230215 0
5.07 1 0.910304 0.00233462 0
5.075 1 0.910572 0.00231076 0
5.08 1 0.910907 0.00200351 0
5.085 1 0.910965 0.00232401 0
5.09 1 0.910911 0.0023325 0
5.095 1 0.910862 0.00231991 0
5.1 1 0.910703 0.00208326 0
5.105 1 0.911076 0.00227373 0
5.11 1 0.911509 0.002328 0
5.115 1 0.912019 0.00233752 0
5.12 1 0.912063 0.00210243 0
5.125 1 0.912379 0.00231707 0
5.13 1 0.91244 0.0023211 0
5.135 1 0.912453 0.0023242 0
5.14 1 0.912539 0.00232462 0
5.145 1 0.912555 0.00232534 0
5.15 1 0.912567 0.00232509 0
5.155 1 0.912563 0.00232044 0
5.16 1 0.912821 0.00232346 0
5.165 1 0.912822 0.00232387 0
5.17 1 0.91326 0.00232713 0
5.175 1 0.913384 0.00232688 0
5.18 1 0.913499 0.0023287 0
5.185 1 0.913874 0.00230537 0
5.19 1 0.913859 0.00230931 0
5.195 1 0.914153 0.00228218 0
5.2 1 0.913894 0.00230812 0
5.205 1 0.914345 0.0016153 0
5.21 1 0.913627 0.000713542 0
5.215 1 0.914431 0.00171747 0
5.22 1 0.914945 0.00158766 0
5.225 1 0.914467 0.000322826 0
5.23 1 0.914778 2.85286e-05 0
5.235 1 0.914901 1.99794e-06 0
5.24 1 0.914905 4.13423e-07 0
5.245 1 0.914868 4.91442e-06 0
5.25 1 0.91482 0.00159121 0
5.255 1 0.915113 0.000132942 0
5.26 1 0.915674 7.79112e-05 0
5.265 1 0.916561 4.5306e-05 0
5.27 1 0.916591 1.48141e-06 0
5.275 1 0.916749 7.9933e-06 0
5.28 1 0.917019 1.9067e-05 0
5.285 1 0.917869 0.000105026 0
5.29 1 0.917998 1.24706e-05 0
5.295 1 0.918789 4.24754e-05 0
5.3 1 0.91884 4.12668e-06 0
5.305 1 0.9196 8.40988e-05 0
5.31 1 0.919773 8.58937e-06 0
5.315 1 0.920907 7.96956e-05 0
5.32 1 0.92102 7.60411e-06 0
5.325 1 0.921525 2.83814e-05 0
5.33 1 0.921532 3.38101e-07 0
5.335 1 0.921536 1.66832e-07 0
5.34 1 0.921837 1.68803e-05 0
5.345 1 0.922013 1.41733e-05 0
5.35 1 0.922541 2.61125e-05 0
5.355 1 0.922544 5.36621e-08 0
5.36 1 0.922891 2.62303e-05 0
5.365 1 0.92325 2.21525e-05 0
5.37 1 0.923309 2.43984e-06 0
5.375 1 0.923351 2.31598e-06 0
5.38 1 0.923361 7.71872e-07 0
5.385 1 0.923732 1.96197e-05 0
5.39 1 0.923851 6.06636e-06 0
5.395 1 0.924362 2.80635e-05 0
5.4 1 0.92443 2.98724e-06 0
5.405 1 0.924637 1.25715e-05 0
5.41 1 0.924642 2.6841e-07 0
5.415 1 0.925054 3.1695e-05 0
5.42 1 0.92524 1.16068e-05 0
5.425 1 0.925252 8.34841e-07 0
5.43 1 0.925516 1.38776e-05 0
5.435 1 0.925745 1.66253e-05 0
5.44 1 0.926977 8.81723e-05 0
5.445 1 0.927014 2.09088e-06 0
5.45 1 0.92702 1.76954e-06 0
5.455 1 0.927131 6.36394e-06 0
5.46 1 0.927173 2.60598e-06 0
5.465 1 0.927221 2.72074e-06 0
5.47 1 0.927219 2.43112e-07 0
5.475 1 0.927236 1.07491e-06 0
5.48 1 0.927331 6.92922e-06 0
5.485 1 0.927333 2.98261e-07 0
5.49 1 0.927332 1.30992e-06 0
5.495 1 0.927439 6.99721e-06 0
5.5 1 0.927489 2.01911e-06 0
5.505 1 0.927804 1.88121e-05 0
5.51 1 0.927825 1.04584e-06 0
5.515 1 0.927833 6.26196e-07 0
5.52 1 0.927963 5.39319e-06 0
5.525 1 0.927962 1.83552e-07 0
5.53 1 0.928085 1.18353e-05 0
5.535 1 0.928261 9.47011e-06 0
5.54 1 0.928254 1.161e-06 0
5.545 1 0.9286 2.06993e-05 0
5.55 1 0.929217 3.49627e-05 0
5.555 1 0.92928 3.13015e-06 0
5.56 1 0.929896 3.17533e-05 0
5.565 1 0.930445 3.334e-05 0
5.57 1 0.930459 7.68303e-07 0
5.575 1 0.930828 1.91128e-05 0
5.58 1 0.930832 1.92224e-07 0
5.585 1 0.930879 1.70452e-06 0
5.59 1 0.93116 1.97993e-05 0
5.595 1 0.931165 1.05443e-07 0
5.6 1 0.931167 5.73652e-07 0
5.605 1 0.931164 1.94459e-07 0
5.61 1 0.931329 7.50492e-06 0
5.615 1 0.931371 2.52619e-06 0
5.62 1 0.93138 8.54416e-07 0
5.625 1 0.931671 1.56185e-05 0
5.63 1 0.931698 1.10547e-06 0
5.635 1 0.931719 5.63715e-06 0
5.64 1 0.931714 2.92227e-07 0
5.645 1 0.931715 -nan 0
5.65 1 0.931753 4.64803e-06 0
5.655 1 0.931786 2.00351e-06 0
5.66 1 0.932266 3.06185e-05 0
5.665 1 0.932725 2.07394e-05 0
5.67 1 0.932764 1.61334e-06 0
5.675 1 0.932761 6.79812e-07 0
5.68 1 0.933175 2.37332e-05 0
5.685 1 0.933252 1.01098e-05 0
5.69 1 0.933271 1.37803e-06 0
5.695 1 0.933701 2.7542e-05 0
5.7 1 0.933703 2.05361e-07 0
5.705 1 0.933867 1.03136e-05 0
5.71 1 0.933948 4.05337e-06 0
5.715 1 0.934285 2.16654e-05 0
5.72 1 0.934296 6.12214e-06 0
5.725 1 0.934401 6.60672e-06 0
5.73 1 0.934399 2.72218e-07 0
5.735 1 0.934405 3.05319e-07 0
5.74 1 0.934551 8.68797e-06 0
5.745 1 0.934657 5.82763e-06 0
5.75 1 0.934944 1.21203e-05 0
5.755 1 0.934995 3.22573e-06 0
5.76 1 0.935171 9.45988e-06 0
5.765 1 0.935193 1.51344e-06 0
5.77 1 0.935186 1.23209e-06 0
5.775 1 0.935213 1.4725e-06 0
5.78 1 0.93548 1.45863e-05 0
5.785 1 0.935496 7.07648e-07 0
5.79 1 0.935626 5.06845e-06 0
5.795 1 0.93578 8.93309e-06 0
5.8 1 0.9362 2.63398e-05 0
5.805 1 0.936309 6.9513e-06 0
5.81 1 0.936327 7.02076e-07 0
5.815 1 0.936383 3.23909e-06 0
5.82 1 0.93653 6.94377e-06 0
5.825 1 0.937048 2.8583e-05 0
5.83 1 0.937652 3.63132e-05 0
5.835 1 0.93766 2.27828e-07 0
5.84 1 0.937669 5.95676e-07 0
5.845 1 0.937691 9.32475e-07 0
5.85 1 0.937772 7.35147e-06 0
5.855 1 0.937888 5.88625e-06 0
5.86 1 0.937961 3.55163e-06 0
5.865 1 0.938073 6.86554e-06 0
5.87 1 0.939395 8.84918e-05 0
5.875 1 0.939408 1.41084e-07 0
5.88 1 0.939416 1.07443e-06 0
5.885 1 0.939479 4.40881e-06 0
5.89 1 0.939687 2.2419e-05 0
5.895 1 0.939709 7.78479e-07 0
5.9 1 0.939701 1.16409e-06 0
5.905 1 0.93976 3.52088e-06 0
5.91 1 0.939775 8.72451e-07 0
5.915 1 0.939779 5.92157e-07 0
5.92 1 0.939814 2.27493e-06 0
5.925 1 0.94002 1.26076e-05 0
5.93 1 0.940122 4.45814e-06 0
5.935 1 0.940363 1.17805e-05 0
5.94 1 0.94065 1.44885e-05 0
5.945 1 0.94069 3.41816e-06 0
5.95 1 0.940684 3.78958e-07 0
5.955 1 0.940684 5.30632e-08 0
5.96 1 0.942944 0.000227826 0
5.965 1 0.942996 1.68805e-07 0
5.97 1 0.943031 1.84396e-06 0
5.975 1 0.943121 4.54378e-06 0
5.98 1 0.943154 2.182e-06 0
5.985 1 0.94318 1.69802e-06 0
5.99 1 0.943177 1.88205e-07 0
5.995 1 0.94329 4.45196e-06 0
6 1 0.943327 2.08755e-06 0
6.005 1 0.943378 2.96784e-06 0
6.01 1 0.943769 2.19016e-05 0
6.015 1 0.943895 5.56311e-06 0
6.02 1 0.944084 8.46058e-06 0
6.025 1 0.944097 8.36084e-07 0
6.03 1 0.944099 1.80213e-07 0
6.035 1 0.944323 1.19245e-05 0
6.04 1 0.944328 3.27802e-07 0
6.045 1 0.944329 1.64374e-07 0
6.05 1 0.944598 1.53212e-05 0
6.055 1 0.94459 1.30495e-06 0
6.06 1 0.944693 6.36641e-06 0
6.065 1 0.944731 2.11875e-06 0
6.07 1 0.944737 1.80108e-07 0
6.075 1 0.94478 3.40301e-06 0
6.08 1 0.944805 5.29043e-06 0
6.085 1 0.944824 1.36295e-06 0
6.09 1 0.944891 3.2141e-06 0
6.095 1 0.94504 5.67221e-06 0
6.1 1 0.945094 2.41796e-06 0
6.105 1 0.945118 1.23222e-06 0
6.11 1 0.945234 6.02844e-06 0
6.115 1 0.945244 5.75764e-07 0
6.12 1 0.945491 1.32733e-05 0
6.125 1 0.945551 2.99827e-06 0
6.13 1 0.945548 3.06155e-07 0
6.135 1 0.946755 7.13239e-05 0
6.14 1 0.94732 3.66285e-05 0
6.145 1 0.947526 9.47177e-06 0
6.15 1 0.947527 4.95762e-07 0
6.155 1 0.947764 1.45107e-05 0
6.16 1 0.948404 3.28942e-05 0
6.165 1 0.948419 6.84422e-07 0
6.17 1 0.94842 -nan 0
6.175 1 0.94858 8.09531e-06 0
6.18 1 0.948851 1.16084e-05 0
6.185 1 0.948872 2.25982e-06 0
6.19 1 0.949274 2.00597e-05 0
6.195 1 0.949292 5.54304e-07 0
6.2 1 0.949304 7.82216e-07 0
6.205 1 0.949502 8.76115e-06 0
6.21 1 0.949514 4.95346e-07 0
6.215 1 0.949528 6.05229e-07 0
6.22 1 0.949613 4.50688e-06 0
6.225 1 0.949673 5.06846e-06 0
6.23 1 0.949687 8.13517e-07 0
6.235 1 0.949735 1.67921e-06 0
6.24 1 0.949782 2.81212e-06 0
6.245 1 0.949797 9.45546e-07 0
6.25 1 0.949796 2.09543e-07 0
6.255 1 0.950061 1.50788e-05 0
6.26 1 0.9501 1.30187e-06 0
6.265 1 0.950182 3.16417e-06 0
6.27 1 0.950309 7.2898e-06 0
6.275 1 0.950315 1.99404e-06 0
6.28 1 0.950318 1.8406e-07 0
6.285 1 0.951781 0.000113165 0
6.29 1 0.951885 3.96693e-06 0
6.295 1 0.951952 2.87339e-06 0
6.3 1 0.951962 3.13119e-07 0
6.305 1 0.952149 8.23992e-06 0
6.31 1 0.952232 2.91817e-06 0
6.315 1 0.952347 4.4308e-06 0
6.32 1 0.952357 3.5957e-07 0
6.325 1 0.952398 2.11418e-06 0
6.33 1 0.952515 5.90654e-06 0
6.335 1 0.952571 2.85224e-06 0
6.34 1 0.952631 2.05636e-06 0
6.345 1 0.95266 1.15257e-06 0
6.35 1 0.952671 3.30836e-07 0
6.355 1 0.952983 1.44711e-05 0
6.36 1 0.953189 8.50731e-06 0
6.365 1 0.953219 1.79613e-06 0
6.37 1 0.953299 3.37037e-06 0
6.375 1 0.953473 9.4801e-06 0
6.38 1 0.953485 4.84323e-07 0
6.385 1 0.953504 7.42346e-07 0
6.39 1 0.953521 5.66638e-07 0
6.395 1 0.953723 9.1734e-06 0
6.4 1 0.953922 7.47684e-06 0
6.405 1 0.954038 6.35017e-06 0
6.41 1 0.954035 3.53402e-07 0
6.415 1 0.955979 0.000148856 0
6.42 1 0.956043 2.26985e-06 0
6.425 1 0.956042 7.5047e-08 0
6.43 1 0.956106 2.30635e-06 0
6.435 1 0.956164 2.58546e-06 0
6.44 1 0.956285 5.7829e-06 0
6.445 1 0.956292 3.6087e-07 0
6.45 1 0.956286 7.81964e-07 0
6.455 1 0.956719 2.12395e-05 0
6.46 1 0.956827 4.16696e-06 0
6.465 1 0.957121 1.40046e-05 0
6.47 1 0.957158 1.16868e-06 0
6.475 1 0.957491 1.68527e-05 0
6.48 1 0.957478 2.46481e-06 0
6.485 1 0.957489 7.42193e-07 0
6.49 1 0.957559 4.47075e-06 0
6.495 1 0.957561 1.13956e-07 0
6.5 1 0.957638 3.69281e-06 0
6.505 1 0.957637 3.2097e-07 0
6.51 1 0.957666 1.70112e-06 0
6.515 1 0.957824 7.49711e-06 0
6.52 1 0.957873 1.72772e-06 0
6.525 1 0.957871 8.76028e-08 0
6.53 1 0.957907 1.5554e-06 0
6.535 1 0.958034 5.42969e-06 0
6.54 1 0.958109 2.67391e-06 0
6.545 1 0.958105 2.87981e-07 0
6.55 1 0.958123 1.07557e-06 0
6.555 1 0.958279 7.58989e-06 0
6.56 1 0.958303 1.38856e-06 0
6.565 1 0.958307 2.09048e-07 0
6.57 1 0.958309 3.65975e-07 0
6.575 1 0.958511 8.7707e-06 0
6.58 1 0.958521 4.08998e-07 0
6.585 1 0.958657 5.14863e-06 0
6.59 1 0.958658 8.58546e-08 0
6.595 1 0.958686 1.31586e-06 0
6.6 1 0.958687 -nan 0
6.605 1 0.958682 3.46599e-07 0
6.61 1 0.95883 5.89113e-06 0
6.615 1 0.958931 4.47753e-06 0
6.62 1 0.958928 4.03974e-07 0
6.625 1 0.958943 5.22655e-07 0
6.63 1 0.958945 1.48877e-07 0
6.635 1 0.959181 1.10611e-05 0
6.64 1 0.959294 5.0163e-06 0
6.645 1 0.959294 4.73513e-08 0
6.65 1 0.959316 7.6243e-07 0
6.655 1 0.959337 1.12887e-06 0
6.66 1 0.959384 2.70852e-06 0
6.665 1 0.959384 -nan 0
6.67 1 0.959384 3.36251e-08 0
6.675 1 0.959383 9.13581e-08 0
6.68 1 0.959387 2.01055e-07 0
6.685 1 0.959371 2.0005e-06 0
6.69 1 0.959434 2.96132e-06 0
6.695 1 0.959529 4.09589e-06 0
6.7 1 0.959555 1.3768e-06 0
6.705 1 0.959777 9.72949e-06 0
6.71 1 0.959773 3.1908e-07 0
6.715 1 0.960029 1.25894e-05 0
6.72 1 0.960091 2.91542e-06 0
6.725 1 0.960556 2.79941e-05 0
6.73 1 0.960577 6.4558e-07 0
6.735 1 0.960586 2.951e-07 0
6.74 1 0.960726 5.89198e-06 0
6.745 1 0.960724 1.50591e-07 0
6.75 1 0.96077 2.11534e-06 0
6.755 1 0.960781 6.69872e-07 0
6.76 1 0.960781 1.07669e-08 0
6.765 1 0.960903 5.55967e-06 0
6.77 1 0.96121 1.47429e-05 0
6.775 1 0.961323 5.43714e-06 0
6.78 1 0.961342 1.01538e-06 0
6.785 1 0.961608 1.30286e-05 0
6.79 1 0.961662 2.31438e-06 0
6.795 1 0.961662 2.40979e-08 0
6.8 1 0.961667 1.80761e-07 0
6.805 1 0.961667 1.86888e-07 0
6.81 1 0.961669 1.28109e-07 0
6.815 1 0.961682 4.26389e-07 0
6.82 1 0.961788 4.38287e-06 0
6.825 1 0.961788 4.1879e-08 0
6.83 1 0.961802 7.77173e-07 0
6.835 1 0.961909 4.33273e-06 0
6.84 1 0.961924 5.96541e-07 0
6.845 1 0.961934 4.43808e-07 0
6.85 1 0.96202 3.458e-06 0
6.855 1 0.962021 1.03178e-07 0
6.86 1 0.962021 3.56928e-08 0
6.865 1 0.962027 8.76825e-07 0
6.87 1 0.962179 7.50657e-06 0
6.875 1 0.962209 1.8923e-06 0
6.88 1 0.96238 8.78645e-06 0
6.885 1 0.962387 3.15042e-07 0
6.89 1 0.962407 9.37449e-07 0
6.895 1 0.962652 1.19389e-05 0
6.9 1 0.962689 1.34427e-06 0
6.905 1 0.963133 2.48998e-05 0
6.91 1 0.963144 4.07033e-07 0
6.915 1 0.963226 4.93208e-06 0
6.92 1 0.963226 8.20386e-09 0
6.925 1 0.963227 5.05645e-08 0
6.93 1 0.963486 1.26254e-05 0
6.935 1 0.963844 1.95563e-05 0
6.94 1 0.963903 1.95614e-06 0
6.945 1 0.963911 2.70731e-07 0
6.95 1 0.96391 -nan 0
6.955 1 0.963937 1.45652e-06 0
6.96 1 0.963966 1.34004e-06 0
6.965 1 0.963992 1.35121e-06 0
6.97 1 0.964037 1.81253e-06 0
6.975 1 0.964042 2.70144e-07 0
6.98 1 0.964122 3.04163e-06 0
6.985 1 0.964196 3.10357e-06 0
6.99 1 0.964329 5.6204e-06 0
6.995 1 0.964355 1.20776e-06 0
7 1 0.964427 4.08e-06 0
7.005 1 0.964439 5.36157e-07 0
7.01 1 0.964482 1.86969e-06 0
7.015 1 0.964486 2.93336e-07 0
7.02 1 0.964513 1.23978e-06 0
7.025 1 0.964528 5.88958e-07 0
7.03 1 0.964532 1.48662e-07 0
7.035 1 0.964592 2.42771e-06 0
7.04 1 0.964651 2.5355e-06 0
7.045 1 0.964679 9.99589e-07 0
7.05 1 0.96471 1.66438e-06 0
7.055 1 0.964861 6.93317e-06 0
7.06 1 0.964888 1.39558e-06 0
7.065 1 0.964971 3.08857e-06 0
7.07 1 0.964995 7.43421e-07 0
7.075 1 0.964989 4.94506e-07 0
7.08 1 0.965019 1.25229e-06 0
7.085 1 0.965014 7.7475e-07 0
7.09 1 0.965096 3.71549e-06 0
7.095 1 0.965135 1.99449e-06 0
7.1 1 0.965216 3.7808e-06 0
7.105 1 0.965249 1.48574e-06 0
7.11 1 0.965326 3.24557e-06 0
7.115 1 0.965332 2.02737e-07 0
7.12 1 0.96533 1.0762e-06 0
7.125 1 0.965426 4.53577e-06 0
7.13 1 0.965476 1.96321e-06 0
7.135 1 0.96556 3.23055e-06 0
7.14 1 0.965593 1.06552e-06 0
7.145 1 0.965652 2.45394e-06 0
7.15 1 0.965651 1.10382e-07 0
7.155 1 0.965857 9.22595e-06 0
7.16 1 0.96599 5.82572e-06 0
7.165 1 0.96611 5.06664e-06 0
7.17 1 0.96614 1.33977e-06 0
7.175 1 0.966377 9.80043e-06 0
7.18 1 0.966387 3.05111e-07 0
7.185 1 0.966427 2.00951e-06 0
7.19 1 0.966483 2.51357e-06 0
7.195 1 0.966714 1.03591e-05 0
7.2 1 0.966717 9.4955e-08 0
7.205 1 0.966721 1.72527e-07 0
7.21 1 0.966722 1.61451e-08 0
7.215 1 0.966732 5.20643e-07 0
7.22 1 0.966941 1.0162e-05 0
7.225 1 0.967254 1.44395e-05 0
7.23 1 0.967392 6.01264e-06 0
7.235 1 0.967558 7.48491e-06 0
7.24 1 0.967583 1.29035e-06 0
7.245 1 0.967582 1.21779e-07 0
7.25 1 0.967755 7.53228e-06 0
7.255 1 0.967837 3.17181e-06 0
7.26 1 0.96787 1.01053e-06 0
7.265 1 0.967881 3.77434e-07 0
7.27 1 0.967908 1.30434e-06 0
7.275 1 0.967942 1.64816e-06 0
7.28 1 0.968079 6.20596e-06 0
7.285 1 0.96808 -nan 0
7.29 1 0.968078 2.02367e-07 0
7.295 1 0.968186 6.07059e-06 0
7.3 1 0.968416 1.0471e-05 0
7.305 1 0.968505 4.02489e-06 0
7.31 1 0.968556 2.54235e-06 0
7.315 1 0.968672 4.12363e-06 0
7.32 1 0.968897 1.02067e-05 0
7.325 1 0.968901 7.7501e-08 0
7.33 1 0.968947 2.17468e-06 0
7.335 1 0.968952 2.34611e-07 0
7.34 1 0.968998 1.698e-06 0
7.345 1 0.969021 8.33684e-07 0
7.35 1 0.96902 5.91796e-08 0
7.355 1 0.96913 4.00642e-06 0
7.36 1 0.969133 2.07918e-07 0
7.365 1 0.96916 1.4895e-06 0
7.37 1 0.96916 3.40905e-08 0
7.375 1 0.96916 -nan 0
7.38 1 0.969165 2.86874e-07 0
7.385 1 0.969253 3.10725e-06 0
7.39 1 0.969307 2.19874e-06 0
7.395 1 0.969401 3.90905e-06 0
7.4 1 0.96941 2.43755e-07 0
7.405 1 0.969411 4.5102e-08 0
7.41 1 0.969404 4.91962e-07 0
7.415 1 0.969407 1.23443e-07 0
7.42 1 0.96941 1.82982e-07 0
7.425 1 0.969497 3.23635e-06 0
7.43 1 0.969512 7.06922e-07 0
7.435 1 0.969516 2.13144e-07 0
7.44 1 0.969572 2.56912e-06 0
7.445 1 0.969634 2.57151e-06 0
7.45 1 0.969643 4.56489e-07 0
7.455 1 0.969646 1.46558e-07 0
7.46 1 0.969723 3.4478e-06 0
7.465 1 0.969819 3.95777e-06 0
7.47 1 0.969855 1.52362e-06 0
7.475 1 0.969863 3.18151e-07 0
7.48 1 0.969872 2.80565e-07 0
7.485 1 0.96987 1.17127e-07 0
7.49 1 0.9699 9.9283e-07 0
7.495 1 0.969863 2.03283e-06 0
7.5 1 0.969867 2.36715e-07 0
7.505 1 0.969891 9.26252e-07 0
7.51 1 0.96993 1.47472e-06 0
7.515 1 0.970038 6.82375e-06 0
7.52 1 0.970063 1.15186e-06 0
7.525 1 0.970082 8.93898e-07 0
7.53 1 0.97009 2.76199e-07 0
7.535 1 0.970088 2.35599e-07 0
7.54 1 0.970096 4.16039e-07 0
7.545 1 0.970099 2.38411e-07 0
7.55 1 0.970102 1.07744e-07 0
7.555 1 0.970101 9.88486e-08 0
7.56 1 0.970122 8.23611e-07 0
7.565 1 0.970125 1.63388e-07 0
7.57 1 0.970133 3.88353e-07 0
7.575 1 0.970132 1.15867e-07 0
7.58 1 0.970131 5.42038e-08 0
7.585 1 0.970241 4.30359e-06 0
7.59 1 0.970242 4.57425e-08 0
7.595 1 0.970245 1.7006e-07 0
7.6 1 0.970253 3.32625e-07 0
7.605 1 0.970294 1.36015e-06 0
7.61 1 0.9703 1.62289e-07 0
7.615 1 0.970338 1.46163e-06 0
7.62 1 0.970368 1.29964e-06 0
7.625 1 0.970369 -nan 0
7.63 1 0.970371 9.14902e-08 0
7.635 1 0.970447 3.15976e-06 0
7.64 1 0.970453 3.31298e-07 0
7.645 1 0.970479 1.17631e-06 0
7.65 1 0.970795 1.34025e-05 0
7.655 1 0.970837 1.80268e-06 0
7.66 1 0.970841 1.54371e-07 0
7.665 1 0.970847 2.41117e-07 0
7.67 1 0.9709 1.90009e-06 0
7.675 1 0.970897 2.96271e-07 0
7.68 1 0.97091 4.38612e-07 0
7.685 1 0.970913 1.99703e-07 0
7.69 1 0.970915 4.36905e-08 0
7.695 1 0.970916 1.30203e-07 0
7.7 1 0.970935 6.04839e-07 0
7.705 1 0.970937 1.17525e-07 0
7.71 1 0.970967 1.94633e-06 0
7.715 1 0.970976 3.2374e-07 0
7.72 1 0.970977 1.15776e-07 0
7.725 1 0.970977 -nan 0
7.73 1 0.970982 2.83953e-07 0
7.735 1 0.971064 3.61643e-06 0
7.74 1 0.97106 6.99876e-07 0
7.745 1 0.971146 4.03027e-06 0
7.75 1 0.971189 1.53904e-06 0
7.755 1 0.971248 2.4938e-06 0
7.76 1 0.97123 1.30207e-06 0
7.765 1 0.971231 3.41053e-08 0
7.77 1 0.971231 -nan 0
7.775 1 0.971246 8.91977e-07 0
7.78 1 0.971248 7.30192e-08 0
7.785 1 0.971257 3.95895e-07 0
7.79 1 0.97128 8.85094e-07 0
7.795 1 0.971277 3.03397e-07 0
7.8 1 0.971275 1.24546e-07 0
7.805 1 0.971737 2.21658e-05 0
7.81 1 0.971784 2.08437e-06 0
7.815 1 0.971786 7.74939e-08 0
7.82 1 0.97179 1.09306e-07 0
7.825 1 0.971772 8.37113e-07 0
7.83 1 0.971791 6.38149e-07 0
7.835 1 0.971836 1.51581e-06 0
7.84 1 0.971862 1.08648e-06 0
7.845 1 0.972007 8.05684e-06 0
7.85 1 0.972072 2.28898e-06 0
7.855 1 0.972114 2.02726e-06 0
7.86 1 0.972111 3.22386e-07 0
7.865 1 0.972123 5.05879e-07 0
7.87 1 0.97213 1.59804e-07 0
7.875 1 0.97213 2.12728e-08 0
7.88 1 0.9722 2.79149e-06 0
7.885 1 0.9722 2.10102e-08 0
7.89 1 0.972202 1.7217e-07 0
7.895 1 0.972192 3.87858e-07 0
7.9 1 0.972216 1.10982e-06 0
7.905 1 0.972234 9.07459e-07 0
7.91 1 0.972303 2.54663e-06 0
7.915 1 0.972311 5.5824e-07 0
7.92 1 0.972312 2.00706e-07 0
7.925 1 0.97233 6.47152e-07 0
7.93 1 0.972459 5.20983e-06 0
7.935 1 0.972498 2.3041e-06 0
7.94 1 0.9726 4.75547e-06 0
7.945 1 0.972602 1.35686e-07 0
7.95 1 0.97276 6.641e-06 0
7.955 1 0.97276 1.31414e-07 0
7.96 1 0.972879 6.02038e-06 0
7.965 1 0.972888 3.97431e-07 0
7.97 1 0.972894 2.63042e-07 0
7.975 1 0.972947 2.36106e-06 0
7.98 1 0.97295 1.53961e-07 0
7.985 1 0.972986 1.47906e-06 0
7.99 1 0.972987 6.05998e-08 0
7.995 1 0.972992 1.94667e-07 0
8 1 0.973043 2.02288e-06 0
8.005 1 0.973059 9.60241e-07 0
8.01 1 0.9731 1.33919e-06 0
8.015 1 0.973189 3.02349e-06 0
8.02 1 0.973199 4.99404e-07 0
8.025 1 0.973257 2.18462e-06 0
8.03 1 0.973408 6.56718e-06 0
8.035 1 0.973445 1.53847e-06 0
8.04 1 0.973463 6.91696e-07 0
8.045 1 0.973608 5.8241e-06 0
8.05 1 0.973626 6.57219e-07 0
8.055 1 0.973664 1.48592e-06 0
8.06 1 0.973667 1.21712e-07 0
8.065 1 0.974002 1.67228e-05 0
8.07 1 0.974024 6.60307e-07 0
8.075 1 0.974038 5.81976e-07 0
8.08 1 0.974116 3.44774e-06 0
8.085 1 0.974167 1.66529e-06 0
8.09 1 0.974196 1.08492e-06 0
8.095 1 0.974199 1.06546e-07 0
8.1 1 0.974215 6.69195e-07 0
8.105 1 0.97429 3.20919e-06 0
8.11 1 0.974309 7.90603e-07 0
8.115 1 0.974325 4.45217e-07 0
8.12 1 0.974348 8.75541e-07 0
8.125 1 0.974348 3.20016e-08 0
8.13 1 0.974493 6.07395e-06 0
8.135 1 0.974501 3.55507e-07 0
8.14 1 0.974613 5.57302e-06 0
8.145 1 0.974625 4.97444e-07 0
8.15 1 0.974626 9.75804e-08 0
8.155 1 0.974685 2.41049e-06 0
8.16 1 0.974702 9.16315e-07 0
8.165 1 0.974777 3.467e-06 0
8.17 1 0.974787 4.19002e-07 0
8.175 1 0.97488 4.23365e-06 0
8.18 1 0.974903 8.55523e-07 0
8.185 1 0.974959 2.05016e-06 0
8.19 1 0.974959 -nan 0
8.195 1 0.97497 3.49973e-07 0
8.2 1 0.974972 1.61027e-07 0
8.205 1 0.975094 4.16236e-06 0
8.21 1 0.975094 -nan 0
8.215 1 0.975123 1.0228e-06 0
8.22 1 0.97514 5.15498e-07 0
8.225 1 0.975172 1.27358e-06 0
8.23 1 0.975169 2.42433e-07 0
8.235 1 0.97533 6.94618e-06 0
8.24 1 0.975333 1.69372e-07 0
8.245 1 0.975364 1.07428e-06 0
8.25 1 0.975363 3.61704e-08 0
8.255 1 0.975532 7.30857e-06 0
8.26 1 0.975566 1.28014e-06 0
8.265 1 0.975614 2.12802e-06 0
8.27 1 0.975715 4.1131e-06 0
8.275 1 0.975718 1.30547e-07 0
8.28 1 0.975719 -nan 0
8.285 1 0.975723 1.77255e-07 0
8.29 1 0.975755 1.04905e-06 0
8.295 1 0.975818 2.75659e-06 0
8.3 1 0.975821 1.2413e-07 0
8.305 1 0.975851 1.13521e-06 0
8.31 1 0.975854 1.01187e-07 0
8.315 1 0.975931 3.05319e-06 0
8.32 1 0.976006 3.25958e-06 0
8.325 1 0.976046 1.48407e-06 0
8.33 1 0.976056 4.47303e-07 0
8.335 1 0.976065 2.14083e-07 0
8.34 1 0.976142 2.82103e-06 0
8.345 1 0.976163 7.89069e-07 0
8.35 1 0.976268 4.66291e-06 0
8.355 1 0.976273 2.40507e-07 0
8.36 1 0.976278 2.54711e-07 0
8.365 1 0.976281 -nan 0
8.37 1 0.976282 7.47619e-08 0
8.375 1 0.976282 9.80007e-08 0
8.38 1 0.976286 1.40288e-07 0
8.385 1 0.976296 3.65971e-07 0
8.39 1 0.976298 -nan 0
8.395 1 0.976299 8.09276e-08 0
8.4 1 0.976301 1.06088e-07 0
8.405 1 0.976311 4.3842e-07 0
8.41 1 0.976429 4.97418e-06 0
8.415 1 0.976456 1.09935e-06 0
8.42 1 0.976472 5.10164e-07 0
8.425 1 0.976473 3.97603e-08 0
8.43 1 0.976473 -nan 0
8.435 1 0.976616 5.6193e-06 0
8.44 1 0.976657 1.49424e-06 0
8.445 1 0.976741 3.26772e-06 0
8.45 1 0.976878 5.47845e-06 0
8.455 1 0.976881 1.55804e-07 0
8.46 1 0.976971 3.43885e-06 0
8.465 1 0.976971 1.82569e-07 0
8.47 1 0.977014 2.22258e-06 0
8.475 1 0.977016 7.89978e-08 0
8.48 1 0.977061 1.56161e-06 0
8.485 1 0.977119 1.80425e-06 0
8.49 1 0.977118 9.82164e-08 0
8.495 1 0.977121 4.76649e-08 0
8.5 1 0.977107 5.67964e-07 0
8.505 1 0.97714 1.47246e-06 0
8.51 1 0.977203 2.63767e-06 0
8.515 1 0.977203 -nan 0
8.52 1 0.977309 4.27819e-06 0
8.525 1 0.977309 -nan 0
8.53 1 0.977353 1.87466e-06 0
8.535 1 0.977376 9.9837e-07 0
8.54 1 0.977378 1.42e-07 0
8.545 1 0.977399 7.176e-07 0
8.55 1 0.9774 -nan 0
8.555 1 0.977407 3.04743e-07 0
8.56 1 0.977554 6.08234e-06 0
8.565 1 0.977556 1.17982e-07 0
8.57 1 0.977583 1.07139e-06 0
8.575 1 0.977703 4.9251e-06 0
8.58 1 0.97775 1.95294e-06 0
8.585 1 0.977756 2.0378e-07 0
8.59 1 0.977807 2.00863e-06 0
8.595 1 0.977806 7.57365e-08 0
8.6 1 0.977825 7.90117e-07 0
8.605 1 0.97783 1.58085e-07 0
8.61 1 0.977838 3.5811e-07 0
8.615 1 0.977842 2.44969e-07 0
8.62 1 0.978331 2.90705e-05 0
8.625 1 0.978343 4.13389e-07 0
8.63 1 0.978379 1.32946e-06 0
8.635 1 0.978386 2.16735e-07 0
8.64 1 0.978385 2.74876e-07 0
8.645 1 0.978489 4.13459e-06 0
8.65 1 0.978492 1.28574e-07 0
8.655 1 0.978546 2.17087e-06 0
8.66 1 0.978678 5.05567e-06 0
8.665 1 0.97868 7.60535e-08 0
8.67 1 0.978697 7.22311e-07 0
8.675 1 0.978737 1.37996e-06 0
8.68 1 0.978763 1.01179e-06 0
8.685 1 0.978768 2.38619e-07 0
8.69 1 0.978789 6.6949e-07 0
8.695 1 0.978876 3.82317e-06 0
8.7 1 0.978878 5.20939e-08 0
8.705 1 0.97891 1.74429e-06 0
8.71 1 0.978975 2.33145e-06 0
8.715 1 0.979005 1.19643e-06 0
8.72 1 0.97914 5.23546e-06 0
8.725 1 0.979172 1.17719e-06 0
8.73 1 0.979196 9.10906e-07 0
8.735 1 0.979212 4.87269e-07 0
8.74 1 0.979317 4.23007e-06 0
8.745 1 0.979318 1.11024e-07 0
8.75 1 0.979359 1.65537e-06 0
8.755 1 0.979744 1.92998e-05 0
8.76 1 0.979815 2.73568e-06 0
8.765 1 0.97983 4.10679e-07 0
8.77 1 0.979866 1.533e-06 0
8.775 1 0.97997 3.84944e-06 0
8.78 1 0.979989 7.13827e-07 0
8.785 1 0.980057 2.21001e-06 0
8.79 1 0.980065 2.34029e-07 0
8.795 1 0.980082 6.18763e-07 0
8.8 1 0.980227 6.54011e-06 0
8.805 1 0.980227 -nan 0
8.81 1 0.98025 8.83862e-07 0
8.815 1 0.980259 3.60027e-07 0
8.82 1 0.980303 1.6891e-06 0
8.825 1 0.980319 4.49945e-07 0
8.83 1 0.98029 1.38059e-06 0
8.835 1 0.98029 1.41224e-07 0
8.84 1 0.980353 1.99559e-06 0
8.845 1 0.980353 8.60483e-08 0
8.85 1 0.980374 8.49536e-07 0
8.855 1 0.980447 3.18832e-06 0
8.86 1 0.980451 1.90261e-07 0
8.865 1 0.980452 -nan 0
8.87 1 0.980455 1.25163e-07 0
8.875 1 0.980465 2.94624e-07 0
8.88 1 0.980467 7.49053e-08 0
8.885 1 0.980473 2.77479 0