# Relevant parameters to reproduce this network:
# node_nr=200	 k_max=20
# initial_seed=1557414222	 delta_t=0.1	 max_steps=3000	 in_between=0
# fg_m=1	 fg_alpha=3	 fg_t_min=0	 fg_t_max=1.5	 fg_t_number=300	 fg_weff_lower_frequency=-1e+08	 fg_weff_max_steps=3000	 fg_weff_in_between=0
# K Giant_component <r> sigma_r*sqrt(NODE_NR) clustering
0 0.01 0.0567762 0.0302041 0
0.005 0.01 0.0610547 0.0320046 0
0.01 0.01 0.0561722 0.0302197 0
0.015 0.01 0.0645669 0.0315835 0
0.02 0.01 0.0668414 0.0339911 0
0.025 0.01 0.0596208 0.0360151 0
0.03 0.01 0.0656223 0.0343694 0
0.035 0.01 0.0694186 0.0334784 0
0.04 0.015 0.0686135 0.0318744 0
0.045 0.015 0.0639872 0.0294121 0
0.05 0.015 0.0655062 0.0324045 0
0.055 0.015 0.0677102 0.0375332 0
0.06 0.015 0.0666198 0.0320766 0
0.065 0.015 0.0662384 0.0346361 0
0.07 0.015 0.0640398 0.0300772 0
0.075 0.015 0.0702905 0.0363194 0
0.08 0.015 0.0631251 0.0346841 0
0.085 0.015 0.0666954 0.0337673 0
0.09 0.015 0.0634261 0.0306534 0
0.095 0.015 0.0649287 0.0313066 0
0.1 0.015 0.0716017 0.0364383 0
0.105 0.015 0.0708464 0.0332546 0
0.11 0.015 0.0693469 0.0374465 0
0.115 0.015 0.0772909 0.031011 0
0.12 0.015 0.0694185 0.0429578 0
0.125 0.015 0.0768361 0.0390007 0
0.13 0.015 0.072439 0.0357448 0
0.135 0.015 0.0664125 0.0331659 0
0.14 0.015 0.0685132 0.0334187 0
0.145 0.015 0.0746321 0.0436738 0
0.15 0.015 0.0695856 0.0349289 0
0.155 0.015 0.0629503 0.0359689 0
0.16 0.015 0.0788967 0.0369209 0
0.165 0.015 0.0751097 0.0414769 0
0.17 0.015 0.0808458 0.0409186 0
0.175 0.015 0.0769405 0.035527 0
0.18 0.015 0.0781235 0.0431982 0
0.185 0.02 0.0874753 0.0480071 0
0.19 0.02 0.0753604 0.0374966 0
0.195 0.02 0.0781436 0.0405509 0
0.2 0.02 0.0673641 0.0336001 0
0.205 0.02 0.0715394 0.0324491 0
0.21 0.035 0.0706943 0.0338537 0
0.215 0.035 0.0892847 0.0407786 0
0.22 0.035 0.0736582 0.0365031 0
0.225 0.035 0.0930439 0.0478194 0
0.23 0.035 0.0792054 0.0378144 0
0.235 0.04 0.0799392 0.0412678 0
0.24 0.04 0.0865448 0.0368579 0
0.245 0.04 0.0773927 0.039991 0
0.25 0.04 0.0871156 0.0335228 0
0.255 0.04 0.0812945 0.0462088 0
0.26 0.04 0.0735609 0.0365353 0
0.265 0.04 0.0740314 0.0435632 0
0.27 0.04 0.0928956 0.0369769 0
0.275 0.04 0.0927019 0.0481651 0
0.28 0.04 0.0714411 0.0389366 0
0.285 0.04 0.089212 0.0384094 0
0.29 0.04 0.103186 0.0491212 0
0.295 0.04 0.0904882 0.0465527 0
0.3 0.04 0.094719 0.0448746 0
0.305 0.04 0.0902191 0.0404315 0
0.31 0.04 0.0834307 0.0449718 0
0.315 0.04 0.0833123 0.0411636 0
0.32 0.04 0.10227 0.0590538 0
0.325 0.04 0.0983714 0.0547612 0
0.33 0.04 0.0915905 0.0432988 0
0.335 0.04 0.0959547 0.038318 0
0.34 0.04 0.0849452 0.0479889 0
0.345 0.04 0.0960807 0.0576032 0
0.35 0.04 0.123413 0.0646732 0
0.355 0.04 0.0959708 0.0461417 0
0.36 0.04 0.11984 0.0501722 0
0.365 0.04 0.108542 0.0645568 0
0.37 0.04 0.102255 0.0466104 0
0.375 0.045 0.1028 0.052329 0
0.38 0.045 0.0924704 0.056123 0
0.385 0.045 0.0914506 0.0467457 0
0.39 0.045 0.0851773 0.0436333 0
0.395 0.045 0.0982549 0.0557181 0
0.4 0.045 0.0760739 0.0390752 0
0.405 0.045 0.126271 0.0490469 0
0.41 0.05 0.113759 0.052647 0
0.415 0.05 0.136783 0.0649157 0
0.42 0.075 0.112207 0.0576085 0
0.425 0.075 0.111176 0.0508927 0
0.43 0.11 0.162058 0.0585984 0
0.435 0.11 0.138114 0.0598775 0
0.44 0.11 0.105844 0.055819 0
0.445 0.11 0.111965 0.0583862 0
0.45 0.11 0.0999355 0.0566367 0
0.455 0.11 0.142406 0.0508134 0
0.46 0.11 0.135436 0.0720867 0
0.465 0.12 0.0781614 0.0411096 0
0.47 0.12 0.0982088 0.0485574 0
0.475 0.12 0.123676 0.0517043 0
0.48 0.12 0.0935731 0.0422711 0
0.485 0.12 0.108952 0.0516826 0
0.49 0.12 0.113925 0.0687655 0
0.495 0.12 0.116345 0.0587168 0
0.5 0.15 0.114405 0.0466189 0
0.505 0.15 0.119262 0.0647586 0
0.51 0.15 0.154402 0.0771088 0
0.515 0.17 0.127969 0.0581378 0
0.52 0.17 0.150436 0.0612452 0
0.525 0.17 0.0950517 0.0436927 0
0.53 0.17 0.133446 0.0587205 0
0.535 0.185 0.139858 0.0656001 0
0.54 0.185 0.116593 0.0578154 0
0.545 0.185 0.136448 0.0637857 0
0.55 0.185 0.148069 0.0670838 0
0.555 0.195 0.152643 0.0585656 0
0.56 0.2 0.163384 0.053873 0
0.565 0.2 0.101657 0.0535257 0
0.57 0.35 0.109949 0.0440791 0
0.575 0.365 0.176131 0.0766783 0
0.58 0.37 0.202792 0.0535552 0
0.585 0.375 0.179042 0.0780012 0
0.59 0.375 0.194035 0.0506419 0
0.595 0.375 0.142968 0.0703876 0
0.6 0.405 0.173741 0.0777585 0
0.605 0.405 0.181575 0.0810271 0
0.61 0.425 0.196919 0.067056 0
0.615 0.43 0.19292 0.0747131 0
0.62 0.44 0.216834 0.0872968 0
0.625 0.44 0.189684 0.0556014 0
0.63 0.44 0.167508 0.0640051 0
0.635 0.44 0.214744 0.0768913 0
0.64 0.46 0.252562 0.0921229 0
0.645 0.47 0.206214 0.0937519 0
0.65 0.475 0.187565 0.0622866 0
0.655 0.48 0.19925 0.0573661 0
0.66 0.48 0.221091 0.081223 0
0.665 0.48 0.25305 0.0625185 0
0.67 0.49 0.173432 0.0747059 0
0.675 0.51 0.215243 0.0685203 0
0.68 0.51 0.234531 0.0711805 0
0.685 0.51 0.221493 0.0732968 0
0.69 0.51 0.180621 0.0606991 0
0.695 0.51 0.190137 0.0705173 0
0.7 0.515 0.154805 0.05479 0
0.705 0.515 0.151385 0.0603954 0
0.71 0.52 0.191433 0.0551233 0
0.715 0.525 0.182888 0.0693349 0
0.72 0.535 0.203206 0.0460657 0
0.725 0.535 0.198787 0.0553928 0
0.73 0.535 0.20058 0.0551912 0
0.735 0.535 0.185832 0.0603669 0
0.74 0.54 0.222947 0.0738369 0
0.745 0.545 0.176907 0.0628452 0
0.75 0.545 0.161714 0.0776471 0
0.755 0.575 0.13823 0.0596146 0
0.76 0.575 0.16988 0.0666292 0
0.765 0.585 0.183862 0.0659016 0
0.77 0.59 0.126108 0.0395356 0
0.775 0.59 0.178178 0.052061 0
0.78 0.67 0.139667 0.0364493 0
0.785 0.67 0.232137 0.0918178 0
0.79 0.67 0.232561 0.0505162 0
0.795 0.67 0.219932 0.0461102 0
0.8 0.67 0.21281 0.0402366 0
0.805 0.67 0.223893 0.0424309 0
0.81 0.67 0.229903 0.0375519 0
0.815 0.675 0.240591 0.0387032 0
0.82 0.675 0.27265 0.0463345 0
0.825 0.675 0.2855 0.0420591 0
0.83 0.675 0.312757 0.0343568 0
0.835 0.675 0.329592 0.046029 0
0.84 0.68 0.326221 0.0465192 0
0.845 0.685 0.324859 0.0380229 0
0.85 0.69 0.319226 0.0400058 0
0.855 0.69 0.388244 0.0537714 0
0.86 0.69 0.388919 0.0369785 0
0.865 0.69 0.376893 0.0404095 0
0.87 0.69 0.377412 0.0369698 0
0.875 0.695 0.394994 0.0411293 0
0.88 0.695 0.436139 0.0434753 0
0.885 0.71 0.385517 0.0347919 0
0.89 0.71 0.39779 0.0366486 0
0.895 0.715 0.393907 0.040639 0
0.9 0.715 0.38407 0.0378906 0
0.905 0.715 0.392039 0.0390582 0
0.91 0.72 0.409809 0.0414153 0
0.915 0.735 0.404643 0.0381332 0
0.92 0.735 0.397975 0.0392499 0
0.925 0.745 0.367714 0.0302386 0
0.93 0.775 0.357289 0.0312796 0
0.935 0.775 0.379338 0.0265432 0
0.94 0.775 0.354202 0.0378659 0
0.945 0.785 0.359027 0.0257305 0
0.95 0.785 0.371324 0.0324851 0
0.955 0.785 0.391408 0.0303389 0
0.96 0.795 0.402579 0.0256041 0
0.965 0.795 0.502022 0.0342715 0
0.97 0.8 0.493786 0.0275823 0
0.975 0.83 0.516873 0.0251123 0
0.98 0.84 0.523106 0.0191644 0
0.985 0.84 0.524755 0.0259711 0
0.99 0.845 0.525789 0.017641 0
0.995 0.845 0.532169 0.0199284 0
1 0.85 0.517088 0.0203108 0
1.005 0.855 0.482786 0.020734 0
1.01 0.86 0.487462 0.0211871 0
1.015 0.86 0.486644 0.0195043 0
1.02 0.86 0.494112 0.0224653 0
1.025 0.86 0.493916 0.0217001 0
1.03 0.86 0.573141 0.0243554 0
1.035 0.86 0.579763 0.0221688 0
1.04 0.86 0.587004 0.0179713 0
1.045 0.86 0.590264 0.0244398 0
1.05 0.86 0.592943 0.0182192 0
1.055 0.865 0.596744 0.0250958 0
1.06 0.87 0.59172 0.0184191 0
1.065 0.87 0.594862 0.0234487 0
1.07 0.87 0.610823 0.0157676 0
1.075 0.87 0.613991 0.0225428 0
1.08 0.87 0.61413 0.0185021 0
1.085 0.87 0.617076 0.0224448 0
1.09 0.875 0.624127 0.018326 0
1.095 0.875 0.627992 0.0250242 0
1.1 0.875 0.628517 0.018436 0
1.105 0.875 0.62911 0.0212962 0
1.11 0.875 0.668162 0.0199352 0
1.115 0.875 0.698207 0.021466 0
1.12 0.875 0.699679 0.0193338 0
1.125 0.875 0.703892 0.0193004 0
1.13 0.875 0.704447 0.0233497 0
1.135 0.875 0.707117 0.0198101 0
1.14 0.875 0.71191 0.0229095 0
1.145 0.88 0.715327 0.0180627 0
1.15 0.88 0.713046 0.0254959 0
1.155 0.88 0.71308 0.0214806 0
1.16 0.885 0.720087 0.0232288 0
1.165 0.885 0.736803 0.0243813 0
1.17 0.885 0.737687 0.0206834 0
1.175 0.895 0.743896 0.0249718 0
1.18 0.895 0.745843 0.0234727 0
1.185 0.895 0.745906 0.0202468 0
1.19 0.895 0.754007 0.0187297 0
1.195 0.895 0.75685 0.0179364 0
1.2 0.9 0.740334 0.0203939 0
1.205 0.905 0.740377 0.0185925 0
1.21 0.905 0.739449 0.01617 0
1.215 0.91 0.739573 0.0223588 0
1.22 0.91 0.739914 0.0178222 0
1.225 0.91 0.762966 0.0236565 0
1.23 0.91 0.785771 0.0174159 0
1.235 0.915 0.790618 0.020921 0
1.24 0.915 0.800902 0.022072 0
1.245 0.915 0.801173 0.0195181 0
1.25 0.915 0.802834 0.0182258 0
1.255 0.915 0.802591 0.0168499 0
1.26 0.915 0.811254 0.0178569 0
1.265 0.92 0.81237 0.0198948 0
1.27 0.92 0.811915 0.0221624 0
1.275 0.92 0.813798 0.02146 0
1.28 0.925 0.813985 0.0202999 0
1.285 0.925 0.817203 0.019619 0
1.29 0.935 0.820328 0.0153349 0
1.295 0.94 0.823453 0.0161116 0
1.3 0.94 0.823381 0.0192779 0
1.305 0.94 0.836175 0.0169225 0
1.31 0.94 0.836548 0.0148413 0
1.315 0.94 0.83664 0.0190348 0
1.32 0.94 0.839628 0.0196987 0
1.325 0.96 0.833417 0.0103227 0
1.33 0.96 0.835064 0.0111794 0
1.335 0.96 0.847772 0.00932247 0
1.34 0.96 0.849435 0.0092201 0
1.345 0.96 0.86014 0.011599 0
1.35 0.96 0.863109 0.00989828 0
1.355 0.96 0.870321 0.00872291 0
1.36 0.96 0.871955 0.0107156 0
1.365 0.96 0.87811 0.0102931 0
1.37 0.96 0.877964 0.00949792 0
1.375 0.96 0.878673 0.00975811 0
1.38 0.96 0.87832 0.0102602 0
1.385 0.965 0.883561 0.00909735 0
1.39 0.965 0.884192 0.00803883 0
1.395 0.965 0.885288 0.0103014 0
1.4 0.965 0.892244 0.0103366 0
1.405 0.965 0.893274 0.00934508 0
1.41 0.965 0.892801 0.00905135 0
1.415 0.965 0.893453 0.00790738 0
1.42 0.965 0.896169 0.00990052 0
1.425 0.965 0.896149 0.0100494 0
1.43 0.965 0.896629 0.00999886 0
1.435 0.965 0.896881 0.00825628 0
1.44 0.965 0.897894 0.00823745 0
1.445 0.965 0.909662 0.00920645 0
1.45 0.965 0.909908 0.00957812 0
1.455 0.97 0.914403 0.00989579 0
1.46 0.97 0.915623 0.00870229 0
1.465 0.97 0.919037 0.00934519 0
1.47 0.97 0.919003 0.00760671 0
1.475 0.97 0.918886 0.00834867 0
1.48 0.97 0.919131 0.00726557 0
1.485 0.97 0.920981 0.00748485 0
1.49 0.97 0.922645 0.00826839 0
1.495 0.97 0.922494 0.00785644 0
1.5 0.97 0.923161 0.00949694 0
