# Node_nr = 500
# K <r> sigma_r(sig not of average! divide by sqrt(n))
0 0.004 0.0335803 0.0188235 0
0.002 0.004 0.0362524 0.017949 0
0.004 0.004 0.0410443 0.0212619 0
0.006 0.004 0.0401925 0.0202021 0
0.008 0.004 0.0409551 0.0196348 0
0.01 0.004 0.0395683 0.0195019 0
0.012 0.004 0.043196 0.0212854 0
0.014 0.004 0.0431334 0.02428 0
0.016 0.004 0.0389899 0.0204782 0
0.018 0.004 0.0372594 0.0202615 0
0.02 0.004 0.0354344 0.0187813 0
0.022 0.004 0.0413567 0.0213736 0
0.024 0.004 0.0418848 0.0215539 0
0.026 0.004 0.0390452 0.0195698 0
0.028 0.004 0.0366713 0.0215161 0
0.03 0.004 0.0393081 0.0199825 0
0.032 0.004 0.0441316 0.0227423 0
0.034 0.004 0.0422989 0.0201996 0
0.036 0.004 0.041243 0.0236621 0
0.038 0.004 0.045525 0.0234391 0
0.04 0.004 0.0400325 0.0214632 0
0.042 0.006 0.0402349 0.0201307 0
0.044 0.006 0.0372184 0.0210245 0
0.046 0.006 0.0407898 0.0223138 0
0.048 0.006 0.0450544 0.0214234 0
0.05 0.006 0.044115 0.0221451 0
0.052 0.006 0.0432236 0.023577 0
0.054 0.006 0.0400916 0.0208147 0
0.056 0.006 0.0439756 0.0223028 0
0.058 0.006 0.0431751 0.0252913 0
0.06 0.006 0.0401663 0.0224464 0
0.062 0.006 0.0415305 0.020606 0
0.064 0.006 0.0435137 0.0214153 0
0.066 0.006 0.0430461 0.020145 0
0.068 0.006 0.0402373 0.0224673 0
0.07 0.008 0.0403361 0.0215983 0
0.072 0.008 0.0464889 0.022494 0
0.074 0.008 0.0405175 0.0218522 0
0.076 0.008 0.0465664 0.026393 0
0.078 0.008 0.0468504 0.0244888 0
0.08 0.008 0.0420571 0.0225235 0
0.082 0.008 0.0443961 0.0217402 0
0.084 0.008 0.0434461 0.0235035 0
0.086 0.008 0.0445292 0.0217565 0
0.088 0.008 0.0411244 0.0227348 0
0.09 0.008 0.0440885 0.0204655 0
0.092 0.008 0.0383018 0.0194668 0
0.094 0.01 0.0450217 0.0270547 0
0.096 0.01 0.04295 0.0224235 0
0.098 0.01 0.0457219 0.0217134 0
0.1 0.01 0.0435767 0.0233615 0
0.102 0.01 0.0391268 0.0225549 0
0.104 0.01 0.0461841 0.0233318 0
0.106 0.01 0.0407242 0.0227628 0
0.108 0.01 0.0438838 0.0210143 0
0.11 0.01 0.047076 0.0266637 0
0.112 0.01 0.0425615 0.0235295 0
0.114 0.01 0.0470561 0.0242009 0
0.116 0.01 0.0470763 0.0227395 0
0.118 0.012 0.0507371 0.0267814 0
0.12 0.012 0.0452504 0.0249955 0
0.122 0.012 0.0422354 0.0226554 0
0.124 0.012 0.0494671 0.0241722 0
0.126 0.012 0.0411507 0.0194116 0
0.128 0.012 0.0407201 0.0220589 0
0.13 0.012 0.0545312 0.0278174 0
0.132 0.012 0.044138 0.0226802 0
0.134 0.012 0.0470744 0.023585 0
0.136 0.012 0.0437839 0.0227179 0
0.138 0.012 0.0432602 0.021206 0
0.14 0.012 0.0450831 0.023772 0
0.142 0.012 0.0435067 0.0246981 0
0.144 0.012 0.0488378 0.0276399 0
0.146 0.012 0.0434086 0.022001 0
0.148 0.012 0.0497267 0.0231486 0
0.15 0.012 0.0490656 0.0229655 0
0.152 0.012 0.0506749 0.0273412 0
0.154 0.012 0.0441927 0.0222622 0
0.156 0.012 0.0446589 0.0235471 0
0.158 0.012 0.0493783 0.0237297 0
0.16 0.012 0.0471216 0.026011 0
0.162 0.012 0.0456533 0.0244776 0
0.164 0.012 0.0470457 0.0258402 0
0.166 0.012 0.0484556 0.0250369 0
0.168 0.012 0.0477872 0.0225854 0
0.17 0.012 0.0506998 0.0274749 0
0.172 0.012 0.0430694 0.0236805 0
0.174 0.012 0.0474116 0.0225388 0
0.176 0.012 0.0516503 0.0254916 0
0.178 0.012 0.0488812 0.0230725 0
0.18 0.012 0.04931 0.0250663 0
0.182 0.014 0.0497572 0.0263412 0
0.184 0.014 0.0510797 0.0235476 0
0.186 0.014 0.0517207 0.0255523 0
0.188 0.014 0.0544924 0.0261703 0
0.19 0.014 0.0542362 0.0273151 0
0.192 0.014 0.0460758 0.0254703 0
0.194 0.014 0.0505693 0.0258288 0
0.196 0.016 0.0506501 0.0271669 0
0.198 0.016 0.0487535 0.0236008 0
0.2 0.016 0.0513486 0.0259622 0
0.202 0.016 0.0491306 0.0258902 0
0.204 0.016 0.049732 0.0244953 0
0.206 0.016 0.0522316 0.0266527 0
0.208 0.016 0.0548842 0.0265361 0
0.21 0.016 0.0534752 0.0242127 0
0.212 0.016 0.0462609 0.0241479 0
0.214 0.016 0.0492435 0.0248525 0
0.216 0.016 0.0518821 0.0264627 0
0.218 0.016 0.0527936 0.0243753 0
0.22 0.016 0.0465868 0.0259021 0
0.222 0.016 0.046838 0.0263306 0
0.224 0.016 0.0557239 0.0281749 0
0.226 0.02 0.0504949 0.0221589 0
0.228 0.02 0.0549623 0.027726 0
0.23 0.02 0.0470607 0.0264705 0
0.232 0.02 0.0486374 0.0250566 0
0.234 0.02 0.0557543 0.032237 0
0.236 0.02 0.05168 0.0250561 0
0.238 0.02 0.0559477 0.0268162 0
0.24 0.02 0.0563016 0.0274273 0
0.242 0.02 0.0522671 0.0244044 0
0.244 0.02 0.0516973 0.0283584 0
0.246 0.02 0.0480007 0.0269369 0
0.248 0.02 0.0545179 0.0271332 0
0.25 0.02 0.0515776 0.0280689 0
0.252 0.02 0.0524498 0.0266119 0
0.254 0.02 0.0519631 0.0279199 0
0.256 0.02 0.0550627 0.027373 0
0.258 0.02 0.0536444 0.0285899 0
0.26 0.02 0.0554406 0.0301946 0
0.262 0.02 0.0510477 0.0306447 0
0.264 0.02 0.0537739 0.0270844 0
0.266 0.022 0.0565087 0.0268721 0
0.268 0.022 0.0483469 0.0260683 0
0.27 0.022 0.0575129 0.0332411 0
0.272 0.022 0.0551629 0.0275633 0
0.274 0.022 0.0574165 0.0322115 0
0.276 0.022 0.0528531 0.028561 0
0.278 0.022 0.0548417 0.0299647 0
0.28 0.022 0.0590784 0.0305896 0
0.282 0.022 0.0503927 0.0267933 0
0.284 0.022 0.0537962 0.0251551 0
0.286 0.022 0.057787 0.0282399 0
0.288 0.022 0.0530813 0.0279151 0
0.29 0.022 0.0569461 0.0280658 0
0.292 0.022 0.056828 0.0288378 0
0.294 0.022 0.0577498 0.0277463 0
0.296 0.022 0.0672013 0.0329138 0
0.298 0.022 0.0540119 0.0285619 0
0.3 0.024 0.0645892 0.0319369 0
0.302 0.024 0.0689152 0.0369306 0
0.304 0.024 0.0616698 0.028846 0
0.306 0.024 0.0550395 0.0268325 0
0.308 0.024 0.0658374 0.0312469 0
0.31 0.024 0.0635511 0.0344652 0
0.312 0.024 0.0635365 0.0330956 0
0.314 0.024 0.0670186 0.0321196 0
0.316 0.024 0.0605017 0.0317042 0
0.318 0.024 0.0617257 0.030755 0
0.32 0.024 0.0595683 0.0309316 0
0.322 0.024 0.058634 0.0320763 0
0.324 0.024 0.0640368 0.0342764 0
0.326 0.024 0.0623092 0.0322479 0
0.328 0.024 0.0631275 0.0294759 0
0.33 0.024 0.0647489 0.0264751 0
0.332 0.024 0.0615888 0.0304067 0
0.334 0.024 0.0661274 0.0310294 0
0.336 0.024 0.0614161 0.0317658 0
0.338 0.024 0.0641815 0.0295115 0
0.34 0.024 0.062613 0.0289804 0
0.342 0.042 0.069859 0.0382107 0
0.344 0.042 0.0589843 0.0312355 0
0.346 0.042 0.0625319 0.0277059 0
0.348 0.042 0.0671594 0.0351637 0
0.35 0.042 0.0614513 0.0268571 0
0.352 0.042 0.0721856 0.0327212 0
0.354 0.042 0.0625805 0.0309903 0
0.356 0.054 0.0679028 0.0353582 0
0.358 0.054 0.0745546 0.0359229 0
0.36 0.054 0.075538 0.036036 0
0.362 0.054 0.0643968 0.0329117 0
0.364 0.054 0.0845805 0.032848 0
0.366 0.054 0.0707919 0.0343953 0
0.368 0.054 0.0713606 0.0387556 0
0.37 0.054 0.0785728 0.0369875 0
0.372 0.054 0.0670893 0.0340418 0
0.374 0.054 0.0699648 0.0377956 0
0.376 0.054 0.0766456 0.0362588 0
0.378 0.054 0.0684617 0.0384391 0
0.38 0.054 0.0763259 0.0327964 0
0.382 0.054 0.074903 0.0415493 0
0.384 0.054 0.0749604 0.0360116 0
0.386 0.054 0.070846 0.0359143 0
0.388 0.054 0.0824115 0.0365999 0
0.39 0.054 0.0636374 0.0347036 0
0.392 0.054 0.0765721 0.0413461 0
0.394 0.064 0.0696994 0.0396662 0
0.396 0.064 0.0783717 0.0363735 0
0.398 0.064 0.0673255 0.0318727 0
0.4 0.068 0.0736824 0.0316676 0
0.402 0.068 0.0713899 0.037532 0
0.404 0.068 0.0658222 0.0331311 0
0.406 0.068 0.0726458 0.0334105 0
0.408 0.068 0.0735137 0.036399 0
0.41 0.068 0.061997 0.0326256 0
0.412 0.068 0.0871637 0.0399902 0
0.414 0.068 0.0656594 0.0384313 0
0.416 0.068 0.0640174 0.0333227 0
0.418 0.068 0.073628 0.0334475 0
0.42 0.068 0.0766699 0.0371984 0
0.422 0.068 0.0670968 0.0318165 0
0.424 0.068 0.0762915 0.0393721 0
0.426 0.068 0.0721556 0.0366678 0
0.428 0.068 0.0690887 0.0352074 0
0.43 0.068 0.0772784 0.039022 0
0.432 0.068 0.067529 0.0349128 0
0.434 0.068 0.0728571 0.0344194 0
0.436 0.068 0.0726304 0.0349718 0
0.438 0.068 0.0690924 0.0352132 0
0.44 0.07 0.0610188 0.0337957 0
0.442 0.07 0.0815479 0.0399695 0
0.444 0.07 0.0814413 0.042008 0
0.446 0.07 0.0705161 0.0353788 0
0.448 0.07 0.0819495 0.0395638 0
0.45 0.07 0.0865755 0.0473358 0
0.452 0.07 0.0742218 0.0378181 0
0.454 0.07 0.0663608 0.0317272 0
0.456 0.07 0.0874882 0.0432748 0
0.458 0.07 0.0737136 0.0353581 0
0.46 0.07 0.0659253 0.0363687 0
0.462 0.076 0.080456 0.0416007 0
0.464 0.076 0.0687012 0.0351941 0
0.466 0.076 0.078775 0.0411211 0
0.468 0.076 0.0773106 0.0365222 0
0.47 0.076 0.0770547 0.0397508 0
0.472 0.076 0.0707875 0.0342677 0
0.474 0.076 0.0761908 0.0382399 0
0.476 0.076 0.0874441 0.0431498 0
0.478 0.076 0.0681295 0.0338853 0
0.48 0.076 0.0826506 0.0434297 0
0.482 0.076 0.0778523 0.0350117 0
0.484 0.076 0.0744895 0.0335074 0
0.486 0.076 0.0791376 0.039227 0
0.488 0.076 0.0813493 0.0414006 0
0.49 0.076 0.0803123 0.0429588 0
0.492 0.076 0.0798483 0.0422865 0
0.494 0.076 0.0739576 0.0317497 0
0.496 0.076 0.0735525 0.0349964 0
0.498 0.076 0.0801009 0.0406256 0
0.5 0.076 0.0828921 0.0430864 0
0.502 0.078 0.0566481 0.0290485 0
0.504 0.078 0.0703669 0.0366151 0
0.506 0.078 0.0791882 0.0414045 0
0.508 0.078 0.0706034 0.0328154 0
0.51 0.078 0.059816 0.0341229 0
0.512 0.078 0.0637996 0.0358075 0
0.514 0.078 0.0822464 0.0388595 0
0.516 0.078 0.0732622 0.0328927 0
0.518 0.078 0.0722543 0.0408103 0
0.52 0.078 0.0724493 0.0318364 0
0.522 0.114 0.0693193 0.0355174 0
0.524 0.114 0.104205 0.0499594 0
0.526 0.114 0.0965072 0.0382323 0
0.528 0.114 0.0735857 0.0366504 0
0.53 0.114 0.092181 0.0417334 0
0.532 0.114 0.0916306 0.0409305 0
0.534 0.114 0.07667 0.0412084 0
0.536 0.114 0.0777462 0.0326697 0
0.538 0.116 0.0883016 0.043973 0
0.54 0.122 0.0689416 0.0367449 0
0.542 0.126 0.0717361 0.0384483 0
0.544 0.126 0.0634476 0.0322237 0
0.546 0.154 0.0646123 0.0307164 0
0.548 0.154 0.0583893 0.0311756 0
0.55 0.154 0.0715645 0.0393813 0
0.552 0.154 0.0672873 0.032106 0
0.554 0.154 0.0696716 0.0343341 0
0.556 0.154 0.0805372 0.0424859 0
0.558 0.154 0.0769963 0.0411141 0
0.56 0.154 0.0704102 0.0383426 0
0.562 0.168 0.0771181 0.0394478 0
0.564 0.168 0.0722731 0.0400293 0
0.566 0.168 0.0714462 0.0361201 0
0.568 0.168 0.0780716 0.03868 0
0.57 0.168 0.0687817 0.0318157 0
0.572 0.168 0.0784303 0.0411593 0
0.574 0.168 0.0702748 0.0366795 0
0.576 0.292 0.0746132 0.0354833 0
0.578 0.33 0.0783151 0.0385522 0
0.58 0.33 0.0787418 0.0333637 0
0.582 0.33 0.0796429 0.0353874 0
0.584 0.332 0.0763719 0.0400613 0
0.586 0.34 0.0803902 0.0339749 0
0.588 0.34 0.0905185 0.0384279 0
0.59 0.34 0.0993152 0.0447778 0
0.592 0.34 0.0931816 0.0403609 0
0.594 0.34 0.0945904 0.0438441 0
0.596 0.342 0.0952292 0.0453846 0
0.598 0.342 0.0834463 0.0399248 0
0.6 0.348 0.0806661 0.0372578 0
0.602 0.348 0.0740071 0.0336781 0
0.604 0.348 0.0777795 0.0315505 0
0.606 0.348 0.0726621 0.0337116 0
0.608 0.348 0.0821783 0.0346269 0
0.61 0.348 0.0728979 0.0332919 0
0.612 0.348 0.0888177 0.0362427 0
0.614 0.348 0.0777742 0.0295726 0
0.616 0.35 0.0865187 0.038562 0
0.618 0.35 0.110816 0.0369056 0
0.62 0.35 0.110066 0.0368997 0
0.622 0.352 0.109334 0.0358901 0
0.624 0.36 0.0850792 0.0384869 0
0.626 0.366 0.0783259 0.0308448 0
0.628 0.366 0.0801784 0.0292978 0
0.63 0.366 0.0759824 0.0345073 0
0.632 0.366 0.0790461 0.034266 0
0.634 0.368 0.0698405 0.0337197 0
0.636 0.368 0.0691543 0.0314858 0
0.638 0.368 0.0719852 0.0351888 0
0.64 0.376 0.0654405 0.0370989 0
0.642 0.376 0.0595733 0.0277486 0
0.644 0.384 0.057442 0.0267865 0
0.646 0.386 0.0554326 0.0274251 0
0.648 0.392 0.0989117 0.0378238 0
0.65 0.396 0.086931 0.036925 0
0.652 0.396 0.0800565 0.0333407 0
0.654 0.398 0.0918324 0.0370888 0
0.656 0.398 0.14549 0.0409066 0
0.658 0.428 0.184814 0.0348834 0
0.66 0.428 0.16872 0.0389495 0
0.662 0.428 0.176736 0.0305045 0
0.664 0.428 0.165102 0.041754 0
0.666 0.44 0.159752 0.0402057 0
0.668 0.444 0.169784 0.0345799 0
0.67 0.444 0.171239 0.03742 0
0.672 0.46 0.180564 0.0385982 0
0.674 0.462 0.188038 0.0328901 0
0.676 0.464 0.184682 0.0331338 0
0.678 0.466 0.186161 0.0387578 0
0.68 0.498 0.188143 0.0310213 0
0.682 0.498 0.188032 0.0304915 0
0.684 0.5 0.17467 0.0283937 0
0.686 0.506 0.168681 0.0374208 0
0.688 0.516 0.157981 0.0353675 0
0.69 0.52 0.0950743 0.0459271 0
0.692 0.52 0.0824738 0.0354481 0
0.694 0.522 0.0916508 0.0286495 0
0.696 0.522 0.113953 0.0342616 0
0.698 0.524 0.117256 0.0378629 0
0.7 0.528 0.113824 0.0348062 0
0.702 0.53 0.128105 0.0395666 0
0.704 0.536 0.123866 0.0433553 0
0.706 0.536 0.213986 0.0316486 0
0.708 0.536 0.129072 0.0451627 0
0.71 0.536 0.0820567 0.0354122 0
0.712 0.554 0.137662 0.0568979 0
0.714 0.556 0.211126 0.0331154 0
0.716 0.564 0.15651 0.0361939 0
0.718 0.564 0.11768 0.0543762 0
0.72 0.564 0.1204 0.0442748 0
0.722 0.578 0.164943 0.0388878 0
0.724 0.578 0.083002 0.0290084 0
0.726 0.578 0.0920383 0.0303045 0
0.728 0.582 0.123579 0.0365381 0
0.73 0.582 0.173387 0.0372858 0
0.732 0.582 0.166359 0.0464548 0
0.734 0.588 0.129913 0.0367122 0
0.736 0.588 0.140608 0.0387562 0
0.738 0.588 0.129762 0.034018 0
0.74 0.588 0.206081 0.0361351 0
0.742 0.588 0.244478 0.0385647 0
0.744 0.588 0.0963215 0.0528019 0
0.746 0.59 0.19712 0.0883343 0
0.748 0.59 0.215285 0.0610792 0
0.75 0.598 0.244999 0.031433 0
0.752 0.598 0.247323 0.0250529 0
0.754 0.598 0.257815 0.0258838 0
0.756 0.6 0.255811 0.0284016 0
0.758 0.602 0.248108 0.0281562 0
0.76 0.606 0.251777 0.0290095 0
0.762 0.606 0.225815 0.0384227 0
0.764 0.608 0.205133 0.0264896 0
0.766 0.614 0.193808 0.031344 0
0.768 0.616 0.19233 0.0274605 0
0.77 0.616 0.187175 0.0355363 0
0.772 0.616 0.178215 0.086748 0
0.774 0.616 0.269818 0.0352319 0
0.776 0.616 0.27983 0.0349109 0
0.778 0.616 0.271031 0.0260524 0
0.78 0.62 0.278209 0.0243899 0
0.782 0.622 0.283947 0.0388294 0
0.784 0.626 0.271962 0.0356606 0
0.786 0.626 0.264628 0.0387259 0
0.788 0.626 0.278203 0.034931 0
0.79 0.628 0.272111 0.0298244 0
0.792 0.628 0.271366 0.0359242 0
0.794 0.628 0.27344 0.0337204 0
0.796 0.628 0.27122 0.035119 0
0.798 0.642 0.279861 0.036668 0
0.8 0.642 0.272711 0.03581 0
0.802 0.642 0.275136 0.0305953 0
0.804 0.65 0.275024 0.0319215 0
0.806 0.65 0.267557 0.0301375 0
0.808 0.652 0.279466 0.0376984 0
0.81 0.652 0.282792 0.0345784 0
0.812 0.652 0.274212 0.0404657 0
0.814 0.652 0.265208 0.0290466 0
0.816 0.664 0.273792 0.028592 0
0.818 0.666 0.272914 0.0388161 0
0.82 0.668 0.270853 0.03273 0
0.822 0.668 0.270136 0.0394938 0
0.824 0.668 0.267299 0.0379183 0
0.826 0.676 0.2902 0.0384783 0
0.828 0.678 0.265023 0.0340019 0
0.83 0.678 0.261851 0.0334329 0
0.832 0.682 0.271568 0.0380034 0
0.834 0.686 0.262909 0.0411562 0
0.836 0.688 0.283356 0.0354821 0
0.838 0.694 0.275573 0.0364577 0
0.84 0.694 0.307559 0.0353608 0
0.842 0.694 0.3637 0.0300322 0
0.844 0.696 0.354031 0.0227396 0
0.846 0.698 0.319336 0.0290766 0
0.848 0.698 0.319576 0.0279541 0
0.85 0.702 0.322872 0.0313572 0
0.852 0.702 0.313754 0.0290695 0
0.854 0.702 0.342584 0.0312293 0
0.856 0.708 0.3509 0.0323256 0
0.858 0.708 0.357025 0.031059 0
0.86 0.712 0.362016 0.0298277 0
0.862 0.712 0.334238 0.0283664 0
0.864 0.714 0.320712 0.0279212 0
0.866 0.714 0.366324 0.0382171 0
0.868 0.736 0.405806 0.0361911 0
0.87 0.742 0.386537 0.0367855 0
0.872 0.742 0.38457 0.0289546 0
0.874 0.742 0.386058 0.0334504 0
0.876 0.744 0.38782 0.0393905 0
0.878 0.744 0.388043 0.0394695 0
0.88 0.744 0.383874 0.0279393 0
0.882 0.748 0.367515 0.0270786 0
0.884 0.748 0.367106 0.0291261 0
0.886 0.75 0.374949 0.0279611 0
0.888 0.75 0.377769 0.0225795 0
0.89 0.75 0.377235 0.0222039 0
0.892 0.752 0.379666 0.0193461 0
0.894 0.754 0.380171 0.0209523 0
0.896 0.754 0.372205 0.0196676 0
0.898 0.756 0.374318 0.0209608 0
0.9 0.758 0.375799 0.0174791 0
0.902 0.758 0.37927 0.0242731 0
0.904 0.76 0.382579 0.0201732 0
0.906 0.762 0.384325 0.0234545 0
0.908 0.762 0.385791 0.0211349 0
0.91 0.762 0.395262 0.0209395 0
0.912 0.762 0.412976 0.0180166 0
0.914 0.764 0.416505 0.0192429 0
0.916 0.764 0.413488 0.0201733 0
0.918 0.764 0.416803 0.0201508 0
0.92 0.766 0.405837 0.0231853 0
0.922 0.768 0.39679 0.0164337 0
0.924 0.768 0.399537 0.0178132 0
0.926 0.768 0.39989 0.0184723 0
0.928 0.77 0.400599 0.0180246 0
0.93 0.772 0.401628 0.0225038 0
0.932 0.772 0.430112 0.0230418 0
0.934 0.774 0.438843 0.0209228 0
0.936 0.776 0.437446 0.0190298 0
0.938 0.784 0.445742 0.0171749 0
0.94 0.786 0.442586 0.0214686 0
0.942 0.786 0.440873 0.0165531 0
0.944 0.786 0.447393 0.0192355 0
0.946 0.788 0.440006 0.0175143 0
0.948 0.788 0.458092 0.0218321 0
0.95 0.788 0.458846 0.0200237 0
0.952 0.788 0.470941 0.0186847 0
0.954 0.79 0.471881 0.018246 0
0.956 0.79 0.49103 0.0199744 0
0.958 0.79 0.493078 0.0192843 0
0.96 0.794 0.500627 0.0188434 0
0.962 0.794 0.503297 0.0163241 0
0.964 0.794 0.505799 0.0168304 0
0.966 0.796 0.516131 0.0180571 0
0.968 0.796 0.53358 0.0176948 0
0.97 0.796 0.540611 0.018563 0
0.972 0.796 0.534843 0.0169636 0
0.974 0.796 0.537852 0.0166344 0
0.976 0.796 0.531107 0.016084 0
0.978 0.796 0.538614 0.0164975 0
0.98 0.796 0.538766 0.0179797 0
0.982 0.798 0.543181 0.0185019 0
0.984 0.798 0.544297 0.0186972 0