# Relevant parameters to reproduce this network:
# node_nr=200	 k_max=20
# initial_seed=1557414222	 delta_t=0.1	 max_steps=3000	 in_between=0
# fg_m=1	 fg_alpha=0.5	 fg_t_min=0	 fg_t_max=5	 fg_t_number=1000	 fg_weff_lower_frequency=-1e+08	 fg_weff_max_steps=3000	 fg_weff_in_between=0
# K Giant_component <r> sigma_r*sqrt(NODE_NR) clustering
0 0.01 0.0560622 0.0297688 0
0.005 0.01 0.0607496 0.0330984 0
0.01 0.01 0.0555211 0.0295838 0
0.015 0.01 0.0649418 0.0340055 0
0.02 0.01 0.0617487 0.031854 0
0.025 0.01 0.0616282 0.0343318 0
0.03 0.01 0.0623826 0.0321345 0
0.035 0.01 0.0698835 0.0335235 0
0.04 0.01 0.0670482 0.0333716 0
0.045 0.01 0.060917 0.0272667 0
0.05 0.01 0.0660097 0.031955 0
0.055 0.01 0.0694458 0.0346072 0
0.06 0.015 0.0606507 0.032491 0
0.065 0.015 0.0653625 0.0307467 0
0.07 0.015 0.0620096 0.0311738 0
0.075 0.015 0.0643353 0.0319885 0
0.08 0.015 0.0523098 0.0290018 0
0.085 0.015 0.064738 0.0345641 0
0.09 0.015 0.0632577 0.0322212 0
0.095 0.015 0.0557127 0.0301198 0
0.1 0.015 0.0662528 0.0364212 0
0.105 0.015 0.0676272 0.0324093 0
0.11 0.015 0.0689422 0.0378703 0
0.115 0.015 0.0657249 0.0282485 0
0.12 0.015 0.0704898 0.0375703 0
0.125 0.015 0.0709016 0.034355 0
0.13 0.015 0.0674676 0.0340422 0
0.135 0.015 0.0679325 0.0337218 0
0.14 0.015 0.0639022 0.0332808 0
0.145 0.015 0.0728546 0.0452203 0
0.15 0.015 0.0573042 0.0349887 0
0.155 0.015 0.0698226 0.0371797 0
0.16 0.015 0.0679475 0.0292251 0
0.165 0.015 0.067371 0.0338946 0
0.17 0.015 0.0670813 0.0373484 0
0.175 0.015 0.0626516 0.0285761 0
0.18 0.015 0.068809 0.0409295 0
0.185 0.015 0.069742 0.034053 0
0.19 0.015 0.0672511 0.0327064 0
0.195 0.02 0.0676065 0.0348412 0
0.2 0.02 0.0619135 0.0332823 0
0.205 0.02 0.0668563 0.0348353 0
0.21 0.025 0.062728 0.029273 0
0.215 0.025 0.0716105 0.0376685 0
0.22 0.03 0.0676495 0.040333 0
0.225 0.03 0.0691515 0.0365153 0
0.23 0.035 0.0669011 0.0391486 0
0.235 0.035 0.0580207 0.0319532 0
0.24 0.035 0.0801977 0.0376505 0
0.245 0.035 0.0802771 0.0376269 0
0.25 0.035 0.0613119 0.0339209 0
0.255 0.035 0.0681581 0.0346863 0
0.26 0.035 0.0743975 0.0398969 0
0.265 0.035 0.0632475 0.0329368 0
0.27 0.04 0.0658694 0.0320962 0
0.275 0.04 0.0592102 0.0271466 0
0.28 0.04 0.0573986 0.0296191 0
0.285 0.04 0.0639955 0.0298169 0
0.29 0.04 0.0726728 0.0380823 0
0.295 0.04 0.0651882 0.0355174 0
0.3 0.04 0.0734347 0.0412913 0
0.305 0.04 0.0737319 0.038202 0
0.31 0.04 0.0739929 0.0438213 0
0.315 0.04 0.0740199 0.0343861 0
0.32 0.04 0.0807274 0.04441 0
0.325 0.045 0.0649217 0.0364073 0
0.33 0.045 0.0684052 0.0310364 0
0.335 0.045 0.076358 0.0369546 0
0.34 0.045 0.0743742 0.0372945 0
0.345 0.05 0.0676476 0.0328916 0
0.35 0.065 0.0642117 0.035659 0
0.355 0.075 0.0719627 0.040162 0
0.36 0.075 0.0784806 0.0407051 0
0.365 0.075 0.0694149 0.0368351 0
0.37 0.08 0.0715714 0.0361949 0
0.375 0.08 0.0692637 0.0337355 0
0.38 0.09 0.0734798 0.0350965 0
0.385 0.09 0.0641898 0.034926 0
0.39 0.09 0.0765381 0.0421647 0
0.395 0.09 0.0741663 0.0413718 0
0.4 0.09 0.0806313 0.0366952 0
0.405 0.09 0.0725969 0.0407475 0
0.41 0.09 0.0781166 0.0375959 0
0.415 0.09 0.0822113 0.0409493 0
0.42 0.105 0.0690763 0.0375172 0
0.425 0.11 0.0746024 0.0359129 0
0.43 0.11 0.0701084 0.0324922 0
0.435 0.11 0.0753011 0.037512 0
0.44 0.11 0.0754356 0.0374503 0
0.445 0.13 0.0756136 0.0346719 0
0.45 0.13 0.0692073 0.0332555 0
0.455 0.13 0.0776795 0.0439206 0
0.46 0.13 0.0738594 0.0364928 0
0.465 0.13 0.0601641 0.0380887 0
0.47 0.13 0.0646029 0.0367887 0
0.475 0.135 0.0749076 0.0385337 0
0.48 0.135 0.0668736 0.0354794 0
0.485 0.135 0.0782767 0.043064 0
0.49 0.15 0.0815367 0.0418811 0
0.495 0.185 0.0699821 0.0345796 0
0.5 0.185 0.0718871 0.0306786 0
0.505 0.185 0.0836605 0.04321 0
0.51 0.26 0.0672581 0.0369855 0
0.515 0.26 0.0776292 0.0377792 0
0.52 0.26 0.0749359 0.040909 0
0.525 0.26 0.0699167 0.0338746 0
0.53 0.265 0.0702671 0.0383897 0
0.535 0.265 0.0735096 0.0335101 0
0.54 0.27 0.0791692 0.0408749 0
0.545 0.28 0.0775636 0.0411118 0
0.55 0.28 0.0728021 0.0359477 0
0.555 0.28 0.0759035 0.0399732 0
0.56 0.28 0.0860648 0.039902 0
0.565 0.28 0.0659917 0.0351115 0
0.57 0.285 0.0740696 0.0399969 0
0.575 0.285 0.0730959 0.0361352 0
0.58 0.285 0.0795976 0.0381502 0
0.585 0.285 0.063335 0.0362746 0
0.59 0.3 0.071492 0.0367578 0
0.595 0.305 0.0721162 0.0369527 0
0.6 0.305 0.0784524 0.035327 0
0.605 0.305 0.0696932 0.0345543 0
0.61 0.33 0.0759438 0.0380874 0
0.615 0.345 0.077625 0.0385501 0
0.62 0.345 0.068591 0.0334801 0
0.625 0.345 0.077636 0.0404574 0
0.63 0.35 0.081686 0.0395599 0
0.635 0.35 0.0837969 0.0461046 0
0.64 0.445 0.0752356 0.0400433 0
0.645 0.45 0.0916604 0.049603 0
0.65 0.455 0.0781619 0.0436161 0
0.655 0.465 0.0710825 0.0406028 0
0.66 0.47 0.0800018 0.038628 0
0.665 0.47 0.072328 0.0350104 0
0.67 0.47 0.0766171 0.043211 0
0.675 0.475 0.0637298 0.0348096 0
0.68 0.48 0.0779931 0.0385443 0
0.685 0.485 0.0687355 0.0450443 0
0.69 0.495 0.0811225 0.0360301 0
0.695 0.505 0.0733821 0.0360044 0
0.7 0.51 0.0705018 0.0390499 0
0.705 0.51 0.0745144 0.0389027 0
0.71 0.51 0.0762976 0.0401403 0
0.715 0.57 0.0709988 0.0389011 0
0.72 0.58 0.0787909 0.0374631 0
0.725 0.58 0.0758819 0.0329273 0
0.73 0.58 0.0789404 0.0378738 0
0.735 0.585 0.0727276 0.0337733 0
0.74 0.59 0.0803967 0.0389457 0
0.745 0.59 0.0727713 0.0324222 0
0.75 0.595 0.0677435 0.0334989 0
0.755 0.595 0.0795043 0.0374516 0
0.76 0.595 0.0704788 0.03859 0
0.765 0.595 0.0705102 0.0323123 0
0.77 0.595 0.0704756 0.0397168 0
0.775 0.595 0.0868978 0.0382317 0
0.78 0.595 0.0756911 0.0387553 0
0.785 0.595 0.0881173 0.0386453 0
0.79 0.595 0.0823463 0.0414185 0
0.795 0.65 0.0771406 0.0374137 0
0.8 0.655 0.074512 0.0327003 0
0.805 0.665 0.0655699 0.0325896 0
0.81 0.665 0.0772178 0.0421652 0
0.815 0.665 0.0794623 0.0416983 0
0.82 0.67 0.0854188 0.0415165 0
0.825 0.67 0.0848985 0.0395749 0
0.83 0.685 0.0802901 0.0426151 0
0.835 0.685 0.0818547 0.0418147 0
0.84 0.685 0.0782691 0.0419184 0
0.845 0.69 0.0811725 0.0424879 0
0.85 0.69 0.0779143 0.0409226 0
0.855 0.69 0.0780648 0.0409739 0
0.86 0.69 0.0797782 0.03871 0
0.865 0.715 0.0815461 0.0449098 0
0.87 0.715 0.0735267 0.0384492 0
0.875 0.72 0.0714662 0.0349893 0
0.88 0.73 0.0816169 0.0427228 0
0.885 0.76 0.0806936 0.0424162 0
0.89 0.76 0.0839856 0.0406153 0
0.895 0.765 0.078479 0.0400057 0
0.9 0.78 0.0810126 0.0376716 0
0.905 0.78 0.087548 0.0483987 0
0.91 0.78 0.0897127 0.0461595 0
0.915 0.78 0.0950089 0.0470395 0
0.92 0.785 0.0809717 0.0371604 0
0.925 0.785 0.0795639 0.038632 0
0.93 0.785 0.0867649 0.0438482 0
0.935 0.79 0.0823306 0.043637 0
0.94 0.795 0.0897426 0.0457125 0
0.945 0.795 0.073528 0.045241 0
0.95 0.795 0.0855175 0.0454578 0
0.955 0.795 0.0810624 0.0368446 0
0.96 0.805 0.0872234 0.0466248 0
0.965 0.805 0.0725026 0.0380488 0
0.97 0.81 0.0890273 0.0472241 0
0.975 0.815 0.0798248 0.0430436 0
0.98 0.82 0.0832066 0.0459927 0
0.985 0.83 0.0805409 0.0422283 0
0.99 0.835 0.098353 0.0476431 0
0.995 0.835 0.0775299 0.0388115 0
1 0.835 0.0923311 0.0419961 0
1.005 0.835 0.0873351 0.0474336 0
1.01 0.835 0.0844636 0.040746 0
1.015 0.835 0.0830507 0.0366456 0
1.02 0.84 0.0759474 0.0381071 0
1.025 0.845 0.0940602 0.0458773 0
1.03 0.845 0.0829771 0.0390527 0
1.035 0.845 0.0828543 0.0501661 0
1.04 0.845 0.0930003 0.0481772 0
1.045 0.845 0.0861859 0.0417559 0
1.05 0.845 0.0910719 0.0431253 0
1.055 0.85 0.084888 0.0427348 0
1.06 0.855 0.0898094 0.0466457 0
1.065 0.86 0.0969557 0.0462004 0
1.07 0.86 0.0983715 0.0453909 0
1.075 0.86 0.0766467 0.034451 0
1.08 0.86 0.0783218 0.0399957 0
1.085 0.86 0.089383 0.0438732 0
1.09 0.86 0.0767158 0.0407188 0
1.095 0.865 0.0821562 0.0453176 0
1.1 0.865 0.0924928 0.0483292 0
1.105 0.865 0.0798132 0.0353329 0
1.11 0.865 0.0815672 0.0488365 0
1.115 0.87 0.0830063 0.0468259 0
1.12 0.87 0.0785718 0.0452577 0
1.125 0.87 0.0835123 0.0427807 0
1.13 0.875 0.0895359 0.0474345 0
1.135 0.885 0.0732104 0.0376851 0
1.14 0.885 0.0906573 0.0442378 0
1.145 0.885 0.0819617 0.0388689 0
1.15 0.89 0.0900802 0.0475532 0
1.155 0.89 0.0828954 0.0424851 0
1.16 0.89 0.0845724 0.0404187 0
1.165 0.89 0.0844027 0.0396909 0
1.17 0.89 0.0789023 0.0437055 0
1.175 0.89 0.0837214 0.0393333 0
1.18 0.89 0.0814953 0.0368642 0
1.185 0.895 0.0919166 0.0430989 0
1.19 0.895 0.0858075 0.0442964 0
1.195 0.895 0.0773914 0.0383942 0
1.2 0.895 0.0867441 0.0401181 0
1.205 0.895 0.0926251 0.0458493 0
1.21 0.895 0.0783014 0.037935 0
1.215 0.9 0.0865349 0.0408985 0
1.22 0.905 0.0867906 0.0443071 0
1.225 0.905 0.0861068 0.049718 0
1.23 0.905 0.0801761 0.0400773 0
1.235 0.905 0.091397 0.0465061 0
1.24 0.905 0.0888112 0.0492371 0
1.245 0.905 0.0949458 0.0469218 0
1.25 0.905 0.0810993 0.0437418 0
1.255 0.905 0.0888191 0.0448169 0
1.26 0.905 0.0812671 0.0376888 0
1.265 0.905 0.0847437 0.0419309 0
1.27 0.905 0.0838583 0.043505 0
1.275 0.905 0.0963495 0.0484591 0
1.28 0.905 0.0950361 0.0483707 0
1.285 0.91 0.0899727 0.0491635 0
1.29 0.91 0.100996 0.045133 0
1.295 0.91 0.0842126 0.0450514 0
1.3 0.92 0.0873367 0.0497248 0
1.305 0.925 0.0803233 0.0409712 0
1.31 0.925 0.104093 0.0524762 0
1.315 0.925 0.0742909 0.0343668 0
1.32 0.925 0.101577 0.0468229 0
1.325 0.925 0.0844176 0.0535252 0
1.33 0.925 0.0899551 0.0490988 0
1.335 0.925 0.0947336 0.0495568 0
1.34 0.925 0.0819237 0.0397468 0
1.345 0.93 0.0893402 0.0460197 0
1.35 0.93 0.0841613 0.0467967 0
1.355 0.93 0.0767999 0.0433863 0
1.36 0.93 0.0912926 0.0462552 0
1.365 0.93 0.0845112 0.0456084 0
1.37 0.93 0.0932265 0.0463389 0
1.375 0.93 0.093219 0.0480506 0
1.38 0.93 0.082911 0.0416685 0
1.385 0.93 0.083172 0.0430587 0
1.39 0.93 0.0874216 0.0455582 0
1.395 0.935 0.100578 0.0501856 0
1.4 0.935 0.0875452 0.0490954 0
1.405 0.935 0.0989808 0.0433801 0
1.41 0.935 0.101502 0.0472103 0
1.415 0.945 0.0855432 0.0438444 0
1.42 0.945 0.0961673 0.0510557 0
1.425 0.95 0.0976349 0.0530914 0
1.43 0.95 0.0910359 0.0474059 0
1.435 0.95 0.0924666 0.0447779 0
1.44 0.95 0.0991801 0.0435943 0
1.445 0.955 0.0793534 0.0490369 0
1.45 0.955 0.0800582 0.0406881 0
1.455 0.955 0.0901655 0.0479717 0
1.46 0.955 0.107704 0.0560082 0
1.465 0.955 0.0847826 0.0449179 0
1.47 0.955 0.0948714 0.0491265 0
1.475 0.955 0.0952998 0.0492818 0
1.48 0.955 0.102543 0.0499818 0
1.485 0.955 0.0863214 0.0476213 0
1.49 0.955 0.0981832 0.0514886 0
1.495 0.955 0.091591 0.0438804 0
1.5 0.955 0.0967415 0.049752 0
1.505 0.955 0.100082 0.0546517 0
1.51 0.955 0.103454 0.0472843 0
1.515 0.96 0.097271 0.0507931 0
1.52 0.96 0.0951088 0.0467881 0
1.525 0.96 0.088269 0.0440984 0
1.53 0.96 0.0875772 0.0452444 0
1.535 0.96 0.0954472 0.0533156 0
1.54 0.965 0.0944413 0.0488846 0
1.545 0.965 0.0973294 0.0504811 0
1.55 0.965 0.0929898 0.0550193 0
1.555 0.97 0.0884423 0.0510133 0
1.56 0.97 0.110168 0.051641 0
1.565 0.97 0.103634 0.0515041 0
1.57 0.97 0.101936 0.0462764 0
1.575 0.97 0.107809 0.0532085 0
1.58 0.97 0.104101 0.0520679 0
1.585 0.97 0.108166 0.0566415 0
1.59 0.97 0.102702 0.0501037 0
1.595 0.97 0.102873 0.0479469 0
1.6 0.97 0.106441 0.056665 0
1.605 0.97 0.0903727 0.0575456 0
1.61 0.97 0.113838 0.0520622 0
1.615 0.97 0.0976102 0.0509988 0
1.62 0.97 0.107369 0.0521868 0
1.625 0.97 0.105294 0.0533187 0
1.63 0.97 0.110176 0.0506733 0
1.635 0.97 0.103284 0.0500759 0
1.64 0.97 0.0980505 0.058786 0
1.645 0.97 0.0991067 0.0446894 0
1.65 0.97 0.10605 0.0554122 0
1.655 0.97 0.107825 0.0527741 0
1.66 0.97 0.0898097 0.0487285 0
1.665 0.97 0.106427 0.0481249 0
1.67 0.97 0.103011 0.0512852 0
1.675 0.97 0.0960674 0.0493415 0
1.68 0.97 0.0978981 0.0534913 0
1.685 0.97 0.0969545 0.0516911 0
1.69 0.97 0.104079 0.042928 0
1.695 0.97 0.0873413 0.0478004 0
1.7 0.97 0.0962566 0.0495043 0
1.705 0.97 0.107805 0.058741 0
1.71 0.97 0.0966645 0.0535942 0
1.715 0.975 0.099163 0.0565159 0
1.72 0.975 0.105345 0.0580276 0
1.725 0.975 0.105691 0.0535332 0
1.73 0.975 0.0953242 0.049709 0
1.735 0.98 0.0988828 0.049449 0
1.74 0.98 0.115585 0.0506731 0
1.745 0.99 0.0930879 0.0522405 0
1.75 0.99 0.106845 0.0508313 0
1.755 0.99 0.109659 0.0531088 0
1.76 0.99 0.0929025 0.0459874 0
1.765 0.99 0.0986392 0.0516474 0
1.77 0.99 0.107207 0.0594758 0
1.775 0.99 0.0976914 0.0468293 0
1.78 0.99 0.108755 0.0530558 0
1.785 0.99 0.0967908 0.0515365 0
1.79 0.99 0.105644 0.0567564 0
1.795 0.99 0.0877685 0.0450542 0
1.8 0.99 0.101792 0.0519947 0
1.805 0.99 0.10141 0.0580926 0
1.81 0.99 0.108369 0.0532327 0
1.815 0.99 0.109357 0.0492816 0
1.82 0.99 0.112944 0.055554 0
1.825 0.99 0.133494 0.0647741 0
1.83 0.99 0.0961718 0.053493 0
1.835 0.99 0.0984441 0.0494382 0
1.84 0.99 0.103376 0.0518265 0
1.845 0.99 0.105014 0.0501195 0
1.85 0.99 0.120942 0.0590493 0
1.855 0.99 0.106127 0.0543475 0
1.86 0.99 0.118017 0.0612997 0
1.865 0.99 0.119577 0.0596412 0
1.87 0.99 0.117326 0.0679282 0
1.875 0.99 0.116926 0.0578975 0
1.88 0.99 0.121659 0.0599792 0
1.885 0.99 0.0976233 0.0527644 0
1.89 0.99 0.128427 0.0646671 0
1.895 0.99 0.125074 0.0702943 0
1.9 0.99 0.122044 0.0619651 0
1.905 0.99 0.117122 0.050061 0
1.91 0.99 0.129324 0.0647146 0
1.915 0.99 0.119048 0.0615425 0
1.92 0.99 0.125728 0.0578473 0
1.925 0.99 0.120037 0.0589719 0
1.93 0.99 0.131047 0.0599268 0
1.935 0.99 0.112777 0.0572437 0
1.94 0.99 0.104672 0.0569526 0
1.945 0.99 0.126302 0.064845 0
1.95 0.99 0.116938 0.0513445 0
1.955 0.99 0.0990532 0.052514 0
1.96 0.99 0.121021 0.0609791 0
1.965 0.99 0.139995 0.0646069 0
1.97 0.99 0.124171 0.0577592 0
1.975 0.99 0.130695 0.0782852 0
1.98 0.99 0.119279 0.0618904 0
1.985 0.99 0.11769 0.0616641 0
1.99 0.99 0.124006 0.0650852 0
1.995 0.99 0.121805 0.0623428 0
2 0.99 0.121194 0.0609471 0
2.005 0.99 0.118616 0.0580478 0
2.01 0.99 0.114933 0.0622731 0
2.015 0.99 0.126457 0.0652872 0
2.02 0.99 0.123013 0.0590966 0
2.025 0.99 0.128283 0.0615087 0
2.03 0.99 0.133807 0.0570053 0
2.035 0.99 0.119001 0.0634739 0
2.04 0.99 0.109976 0.0554954 0
2.045 0.99 0.113821 0.0656053 0
2.05 0.99 0.130905 0.0599188 0
2.055 0.99 0.121013 0.0771801 0
2.06 0.99 0.111064 0.052365 0
2.065 0.99 0.0941037 0.0492076 0
2.07 0.99 0.130443 0.0645504 0
2.075 0.99 0.133931 0.0692405 0
2.08 0.99 0.131219 0.0574414 0
2.085 0.99 0.154443 0.060316 0
2.09 0.99 0.135485 0.0567988 0
2.095 0.99 0.117707 0.0650354 0
2.1 0.99 0.113142 0.0565578 0
2.105 0.99 0.124946 0.0575584 0
2.11 0.99 0.121611 0.0705021 0
2.115 0.99 0.133463 0.0788961 0
2.12 0.99 0.128524 0.0642452 0
2.125 0.99 0.121546 0.0642757 0
2.13 0.99 0.127463 0.0693307 0
2.135 0.995 0.122869 0.0593863 0
2.14 0.995 0.139009 0.0610791 0
2.145 0.995 0.145334 0.077641 0
2.15 0.995 0.130648 0.0749183 0
2.155 0.995 0.129301 0.0543765 0
2.16 0.995 0.109292 0.0626642 0
2.165 0.995 0.108935 0.05247 0
2.17 0.995 0.131958 0.0718023 0
2.175 0.995 0.142789 0.06481 0
2.18 0.995 0.12256 0.0662128 0
2.185 1 0.153572 0.073518 0
2.19 1 0.111347 0.0635831 0
2.195 1 0.1314 0.0688649 0
2.2 1 0.137205 0.0563613 0
2.205 1 0.152808 0.0751993 0
2.21 1 0.128085 0.0651281 0
2.215 1 0.133822 0.0700825 0
2.22 1 0.128051 0.0660483 0
2.225 1 0.119341 0.0604415 0
2.23 1 0.144157 0.0693678 0
2.235 1 0.150326 0.0783174 0
2.24 1 0.143091 0.0679722 0
2.245 1 0.146818 0.0883114 0
2.25 1 0.138406 0.0663562 0
2.255 1 0.141409 0.0687325 0
2.26 1 0.132664 0.0710745 0
2.265 1 0.151953 0.0726169 0
2.27 1 0.142223 0.073856 0
2.275 1 0.12768 0.0675111 0
2.28 1 0.149905 0.0763059 0
2.285 1 0.135003 0.0707293 0
2.29 1 0.147719 0.0705072 0
2.295 1 0.126711 0.0583067 0
2.3 1 0.133749 0.0714021 0
2.305 1 0.141468 0.0655561 0
2.31 1 0.154566 0.0807222 0
2.315 1 0.168073 0.073302 0
2.32 1 0.164459 0.0878013 0
2.325 1 0.15614 0.0828156 0
2.33 1 0.140471 0.0723069 0
2.335 1 0.121168 0.0651247 0
2.34 1 0.145408 0.0713419 0
2.345 1 0.147376 0.0649138 0
2.35 1 0.152214 0.0736911 0
2.355 1 0.163272 0.0784946 0
2.36 1 0.149899 0.08074 0
2.365 1 0.138251 0.0647355 0
2.37 1 0.131829 0.065945 0
2.375 1 0.147246 0.071079 0
2.38 1 0.126884 0.0652836 0
2.385 1 0.137154 0.0656179 0
2.39 1 0.151369 0.0730225 0
2.395 1 0.129165 0.0776294 0
2.4 1 0.121403 0.0571561 0
2.405 1 0.16369 0.0707984 0
2.41 1 0.145261 0.0714792 0
2.415 1 0.145037 0.0710788 0
2.42 1 0.150017 0.0716787 0
2.425 1 0.147123 0.0718605 0
2.43 1 0.153634 0.0744947 0
2.435 1 0.166889 0.0774748 0
2.44 1 0.146787 0.0696325 0
2.445 1 0.139834 0.0784144 0
2.45 1 0.136407 0.0776241 0
2.455 1 0.133251 0.0637779 0
2.46 1 0.150127 0.0809329 0
2.465 1 0.114506 0.0672077 0
2.47 1 0.165766 0.0673762 0
2.475 1 0.150396 0.064268 0
2.48 1 0.161124 0.0922106 0
2.485 1 0.156647 0.0775183 0
2.49 1 0.128031 0.0715149 0
2.495 1 0.137533 0.0666308 0
2.5 1 0.165679 0.0784293 0
2.505 1 0.155239 0.0710429 0
2.51 1 0.149411 0.076817 0
2.515 1 0.150596 0.0815384 0
2.52 1 0.166112 0.0647357 0
2.525 1 0.171877 0.0920099 0
2.53 1 0.165656 0.0836778 0
2.535 1 0.164531 0.0738153 0
2.54 1 0.158292 0.0777629 0
2.545 1 0.154884 0.0932648 0
2.55 1 0.154935 0.0646359 0
2.555 1 0.152174 0.0704807 0
2.56 1 0.155426 0.0821272 0
2.565 1 0.168884 0.0832755 0
2.57 1 0.162562 0.0815047 0
2.575 1 0.16956 0.0961264 0
2.58 1 0.153104 0.070304 0
2.585 1 0.154112 0.0736133 0
2.59 1 0.156437 0.0859355 0
2.595 1 0.152971 0.0633339 0
2.6 1 0.164638 0.0796816 0
2.605 1 0.143227 0.0683457 0
2.61 1 0.171097 0.0879398 0
2.615 1 0.149615 0.0829508 0
2.62 1 0.161068 0.0743593 0
2.625 1 0.155508 0.0791983 0
2.63 1 0.151607 0.0828502 0
2.635 1 0.16052 0.0854314 0
2.64 1 0.177032 0.0833282 0
2.645 1 0.179939 0.0823802 0
2.65 1 0.159133 0.0669653 0
2.655 1 0.150291 0.0790589 0
2.66 1 0.200639 0.11584 0
2.665 1 0.179503 0.0898939 0
2.67 1 0.173789 0.0876453 0
2.675 1 0.185119 0.0810417 0
2.68 1 0.188632 0.0896513 0
2.685 1 0.187722 0.0838635 0
2.69 1 0.1801 0.0988332 0
2.695 1 0.210158 0.0783108 0
2.7 1 0.168287 0.0776406 0
2.705 1 0.202708 0.0899201 0
2.71 1 0.167324 0.0789116 0
2.715 1 0.178467 0.0853795 0
2.72 1 0.203326 0.0935877 0
2.725 1 0.21043 0.0866866 0
2.73 1 0.222547 0.0841845 0
2.735 1 0.199511 0.0812653 0
2.74 1 0.219633 0.0969263 0
2.745 1 0.194415 0.0965996 0
2.75 1 0.213032 0.103712 0
2.755 1 0.201724 0.0926105 0
2.76 1 0.201401 0.0861399 0
2.765 1 0.199651 0.107099 0
2.77 1 0.195276 0.0869795 0
2.775 1 0.232853 0.0899984 0
2.78 1 0.203062 0.107996 0
2.785 1 0.187012 0.0793905 0
2.79 1 0.220558 0.0835591 0
2.795 1 0.206146 0.1186 0
2.8 1 0.239849 0.103628 0
2.805 1 0.214198 0.0999595 0
2.81 1 0.224755 0.107327 0
2.815 1 0.219222 0.0769379 0
2.82 1 0.192685 0.105502 0
2.825 1 0.211668 0.101324 0
2.83 1 0.208917 0.0820412 0
2.835 1 0.24706 0.0898308 0
2.84 1 0.218636 0.0976573 0
2.845 1 0.217955 0.0842516 0
2.85 1 0.201091 0.102154 0
2.855 1 0.217662 0.097963 0
2.86 1 0.230927 0.102751 0
2.865 1 0.211287 0.111772 0
2.87 1 0.212255 0.113373 0
2.875 1 0.258205 0.119708 0
2.88 1 0.243457 0.104794 0
2.885 1 0.258043 0.0955564 0
2.89 1 0.234169 0.109588 0
2.895 1 0.192992 0.101612 0
2.9 1 0.221985 0.090952 0
2.905 1 0.232826 0.0864125 0
2.91 1 0.238665 0.128451 0
2.915 1 0.224676 0.114801 0
2.92 1 0.228888 0.110672 0
2.925 1 0.215263 0.0897041 0
2.93 1 0.248785 0.101784 0
2.935 1 0.202326 0.0896903 0
2.94 1 0.206615 0.104343 0
2.945 1 0.220218 0.0909605 0
2.95 1 0.242981 0.0988214 0
2.955 1 0.226265 0.11032 0
2.96 1 0.232484 0.118943 0
2.965 1 0.219549 0.100317 0
2.97 1 0.22737 0.11327 0
2.975 1 0.218158 0.109583 0
2.98 1 0.230022 0.0880772 0
2.985 1 0.225841 0.11003 0
2.99 1 0.233874 0.0935365 0
2.995 1 0.248272 0.123555 0
3 1 0.185986 0.084438 0
3.005 1 0.24772 0.0937677 0
3.01 1 0.21775 0.097724 0
3.015 1 0.214579 0.123761 0
3.02 1 0.217503 0.113356 0
3.025 1 0.248764 0.103207 0
3.03 1 0.252264 0.091208 0
3.035 1 0.258515 0.116652 0
3.04 1 0.269521 0.132901 0
3.045 1 0.272974 0.106938 0
3.05 1 0.225051 0.0757533 0
3.055 1 0.257747 0.103823 0
3.06 1 0.274186 0.0852628 0
3.065 1 0.279531 0.101403 0
3.07 1 0.261869 0.12476 0
3.075 1 0.302953 0.087521 0
3.08 1 0.25796 0.0952555 0
3.085 1 0.290449 0.0994812 0
3.09 1 0.299333 0.0892956 0
3.095 1 0.298445 0.0931103 0
3.1 1 0.287161 0.0851864 0
3.105 1 0.302924 0.104015 0
3.11 1 0.294044 0.0787486 0
3.115 1 0.301039 0.107584 0
3.12 1 0.341716 0.0959444 0
3.125 1 0.31991 0.0933321 0
3.13 1 0.349533 0.0667002 0
3.135 1 0.30267 0.114924 0
3.14 1 0.339834 0.0923768 0
3.145 1 0.322107 0.102668 0
3.15 1 0.335754 0.10872 0
3.155 1 0.383601 0.0682269 0
3.16 1 0.347468 0.0875716 0
3.165 1 0.345053 0.0936609 0
3.17 1 0.337114 0.071499 0
3.175 1 0.382736 0.0825768 0
3.18 1 0.354092 0.0997648 0
3.185 1 0.340923 0.0969887 0
3.19 1 0.369634 0.0945933 0
3.195 1 0.337419 0.0806947 0
3.2 1 0.364509 0.101887 0
3.205 1 0.389143 0.0795395 0
3.21 1 0.359796 0.0772505 0
3.215 1 0.405009 0.0836101 0
3.22 1 0.405187 0.0707427 0
3.225 1 0.416946 0.0769059 0
3.23 1 0.403086 0.0776903 0
3.235 1 0.389534 0.0754604 0
3.24 1 0.426205 0.0776356 0
3.245 1 0.422499 0.0723689 0
3.25 1 0.408346 0.0864474 0
3.255 1 0.394285 0.0968423 0
3.26 1 0.391304 0.0822674 0
3.265 1 0.410062 0.0788166 0
3.27 1 0.418248 0.0623924 0
3.275 1 0.436194 0.0795901 0
3.28 1 0.435923 0.0813533 0
3.285 1 0.433272 0.0647905 0
3.29 1 0.41985 0.0652428 0
3.295 1 0.430031 0.0799375 0
3.3 1 0.433688 0.0725172 0
3.305 1 0.412779 0.0745961 0
3.31 1 0.444642 0.0729093 0
3.315 1 0.442336 0.0691172 0
3.32 1 0.436692 0.0600132 0
3.325 1 0.430498 0.0753125 0
3.33 1 0.440695 0.0575531 0
3.335 1 0.440608 0.0719151 0
3.34 1 0.450312 0.0763427 0
3.345 1 0.424896 0.0624457 0
3.35 1 0.442718 0.0694653 0
3.355 1 0.435195 0.09032 0
3.36 1 0.43838 0.0557111 0
3.365 1 0.442841 0.0694226 0
3.37 1 0.454738 0.0663556 0
3.375 1 0.461827 0.0727114 0
3.38 1 0.457554 0.0530413 0
3.385 1 0.459928 0.0743349 0
3.39 1 0.445714 0.0653881 0
3.395 1 0.461651 0.0683411 0
3.4 1 0.447183 0.0769823 0
3.405 1 0.474928 0.0580716 0
3.41 1 0.465145 0.0687914 0
3.415 1 0.464347 0.066593 0
3.42 1 0.468405 0.063096 0
3.425 1 0.478377 0.066508 0
3.43 1 0.485859 0.0606714 0
3.435 1 0.470894 0.0595144 0
3.44 1 0.471054 0.0597373 0
3.445 1 0.485896 0.0757971 0
3.45 1 0.480778 0.0555514 0
3.455 1 0.470801 0.0561608 0
3.46 1 0.480792 0.063479 0
3.465 1 0.486642 0.0583162 0
3.47 1 0.494558 0.0521724 0
3.475 1 0.509073 0.0542854 0
3.48 1 0.50496 0.0539072 0
3.485 1 0.524703 0.0514505 0
3.49 1 0.521824 0.0655343 0
3.495 1 0.514162 0.0456615 0
3.5 1 0.527283 0.0553348 0
3.505 1 0.538764 0.067826 0
3.51 1 0.52631 0.0575408 0
3.515 1 0.517205 0.0601847 0
3.52 1 0.538375 0.0505633 0
3.525 1 0.505283 0.0629368 0
3.53 1 0.532784 0.0617062 0
3.535 1 0.520212 0.0595536 0
3.54 1 0.541009 0.0547669 0
3.545 1 0.536315 0.0630388 0
3.55 1 0.540287 0.0529025 0
3.555 1 0.54117 0.0557739 0
3.56 1 0.557098 0.0539543 0
3.565 1 0.537049 0.0521175 0
3.57 1 0.555523 0.0624697 0
3.575 1 0.559277 0.055854 0
3.58 1 0.560484 0.0617428 0
3.585 1 0.583338 0.0506202 0
3.59 1 0.581175 0.0465916 0
3.595 1 0.581808 0.0511386 0
3.6 1 0.590532 0.0495067 0
3.605 1 0.601289 0.0402609 0
3.61 1 0.587034 0.0463089 0
3.615 1 0.603164 0.0325345 0
3.62 1 0.594197 0.0456447 0
3.625 1 0.599887 0.0455359 0
3.63 1 0.59174 0.0494582 0
3.635 1 0.606044 0.0338134 0
3.64 1 0.610479 0.0421907 0
3.645 1 0.614837 0.0369259 0
3.65 1 0.600647 0.0454832 0
3.655 1 0.601937 0.0457915 0
3.66 1 0.616856 0.0456987 0
3.665 1 0.630009 0.0436969 0
3.67 1 0.631638 0.037341 0
3.675 1 0.62828 0.0361082 0
3.68 1 0.622549 0.0444014 0
3.685 1 0.633577 0.0369001 0
3.69 1 0.638389 0.0416326 0
3.695 1 0.633716 0.0388904 0
3.7 1 0.637839 0.0369003 0
3.705 1 0.642374 0.0353071 0
3.71 1 0.63909 0.033872 0
3.715 1 0.644057 0.033996 0
3.72 1 0.633862 0.036215 0
3.725 1 0.635241 0.045696 0
3.73 1 0.642684 0.0382909 0
3.735 1 0.634067 0.0316245 0
3.74 1 0.643653 0.0428364 0
3.745 1 0.648321 0.0328269 0
3.75 1 0.652766 0.039284 0
3.755 1 0.646372 0.0387698 0
3.76 1 0.65139 0.0324502 0
3.765 1 0.639934 0.0402289 0
3.77 1 0.677035 0.0306576 0
3.775 1 0.673819 0.0270455 0
3.78 1 0.671339 0.0278562 0
3.785 1 0.674197 0.0319536 0
3.79 1 0.690374 0.0252034 0
3.795 1 0.687649 0.0302085 0
3.8 1 0.684959 0.0318951 0
3.805 1 0.696661 0.0268664 0
3.81 1 0.692943 0.022917 0
3.815 1 0.692974 0.0265417 0
3.82 1 0.696955 0.0274984 0
3.825 1 0.701176 0.0231049 0
3.83 1 0.700372 0.0210381 0
3.835 1 0.701431 0.0209002 0
3.84 1 0.70209 0.0280965 0
3.845 1 0.704076 0.0259826 0
3.85 1 0.704247 0.0248749 0
3.855 1 0.70432 0.0242916 0
3.86 1 0.709568 0.0213096 0
3.865 1 0.706245 0.0216568 0
3.87 1 0.70685 0.0254647 0
3.875 1 0.705196 0.0195028 0
3.88 1 0.705523 0.0194845 0
3.885 1 0.713525 0.0207413 0
3.89 1 0.713283 0.0245577 0
3.895 1 0.720894 0.0227855 0
3.9 1 0.724667 0.0220779 0
3.905 1 0.722774 0.0199737 0
3.91 1 0.723296 0.020853 0
3.915 1 0.722363 0.0186379 0
3.92 1 0.724974 0.0176592 0
3.925 1 0.72881 0.0225437 0
3.93 1 0.730378 0.0174733 0
3.935 1 0.730842 0.0199807 0
3.94 1 0.737844 0.0197136 0
3.945 1 0.741237 0.0188957 0
3.95 1 0.742195 0.0185296 0
3.955 1 0.746101 0.0188119 0
3.96 1 0.748174 0.0170699 0
3.965 1 0.748906 0.0193271 0
3.97 1 0.750949 0.0193486 0
3.975 1 0.75024 0.0164954 0
3.98 1 0.759625 0.0208849 0
3.985 1 0.760947 0.0147452 0
3.99 1 0.763518 0.0148696 0
3.995 1 0.764994 0.017526 0
4 1 0.765854 0.0205797 0
4.005 1 0.768321 0.0192498 0
4.01 1 0.76725 0.0162638 0
4.015 1 0.768338 0.0148603 0
4.02 1 0.772864 0.0178048 0
4.025 1 0.773329 0.0203513 0
4.03 1 0.772947 0.0166918 0
4.035 1 0.773755 0.0205326 0
4.04 1 0.776091 0.0183556 0
4.045 1 0.77498 0.0179394 0
4.05 1 0.775012 0.0178355 0
4.055 1 0.776188 0.0201913 0
4.06 1 0.775529 0.0173571 0
4.065 1 0.77808 0.0176512 0
4.07 1 0.777436 0.0185922 0
4.075 1 0.778113 0.0175248 0
4.08 1 0.777442 0.0168669 0
4.085 1 0.777485 0.01716 0
4.09 1 0.779526 0.0176874 0
4.095 1 0.780152 0.0184368 0
4.1 1 0.779871 0.0163678 0
4.105 1 0.779653 0.016662 0
4.11 1 0.782007 0.0170595 0
4.115 1 0.787021 0.0155327 0
4.12 1 0.786935 0.0142482 0
4.125 1 0.78786 0.0152401 0
4.13 1 0.791048 0.0166834 0
4.135 1 0.791051 0.0164712 0
4.14 1 0.792011 0.0169663 0
4.145 1 0.791618 0.0184747 0
4.15 1 0.795839 0.0170465 0
4.155 1 0.799226 0.0164058 0
4.16 1 0.799469 0.0168371 0
4.165 1 0.802447 0.0177341 0
4.17 1 0.802776 0.0187408 0
4.175 1 0.802876 0.0177566 0
4.18 1 0.802012 0.0170993 0
4.185 1 0.801334 0.0167916 0
4.19 1 0.801643 0.0166787 0
4.195 1 0.799823 0.0211619 0
4.2 1 0.800525 0.0192848 0
4.205 1 0.800504 0.0183362 0
4.21 1 0.800366 0.0190159 0
4.215 1 0.799201 0.017559 0
4.22 1 0.801319 0.0173256 0
4.225 1 0.800463 0.021028 0
4.23 1 0.801644 0.0167289 0
4.235 1 0.801741 0.0187357 0
4.24 1 0.803219 0.018897 0
4.245 1 0.802768 0.0154094 0
4.25 1 0.802778 0.0137696 0
4.255 1 0.803363 0.0163942 0
4.26 1 0.804686 0.0201939 0
4.265 1 0.805196 0.0195903 0
4.27 1 0.807814 0.0160941 0
4.275 1 0.808285 0.019354 0
4.28 1 0.810485 0.0159188 0
4.285 1 0.810945 0.0208156 0
4.29 1 0.808914 0.0151287 0
4.295 1 0.808985 0.0178504 0
4.3 1 0.809644 0.0153116 0
4.305 1 0.810333 0.0168302 0
4.31 1 0.81313 0.0151423 0
4.315 1 0.813481 0.0179081 0
4.32 1 0.814504 0.0178495 0
4.325 1 0.813403 0.0151141 0
4.33 1 0.815106 0.0144386 0
4.335 1 0.815383 0.014 0