# Node_nr = 300
# K <r> sigma_r(sig not of average! divide by sqrt(n))
0 0.00666667 0.0499435 0.0245062 0
0.00333333 0.00666667 0.051873 0.0277831 0
0.00666667 0.00666667 0.052825 0.0266184 0
0.01 0.00666667 0.0546684 0.0294022 0
0.0133333 0.00666667 0.050445 0.0267093 0
0.0166667 0.00666667 0.0550973 0.0269837 0
0.02 0.00666667 0.055552 0.0274009 0
0.0233333 0.00666667 0.0510324 0.0269648 0
0.0266667 0.01 0.0531904 0.024679 0
0.03 0.01 0.0537439 0.0251911 0
0.0333333 0.01 0.059484 0.0328986 0
0.0366667 0.01 0.0595203 0.0283424 0
0.04 0.01 0.0528596 0.0264415 0
0.0433333 0.01 0.0557396 0.0309916 0
0.0466667 0.01 0.0473331 0.0270153 0
0.05 0.01 0.0572711 0.0295525 0
0.0533333 0.01 0.0558697 0.0263989 0
0.0566667 0.01 0.0631032 0.0340674 0
0.06 0.01 0.0570118 0.0271848 0
0.0633333 0.01 0.0527773 0.025272 0
0.0666667 0.01 0.0525388 0.0268934 0
0.07 0.01 0.0577846 0.0288582 0
0.0733333 0.0133333 0.0512253 0.0287184 0
0.0766667 0.0133333 0.0535723 0.0264605 0
0.08 0.0133333 0.0596622 0.03225 0
0.0833333 0.0133333 0.0615318 0.0321361 0
0.0866667 0.0133333 0.0591772 0.0345157 0
0.09 0.0133333 0.0573776 0.0301202 0
0.0933333 0.0133333 0.0588169 0.0300057 0
0.0966667 0.0133333 0.0571399 0.0281061 0
0.1 0.0133333 0.0530187 0.028221 0
0.103333 0.0133333 0.0533533 0.0290328 0
0.106667 0.0133333 0.0589376 0.0327791 0
0.11 0.0133333 0.0609523 0.0328072 0
0.113333 0.0133333 0.0571332 0.0309485 0
0.116667 0.0133333 0.0563235 0.0283852 0
0.12 0.0133333 0.0589687 0.0319667 0
0.123333 0.0133333 0.0521962 0.0279414 0
0.126667 0.0133333 0.061422 0.0330488 0
0.13 0.0133333 0.0575442 0.0294599 0
0.133333 0.0133333 0.0588305 0.0313802 0
0.136667 0.0133333 0.0505077 0.0259958 0
0.14 0.0133333 0.0566329 0.0279809 0
0.143333 0.0133333 0.0579768 0.0269999 0
0.146667 0.0133333 0.0621694 0.0298566 0
0.15 0.0133333 0.0581741 0.0311136 0
0.153333 0.0133333 0.0692078 0.0372627 0
0.156667 0.0133333 0.0620777 0.0314752 0
0.16 0.0133333 0.0581024 0.0307738 0
0.163333 0.0133333 0.0611567 0.0273165 0
0.166667 0.0133333 0.0643074 0.0350114 0
0.17 0.0133333 0.0603089 0.0321013 0
0.173333 0.0133333 0.0635331 0.0352663 0
0.176667 0.0133333 0.0584721 0.0287801 0
0.18 0.0133333 0.0661256 0.031573 0
0.183333 0.0133333 0.0607665 0.0303893 0
0.186667 0.0133333 0.0608998 0.0347602 0
0.19 0.0166667 0.0680736 0.0337396 0
0.193333 0.0166667 0.0612006 0.0298962 0
0.196667 0.0166667 0.0701802 0.0348203 0
0.2 0.0166667 0.0612289 0.0361181 0
0.203333 0.0166667 0.0681312 0.0335935 0
0.206667 0.0166667 0.0644179 0.0315512 0
0.21 0.0166667 0.0602141 0.0360604 0
0.213333 0.0166667 0.0677987 0.0338009 0
0.216667 0.0166667 0.0630816 0.0350745 0
0.22 0.0166667 0.0606497 0.0302012 0
0.223333 0.0166667 0.0655987 0.0334298 0
0.226667 0.0166667 0.0692427 0.0366497 0
0.23 0.0166667 0.0689804 0.0351618 0
0.233333 0.0166667 0.0718565 0.0319594 0
0.236667 0.0166667 0.0626164 0.0319723 0
0.24 0.0166667 0.0805195 0.0373602 0
0.243333 0.0233333 0.0705632 0.0310128 0
0.246667 0.0233333 0.0731859 0.0380968 0
0.25 0.0233333 0.0773458 0.0347292 0
0.253333 0.0233333 0.0648634 0.0331522 0
0.256667 0.0233333 0.0637008 0.0365185 0
0.26 0.0233333 0.074744 0.0401067 0
0.263333 0.0233333 0.0731535 0.0333507 0
0.266667 0.0233333 0.0673381 0.0331502 0
0.27 0.0233333 0.0685757 0.0398023 0
0.273333 0.0233333 0.0632913 0.0342325 0
0.276667 0.0233333 0.0799141 0.0365831 0
0.28 0.0233333 0.0719389 0.0409264 0
0.283333 0.0233333 0.0623956 0.0329048 0
0.286667 0.0233333 0.080946 0.0382931 0
0.29 0.0266667 0.0676555 0.0306458 0
0.293333 0.0266667 0.0769283 0.0381147 0
0.296667 0.0266667 0.0762054 0.0397102 0
0.3 0.0333333 0.0722211 0.0379376 0
0.303333 0.0333333 0.0732058 0.0377854 0
0.306667 0.0333333 0.0835306 0.0372862 0
0.31 0.0333333 0.0726471 0.0367584 0
0.313333 0.0333333 0.0796247 0.0375176 0
0.316667 0.0333333 0.0710535 0.0335744 0
0.32 0.0333333 0.0725204 0.0354629 0
0.323333 0.0333333 0.0781811 0.0355675 0
0.326667 0.0433333 0.0784263 0.0377208 0
0.33 0.0433333 0.0685242 0.0361164 0
0.333333 0.0433333 0.0734034 0.0343657 0
0.336667 0.0433333 0.0809298 0.0384953 0
0.34 0.0433333 0.0774296 0.0425461 0
0.343333 0.0433333 0.0741704 0.0373076 0
0.346667 0.0433333 0.0725589 0.0331462 0
0.35 0.0433333 0.0722005 0.0395071 0
0.353333 0.0433333 0.0852171 0.0450192 0
0.356667 0.0433333 0.0720365 0.0336103 0
0.36 0.0433333 0.0731045 0.0353293 0
0.363333 0.0433333 0.0739508 0.0368231 0
0.366667 0.0433333 0.0821989 0.0371525 0
0.37 0.0433333 0.0636276 0.0355218 0
0.373333 0.0433333 0.0717266 0.0379883 0
0.376667 0.0433333 0.0737972 0.0355959 0
0.38 0.0433333 0.0770998 0.040434 0
0.383333 0.0433333 0.0738309 0.0382472 0
0.386667 0.0433333 0.0733525 0.0359328 0
0.39 0.0433333 0.0752365 0.0439786 0
0.393333 0.05 0.0798494 0.0368316 0
0.396667 0.05 0.0708531 0.0380758 0
0.4 0.05 0.078928 0.0460802 0
0.403333 0.05 0.0701497 0.0341128 0
0.406667 0.05 0.0811672 0.0406896 0
0.41 0.05 0.0742212 0.0400207 0
0.413333 0.05 0.080834 0.0422128 0
0.416667 0.05 0.0760962 0.0397973 0
0.42 0.05 0.0720163 0.0413795 0
0.423333 0.0633333 0.0821258 0.0427363 0
0.426667 0.0633333 0.0801973 0.0469803 0
0.43 0.07 0.0703225 0.0352825 0
0.433333 0.07 0.0839473 0.0410311 0
0.436667 0.07 0.102134 0.0462438 0
0.44 0.07 0.0840322 0.0495895 0
0.443333 0.07 0.0914924 0.0481221 0
0.446667 0.07 0.0900486 0.0444577 0
0.45 0.0733333 0.0875813 0.0452193 0
0.453333 0.0733333 0.100917 0.0399552 0
0.456667 0.08 0.109345 0.0499556 0
0.46 0.08 0.0950136 0.0469268 0
0.463333 0.08 0.106347 0.0529874 0
0.466667 0.08 0.0931608 0.0420131 0
0.47 0.08 0.0911432 0.0455641 0
0.473333 0.08 0.0909589 0.0444097 0
0.476667 0.08 0.090623 0.0495688 0
0.48 0.08 0.0961674 0.04411 0
0.483333 0.08 0.0958268 0.0488602 0
0.486667 0.08 0.10689 0.0546009 0
0.49 0.08 0.0920878 0.0491211 0
0.493333 0.14 0.104147 0.0518756 0
0.496667 0.143333 0.101919 0.0530666 0
0.5 0.143333 0.0972885 0.0430989 0
0.503333 0.146667 0.108434 0.0579092 0
0.506667 0.15 0.108628 0.0452476 0
0.51 0.15 0.111578 0.0528345 0
0.513333 0.153333 0.10958 0.0510339 0
0.516667 0.156667 0.101752 0.0523861 0
0.52 0.16 0.119443 0.0492362 0
0.523333 0.16 0.102674 0.0512671 0
0.526667 0.16 0.102699 0.0490466 0
0.53 0.166667 0.101156 0.0507751 0
0.533333 0.173333 0.109322 0.0453388 0
0.536667 0.173333 0.121496 0.053446 0
0.54 0.173333 0.132988 0.0495408 0
0.543333 0.173333 0.0896705 0.045343 0
0.546667 0.176667 0.119719 0.046389 0
0.55 0.176667 0.0975586 0.0504684 0
0.553333 0.176667 0.106242 0.0525525 0
0.556667 0.176667 0.106379 0.0566003 0
0.56 0.176667 0.0980691 0.0436662 0
0.563333 0.176667 0.103435 0.0536155 0
0.566667 0.176667 0.107828 0.0477068 0
0.57 0.176667 0.0875041 0.0388446 0
0.573333 0.176667 0.0860425 0.0457143 0
0.576667 0.176667 0.118396 0.0611904 0
0.58 0.176667 0.121291 0.0537167 0
0.583333 0.18 0.0888479 0.053936 0
0.586667 0.18 0.0867817 0.0519344 0
0.59 0.18 0.0956087 0.0452001 0
0.593333 0.18 0.111709 0.0485478 0
0.596667 0.18 0.116879 0.0453531 0
0.6 0.183333 0.122674 0.0539305 0
0.603333 0.186667 0.113645 0.0523269 0
0.606667 0.19 0.108139 0.0521988 0
0.61 0.19 0.105606 0.0471206 0
0.613333 0.19 0.113066 0.0614511 0
0.616667 0.19 0.120555 0.059322 0
0.62 0.19 0.124179 0.0637595 0
0.623333 0.193333 0.108206 0.0512419 0
0.626667 0.193333 0.112385 0.0542046 0
0.63 0.193333 0.129045 0.0485846 0
0.633333 0.376667 0.112764 0.0525286 0
0.636667 0.376667 0.139148 0.0529387 0
0.64 0.376667 0.104007 0.0488045 0
0.643333 0.376667 0.0983259 0.0432385 0
0.646667 0.386667 0.101639 0.052115 0
0.65 0.386667 0.101258 0.0553699 0
0.653333 0.39 0.115953 0.0489086 0
0.656667 0.403333 0.105237 0.0529092 0
0.66 0.45 0.175099 0.0507741 0
0.663333 0.45 0.167225 0.0590199 0
0.666667 0.45 0.167245 0.0563893 0
0.67 0.453333 0.171899 0.0449055 0
0.673333 0.476667 0.143464 0.0490921 0
0.676667 0.493333 0.131655 0.0598229 0
0.68 0.496667 0.134715 0.0533963 0
0.683333 0.51 0.127761 0.0551883 0
0.686667 0.51 0.124718 0.0557995 0
0.69 0.516667 0.125051 0.0548786 0
0.693333 0.516667 0.125812 0.0511617 0
0.696667 0.516667 0.127978 0.0529189 0
0.7 0.516667 0.133617 0.04687 0
0.703333 0.516667 0.132968 0.0610555 0
0.706667 0.516667 0.138974 0.045034 0
0.71 0.52 0.12642 0.0558198 0
0.713333 0.52 0.159782 0.0566503 0
0.716667 0.523333 0.172228 0.0456837 0
0.72 0.526667 0.173184 0.0495836 0
0.723333 0.53 0.170252 0.0469332 0
0.726667 0.53 0.160603 0.0505141 0
0.73 0.53 0.156044 0.0510151 0
0.733333 0.543333 0.145587 0.0528644 0
0.736667 0.543333 0.142768 0.0510294 0
0.74 0.55 0.108422 0.0445413 0
0.743333 0.553333 0.0989116 0.0443093 0
0.746667 0.556667 0.110284 0.0455713 0
0.75 0.556667 0.0858716 0.041216 0
0.753333 0.57 0.0886741 0.0480657 0
0.756667 0.57 0.11113 0.0459286 0
0.76 0.57 0.133004 0.0556666 0
0.763333 0.57 0.187203 0.0678682 0
0.766667 0.57 0.20566 0.0635112 0
0.77 0.57 0.22952 0.06446 0
0.773333 0.573333 0.208639 0.0554987 0
0.776667 0.576667 0.235291 0.0636186 0
0.78 0.603333 0.242344 0.0642058 0
0.783333 0.603333 0.254224 0.0683607 0
0.786667 0.653333 0.268501 0.0535431 0
0.79 0.656667 0.238316 0.0586614 0
0.793333 0.66 0.240572 0.0591284 0
0.796667 0.666667 0.23401 0.0565295 0
0.8 0.666667 0.246876 0.048752 0
0.803333 0.673333 0.21327 0.0627691 0
0.806667 0.673333 0.216017 0.0597266 0
0.81 0.673333 0.215184 0.0638493 0
0.813333 0.673333 0.211725 0.0555166 0
0.816667 0.676667 0.211787 0.0528869 0
0.82 0.686667 0.24486 0.046254 0
0.823333 0.716667 0.225247 0.0611023 0
0.826667 0.733333 0.177584 0.0501218 0
0.83 0.74 0.168051 0.043224 0
0.833333 0.74 0.170323 0.0511082 0
0.836667 0.74 0.163039 0.0459161 0
0.84 0.743333 0.191278 0.0545785 0
0.843333 0.743333 0.219325 0.0579301 0
0.846667 0.743333 0.238268 0.0587364 0
0.85 0.743333 0.255439 0.0473346 0
0.853333 0.743333 0.277969 0.0535747 0
0.856667 0.746667 0.303732 0.0561527 0
0.86 0.753333 0.313907 0.0525825 0
0.863333 0.753333 0.263532 0.0488091 0
0.866667 0.756667 0.265903 0.0482664 0
0.87 0.76 0.267277 0.0514472 0
0.873333 0.76 0.266516 0.0376763 0
0.876667 0.76 0.24082 0.0359246 0
0.88 0.766667 0.217779 0.0304072 0
0.883333 0.77 0.24096 0.028997 0
0.886667 0.77 0.27206 0.0534046 0
0.89 0.77 0.281525 0.0419235 0
0.893333 0.773333 0.293859 0.0334646 0
0.896667 0.776667 0.292632 0.0357336 0
0.9 0.776667 0.289505 0.0372061 0
0.903333 0.776667 0.318877 0.0321375 0
0.906667 0.776667 0.358653 0.0256876 0
0.91 0.776667 0.368166 0.0244086 0
0.913333 0.776667 0.450741 0.0281169 0
0.916667 0.78 0.461097 0.0242679 0
0.92 0.78 0.47198 0.0246343 0
0.923333 0.78 0.473527 0.0210073 0
0.926667 0.78 0.484684 0.0236287 0
0.93 0.783333 0.480086 0.0198431 0
0.933333 0.79 0.464162 0.0286579 0
0.936667 0.793333 0.463988 0.0291532 0
0.94 0.793333 0.476038 0.0272785 0
0.943333 0.793333 0.484662 0.0273094 0
0.946667 0.793333 0.495112 0.0254099 0
0.95 0.796667 0.458228 0.0264726 0
0.953333 0.796667 0.45929 0.022973