# Node_nr = 20
# K <r> sigma_r(sig not of average! divide by sqrt(n))
0 0.1 0.253664 0.110294 0
0.05 0.1 0.182656 0.0813709 0
0.1 0.1 0.31501 0.137477 0
0.15 0.1 0.213388 0.111178 0
0.2 0.1 0.214277 0.104088 0
0.25 0.2 0.308339 0.121357 0
0.3 0.2 0.320376 0.173893 0
0.35 0.2 0.391963 0.130798 0
0.4 0.2 0.404649 0.131942 0
0.45 0.45 0.448158 0.140915 0
0.5 0.45 0.368332 0.13097 0
0.55 0.55 0.470194 0.153953 0
0.6 0.65 0.623004 0.109404 0
0.65 0.65 0.622941 0.11015 0
0.7 0.7 0.67519 0.106381 0
0.75 0.7 0.687909 0.118246 0
0.8 0.8 0.580452 0.106323 0
0.85 0.9 0.676473 0.0455944 0
0.9 0.95 0.7164 0.0361151 0
0.95 0.95 0.728126 0.0352186 0
1 0.95 0.755927 0.0368259 0
1.05 1 0.699065 0.0104823 0
1.1 1 0.705333 0.000562498 0
1.15 1 0.766987 0.00525796 0
1.2 1 0.770129 0.00065127 0
1.25 1 0.776287 0.000997646 0
1.3 1 0.876406 0.0107972 0
1.35 1 0.880855 0.000241721 0
1.4 1 0.894629 0.00185507 0
1.45 1 0.903349 0.00107739 0
