# Relevant parameters to reproduce this network:
# node_nr=200	 k_max=20
# initial_seed=1557414222	 delta_t=0.01	 max_steps=3000	 in_between=10
# fg_m=1	 fg_alpha=-3	 fg_t_min=0	 fg_t_max=1.2	 fg_t_number=240	 fg_weff_lower_frequency=-1e+08	 fg_weff_max_steps=3000	 fg_weff_in_between=10
# K Giant_component <r> sigma_r*sqrt(NODE_NR) clustering
0 0.01 0.0577073 0.0271575 0
0.005 0.01 0.0575511 0.0301396 0
0.01 0.01 0.0603356 0.0354132 0
0.015 0.01 0.0627396 0.0339956 0
0.02 0.01 0.0701364 0.0354028 0
0.025 0.01 0.0645113 0.0361279 0
0.03 0.01 0.0612582 0.0310826 0
0.035 0.01 0.0610541 0.0315164 0
0.04 0.01 0.0587129 0.0348155 0
0.045 0.01 0.0673802 0.0345392 0
0.05 0.01 0.0622186 0.0326414 0
0.055 0.01 0.0685686 0.030823 0
0.06 0.01 0.0721547 0.0371848 0
0.065 0.01 0.059692 0.0303008 0
0.07 0.01 0.0639982 0.0335881 0
0.075 0.01 0.0689724 0.034682 0
0.08 0.01 0.064332 0.0319959 0
0.085 0.01 0.0633223 0.0320114 0
0.09 0.01 0.0646601 0.0292962 0
0.095 0.01 0.067995 0.0342855 0
0.1 0.01 0.0681887 0.0352447 0
0.105 0.015 0.0661342 0.0320299 0
0.11 0.015 0.0827827 0.0387414 0
0.115 0.015 0.0685332 0.0396695 0
0.12 0.015 0.0727924 0.0404681 0
0.125 0.015 0.0672228 0.0398965 0
0.13 0.015 0.0714015 0.0349561 0
0.135 0.015 0.0766056 0.0371085 0
0.14 0.015 0.0661712 0.0355332 0
0.145 0.015 0.0749902 0.0383285 0
0.15 0.015 0.0730006 0.0403275 0
0.155 0.025 0.0714417 0.0390025 0
0.16 0.025 0.0715734 0.0369278 0
0.165 0.025 0.0812597 0.0380547 0
0.17 0.025 0.0809114 0.0445905 0
0.175 0.025 0.076636 0.0353979 0
0.18 0.025 0.0854843 0.0439722 0
0.185 0.025 0.0693486 0.0362555 0
0.19 0.025 0.081994 0.0483491 0
0.195 0.025 0.0807832 0.0410791 0
0.2 0.045 0.0726717 0.0406842 0
0.205 0.045 0.0833547 0.0406525 0
0.21 0.045 0.08568 0.0398251 0
0.215 0.045 0.0857682 0.044218 0
0.22 0.045 0.086966 0.0487262 0
0.225 0.045 0.0764083 0.0333435 0
0.23 0.045 0.0836592 0.0406557 0
0.235 0.045 0.0759589 0.0382738 0
0.24 0.045 0.0859875 0.0399318 0
0.245 0.045 0.0938827 0.0428096 0
0.25 0.045 0.0920903 0.0452675 0
0.255 0.045 0.0973744 0.0462507 0
0.26 0.045 0.0929389 0.0421719 0
0.265 0.045 0.0925839 0.0433458 0
0.27 0.045 0.0881278 0.0453858 0
0.275 0.045 0.0952484 0.0605702 0
0.28 0.045 0.0970152 0.0430976 0
0.285 0.045 0.0998643 0.0504551 0
0.29 0.045 0.0934246 0.0504449 0
0.295 0.045 0.0958857 0.0471194 0
0.3 0.045 0.0927244 0.0479723 0
0.305 0.045 0.093193 0.0477061 0
0.31 0.045 0.103168 0.0465586 0
0.315 0.045 0.0998914 0.0477579 0
0.32 0.045 0.0983382 0.0508569 0
0.325 0.045 0.103141 0.0493508 0
0.33 0.045 0.0996071 0.0502656 0
0.335 0.045 0.104742 0.0531219 0
0.34 0.045 0.101974 0.0527636 0
0.345 0.045 0.121128 0.056068 0
0.35 0.045 0.102432 0.0523085 0
0.355 0.045 0.101429 0.0478898 0
0.36 0.045 0.113578 0.0549915 0
0.365 0.045 0.108632 0.0476454 0
0.37 0.055 0.111081 0.0668392 0
0.375 0.055 0.104046 0.0537615 0
0.38 0.055 0.0993653 0.0449232 0
0.385 0.055 0.114853 0.0585766 0
0.39 0.055 0.110525 0.055149 0
0.395 0.06 0.13593 0.0597175 0
0.4 0.06 0.108739 0.059721 0
0.405 0.06 0.123919 0.0656449 0
0.41 0.06 0.128648 0.0610367 0
0.415 0.06 0.117488 0.0504143 0
0.42 0.06 0.127959 0.0582619 0
0.425 0.06 0.121404 0.0622553 0
0.43 0.07 0.140936 0.066083 0
0.435 0.07 0.129527 0.0650715 0
0.44 0.07 0.127105 0.0563716 0
0.445 0.07 0.117623 0.0612465 0
0.45 0.07 0.127643 0.0594853 0
0.455 0.07 0.13369 0.0656845 0
0.46 0.07 0.124059 0.0732881 0
0.465 0.075 0.134456 0.0520412 0
0.47 0.075 0.144543 0.0599985 0
0.475 0.075 0.132149 0.0602625 0
0.48 0.075 0.135394 0.0720183 0
0.485 0.075 0.124953 0.0691631 0
0.49 0.085 0.143051 0.069099 0
0.495 0.085 0.153481 0.0659893 0
0.5 0.14 0.142574 0.067045 0
0.505 0.145 0.165152 0.0601533 0
0.51 0.145 0.152123 0.065653 0
0.515 0.15 0.142253 0.0684492 0
0.52 0.15 0.176407 0.0704545 0
0.525 0.15 0.13977 0.0656609 0
0.53 0.15 0.173342 0.0577284 0
0.535 0.155 0.147013 0.065444 0
0.54 0.155 0.147751 0.0626625 0
0.545 0.155 0.169468 0.0811511 0
0.55 0.155 0.185516 0.076466 0
0.555 0.185 0.209276 0.0849942 0
0.56 0.19 0.196837 0.0698775 0
0.565 0.19 0.175864 0.0678649 0
0.57 0.19 0.191819 0.0729241 0
0.575 0.24 0.190522 0.0643987 0
0.58 0.24 0.240271 0.0716504 0
0.585 0.24 0.187346 0.0627717 0
0.59 0.24 0.245207 0.0678193 0
0.595 0.245 0.179462 0.0659086 0
0.6 0.245 0.19223 0.0614888 0
0.605 0.245 0.18951 0.0842605 0
0.61 0.245 0.165832 0.0746357 0
0.615 0.245 0.19871 0.0911654 0
0.62 0.255 0.172961 0.0844434 0
0.625 0.255 0.196674 0.0552046 0
0.63 0.255 0.127358 0.0637945 0
0.635 0.255 0.179637 0.0846683 0
0.64 0.36 0.179575 0.0628628 0
0.645 0.365 0.126394 0.0575813 0
0.65 0.365 0.103791 0.0641747 0
0.655 0.365 0.102052 0.044532 0
0.66 0.37 0.150505 0.0599162 0
0.665 0.37 0.169672 0.060597 0
0.67 0.37 0.169613 0.0729183 0
0.675 0.375 0.184703 0.0780727 0
0.68 0.38 0.237863 0.0631066 0
0.685 0.38 0.237216 0.0782154 0
0.69 0.38 0.241829 0.0571823 0
0.695 0.385 0.214101 0.0609821 0
0.7 0.39 0.191109 0.0662083 0
0.705 0.43 0.294259 0.0568047 0
0.71 0.43 0.348645 0.0573616 0
0.715 0.43 0.387882 0.0725993 0
0.72 0.43 0.370878 0.0641412 0
0.725 0.46 0.360314 0.0635137 0
0.73 0.47 0.369841 0.0683629 0
0.735 0.495 0.393329 0.0574182 0
0.74 0.5 0.388927 0.0683214 0
0.745 0.5 0.417508 0.0522918 0
0.75 0.5 0.408586 0.0716591 0
0.755 0.5 0.39832 0.0672782 0
0.76 0.5 0.40977 0.0638373 0
0.765 0.5 0.412368 0.0740554 0
0.77 0.5 0.417867 0.0756066 0
0.775 0.5 0.419491 0.0709403 0
0.78 0.51 0.386891 0.0743232 0
0.785 0.51 0.491484 0.0707219 0
0.79 0.51 0.443851 0.0818861 0
0.795 0.51 0.496272 0.0707281 0
0.8 0.51 0.464404 0.0751145 0
0.805 0.515 0.503039 0.0777221 0
0.81 0.515 0.515998 0.0692832 0
0.815 0.54 0.425609 0.073305 0
0.82 0.55 0.420079 0.0731153 0
0.825 0.55 0.445541 0.0727161 0
0.83 0.55 0.450286 0.0750274 0
0.835 0.565 0.474764 0.0712137 0
0.84 0.57 0.487228 0.0772716 0
0.845 0.595 0.510613 0.0653822 0
0.85 0.595 0.515306 0.0665281 0
0.855 0.63 0.548897 0.0681819 0
0.86 0.65 0.565847 0.0640724 0
0.865 0.735 0.540183 0.0395497 0
0.87 0.735 0.562752 0.0299781 0
0.875 0.735 0.539492 0.0296521 0
0.88 0.745 0.473404 0.0322404 0
0.885 0.755 0.50289 0.0262309 0
0.89 0.76 0.516035 0.0306202 0
0.895 0.765 0.50394 0.0283283 0
0.9 0.765 0.509988 0.0277462 0
0.905 0.77 0.502065 0.0318771 0
0.91 0.77 0.513362 0.0278943 0
0.915 0.77 0.511827 0.0312609 0
0.92 0.77 0.521203 0.0312185 0
0.925 0.785 0.534348 0.0281379 0
0.93 0.805 0.584734 0.024944 0
0.935 0.805 0.588637 0.0255424 0
0.94 0.805 0.590931 0.0228392 0
0.945 0.805 0.59219 0.0244043 0
0.95 0.805 0.59454 0.0231124 0
0.955 0.815 0.583815 0.0241341 0
0.96 0.82 0.591155 0.0240656 0
0.965 0.82 0.595272 0.0211272 0
0.97 0.82 0.595547 0.0228612 0
0.975 0.82 0.59687 0.0267521 0
0.98 0.82 0.597536 0.0272651 0
0.985 0.83 0.596872 0.0253084 0
0.99 0.835 0.601505 0.0208437 0
0.995 0.835 0.60298 0.0238311 0
1 0.835 0.609708 0.0232699 0
1.005 0.845 0.600759 0.0211597 0
1.01 0.845 0.62694 0.0250323 0
1.015 0.845 0.626638 0.024764 0
1.02 0.85 0.636339 0.0220759 0
1.025 0.855 0.633237 0.0214195 0
1.03 0.855 0.63328 0.0192262 0
1.035 0.855 0.633844 0.0190824 0
1.04 0.855 0.638637 0.0214836 0
1.045 0.855 0.667787 0.0209751 0
1.05 0.855 0.669723 0.0193853 0
1.055 0.855 0.67683 0.0204549 0
1.06 0.855 0.685 0.0222637 0
1.065 0.855 0.713013 0.018429 0
1.07 0.855 0.795935 0.0218763 0
1.075 0.855 0.795505 0.0229323 0
1.08 0.86 0.800822 0.0186919 0
1.085 0.86 0.810072 0.023097 0
1.09 0.865 0.813778 0.0209098 0
1.095 0.875 0.825763 0.0225327 0
1.1 0.875 0.824459 0.0190982 0
1.105 0.875 0.827296 0.0198478 0
1.11 0.875 0.829174 0.0249021 0
1.115 0.875 0.82808 0.0197334 0
1.12 0.88 0.835675 0.0199329 0
1.125 0.885 0.841276 0.015119 0
1.13 0.89 0.845307 0.0154017 0
1.135 0.9 0.85703 0.0149965 0
1.14 0.9 0.857876 0.0160068 0
1.145 0.9 0.857882 0.0234202 0
1.15 0.9 0.858351 0.0153213 0
1.155 0.9 0.85897 0.0176912 0
1.16 0.91 0.865137 0.0156178 0
1.165 0.91 0.865992 0.0177963 0
1.17 0.91 0.866056 0.0189648 0
1.175 0.91 0.866261 0.0159138 0
1.18 0.915 0.870791 0.0170568 0
1.185 0.915 0.87073 0.0205618 0
1.19 0.915 0.870429 0.0193945 0
1.195 0.915 0.870639 0.0180728 0
1.2 0.915 0.871008 0.0191743 0
