# Relevant parameters to reproduce this network:
# node_nr=100	 k_max=10
# initial_seed=1557414566	 delta_t=0.05	 max_steps=5000	 in_between=2
# fg_m=1	 fg_alpha=1	 fg_t_min=0	 fg_t_max=1.5	 fg_t_number=150	 fg_weff_lower_frequency=-1e+08	 fg_weff_max_steps=5000	 fg_weff_in_between=2
# K Giant_component <r> sigma_r*sqrt(NODE_NR) clustering
0 0.02 0.0894847 0.0499008 0
0.01 0.02 0.0906318 0.0496429 0
0.02 0.03 0.0888084 0.0444675 0
0.03 0.03 0.0929624 0.0458873 0
0.04 0.04 0.0957503 0.0462614 0
0.05 0.04 0.0879026 0.045522 0
0.06 0.04 0.0904041 0.0492609 0
0.07 0.04 0.103149 0.0524317 0
0.08 0.04 0.103981 0.048955 0
0.09 0.04 0.105941 0.0577529 0
0.1 0.04 0.100561 0.0540533 0
0.11 0.04 0.112708 0.0606783 0
0.12 0.04 0.100493 0.05327 0
0.13 0.04 0.104222 0.0549945 0
0.14 0.05 0.113352 0.0527138 0
0.15 0.05 0.103099 0.0516102 0
0.16 0.05 0.108264 0.0574865 0
0.17 0.05 0.111854 0.0568456 0
0.18 0.05 0.113053 0.0513651 0
0.19 0.05 0.110385 0.0530635 0
0.2 0.05 0.113099 0.0570775 0
0.21 0.05 0.12247 0.0639863 0
0.22 0.05 0.12523 0.0623543 0
0.23 0.05 0.123823 0.0598732 0
0.24 0.05 0.127732 0.058061 0
0.25 0.05 0.120701 0.0615243 0
0.26 0.05 0.127759 0.0611494 0
0.27 0.05 0.108225 0.0499916 0
0.28 0.05 0.128559 0.0718508 0
0.29 0.05 0.116628 0.0596732 0
0.3 0.05 0.128186 0.0640587 0
0.31 0.05 0.132177 0.0647831 0
0.32 0.05 0.129881 0.0591993 0
0.33 0.05 0.148816 0.0701179 0
0.34 0.06 0.121989 0.0603276 0
0.35 0.06 0.149498 0.0741155 0
0.36 0.07 0.140138 0.0742497 0
0.37 0.07 0.150861 0.0685922 0
0.38 0.07 0.133208 0.0665954 0
0.39 0.07 0.143115 0.0711786 0
0.4 0.07 0.123348 0.0605671 0
0.41 0.09 0.147906 0.0737067 0
0.42 0.09 0.141448 0.0731848 0
0.43 0.09 0.157521 0.0765909 0
0.44 0.09 0.154442 0.0775812 0
0.45 0.09 0.161916 0.0769184 0
0.46 0.09 0.165816 0.0830092 0
0.47 0.09 0.155975 0.0765453 0
0.48 0.09 0.149025 0.075185 0
0.49 0.15 0.165178 0.0812157 0
0.5 0.15 0.160335 0.0800007 0
0.51 0.15 0.186251 0.0753451 0
0.52 0.15 0.18291 0.0799088 0
0.53 0.17 0.184763 0.0841298 0
0.54 0.17 0.178315 0.0872232 0
0.55 0.17 0.193675 0.0842659 0
0.56 0.17 0.189335 0.0861133 0
0.57 0.17 0.175604 0.0850386 0
0.58 0.17 0.19201 0.0771437 0
0.59 0.17 0.196247 0.0793099 0
0.6 0.17 0.190368 0.0832715 0
0.61 0.18 0.177931 0.0800301 0
0.62 0.18 0.178251 0.0805149 0
0.63 0.19 0.212777 0.0933856 0
0.64 0.19 0.210953 0.0997076 0
0.65 0.22 0.218142 0.098699 0
0.66 0.22 0.213123 0.0969879 0
0.67 0.22 0.21969 0.100121 0
0.68 0.22 0.221233 0.0958773 0
0.69 0.22 0.219874 0.108254 0
0.7 0.27 0.214041 0.102133 0
0.71 0.27 0.192736 0.0912236 0
0.72 0.28 0.191911 0.085679 0
0.73 0.28 0.196272 0.0822492 0
0.74 0.52 0.172845 0.0893229 0
0.75 0.6 0.131686 0.0782834 0
0.76 0.62 0.117097 0.0614278 0
0.77 0.62 0.123292 0.063574 0
0.78 0.62 0.106803 0.0543533 0
0.79 0.62 0.199712 0.0688064 0
0.8 0.62 0.161436 0.0713833 0
0.81 0.63 0.13908 0.0698533 0
0.82 0.65 0.159432 0.0739962 0
0.83 0.65 0.137362 0.0661315 0
0.84 0.66 0.182548 0.0809743 0
0.85 0.71 0.135962 0.0650204 0
0.86 0.71 0.127899 0.0655729 0
0.87 0.71 0.134128 0.0599176 0
0.88 0.75 0.154296 0.0663096 0
0.89 0.76 0.161311 0.0654262 0
0.9 0.76 0.201524 0.0986291 0
0.91 0.83 0.240124 0.0859981 0
0.92 0.83 0.248014 0.0905475 0
0.93 0.83 0.287326 0.0926758 0
0.94 0.83 0.277636 0.0988877 0
0.95 0.85 0.294057 0.0810114 0
0.96 0.85 0.294353 0.0795868 0
0.97 0.85 0.294536 0.0850768 0
0.98 0.87 0.335848 0.0800987 0
0.99 0.87 0.347768 0.0814735 0
1 0.87 0.279492 0.0673667 0
1.01 0.87 0.318158 0.0722063 0
1.02 0.88 0.302242 0.0792936 0
1.03 0.88 0.405977 0.0624489 0
1.04 0.88 0.421079 0.0571103 0
1.05 0.88 0.420204 0.0569884 0
1.06 0.88 0.440635 0.058609 0
1.07 0.88 0.440085 0.0599145 0
1.08 0.88 0.443515 0.0609531 0
1.09 0.88 0.444015 0.062124 0
1.1 0.88 0.444522 0.0623041 0
1.11 0.88 0.47264 0.062281 0
1.12 0.88 0.485504 0.061548 0
1.13 0.9 0.500495 0.0616152 0
1.14 0.92 0.490546 0.0702738 0
1.15 0.92 0.605924 0.0391574 0
1.16 0.92 0.632997 0.0364864 0
1.17 0.92 0.652705 0.033813 0
1.18 0.92 0.672971 0.0324871 0
1.19 0.92 0.680919 0.0309549 0
1.2 0.92 0.679329 0.0330881 0
1.21 0.93 0.686956 0.0333957 0
1.22 0.93 0.685704 0.0357272 0
1.23 0.93 0.689802 0.0372497 0
1.24 0.93 0.78987 0.0224773 0
1.25 0.93 0.812908 0.022522 0
1.26 0.93 0.818973 0.0203168 0
1.27 0.93 0.82765 0.0197275 0
1.28 0.93 0.836793 0.0196459 0
1.29 0.94 0.843897 0.0197354 0
1.3 0.95 0.853585 0.0185975 0
1.31 0.95 0.854908 0.018932 0
1.32 0.95 0.855659 0.0187514 0
1.33 0.95 0.857457 0.0186475 0
1.34 0.95 0.857339 0.0186141 0
1.35 0.96 0.864399 0.0171472 0
1.36 0.96 0.873176 0.0171896 0
1.37 0.96 0.875611 0.0174861 0
1.38 0.96 0.874064 0.0169843 0
1.39 0.96 0.876123 0.0173576 0
1.4 0.96 0.877457 0.0172948 0
1.41 0.96 0.874834 0.0171609 0
1.42 0.96 0.875487 0.0173637 0
1.43 0.96 0.879399 0.0172153 0
1.44 0.96 0.889043 0.0173765 0
1.45 0.96 0.889875 0.0170151 0
1.46 0.96 0.892659 0.0175375 0
1.47 0.96 0.89387 0.0170734 0
1.48 0.96 0.891232 0.0170512 0
1.49 0.96 0.891775 0.0174814 0
