# Relevant parameters to reproduce this network:
# node_nr=200	 k_max=20
# initial_seed=1557414222	 delta_t=0.01	 max_steps=3000	 in_between=10
# fg_m=1	 fg_alpha=1	 fg_t_min=0	 fg_t_max=1.5	 fg_t_number=300	 fg_weff_lower_frequency=-1e+08	 fg_weff_max_steps=3000	 fg_weff_in_between=10
# K Giant_component <r> sigma_r*sqrt(NODE_NR) clustering
0 0.01 0.0577073 0.0271575 0
0.005 0.01 0.0575511 0.0301396 0
0.01 0.01 0.0603356 0.0354132 0
0.015 0.01 0.0627396 0.0339956 0
0.02 0.01 0.0701364 0.0354028 0
0.025 0.01 0.0645113 0.0361279 0
0.03 0.01 0.0612582 0.0310826 0
0.035 0.01 0.0610541 0.0315164 0
0.04 0.015 0.0632111 0.0340724 0
0.045 0.015 0.0671329 0.0351867 0
0.05 0.015 0.0630053 0.0349009 0
0.055 0.015 0.064597 0.0298153 0
0.06 0.015 0.0767912 0.0429788 0
0.065 0.015 0.0679175 0.0317693 0
0.07 0.015 0.0577619 0.0309 0
0.075 0.015 0.0765475 0.0347659 0
0.08 0.015 0.0694736 0.0322544 0
0.085 0.015 0.0652752 0.0358076 0
0.09 0.015 0.064076 0.0281416 0
0.095 0.015 0.0758577 0.0365264 0
0.1 0.015 0.0744436 0.0407044 0
0.105 0.015 0.0664465 0.0399766 0
0.11 0.015 0.0800466 0.03622 0
0.115 0.015 0.0659996 0.0310719 0
0.12 0.015 0.0702015 0.0355051 0
0.125 0.015 0.0680167 0.041853 0
0.13 0.02 0.0793405 0.0382894 0
0.135 0.02 0.0799648 0.0384388 0
0.14 0.02 0.0752598 0.0347245 0
0.145 0.02 0.0754614 0.0350276 0
0.15 0.02 0.0825585 0.0422098 0
0.155 0.02 0.0733761 0.0389756 0
0.16 0.02 0.0722516 0.0380492 0
0.165 0.02 0.081727 0.0389475 0
0.17 0.02 0.0866199 0.0383144 0
0.175 0.02 0.0762509 0.0402173 0
0.18 0.02 0.0787112 0.0370693 0
0.185 0.02 0.0857715 0.0448225 0
0.19 0.02 0.0854373 0.0412908 0
0.195 0.02 0.0825936 0.0443338 0
0.2 0.02 0.0725632 0.0438752 0
0.205 0.02 0.0830083 0.0360449 0
0.21 0.02 0.0743282 0.0363672 0
0.215 0.02 0.0774533 0.0496424 0
0.22 0.025 0.0929154 0.0458717 0
0.225 0.025 0.0767767 0.0396121 0
0.23 0.03 0.0985867 0.038184 0
0.235 0.04 0.0947907 0.0489126 0
0.24 0.04 0.0831532 0.0453705 0
0.245 0.045 0.0991441 0.0504485 0
0.25 0.045 0.0865084 0.0450734 0
0.255 0.045 0.0939297 0.0532475 0
0.26 0.045 0.0886694 0.0385643 0
0.265 0.045 0.0878324 0.0419791 0
0.27 0.05 0.0922514 0.0455767 0
0.275 0.05 0.0813791 0.0400116 0
0.28 0.05 0.0998618 0.0524096 0
0.285 0.05 0.101847 0.0449802 0
0.29 0.05 0.105315 0.0515339 0
0.295 0.05 0.0940075 0.042333 0
0.3 0.05 0.083254 0.0474437 0
0.305 0.05 0.105571 0.054808 0
0.31 0.05 0.0998977 0.0456436 0
0.315 0.05 0.0853681 0.0432232 0
0.32 0.05 0.090579 0.0465437 0
0.325 0.05 0.100606 0.0493856 0
0.33 0.05 0.105922 0.0452542 0
0.335 0.05 0.103156 0.0476301 0
0.34 0.055 0.110466 0.0556084 0
0.345 0.055 0.117856 0.0566955 0
0.35 0.055 0.102019 0.0498615 0
0.355 0.055 0.0999282 0.0466024 0
0.36 0.055 0.101959 0.0497658 0
0.365 0.055 0.106482 0.0523788 0
0.37 0.055 0.102905 0.0492063 0
0.375 0.055 0.0972058 0.0506637 0
0.38 0.055 0.115936 0.0569527 0
0.385 0.085 0.105805 0.0583967 0
0.39 0.085 0.107123 0.056491 0
0.395 0.085 0.0842605 0.0471422 0
0.4 0.085 0.100554 0.0533104 0
0.405 0.085 0.0989267 0.0529348 0
0.41 0.085 0.0967364 0.0434354 0
0.415 0.085 0.116456 0.055284 0
0.42 0.085 0.140784 0.0600697 0
0.425 0.085 0.115614 0.0661502 0
0.43 0.085 0.121867 0.0587126 0
0.435 0.085 0.112702 0.0582004 0
0.44 0.085 0.126964 0.059512 0
0.445 0.11 0.131358 0.0567941 0
0.45 0.11 0.10481 0.049843 0
0.455 0.115 0.104515 0.0599183 0
0.46 0.115 0.116457 0.0593124 0
0.465 0.115 0.115111 0.0568043 0
0.47 0.115 0.119617 0.0742627 0
0.475 0.12 0.10644 0.0537943 0
0.48 0.12 0.111919 0.0640874 0
0.485 0.12 0.124654 0.0591898 0
0.49 0.135 0.148334 0.0672041 0
0.495 0.135 0.15492 0.0649015 0
0.5 0.135 0.176858 0.0819351 0
0.505 0.135 0.113153 0.0584639 0
0.51 0.19 0.153822 0.063359 0
0.515 0.19 0.154337 0.0883724 0
0.52 0.19 0.170793 0.0832645 0
0.525 0.215 0.166243 0.0808635 0
0.53 0.22 0.140777 0.0631927 0
0.535 0.225 0.15699 0.0779533 0
0.54 0.23 0.158217 0.0635807 0
0.545 0.235 0.147855 0.0677866 0
0.55 0.235 0.177811 0.0956202 0
0.555 0.235 0.175979 0.0884244 0
0.56 0.235 0.156308 0.0814403 0
0.565 0.305 0.154835 0.0666134 0
0.57 0.305 0.155809 0.0636021 0
0.575 0.37 0.12293 0.0613739 0
0.58 0.37 0.138617 0.0664936 0
0.585 0.385 0.101169 0.0357227 0
0.59 0.385 0.198908 0.0727685 0
0.595 0.39 0.198819 0.0613106 0
0.6 0.39 0.175797 0.0582044 0
0.605 0.4 0.224983 0.0616808 0
0.61 0.485 0.197758 0.0476933 0
0.615 0.5 0.264696 0.0345529 0
0.62 0.5 0.253364 0.0440994 0
0.625 0.5 0.226906 0.0352977 0
0.63 0.505 0.240728 0.0480057 0
0.635 0.505 0.270861 0.0475992 0
0.64 0.52 0.230425 0.0396709 0
0.645 0.525 0.260716 0.0551661 0
0.65 0.525 0.25146 0.0378105 0
0.655 0.535 0.23642 0.0426674 0
0.66 0.535 0.274853 0.0424415 0
0.665 0.54 0.268006 0.0475185 0
0.67 0.545 0.238356 0.0474114 0
0.675 0.55 0.271137 0.0397669 0
0.68 0.555 0.312899 0.0435548 0
0.685 0.555 0.356216 0.0464967 0
0.69 0.555 0.307237 0.0496576 0
0.695 0.555 0.328701 0.0443533 0
0.7 0.56 0.382142 0.0471412 0
0.705 0.56 0.397712 0.0462084 0
0.71 0.57 0.324478 0.0456232 0
0.715 0.57 0.362972 0.0420538 0
0.72 0.575 0.344889 0.0440286 0
0.725 0.58 0.375034 0.0440598 0
0.73 0.58 0.432457 0.0390926 0
0.735 0.585 0.485927 0.0450057 0
0.74 0.59 0.453433 0.0411941 0
0.745 0.6 0.423746 0.0502064 0
0.75 0.6 0.407966 0.0378345 0
0.755 0.6 0.405871 0.0461209 0
0.76 0.615 0.434086 0.0460393 0
0.765 0.615 0.45 0.0415386 0
0.77 0.62 0.464745 0.0514767 0
0.775 0.62 0.467369 0.045085 0
0.78 0.645 0.33006 0.0377356 0
0.785 0.645 0.369266 0.0411971 0
0.79 0.675 0.394316 0.037232 0
0.795 0.675 0.392587 0.0405635 0
0.8 0.68 0.409181 0.0358475 0
0.805 0.69 0.427509 0.0327123 0
0.81 0.69 0.419515 0.0329434 0
0.815 0.69 0.496179 0.0400232 0
0.82 0.695 0.513334 0.0341447 0
0.825 0.695 0.523744 0.034265 0
0.83 0.72 0.600764 0.031588 0
0.835 0.72 0.592846 0.0265313 0
0.84 0.72 0.621175 0.0233372 0
0.845 0.73 0.619708 0.0252109 0
0.85 0.73 0.596842 0.0293126 0
0.855 0.73 0.587466 0.0259193 0
0.86 0.73 0.603511 0.0227978 0
0.865 0.73 0.638569 0.0249041 0
0.87 0.73 0.667731 0.0259769 0
0.875 0.73 0.633075 0.0281839 0
0.88 0.73 0.655117 0.0288644 0
0.885 0.73 0.667901 0.0329225 0
0.89 0.73 0.661418 0.0289091 0
0.895 0.735 0.65685 0.0348133 0
0.9 0.75 0.662245 0.0277419 0
0.905 0.75 0.670821 0.032165 0
0.91 0.75 0.67217 0.0260525 0
0.915 0.75 0.684078 0.024562 0
0.92 0.75 0.68445 0.030985 0
0.925 0.75 0.695355 0.0368515 0
0.93 0.75 0.679808 0.0295961 0
0.935 0.755 0.700731 0.0312421 0
0.94 0.76 0.711875 0.0291181 0
0.945 0.76 0.714921 0.0305588 0
0.95 0.76 0.714841 0.0342943 0
0.955 0.77 0.71211 0.0271723 0
0.96 0.77 0.72651 0.0320156 0
0.965 0.77 0.726195 0.0301369 0
0.97 0.775 0.727767 0.0274299 0
0.975 0.78 0.719581 0.0262548 0
0.98 0.78 0.722406 0.0290814 0
0.985 0.78 0.72884 0.0298453 0
0.99 0.785 0.736341 0.0284119 0
0.995 0.785 0.734726 0.0326554 0
1 0.785 0.748609 0.0301858 0
1.005 0.785 0.763585 0.0285028 0
1.01 0.81 0.786938 0.0245845 0
1.015 0.81 0.778423 0.0218556 0
1.02 0.815 0.786462 0.0269153 0
1.025 0.82 0.783646 0.0232063 0
1.03 0.82 0.794848 0.0252311 0
1.035 0.82 0.787428 0.0227919 0
1.04 0.82 0.79077 0.019891 0
1.045 0.83 0.792496 0.0212576 0
1.05 0.83 0.794389 0.0199194 0
1.055 0.835 0.808368 0.0232919 0
1.06 0.84 0.808269 0.0213731 0
1.065 0.84 0.807549 0 0