# Node_nr = 500
# K <r> sigma_r(sig not of average! divide by sqrt(n))
0 0.004 0.03559 0.0206049 0
0.002 0.004 0.0393062 0.0205985 0
0.004 0.004 0.0407157 0.0222769 0
0.006 0.004 0.0414309 0.0206688 0
0.008 0.004 0.0405431 0.020773 0
0.01 0.004 0.0425865 0.0203339 0
0.012 0.004 0.0357667 0.0207627 0
0.014 0.004 0.0394564 0.0200302 0
0.016 0.004 0.0392537 0.0190362 0
0.018 0.004 0.033172 0.0197208 0
0.02 0.004 0.0399358 0.0200995 0
0.022 0.004 0.0455614 0.0218774 0
0.024 0.004 0.0414197 0.0211621 0
0.026 0.004 0.0349386 0.0188038 0
0.028 0.004 0.0399648 0.0215293 0
0.03 0.004 0.0425093 0.0209347 0
0.032 0.004 0.0414637 0.0232922 0
0.034 0.004 0.0402602 0.0218586 0
0.036 0.004 0.0407964 0.0211738 0
0.038 0.004 0.0390827 0.0200695 0
0.04 0.004 0.0404461 0.0204154 0
0.042 0.004 0.0432693 0.0234433 0
0.044 0.004 0.0450158 0.0260073 0
0.046 0.004 0.0445065 0.0227537 0
0.048 0.004 0.0452846 0.0226278 0
0.05 0.004 0.0382635 0.0212237 0
0.052 0.004 0.0405775 0.0207116 0
0.054 0.004 0.0392728 0.0206648 0
0.056 0.004 0.044488 0.0215717 0
0.058 0.004 0.0417199 0.0192969 0
0.06 0.006 0.0439355 0.0226375 0
0.062 0.006 0.0370723 0.0181205 0
0.064 0.006 0.0401014 0.0221 0
0.066 0.006 0.0476612 0.0254513 0
0.068 0.006 0.0425422 0.0210516 0
0.07 0.006 0.0441073 0.0214412 0
0.072 0.006 0.038803 0.0191884 0
0.074 0.006 0.0454551 0.0212013 0
0.076 0.006 0.0408891 0.0212786 0
0.078 0.006 0.0431264 0.0227959 0
0.08 0.006 0.042965 0.0220469 0
0.082 0.006 0.0431041 0.0222458 0
0.084 0.006 0.0414304 0.0190528 0
0.086 0.006 0.044944 0.0204153 0
0.088 0.006 0.0429864 0.0213012 0
0.09 0.006 0.0438603 0.0231511 0
0.092 0.006 0.0401352 0.0201108 0
0.094 0.006 0.0446372 0.0214797 0
0.096 0.006 0.0434414 0.0228146 0
0.098 0.006 0.0449362 0.0219183 0
0.1 0.006 0.044044 0.0221256 0
0.102 0.006 0.044184 0.0212071 0
0.104 0.006 0.0426765 0.0219373 0
0.106 0.006 0.0509884 0.0213305 0
0.108 0.006 0.0474621 0.0242521 0
0.11 0.006 0.0456467 0.0214918 0
0.112 0.006 0.0447576 0.0230971 0
0.114 0.008 0.0401033 0.02199 0
0.116 0.008 0.0477379 0.0224105 0
0.118 0.01 0.0424098 0.0233986 0
0.12 0.01 0.0444073 0.0231698 0
0.122 0.01 0.0418212 0.0205343 0
0.124 0.01 0.0502997 0.0254581 0
0.126 0.01 0.0418653 0.0192794 0
0.128 0.01 0.0458809 0.0207676 0
0.13 0.01 0.0469057 0.0231984 0
0.132 0.012 0.0508143 0.0265124 0
0.134 0.012 0.039667 0.0229632 0
0.136 0.012 0.0460957 0.0228703 0
0.138 0.012 0.0440282 0.0198286 0
0.14 0.012 0.045751 0.0235435 0
0.142 0.012 0.0414085 0.0193199 0
0.144 0.012 0.0418882 0.0222621 0
0.146 0.012 0.0459923 0.0197317 0
0.148 0.012 0.045067 0.0232744 0
0.15 0.012 0.0496395 0.0248617 0
0.152 0.012 0.0491345 0.0249666 0
0.154 0.014 0.0481441 0.0269425 0
0.156 0.014 0.0486159 0.0262454 0
0.158 0.014 0.0471781 0.02703 0
0.16 0.014 0.0468865 0.0271317 0
0.162 0.014 0.0455332 0.025324 0
0.164 0.014 0.0439169 0.0223065 0
0.166 0.014 0.0434209 0.0255102 0
0.168 0.014 0.0446366 0.0264217 0
0.17 0.014 0.0447471 0.0254209 0
0.172 0.014 0.0537062 0.0266389 0
0.174 0.014 0.0501204 0.0251148 0
0.176 0.014 0.0450126 0.0242829 0
0.178 0.014 0.0457782 0.0254749 0
0.18 0.014 0.0497744 0.0267916 0
0.182 0.014 0.0483555 0.0247748 0
0.184 0.014 0.049925 0.0248473 0
0.186 0.014 0.0568193 0.02644 0
0.188 0.014 0.0469907 0.024427 0
0.19 0.014 0.0515074 0.0250292 0
0.192 0.014 0.0478394 0.0234357 0
0.194 0.014 0.0544714 0.0268752 0
0.196 0.014 0.0502683 0.0286247 0
0.198 0.014 0.0446627 0.022688 0
0.2 0.014 0.044071 0.0230138 0
0.202 0.014 0.0488617 0.0236335 0
0.204 0.014 0.0513364 0.0243663 0
0.206 0.014 0.0531452 0.024966 0
0.208 0.014 0.0431767 0.0232165 0
0.21 0.014 0.0504763 0.0281953 0
0.212 0.014 0.0508789 0.0268465 0
0.214 0.014 0.0454704 0.0220773 0
0.216 0.014 0.0488139 0.0285885 0
0.218 0.014 0.0464367 0.0239963 0
0.22 0.014 0.0541897 0.0266139 0
0.222 0.014 0.0533321 0.019567 0
0.224 0.014 0.0442976 0.0244563 0
0.226 0.014 0.0489246 0.0263016 0
0.228 0.014 0.0504216 0.0259469 0
0.23 0.014 0.0494958 0.0243401 0
0.232 0.014 0.0523258 0.0272834 0
0.234 0.014 0.0520275 0.0268199 0
0.236 0.014 0.0560904 0.0249703 0
0.238 0.014 0.0495489 0.0249691 0
0.24 0.014 0.0535298 0.0291777 0
0.242 0.014 0.0523377 0.0238801 0
0.244 0.014 0.0494232 0.0240568 0
0.246 0.014 0.0562216 0.0303031 0
0.248 0.014 0.0496121 0.0247741 0
0.25 0.014 0.0561044 0.0269825 0
0.252 0.014 0.0529753 0.0281552 0
0.254 0.014 0.0460688 0.0285077 0
0.256 0.014 0.0504768 0.0253864 0
0.258 0.014 0.0508887 0.024717 0
0.26 0.014 0.0500892 0.0273149 0
0.262 0.014 0.0491055 0.0277664 0
0.264 0.014 0.0491267 0.022541 0
0.266 0.014 0.0478484 0.0240241 0
0.268 0.014 0.0511704 0.0268543 0
0.27 0.014 0.0471712 0.0225222 0
0.272 0.014 0.0531006 0.0301423 0
0.274 0.014 0.0563417 0.0242305 0
0.276 0.014 0.0522431 0.0284914 0
0.278 0.014 0.0458517 0.0252954 0
0.28 0.014 0.0573006 0.0314235 0
0.282 0.014 0.0433286 0.02479 0
0.284 0.014 0.0501019 0.028137 0
0.286 0.014 0.0522563 0.0270459 0
0.288 0.014 0.043553 0.0266479 0
0.29 0.014 0.0522347 0.0277384 0
0.292 0.014 0.0503382 0.0247906 0
0.294 0.014 0.0551174 0.0306965 0
0.296 0.014 0.0505941 0.0265479 0
0.298 0.014 0.0440838 0.0256677 0
0.3 0.014 0.0448652 0.0239712 0
0.302 0.014 0.0559916 0.0259795 0
0.304 0.014 0.0469181 0.0220777 0
0.306 0.014 0.0512489 0.0231221 0
0.308 0.014 0.0565397 0.0300549 0
0.31 0.014 0.0497243 0.0264415 0
0.312 0.014 0.0560603 0.0319764 0
0.314 0.014 0.0502528 0.023128 0
0.316 0.014 0.0542812 0.0261804 0
0.318 0.014 0.0529397 0.0290272 0
0.32 0.014 0.052233 0.0255871 0
0.322 0.014 0.060459 0.0340729 0
0.324 0.014 0.0582345 0.0319132 0
0.326 0.014 0.0625828 0.0297632 0
0.328 0.014 0.0557833 0.0293327 0
0.33 0.014 0.0507367 0.0230576 0
0.332 0.014 0.0585273 0.02556 0
0.334 0.014 0.0611671 0.0310404 0
0.336 0.014 0.0518149 0.023837 0
0.338 0.014 0.0496131 0.0283404 0
0.34 0.014 0.0578937 0.0300216 0
0.342 0.014 0.0568638 0.026293 0
0.344 0.014 0.0526368 0.0277262 0
0.346 0.014 0.0553169 0.028647 0
0.348 0.02 0.0588873 0.0254398 0
0.35 0.02 0.0540882 0.0282158 0
0.352 0.02 0.0576851 0.0296005 0
0.354 0.022 0.0674463 0.0296704 0
0.356 0.022 0.0587382 0.0284607 0
0.358 0.022 0.0610521 0.0299647 0
0.36 0.022 0.0566043 0.0288099 0
0.362 0.022 0.0575761 0.0363363 0
0.364 0.022 0.0566016 0.0275783 0
0.366 0.022 0.0578917 0.0300052 0
0.368 0.022 0.0582205 0.0352518 0
0.37 0.022 0.0561002 0.0281684 0
0.372 0.022 0.0562834 0.024302 0
0.374 0.022 0.0551717 0.0257073 0
0.376 0.022 0.0569516 0.031521 0
0.378 0.022 0.0513569 0.0276505 0
0.38 0.022 0.0636315 0.0267666 0
0.382 0.022 0.0585007 0.0305794 0
0.384 0.022 0.0564935 0.0295041 0
0.386 0.022 0.0628523 0.0383331 0
0.388 0.024 0.058114 0.0265779 0
0.39 0.024 0.0577296 0.028513 0
0.392 0.024 0.0531551 0.0252603 0
0.394 0.024 0.0653079 0.0364854 0
0.396 0.024 0.0638522 0.0324139 0
0.398 0.024 0.071959 0.03717 0
0.4 0.024 0.0549112 0.0300169 0
0.402 0.024 0.0635688 0.0307475 0
0.404 0.024 0.0555578 0.0309509 0
0.406 0.024 0.0686987 0.0303773 0
0.408 0.024 0.057096 0.0276943 0
0.41 0.024 0.0624982 0.0322065 0
0.412 0.024 0.0582279 0.0321344 0
0.414 0.024 0.071432 0.0372223 0
0.416 0.024 0.0635426 0.0365985 0
0.418 0.024 0.057247 0.0316599 0
0.42 0.024 0.0474017 0.026081 0
0.422 0.024 0.0600188 0.0321467 0
0.424 0.024 0.0573829 0.0278274 0
0.426 0.024 0.0586524 0.0296191 0
0.428 0.024 0.0512011 0.0316443 0
0.43 0.024 0.0613425 0.030871 0
0.432 0.024 0.052056 0.0275537 0
0.434 0.024 0.0530148 0.0291642 0
0.436 0.024 0.0582664 0.0286939 0
0.438 0.024 0.0614232 0.0284162 0
0.44 0.024 0.0583097 0.0297018 0
0.442 0.024 0.0688001 0.0316659 0
0.444 0.024 0.0569863 0.0304106 0
0.446 0.024 0.0640931 0.0264063 0
0.448 0.024 0.0572986 0.0246683 0
0.45 0.024 0.0642826 0.0348579 0
0.452 0.024 0.0523637 0.0282489 0
0.454 0.024 0.0572838 0.0315853 0
0.456 0.024 0.0702602 0.0343489 0
0.458 0.024 0.0615 0.0347132 0
0.46 0.024 0.0641934 0.0353343 0
0.462 0.024 0.0528108 0.0286063 0
0.464 0.042 0.068156 0.0358872 0
0.466 0.042 0.0812287 0.0337059 0
0.468 0.042 0.0623767 0.0291359 0
0.47 0.042 0.0644101 0.0328592 0
0.472 0.042 0.0687193 0.030475 0
0.474 0.042 0.0701103 0.0380119 0
0.476 0.042 0.0656823 0.0308782 0
0.478 0.042 0.0655468 0.0328245 0
0.48 0.042 0.0743978 0.0334877 0
0.482 0.042 0.0687722 0.0303934 0
0.484 0.042 0.0747507 0.0376787 0
0.486 0.042 0.0604295 0.0298664 0
0.488 0.042 0.0602876 0.0282467 0
0.49 0.042 0.0619335 0.0293185 0
0.492 0.042 0.0784129 0.0460512 0
0.494 0.042 0.0673134 0.0308983 0
0.496 0.044 0.0625393 0.0352882 0
0.498 0.044 0.0701866 0.040354 0
0.5 0.044 0.0711192 0.0392306 0
0.502 0.044 0.0628253 0.0304443 0
0.504 0.044 0.073558 0.0398132 0
0.506 0.044 0.0832284 0.0539619 0
0.508 0.044 0.0813824 0.0386654 0
0.51 0.044 0.0696895 0.0357063 0
0.512 0.044 0.0790168 0.0446976 0
0.514 0.044 0.0696488 0.0379852 0
0.516 0.044 0.0613994 0.0330657 0
0.518 0.044 0.0674934 0.0309763 0
0.52 0.044 0.0691951 0.03357 0
0.522 0.076 0.0675456 0.0312302 0
0.524 0.076 0.070074 0.0408189 0
0.526 0.076 0.0597678 0.0277073 0
0.528 0.076 0.0574095 0.0309912 0
0.53 0.076 0.0657539 0.0291111 0
0.532 0.076 0.0680971 0.0306175 0
0.534 0.076 0.0579752 0.0304137 0
0.536 0.076 0.0705813 0.0299346 0
0.538 0.076 0.0649489 0.0386191 0
0.54 0.076 0.0610744 0.0292635 0
0.542 0.076 0.0506284 0.0278274 0
0.544 0.076 0.0722963 0.0362885 0
0.546 0.076 0.0704668 0.0343621 0
0.548 0.076 0.0603723 0.034027 0
0.55 0.076 0.0597258 0.0370325 0
0.552 0.076 0.0589022 0.0323549 0
0.554 0.076 0.0836336 0.0340178 0
0.556 0.076 0.0674775 0.0425981 0
0.558 0.076 0.0822385 0.0304883 0
0.56 0.084 0.0619168 0.0341845 0
0.562 0.084 0.0671427 0.0266896 0
0.564 0.084 0.0772407 0.0283018 0
0.566 0.084 0.0581888 0.0322837 0
0.568 0.09 0.0627129 0.0277292 0
0.57 0.09 0.0683044 0.0336918 0
0.572 0.09 0.0927827 0.0470461 0
0.574 0.09 0.0609382 0.024088 0
0.576 0.09 0.0790221 0.0342615 0
0.578 0.094 0.0720724 0.0378453 0
0.58 0.094 0.0641382 0.0235883 0
0.582 0.094 0.066608 0.030295 0
0.584 0.094 0.0595484 0.0265209 0
0.586 0.094 0.10865 0.0330799 0
0.588 0.094 0.0757858 0.0388866 0
0.59 0.094 0.0581308 0.0228854 0
0.592 0.094 0.0824717 0.035027 0
0.594 0.096 0.0656394 0.0331453 0
0.596 0.096 0.0907789 0.0492778 0
0.598 0.098 0.0912128 0.0485374 0
0.6 0.098 0.0872202 0.0333353 0
0.602 0.1 0.124652 0.0438502 0
0.604 0.1 0.104817 0.0496195 0
0.606 0.122 0.105617 0.0535232 0
0.608 0.122 0.131015 0.0457518 0
0.61 0.122 0.0940376 0.0332788 0
0.612 0.13 0.0901085 0.0284149 0
0.614 0.13 0.102191 0.0443223 0
0.616 0.13 0.121504 0.0509105 0
0.618 0.13 0.0895626 0.0435849 0
0.62 0.13 0.11023 0.0579513 0
0.622 0.132 0.106009 0.052013 0
0.624 0.132 0.102367 0.0450854 0
0.626 0.134 0.101755 0.0525852 0
0.628 0.134 0.0970582 0.0488978 0
0.63 0.134 0.0927105 0.0527305 0
0.632 0.134 0.101677 0.0453527 0
0.634 0.134 0.098377 0.0471446 0
0.636 0.134 0.115012 0.0464676 0
0.638 0.134 0.0907511 0.0392554 0
0.64 0.134 0.111183 0.0547521 0
0.642 0.134 0.0946087 0.0434779 0
0.644 0.138 0.0772524 0.0287887 0
0.646 0.138 0.0770471 0.0355272 0
0.648 0.138 0.096574 0.0375497 0
0.65 0.138 0.0709934 0.0300675 0
0.652 0.138 0.0873221 0.0373789 0
0.654 0.144 0.109276 0.0415467 0
0.656 0.144 0.0969922 0.0481703 0
0.658 0.152 0.071238 0.032748 0
0.66 0.152 0.137582 0.0497987 0
0.662 0.152 0.105601 0.0560932 0
0.664 0.152 0.0956488 0.0489925 0
0.666 0.152 0.101043 0.0581254 0
0.668 0.152 0.107167 0.0662482 0
0.67 0.158 0.097999 0.0493879 0
0.672 0.158 0.0956522 0.0527121 0
0.674 0.158 0.0919424 0.0504427 0
0.676 0.158 0.117734 0.0464542 0
0.678 0.158 0.100044 0.0489841 0
0.68 0.158 0.0867205 0.0406691 0
0.682 0.158 0.104162 0.0436992 0
0.684 0.158 0.108605 0.0581365 0
0.686 0.16 0.066553 0.0321078 0
0.688 0.16 0.0938952 0.0435561 0
0.69 0.16 0.103628 0.0446137 0
0.692 0.16 0.130788 0.0589576 0
0.694 0.16 0.0811942 0.0403316 0
0.696 0.16 0.130551 0.0462107 0
0.698 0.16 0.100078 0.0381255 0
0.7 0.16 0.101933 0.0597124 0
0.702 0.16 0.0753202 0.0342152 0
0.704 0.188 0.100646 0.0449227 0
0.706 0.188 0.112017 0.0537184 0
0.708 0.188 0.0714108 0.0420337 0
0.71 0.188 0.116462 0.0505471 0
0.712 0.188 0.0963556 0.0327298 0
0.714 0.204 0.0891233 0.043486 0
0.716 0.24 0.120376 0.054224 0
0.718 0.266 0.106609 0.0489628 0
0.72 0.266 0.103321 0.0492972 0
0.722 0.266 0.123616 0.0412648 0
0.724 0.266 0.0854097 0.0427557 0
0.726 0.266 0.14568 0.0373668 0
0.728 0.266 0.134552 0.0447651 0
0.73 0.266 0.146219 0.0471263 0
0.732 0.266 0.115816 0.0517917 0
0.734 0.266 0.144283 0.0361513 0
0.736 0.268 0.126793 0.0573789 0
0.738 0.268 0.161222 0.0387254 0
0.74 0.268 0.150935 0.043556 0
0.742 0.268 0.156577 0.0444614 0
0.744 0.268 0.134655 0.0615261 0
0.746 0.268 0.132788 0.0611802 0
0.748 0.268 0.146497 0.0582628 0
0.75 0.268 0.137919 0.0667375 0
0.752 0.272 0.0803038 0.0360227 0
0.754 0.274 0.0903376 0.0387801 0
0.756 0.33 0.0670476 0.0224122 0
0.758 0.33 0.132412 0.0553951 0
0.76 0.34 0.172505 0.0380096 0
0.762 0.34 0.143537 0.0458526 0
0.764 0.34 0.147978 0.0545079 0
0.766 0.342 0.158471 0.0470048 0
0.768 0.39 0.121025 0.060868 0
0.77 0.52 0.134876 0.0439772 0
0.772 0.52 0.162964 0.04443 0
0.774 0.522 0.184394 0.0537389 0
0.776 0.522 0.171368 0.0430982 0
0.778 0.522 0.180162 0.0429496 0
0.78 0.528 0.153109 0.0571985 0
0.782 0.532 0.128866 0.0420843 0
0.784 0.536 0.152259 0.0484158 0
0.786 0.536 0.147645 0.0451051 0
0.788 0.536 0.129623 0.036406 0
0.79 0.536 0.143449 0.052682 0
0.792 0.54 0.160122 0.0334612 0
0.794 0.542 0.162028 0.0386381 0
0.796 0.542 0.158352 0.0420457 0
0.798 0.546 0.137798 0.0478488 0
0.8 0.546 0.206794 0.0400013 0
0.802 0.546 0.220402 0.0527576 0
0.804 0.57 0.224213 0.0457539 0
0.806 0.57 0.232628 0.0493716 0
0.808 0.588 0.24269 0.0451269 0
0.81 0.59 0.270805 0.0332304 0
0.812 0.59 0.281758 0.0505683 0
0.814 0.59 0.296003 0.049548 0
0.816 0.592 0.30834 0.0382602 0
0.818 0.63 0.301285 0.035748 0
0.82 0.634 0.260095 0.0467967 0
0.822 0.636 0.250438 0.0317783 0
0.824 0.636 0.254058 0.0314326 0
0.826 0.638 0.221002 0.0323389 0
0.828 0.638 0.223767 0.039553 0
0.83 0.64 0.223877 0.034146 0
0.832 0.64 0.245842 0.0273813 0
0.834 0.642 0.256639 0.046728 0
0.836 0.652 0.225904 0.038204 0
0.838 0.656 0.24784 0.0252911 0
0.84 0.666 0.271331 0.0242484 0
0.842 0.668 0.292536 0.0321168 0
0.844 0.686 0.274188 0.0407818 0
0.846 0.69 0.270773 0.028479 0
0.848 0.692 0.272264 0.0236094 0
0.85 0.692 0.266156 0.042532 0
0.852 0.692 0.259285 0.041623 0
0.854 0.692 0.218246 0.0268213 0
0.856 0.692 0.210358 0.0316759 0
0.858 0.692 0.206251 0.0253467 0
0.86 0.692 0.210825 0.0255129 0
0.862 0.692 0.214661 0.035357 0
0.864 0.696 0.229628 0.023801 0
0.866 0.698 0.216769 0.036022 0
0.868 0.7 0.224563 0.0283842 0
0.87 0.704 0.218989 0.0295702 0
0.872 0.704 0.206205 0.0310979 0
0.874 0.712 0.20011 0.0365687 0
0.876 0.73 0.210854 0.0265853 0
0.878 0.734 0.220052 0.0259618 0
0.88 0.736 0.236316 0.0360646 0
0.882 0.736 0.250112 0.026755 0
0.884 0.752 0.244281 0.0256304 0
0.886 0.77 0.231255 0.0183809 0
0.888 0.772 0.231961 0.0315307 0
0.89 0.774 0.228243 0.0223105 0
0.892 0.774 0.197495 0.0269058 0
0.894 0.774 0.212762 0.0255608 0
0.896 0.774 0.228125 0.0242628 0
0.898 0.778 0.233523 0.0228326 0
0.9 0.78 0.229532 0.025384 0
0.902 0.78 0.21579 0.0220555 0
0.904 0.78 0.214176 0.0228114 0
0.906 0.78 0.252302 0.0310004 0
0.908 0.78 0.284495 0.0218447 0
0.91 0.78 0.281457 0.0211336 0
0.912 0.78 0.337808 0.0330971 0
0.914 0.782 0.341788 0.0208592 0
0.916 0.784 0.346435 0.0256649 0
0.918 0.784 0.357408 0.0338471 0
0.92 0.814 0.374043 0.0163874 0
0.922 0.814 0.376475 0.0203551 0
0.924 0.814 0.381013 0.0136418 0
0.926 0.814 0.372745 0.0240523 0
0.928 0.814 0.373681 0.0176972 0
0.93 0.816 0.370635 0.0178656 0
0.932 0.816 0.369631 0.0162594 0
0.934 0.816 0.371633 0.0176952 0
0.936 0.82 0.373421 0.0185675 0
0.938 0.822 0.405093 0.0215089 0
0.94 0.824 0.422024 0.0122489 0
0.942 0.824 0.406456 0.0183174 0
0.944 0.824 0.405461 0.0208385 0
0.946 0.826 0.407603 0.0241047 0
0.948 0.834 0.417673 0.0173219 0
0.95 0.84 0.397981 0.0173798 0
0.952 0.84 0.414296 0.0153648 0