# Node_nr = 500
# K <r> sigma_r(sig not of average! divide by sqrt(n))
0 0.004 0.0373038 0.0189015 0
0.002 0.004 0.0405065 0.0215179 0
0.004 0.004 0.0418207 0.0221871 0
0.006 0.004 0.0393617 0.0182875 0
0.008 0.004 0.0455479 0.0197674 0
0.01 0.004 0.0393611 0.0193132 0
0.012 0.004 0.0415589 0.0192072 0
0.014 0.006 0.0405332 0.0209292 0
0.016 0.006 0.0394315 0.0224562 0
0.018 0.006 0.040325 0.0210667 0
0.02 0.006 0.0434775 0.0225846 0
0.022 0.006 0.0407892 0.0230495 0
0.024 0.006 0.0401053 0.0202975 0
0.026 0.006 0.0430717 0.0203614 0
0.028 0.006 0.0393051 0.0210945 0
0.03 0.006 0.0458095 0.0221178 0
0.032 0.006 0.038917 0.0198019 0
0.034 0.006 0.0423001 0.0225441 0
0.036 0.006 0.0416874 0.0225077 0
0.038 0.006 0.0457331 0.0225376 0
0.04 0.006 0.0373008 0.0242085 0
0.042 0.006 0.0407267 0.0222097 0
0.044 0.006 0.0431731 0.021078 0
0.046 0.006 0.0430612 0.0210928 0
0.048 0.006 0.0397942 0.0207801 0
0.05 0.006 0.0381708 0.0213716 0
0.052 0.006 0.0413027 0.0219806 0
0.054 0.006 0.0416949 0.02498 0
0.056 0.006 0.042557 0.0243143 0
0.058 0.006 0.0409253 0.0241719 0
0.06 0.006 0.042064 0.0220021 0
0.062 0.006 0.0411308 0.0224891 0
0.064 0.006 0.0456078 0.0230365 0
0.066 0.006 0.0424233 0.0219403 0
0.068 0.006 0.0396031 0.0213655 0
0.07 0.006 0.045437 0.0240158 0
0.072 0.006 0.0438882 0.0215045 0
0.074 0.006 0.0403916 0.0209635 0
0.076 0.006 0.0420413 0.0232025 0
0.078 0.006 0.0448246 0.0245409 0
0.08 0.006 0.0382086 0.0204847 0
0.082 0.006 0.0436665 0.0243151 0
0.084 0.006 0.0400368 0.0220721 0
0.086 0.006 0.0458851 0.0260273 0
0.088 0.006 0.0377981 0.0198067 0
0.09 0.006 0.0448341 0.0209736 0
0.092 0.006 0.0460559 0.0248577 0
0.094 0.006 0.0401165 0.0187605 0
0.096 0.006 0.0470831 0.0247443 0
0.098 0.006 0.0448176 0.0227045 0
0.1 0.006 0.041515 0.021626 0
0.102 0.006 0.0465832 0.0253934 0
0.104 0.006 0.0428664 0.0206083 0
0.106 0.006 0.0435155 0.0213204 0
0.108 0.006 0.0446758 0.0225954 0
0.11 0.006 0.0432148 0.0221078 0
0.112 0.006 0.0477495 0.0233956 0
0.114 0.006 0.0444737 0.0240969 0
0.116 0.006 0.0474375 0.0276837 0
0.118 0.006 0.0462615 0.0227856 0
0.12 0.006 0.0473943 0.0212415 0
0.122 0.008 0.0460493 0.0239966 0
0.124 0.008 0.0464172 0.0211529 0
0.126 0.008 0.0426679 0.0222302 0
0.128 0.008 0.0394532 0.0231119 0
0.13 0.008 0.0462735 0.0229881 0
0.132 0.008 0.0445827 0.0230529 0
0.134 0.008 0.046167 0.0237324 0
0.136 0.008 0.0441201 0.0230407 0
0.138 0.008 0.0484633 0.0238838 0
0.14 0.008 0.0484154 0.0223144 0
0.142 0.008 0.0483648 0.0246879 0
0.144 0.008 0.0476855 0.02299 0
0.146 0.008 0.0453017 0.0231741 0
0.148 0.008 0.0465716 0.0273254 0
0.15 0.008 0.0408577 0.0220374 0
0.152 0.008 0.0419301 0.0218366 0
0.154 0.008 0.0429919 0.0243015 0
0.156 0.008 0.0511661 0.0288628 0
0.158 0.008 0.048641 0.0261313 0
0.16 0.008 0.050879 0.0262719 0
0.162 0.008 0.045287 0.0271207 0
0.164 0.008 0.0486193 0.0272825 0
0.166 0.008 0.0497527 0.0254754 0
0.168 0.008 0.0489751 0.0251626 0
0.17 0.008 0.0482408 0.0226663 0
0.172 0.008 0.0496338 0.0246671 0
0.174 0.008 0.0485099 0.0226895 0
0.176 0.008 0.0516388 0.0268021 0
0.178 0.008 0.0500642 0.0242739 0
0.18 0.008 0.0563795 0.0279476 0
0.182 0.008 0.0494609 0.0271241 0
0.184 0.008 0.0490971 0.0240918 0
0.186 0.008 0.0457406 0.0225585 0
0.188 0.008 0.0482106 0.0269453 0
0.19 0.008 0.0419521 0.0223088 0
0.192 0.008 0.04906 0.0258127 0
0.194 0.008 0.0530781 0.027211 0
0.196 0.008 0.0461941 0.0217557 0
0.198 0.008 0.0516115 0.0242018 0
0.2 0.008 0.0510256 0.0255722 0
0.202 0.008 0.0562108 0.0289495 0
0.204 0.008 0.0407742 0.0244017 0
0.206 0.008 0.0557994 0.0266166 0
0.208 0.008 0.0418962 0.0226505 0
0.21 0.008 0.0458312 0.0241035 0
0.212 0.008 0.0435392 0.0205436 0
0.214 0.008 0.0469879 0.0252339 0
0.216 0.008 0.0537977 0.0274017 0
0.218 0.008 0.045939 0.0224913 0
0.22 0.01 0.0483347 0.0263103 0
0.222 0.01 0.0577406 0.0315045 0
0.224 0.01 0.0569179 0.0278949 0
0.226 0.01 0.0492144 0.0250906 0
0.228 0.01 0.044497 0.0239955 0
0.23 0.01 0.0492447 0.0232495 0
0.232 0.01 0.053248 0.0268557 0
0.234 0.01 0.0489383 0.0234761 0
0.236 0.01 0.0555854 0.0301044 0
0.238 0.01 0.050307 0.0270727 0
0.24 0.01 0.0462135 0.0228593 0
0.242 0.01 0.0570726 0.0266985 0
0.244 0.01 0.0491398 0.0258751 0
0.246 0.01 0.0500768 0.0234832 0
0.248 0.01 0.0521173 0.0257602 0
0.25 0.01 0.0509358 0.0259657 0
0.252 0.01 0.0527008 0.0247086 0
0.254 0.016 0.0576989 0.0287494 0
0.256 0.016 0.0553043 0.0265359 0
0.258 0.016 0.0509074 0.0246259 0
0.26 0.016 0.0478696 0.0257952 0
0.262 0.016 0.0595676 0.0313941 0
0.264 0.016 0.0555099 0.0290092 0
0.266 0.016 0.0503914 0.0219399 0
0.268 0.016 0.0473808 0.02577 0
0.27 0.016 0.0542995 0.0289057 0
0.272 0.016 0.0517774 0.0284561 0
0.274 0.018 0.0492127 0.026509 0
0.276 0.018 0.0554558 0.0229769 0
0.278 0.018 0.056418 0.028438 0
0.28 0.018 0.0542188 0.029674 0
0.282 0.018 0.0512371 0.0325369 0
0.284 0.018 0.050844 0.0268347 0
0.286 0.018 0.0544565 0.0281584 0
0.288 0.018 0.0527198 0.0258318 0
0.29 0.024 0.0558555 0.0288344 0
0.292 0.024 0.0515278 0.0270317 0
0.294 0.024 0.059441 0.0281805 0
0.296 0.024 0.0535218 0.0264583 0
0.298 0.024 0.0547403 0.0252364 0
0.3 0.024 0.0627157 0.0279748 0
0.302 0.024 0.0464288 0.0239411 0
0.304 0.024 0.0612786 0.0285993 0
0.306 0.024 0.0565978 0.0383707 0
0.308 0.024 0.0537945 0.0288898 0
0.31 0.024 0.06088 0.0321906 0
0.312 0.024 0.0590843 0.0318948 0
0.314 0.024 0.0482291 0.0228367 0
0.316 0.024 0.0566539 0.0312055 0
0.318 0.024 0.0677904 0.0306911 0
0.32 0.024 0.0534054 0.0286247 0
0.322 0.024 0.0609879 0.0308523 0
0.324 0.03 0.0718 0.0342866 0
0.326 0.03 0.0500155 0.0262939 0
0.328 0.03 0.0663929 0.0349062 0
0.33 0.03 0.057159 0.029667 0
0.332 0.03 0.0616057 0.0323961 0
0.334 0.03 0.0602023 0.0298392 0
0.336 0.03 0.0685518 0.0378941 0
0.338 0.03 0.0665049 0.0393857 0
0.34 0.03 0.063894 0.0318846 0
0.342 0.03 0.066009 0.0319806 0
0.344 0.036 0.068182 0.0344687 0
0.346 0.036 0.0620698 0.0281721 0
0.348 0.036 0.0706036 0.0315961 0
0.35 0.036 0.0745227 0.0365951 0
0.352 0.036 0.0620411 0.0309616 0
0.354 0.036 0.0585826 0.0374486 0
0.356 0.036 0.0643938 0.0374301 0
0.358 0.036 0.0541323 0.0300215 0
0.36 0.036 0.0669316 0.0318636 0
0.362 0.036 0.0727837 0.0429086 0
0.364 0.036 0.0634855 0.033141 0
0.366 0.036 0.0600052 0.0284886 0
0.368 0.036 0.0629254 0.0308456 0
0.37 0.036 0.0574806 0.0307485 0
0.372 0.036 0.0595601 0.0304378 0
0.374 0.036 0.0821399 0.040716 0
0.376 0.036 0.0575115 0.0283241 0
0.378 0.036 0.0687297 0.0335343 0
0.38 0.036 0.068049 0.0369087 0
0.382 0.036 0.0666671 0.0374723 0
0.384 0.036 0.0646966 0.0325254 0
0.386 0.036 0.0698373 0.0392315 0
0.388 0.036 0.0612717 0.0303726 0
0.39 0.036 0.0796249 0.0443252 0
0.392 0.036 0.0817799 0.0426746 0
0.394 0.036 0.0653759 0.0336459 0
0.396 0.036 0.0584363 0.0285944 0
0.398 0.036 0.0578157 0.0299101 0
0.4 0.036 0.0514928 0.029241 0
0.402 0.036 0.0747585 0.033498 0
0.404 0.036 0.0736468 0.0325845 0
0.406 0.036 0.0818077 0.0397753 0
0.408 0.036 0.074264 0.0338937 0
0.41 0.036 0.082178 0.0405102 0
0.412 0.036 0.0571977 0.0304279 0
0.414 0.036 0.0727246 0.0343179 0
0.416 0.036 0.0540881 0.0298732 0
0.418 0.036 0.0648886 0.0325984 0
0.42 0.036 0.0700158 0.0376692 0
0.422 0.036 0.091667 0.0412135 0
0.424 0.036 0.0760417 0.0355468 0
0.426 0.036 0.0680699 0.0335753 0
0.428 0.036 0.0644974 0.0332601 0
0.43 0.036 0.065663 0.0285695 0
0.432 0.036 0.07026 0.0371376 0
0.434 0.036 0.0842149 0.0390314 0
0.436 0.036 0.067082 0.0271319 0
0.438 0.036 0.0599006 0.0315322 0
0.44 0.036 0.0846846 0.0387635 0
0.442 0.036 0.0557602 0.033986 0
0.444 0.038 0.0700211 0.0327735 0
0.446 0.038 0.0675755 0.0290991 0
0.448 0.038 0.0735865 0.0392156 0
0.45 0.038 0.0754448 0.0344256 0
0.452 0.038 0.0709144 0.0279561 0
0.454 0.038 0.073612 0.0404419 0
0.456 0.038 0.0593378 0.0289196 0
0.458 0.038 0.0786857 0.042614 0
0.46 0.038 0.0784054 0.0380321 0
0.462 0.038 0.0737993 0.0351389 0
0.464 0.038 0.0590503 0.0336849 0
0.466 0.038 0.0751896 0.0411268 0
0.468 0.038 0.0868672 0.0402973 0
0.47 0.038 0.0744092 0.0434559 0
0.472 0.038 0.0739845 0.039596 0
0.474 0.038 0.0779174 0.0358331 0
0.476 0.038 0.0814157 0.0354924 0
0.478 0.038 0.0937157 0.039699 0
0.48 0.038 0.0728259 0.0357636 0
0.482 0.038 0.0826613 0.036896 0
0.484 0.038 0.0804702 0.0398144 0
0.486 0.038 0.0851588 0.0436229 0
0.488 0.038 0.0667597 0.0355054 0
0.49 0.038 0.0869581 0.0409314 0
0.492 0.038 0.0807389 0.0479139 0
0.494 0.038 0.0745224 0.0372215 0
0.496 0.038 0.0677939 0.0343874 0
0.498 0.038 0.108168 0.0487241 0
0.5 0.038 0.0745264 0.0385088 0
0.502 0.038 0.0872514 0.0408071 0
0.504 0.038 0.0979978 0.0399503 0
0.506 0.038 0.0859058 0.0390245 0
0.508 0.038 0.0979272 0.0461491 0
0.51 0.038 0.071939 0.0336171 0
0.512 0.038 0.0845277 0.0442012 0
0.514 0.038 0.124485 0.0567407 0
0.516 0.038 0.0868249 0.0462609 0
0.518 0.056 0.0908982 0.0391653 0
0.52 0.056 0.104985 0.0453035 0
0.522 0.056 0.0947956 0.0568206 0
0.524 0.056 0.0886773 0.0411808 0
0.526 0.056 0.0745987 0.0338629 0
0.528 0.056 0.0872784 0.0407496 0
0.53 0.056 0.0923314 0.0397641 0
0.532 0.056 0.084845 0.0535837 0
0.534 0.056 0.099495 0.04813 0
0.536 0.056 0.0988067 0.0509781 0
0.538 0.056 0.097437 0.0336278 0
0.54 0.056 0.0923794 0.0480057 0
0.542 0.056 0.0898431 0.0418843 0
0.544 0.056 0.0922587 0.0501723 0
0.546 0.056 0.105746 0.0523658 0
0.548 0.056 0.0979751 0.055084 0
0.55 0.058 0.085772 0.0531195 0
0.552 0.058 0.103874 0.0401794 0
0.554 0.058 0.100065 0.0497916 0
0.556 0.058 0.0925692 0.046088 0
0.558 0.058 0.0831324 0.0441425 0
0.56 0.058 0.100229 0.0455093 0
0.562 0.058 0.116574 0.0537512 0
0.564 0.058 0.099216 0.0484671 0
0.566 0.058 0.10957 0.0414648 0
0.568 0.058 0.0938004 0.0527488 0
0.57 0.062 0.0858997 0.0344597 0
0.572 0.062 0.113156 0.0420909 0
0.574 0.062 0.084425 0.0350089 0
0.576 0.062 0.117405 0.0438081 0
0.578 0.062 0.096448 0.0519056 0
0.58 0.062 0.115762 0.0616348 0
0.582 0.062 0.0994835 0.0615967 0
0.584 0.066 0.118456 0.0518595 0
0.586 0.066 0.0979076 0.0545718 0
0.588 0.066 0.12377 0.0569959 0
0.59 0.066 0.117715 0.0455041 0
0.592 0.066 0.105017 0.0526177 0
0.594 0.066 0.101618 0.0541634 0
0.596 0.068 0.136735 0.0667117 0
0.598 0.068 0.110234 0.042619 0
0.6 0.068 0.133576 0.0540578 0
0.602 0.068 0.177344 0.0705629 0
0.604 0.068 0.119653 0.0594165 0
0.606 0.068 0.140053 0.0590478 0
0.608 0.068 0.129588 0.0631974 0
0.61 0.068 0.125189 0.0623519 0
0.612 0.068 0.140186 0.0550765 0
0.614 0.068 0.138166 0.0554427 0
0.616 0.068 0.121355 0.0575082 0
0.618 0.068 0.120997 0.0582142 0
0.62 0.068 0.143238 0.0560946 0
0.622 0.068 0.146943 0.047038 0
0.624 0.068 0.114326 0.0580456 0
0.626 0.068 0.151054 0.0627403 0
0.628 0.07 0.106741 0.0514525 0
0.63 0.07 0.141597 0.0847651 0
0.632 0.07 0.135142 0.062929 0
0.634 0.07 0.118427 0.0520301 0
0.636 0.07 0.115415 0.0591355 0
0.638 0.07 0.107275 0.0544399 0
0.64 0.07 0.133193 0.0393942 0
0.642 0.07 0.135002 0.0615288 0
0.644 0.07 0.11696 0.0652313 0
0.646 0.07 0.117842 0.059113 0
0.648 0.07 0.101421 0.0510255 0
0.65 0.07 0.11761 0.0739438 0
0.652 0.07 0.118249 0.0654109 0
0.654 0.07 0.122933 0.0613196 0
0.656 0.084 0.1477 0.0739132 0
0.658 0.084 0.149477 0.0754626 0
0.66 0.084 0.123616 0.064126 0
0.662 0.084 0.155715 0.0702118 0
0.664 0.084 0.128875 0.0735283 0
0.666 0.084 0.118267 0.0588568 0
0.668 0.084 0.147386 0.0646985 0
0.67 0.084 0.118058 0.0588629 0
0.672 0.084 0.158389 0.0781014 0
0.674 0.084 0.103165 0.0527237 0
0.676 0.084 0.151922 0.057107 0
0.678 0.084 0.149539 0.0528204 0
0.68 0.084 0.121524 0.0537019 0
0.682 0.09 0.150496 0.0540677 0
0.684 0.09 0.145352 0.0851278 0
0.686 0.092 0.131783 0.0573051 0
0.688 0.108 0.148685 0.0811596 0
0.69 0.108 0.201669 0.0766771 0
0.692 0.108 0.141988 0.0697363 0
0.694 0.108 0.134564 0.0611039 0
0.696 0.108 0.155783 0.0412041 0
0.698 0.108 0.159543 0.0711086 0
0.7 0.108 0.112268 0.0541185 0
0.702 0.108 0.145931 0.0609932 0
0.704 0.108 0.16214 0.0658668 0
0.706 0.108 0.132379 0.0917405 0
0.708 0.108 0.13655 0.0642478 0
0.71 0.108 0.169377 0.0707921 0
0.712 0.126 0.119564 0.0574384 0
0.714 0.126 0.137587 0.0805596 0
0.716 0.126 0.151548 0.0584997 0
0.718 0.14 0.151522 0.106496 0
0.72 0.14 0.156999 0.0705485 0
0.722 0.14 0.168602 0.0948494 0
0.724 0.14 0.163749 0.0819449 0
0.726 0.142 0.167298 0.0864819 0
0.728 0.142 0.149054 0.0661354 0
0.73 0.142 0.155798 0.0658412 0
0.732 0.142 0.168485 0.0872189 0
0.734 0.142 0.163158 0.0486277 0
0.736 0.142 0.163898 0.101844 0
0.738 0.142 0.172826 0.0554567 0
0.74 0.142 0.136665 0.0563845 0
0.742 0.146 0.174537 0.0813834 0
0.744 0.146 0.149168 0.0809807 0
0.746 0.146 0.139431 0.0549396 0
0.748 0.146 0.202069 0.0998538 0
0.75 0.146 0.174923 0.0733894 0
0.752 0.16 0.123294 0.0625858 0
0.754 0.16 0.176778 0.0827797 0
0.756 0.232 0.169169 0.101591 0
0.758 0.232 0.186588 0.0949351 0
0.76 0.232 0.169825 0.0887219 0
0.762 0.236 0.177672 0.0911376 0
0.764 0.236 0.211348 0.0893914 0
0.766 0.236 0.186387 0.0756304 0
0.768 0.236 0.176502 0.0819507 0
0.77 0.236 0.217849 0.0902233 0
0.772 0.24 0.196137 0.0744959 0
0.774 0.242 0.200179 0.10298 0
0.776 0.242 0.209239 0.0663628 0
0.778 0.242 0.194618 0.107115 0
0.78 0.242 0.205513 0.118498 0
0.782 0.242 0.232017 0.0792037 0
0.784 0.242 0.152239 0.0684227 0
0.786 0.242 0.21434 0.0858835 0
0.788 0.242 0.195056 0.0945788 0
0.79 0.244 0.164428 0.0803728 0
0.792 0.254 0.221006 0.0986214 0
0.794 0.254 0.169444 0.0531808 0
0.796 0.254 0.162961 0.0697273 0
0.798 0.254 0.243635 0.039286 0
0.8 0.254 0.1695 0.0870614 0
0.802 0.254 0.231722 0.119723 0
0.804 0.254 0.160117 0.0658257 0
0.806 0.28 0.23556 0.0736136 0
0.808 0.288 0.246573 0.0883838 0
0.81 0.288 0.161164 0.0905117 0
0.812 0.314 0.276436 0.0643966 0
0.814 0.314 0.23992 0.0653848 0
0.816 0.314 0.218098 0.0954373 0
0.818 0.338 0.264615 0.0753851 0
0.82 0.34 0.241905 0.0759228 0
0.822 0.452 0.280621 0.0575489 0
0.824 0.452 0.340034 0.0584367 0
0.826 0.462 0.315776 0.0846709 0
0.828 0.462 0.359067 0.070963 0
0.83 0.462 0.399492 0.0632135 0
0.832 0.462 0.355946 0.0879266 0
0.834 0.528 0.37992 0.0545124 0
0.836 0.528 0.362167 0.0355815 0
0.838 0.528 0.431417 0.069998 0
0.84 0.528 0.342168 0.066464 0
0.842 0.538 0.290525 0.0387131 0
0.844 0.538 0.384632 0.0603231 0
0.846 0.538 0.295436 0.0389186 0
0.848 0.538 0.355042 0.0575457 0
0.85 0.54 0.377575 0.0288463 0
0.852 0.54 0.333209 0.0501308 0
0.854 0.546 0.345016 0.0599726 0
0.856 0.546 0.375076 0.0783185 0
0.858 0.546 0.377576 0.0550583 0
0.86 0.546 0.382846 0.068085 0
0.862 0.552 0.392645 0.057117 0
0.864 0.552 0.383227 0.053943 0
0.866 0.552 0.384815 0.0758105 0
0.868 0.552 0.394539 0.0629115 0
0.87 0.552 0.399263 0.060864 0
0.872 0.552 0.400905 0.0678214 0
0.874 0.552 0.392765 0.0616314 0
0.876 0.554 0.394349 0.0734269 0
0.878 0.556 0.37171 0.0704146 0
0.88 0.574 0.393702 0.0638638 0
0.882 0.574 0.406911 0.080071 0
0.884 0.606 0.416123 0.0611128 0
0.886 0.61 0.395957 0.0663939 0
0.888 0.612 0.410085 0.0553628 0
0.89 0.612 0.395569 0.0452334 0
0.892 0.612 0.48388 0.0364192 0
0.894 0.612 0.420473 0.0423129 0
0.896 0.626 0.356839 0.0439825 0
0.898 0.628 0.487836 0.0476659 0
0.9 0.628 0.436971 0.0526301 0
0.902 0.64 0.489771 0.0492077 0
0.904 0.64 0.354871 0.0427127 0
0.906 0.64 0.501812 0.0308539 0
0.908 0.68 0.377783 0.0370842 0
0.91 0.68 0.502093 0.0477248 0
0.912 0.682 0.514383 0.026345 0
0.914 0.682 0.424323 0.0266034 0
0.916 0.682 0.631215 0.0268811 0
0.918 0.684 0.563795 0.0317459 0
0.92 0.686 0.595793 0.0520417 0
0.922 0.686 0.53915 0.0373958 0
0.924 0.686 0.645568 0.0266538 0