# Relevant parameters to reproduce this network:
# node_nr=500	 k_max=50
# initial_seed=1557434111	 delta_t=0.01	 max_steps=10000	 in_between=10
# fg_m=1	 fg_alpha=0	 fg_t_min=0	 fg_t_max=0.9	 fg_t_number=450	 fg_weff_lower_frequency=-1e+08	 fg_weff_max_steps=10000	 fg_weff_in_between=10
# K Giant_component <r> sigma_r*sqrt(NODE_NR) clustering
0 0.004 0.0389541 0.0194021 0
0.002 0.004 0.0391103 0.0192252 0
0.004 0.004 0.039284 0.0202109 0
0.006 0.004 0.0407209 0.0218534 0
0.008 0.004 0.0407133 0.0220103 0
0.01 0.004 0.038946 0.0211813 0
0.012 0.004 0.0419891 0.021998 0
0.014 0.004 0.0428783 0.0224882 0
0.016 0.004 0.0411215 0.0208553 0
0.018 0.004 0.037601 0.0202449 0
0.02 0.004 0.0390334 0.0211291 0
0.022 0.004 0.0405159 0.0214318 0
0.024 0.004 0.0378145 0.0210927 0
0.026 0.004 0.0396699 0.0195746 0
0.028 0.004 0.0421885 0.0204894 0
0.03 0.004 0.0444399 0.0223419 0
0.032 0.004 0.0429851 0.0214565 0
0.034 0.004 0.040231 0.0206976 0
0.036 0.004 0.0434714 0.0213925 0
0.038 0.004 0.039181 0.0201622 0
0.04 0.004 0.0402489 0.0229169 0
0.042 0.006 0.0403764 0.0205375 0
0.044 0.006 0.0404786 0.0216242 0
0.046 0.006 0.0414515 0.0225634 0
0.048 0.006 0.0421111 0.0212389 0
0.05 0.006 0.042595 0.0222469 0
0.052 0.006 0.0399892 0.0202717 0
0.054 0.006 0.0410975 0.0224488 0
0.056 0.006 0.0413639 0.0210049 0
0.058 0.006 0.0426611 0.0212657 0
0.06 0.006 0.0426683 0.022024 0
0.062 0.006 0.0431622 0.0231146 0
0.064 0.006 0.0428585 0.024044 0
0.066 0.006 0.0437109 0.0227253 0
0.068 0.006 0.0421187 0.0217773 0
0.07 0.006 0.0415255 0.0214153 0
0.072 0.006 0.0412431 0.0218344 0
0.074 0.006 0.0437674 0.0214158 0
0.076 0.006 0.0446447 0.0226422 0
0.078 0.006 0.0445217 0.0217134 0
0.08 0.006 0.0441697 0.0238523 0
0.082 0.006 0.0437376 0.0237465 0
0.084 0.006 0.0430334 0.0213358 0
0.086 0.006 0.0433287 0.0241926 0
0.088 0.006 0.0424529 0.0217422 0
0.09 0.006 0.0422339 0.0215314 0
0.092 0.006 0.0436043 0.0231672 0
0.094 0.006 0.0436966 0.0230051 0
0.096 0.006 0.0455087 0.0230818 0
0.098 0.006 0.0417718 0.0211053 0
0.1 0.006 0.0435546 0.0212598 0
0.102 0.006 0.0392876 0.0211926 0
0.104 0.006 0.0449183 0.0222304 0
0.106 0.006 0.0447394 0.023356 0
0.108 0.006 0.045811 0.0251204 0
0.11 0.006 0.0429198 0.0214273 0
0.112 0.006 0.0431519 0.0234673 0
0.114 0.006 0.0461446 0.0229441 0
0.116 0.006 0.0445701 0.0240003 0
0.118 0.006 0.0434642 0.0220553 0
0.12 0.006 0.0455171 0.0248016 0
0.122 0.006 0.0411117 0.0221091 0
0.124 0.006 0.0487359 0.0245551 0
0.126 0.006 0.0426169 0.0229041 0
0.128 0.006 0.0470562 0.0238203 0
0.13 0.006 0.044523 0.0235404 0
0.132 0.006 0.0444581 0.024219 0
0.134 0.006 0.046355 0.0243077 0
0.136 0.006 0.0455787 0.023466 0
0.138 0.008 0.0414577 0.0226036 0
0.14 0.008 0.0448657 0.0235234 0
0.142 0.008 0.0460583 0.0225019 0
0.144 0.008 0.045743 0.0231746 0
0.146 0.008 0.0489946 0.0256443 0
0.148 0.008 0.0451006 0.0228138 0
0.15 0.01 0.0457439 0.0234407 0
0.152 0.01 0.048559 0.0232127 0
0.154 0.01 0.0473061 0.0255172 0
0.156 0.01 0.049225 0.0239242 0
0.158 0.01 0.0468409 0.0240592 0
0.16 0.01 0.0460608 0.0243092 0
0.162 0.01 0.0469729 0.0235553 0
0.164 0.01 0.047981 0.0239267 0
0.166 0.01 0.0474027 0.0256884 0
0.168 0.01 0.0457665 0.0234023 0
0.17 0.01 0.0480479 0.02487 0
0.172 0.01 0.0478837 0.0252104 0
0.174 0.01 0.0454085 0.0239669 0
0.176 0.01 0.047224 0.0237736 0
0.178 0.01 0.0476609 0.0246263 0
0.18 0.01 0.0475409 0.0248952 0
0.182 0.01 0.0497882 0.024957 0
0.184 0.01 0.050497 0.0257167 0
0.186 0.01 0.0488252 0.0250418 0
0.188 0.01 0.0485361 0.0262638 0
0.19 0.012 0.050167 0.0262359 0
0.192 0.012 0.0492805 0.0261587 0
0.194 0.012 0.0482157 0.0259626 0
0.196 0.012 0.0554388 0.0299489 0
0.198 0.012 0.0503237 0.0243052 0
0.2 0.012 0.0537077 0.0270514 0
0.202 0.012 0.0485923 0.0249412 0
0.204 0.012 0.0494204 0.0257217 0
0.206 0.012 0.0484085 0.0250731 0
0.208 0.012 0.0533682 0.0281334 0
0.21 0.012 0.0561947 0.0284514 0
0.212 0.012 0.049184 0.0246427 0
0.214 0.012 0.0479078 0.025953 0
0.216 0.012 0.0498355 0.0273865 0
0.218 0.012 0.0535061 0.0275954 0
0.22 0.014 0.0505786 0.0254187 0
0.222 0.014 0.0512081 0.0265264 0
0.224 0.016 0.0526726 0.0269104 0
0.226 0.016 0.0543797 0.0266622 0
0.228 0.016 0.0499363 0.0261333 0
0.23 0.016 0.0527387 0.0270634 0
0.232 0.016 0.0526881 0.0270152 0
0.234 0.016 0.0499836 0.0230378 0
0.236 0.016 0.0532669 0.0269452 0
0.238 0.016 0.0520925 0.0292967 0
0.24 0.016 0.0541224 0.02967 0
0.242 0.016 0.0528964 0.027723 0
0.244 0.016 0.0525398 0.0270269 0
0.246 0.016 0.0485299 0.0249856 0
0.248 0.016 0.0533337 0.0272029 0
0.25 0.016 0.0497523 0.028256 0
0.252 0.016 0.0533073 0.0279451 0
0.254 0.016 0.0527562 0.030457 0
0.256 0.016 0.053514 0.0279281 0
0.258 0.016 0.0558478 0.0283672 0
0.26 0.016 0.0568054 0.0301403 0
0.262 0.016 0.0512265 0.0260993 0
0.264 0.016 0.0567751 0.0281116 0
0.266 0.016 0.0561492 0.0293233 0
0.268 0.016 0.0503538 0.0279236 0
0.27 0.016 0.0532648 0.0314148 0
0.272 0.016 0.0542606 0.0281324 0
0.274 0.016 0.0538121 0.0298065 0
0.276 0.016 0.0568522 0.0314373 0
0.278 0.018 0.0570273 0.0264512 0
0.28 0.018 0.0575933 0.0286126 0
0.282 0.018 0.0569378 0.0296724 0
0.284 0.018 0.0598125 0.0295843 0
0.286 0.018 0.055068 0.0295003 0
0.288 0.018 0.0535078 0.0287976 0
0.29 0.018 0.0596976 0.0321918 0
0.292 0.018 0.0547074 0.0301881 0
0.294 0.018 0.0593388 0.0319741 0
0.296 0.018 0.0566935 0.030003 0
0.298 0.018 0.0577736 0.030066 0
0.3 0.018 0.0561334 0.0279178 0
0.302 0.018 0.0573853 0.0310993 0
0.304 0.018 0.0570803 0.0293952 0
0.306 0.018 0.0570801 0.0324586 0
0.308 0.018 0.0570609 0.0298562 0
0.31 0.018 0.061373 0.0307973 0
0.312 0.018 0.055197 0.0271799 0
0.314 0.018 0.0565971 0.0296036 0
0.316 0.024 0.0580808 0.0301184 0
0.318 0.024 0.0585825 0.0296207 0
0.32 0.024 0.0605056 0.0309861 0
0.322 0.024 0.0609621 0.0329202 0
0.324 0.024 0.0562481 0.0293382 0
0.326 0.024 0.058162 0.0337636 0
0.328 0.024 0.0622388 0.0318754 0
0.33 0.024 0.0643853 0.0313129 0
0.332 0.024 0.0631997 0.0297375 0
0.334 0.024 0.0667231 0.0334847 0
0.336 0.024 0.0620367 0.0325135 0
0.338 0.024 0.0644895 0.0325621 0
0.34 0.024 0.058846 0.0305388 0
0.342 0.024 0.067999 0.033664 0
0.344 0.024 0.0611289 0.0311176 0
0.346 0.024 0.0651747 0.0346804 0
0.348 0.024 0.0638889 0.032961 0
0.35 0.024 0.0652622 0.0335059 0
0.352 0.024 0.0656453 0.0352414 0
0.354 0.028 0.0717478 0.0342791 0
0.356 0.028 0.0653979 0.034145 0
0.358 0.028 0.0694382 0.0360535 0
0.36 0.028 0.0685084 0.0348259 0
0.362 0.028 0.0647995 0.0325065 0
0.364 0.028 0.0695055 0.0320521 0
0.366 0.028 0.0705391 0.0343634 0
0.368 0.028 0.0664122 0.0344581 0
0.37 0.028 0.0621061 0.0337255 0
0.372 0.028 0.0663037 0.036171 0
0.374 0.028 0.0631591 0.0356316 0
0.376 0.028 0.0616446 0.0329915 0
0.378 0.028 0.0640137 0.0344094 0
0.38 0.028 0.0648341 0.0336654 0
0.382 0.028 0.0657331 0.0352116 0
0.384 0.028 0.0676155 0.0349904 0
0.386 0.028 0.0710718 0.0331198 0
0.388 0.028 0.0651241 0.0341498 0
0.39 0.028 0.0693826 0.0385653 0
0.392 0.028 0.0705484 0.0372667 0
0.394 0.028 0.0649256 0.0356786 0
0.396 0.028 0.0667359 0.0331149 0
0.398 0.028 0.0682515 0.034847 0
0.4 0.032 0.0719592 0.0360703 0
0.402 0.032 0.0680694 0.0339104 0
0.404 0.032 0.0644914 0.0337712 0
0.406 0.032 0.0677684 0.037438 0
0.408 0.032 0.0696375 0.0353174 0
0.41 0.034 0.0696202 0.0342617 0
0.412 0.038 0.0754551 0.0384267 0
0.414 0.038 0.0662332 0.0332161 0
0.416 0.038 0.0671342 0.0361787 0
0.418 0.038 0.0704542 0.0340419 0
0.42 0.038 0.0800016 0.038923 0
0.422 0.038 0.0709753 0.0362641 0
0.424 0.038 0.0672767 0.0362654 0
0.426 0.038 0.0811912 0.0396303 0
0.428 0.038 0.0753267 0.0379479 0
0.43 0.04 0.0682921 0.0342225 0
0.432 0.04 0.0760625 0.0432127 0
0.434 0.04 0.0806057 0.0419442 0
0.436 0.04 0.0740219 0.0399609 0
0.438 0.04 0.0796811 0.0414926 0
0.44 0.04 0.0743945 0.0393565 0
0.442 0.04 0.0788954 0.0418783 0
0.444 0.04 0.0755884 0.0399602 0
0.446 0.04 0.0777138 0.0389316 0
0.448 0.04 0.0780002 0.0415585 0
0.45 0.04 0.0781839 0.0389129 0
0.452 0.04 0.0763121 0.0411242 0
0.454 0.04 0.0767227 0.0426435 0
0.456 0.04 0.0813069 0.0418772 0
0.458 0.04 0.0772925 0.0412242 0
0.46 0.08 0.0820827 0.0405158 0
0.462 0.08 0.0650645 0.0353896 0
0.464 0.08 0.0744875 0.0385682 0
0.466 0.08 0.0716862 0.0370016 0
0.468 0.08 0.0765389 0.0436823 0
0.47 0.082 0.0773191 0.0410855 0
0.472 0.082 0.0825026 0.0417437 0
0.474 0.104 0.0770808 0.040878 0
0.476 0.104 0.0832988 0.0388571 0
0.478 0.104 0.0791678 0.0383047 0
0.48 0.104 0.0786356 0.0399793 0
0.482 0.104 0.0750343 0.0398871 0
0.484 0.104 0.0808558 0.0409704 0
0.486 0.104 0.0784451 0.0379992 0
0.488 0.104 0.0786371 0.0411717 0
0.49 0.104 0.0842162 0.0420247 0
0.492 0.104 0.0751675 0.0403087 0
0.494 0.106 0.0823838 0.0424942 0
0.496 0.106 0.0803119 0.0460221 0
0.498 0.106 0.0716966 0.0384352 0
0.5 0.106 0.0730002 0.0375746 0
0.502 0.106 0.0744414 0.0385946 0
0.504 0.106 0.0840913 0.0428265 0
0.506 0.106 0.0804612 0.0401087 0
0.508 0.106 0.0774775 0.0429267 0
0.51 0.106 0.076577 0.0372095 0
0.512 0.106 0.071045 0.0366533 0
0.514 0.106 0.0674724 0.0344474 0
0.516 0.106 0.0772957 0.039152 0
0.518 0.106 0.0712287 0.0322591 0
0.52 0.106 0.071084 0.0344198 0
0.522 0.106 0.071225 0.0377271 0
0.524 0.106 0.0722497 0.036211 0
0.526 0.106 0.0772894 0.0438404 0
0.528 0.106 0.0714956 0.0382654 0
0.53 0.106 0.0693636 0.0331416 0
0.532 0.11 0.0712187 0.0349523 0
0.534 0.11 0.0871327 0.0470648 0
0.536 0.11 0.084296 0.0401843 0
0.538 0.11 0.105108 0.0459794 0
0.54 0.11 0.103167 0.0451557 0
0.542 0.12 0.0745623 0.0373255 0
0.544 0.128 0.0782848 0.0388817 0
0.546 0.128 0.0762851 0.0381954 0
0.548 0.128 0.0741756 0.03962 0
0.55 0.128 0.0825354 0.0367855 0
0.552 0.128 0.0771698 0.0387313 0
0.554 0.13 0.0684229 0.0344362 0
0.556 0.13 0.08683 0.0423807 0
0.558 0.132 0.093945 0.0454785 0
0.56 0.132 0.0885383 0.0433193 0
0.562 0.138 0.0999131 0.0471053 0
0.564 0.138 0.0924671 0.0472054 0
0.566 0.142 0.0915844 0.0457026 0
0.568 0.142 0.0967842 0.0517326 0
0.57 0.142 0.0844723 0.0451505 0
0.572 0.144 0.116209 0.0522877 0
0.574 0.144 0.102371 0.0508759 0
0.576 0.144 0.0961074 0.043114 0
0.578 0.144 0.0888956 0.0486573 0
0.58 0.144 0.0926604 0.0453203 0
0.582 0.146 0.0946778 0.0446371 0
0.584 0.146 0.104776 0.0498372 0
0.586 0.148 0.0987293 0.053267 0
0.588 0.148 0.102708 0.0515267 0
0.59 0.148 0.106604 0.0516655 0
0.592 0.148 0.0920192 0.0451538 0
0.594 0.162 0.112248 0.056051 0
0.596 0.162 0.111286 0.055849 0
0.598 0.162 0.0925139 0.0457502 0
0.6 0.18 0.0982651 0.040414 0
0.602 0.18 0.0914892 0.0386806 0
0.604 0.18 0.0928476 0.044048 0
0.606 0.18 0.0981126 0.0381181 0
0.608 0.18 0.0826557 0.0419253 0
0.61 0.18 0.0863281 0.0386288 0
0.612 0.18 0.0943044 0.0445318 0
0.614 0.18 0.102873 0.0456719 0
0.616 0.18 0.0985343 0.0397423 0
0.618 0.18 0.113792 0.0429253 0
0.62 0.18 0.106098 0.0500716 0
0.622 0.352 0.0689643 0.0366323 0
0.624 0.354 0.064382 0.0323464 0
0.626 0.38 0.0814254 0.0430624 0
0.628 0.38 0.0896286 0.0409322 0
0.63 0.384 0.0713022 0.0337621 0
0.632 0.384 0.0620541 0.0308722 0
0.634 0.388 0.0592684 0.0332043 0
0.636 0.388 0.059696 0.0289221 0
0.638 0.39 0.0849603 0.041622 0
0.64 0.392 0.101013 0.0440506 0
0.642 0.392 0.0909464 0.0371877 0
0.644 0.392 0.0829828 0.0389682 0
0.646 0.394 0.0674808 0.0357757 0
0.648 0.394 0.065003 0.0316342 0
0.65 0.394 0.0682595 0.0366457 0
0.652 0.408 0.0872293 0.0389415 0
0.654 0.408 0.0864224 0.0408494 0
0.656 0.418 0.0894785 0.0396133 0
0.658 0.428 0.088968 0.040222 0
0.66 0.432 0.111631 0.0402053 0
0.662 0.434 0.086382 0.0384948 0
0.664 0.436 0.081634 0.035868 0
0.666 0.466 0.117826 0.0350213 0
0.668 0.466 0.136264 0.0364361 0
0.67 0.466 0.101106 0.0365469 0
0.672 0.47 0.0998826 0.0405616 0
0.674 0.48 0.115337 0.0394919 0
0.676 0.48 0.105812 0.0358043 0
0.678 0.48 0.11792 0.0405996 0
0.68 0.48 0.0776893 0.0339023 0
0.682 0.484 0.091015 0.03387 0
0.684 0.486 0.100234 0.0400103 0
0.686 0.486 0.114516 0.0382441 0
0.688 0.486 0.113259 0.0439028 0
0.69 0.49 0.114742 0.0433959 0
0.692 0.49 0.105182 0.0382153 0
0.694 0.49 0.0768359 0.0327553 0
0.696 0.49 0.103724 0.0406739 0
0.698 0.514 0.0837144 0.0342285 0
0.7 0.54 0.0535478 0.0277318 0
0.702 0.54 0.0484887 0.0247989 0
0.704 0.544 0.057199 0.0280201 0
0.706 0.58 0.118366 0.0379981 0
0.708 0.582 0.131129 0.038965 0
0.71 0.584 0.0991134 0.0360907 0
0.712 0.59 0.103994 0.0362434 0
0.714 0.592 0.0848642 0.0338231 0
0.716 0.596 0.0810532 0.0315724 0
0.718 0.6 0.0823114 0.0327994 0
0.72 0.602 0.0898553 0.0356577 0
0.722 0.604 0.0899071 0.0378246 0
0.724 0.604 0.0955858 0.0417745 0
0.726 0.606 0.0994424 0.040175 0
0.728 0.606 0.0882106 0.0346267 0
0.73 0.612 0.0878076 0.0381256 0
0.732 0.614 0.0883008 0.0398466 0
0.734 0.614 0.0879766 0.0393729 0
0.736 0.614 0.0669546 0.0316029 0
0.738 0.616 0.0682375 0.0350022 0
0.74 0.616 0.0710088 0.0313473 0
0.742 0.64 0.0518865 0.0274449 0
0.744 0.64 0.051133 0.025066 0
0.746 0.642 0.0514853 0.0250193 0
0.748 0.644 0.0481135 0.0239429 0
0.75 0.646 0.0591336 0.0271305 0
0.752 0.646 0.0596662 0.0300473 0
0.754 0.652 0.0581179 0.0305584 0
0.756 0.654 0.0585841 0.0313967 0
0.758 0.66 0.0592297 0.0298312 0
0.76 0.662 0.0602891 0.0312689 0
0.762 0.664 0.0659942 0.0299956 0
0.764 0.666 0.053779 0.0313854 0
0.766 0.666 0.0655671 0.0306674 0
0.768 0.676 0.0608617 0.0288135 0
0.77 0.678 0.0692601 0.0308092 0
0.772 0.678 0.0689203 0.0322785 0
0.774 0.682 0.0647003 0.0329531 0
0.776 0.682 0.0608527 0.0339358 0
0.778 0.684 0.0329983 0.0173966 0
0.78 0.684 0.0353262 0.0171317 0
0.782 0.684 0.0366303 0.0176913 0
0.784 0.684 0.0585926 0.0193504 0
0.786 0.684 0.0621177 0.0196069 0
0.788 0.686 0.0609924 0.0240997 0
0.79 0.686 0.0488441 0.0220357 0
0.792 0.686 0.0488611 0.0203912 0
0.794 0.686 0.0483735 0.0216486 0
0.796 0.686 0.0500072 0.0207707 0
0.798 0.692 0.0519999 0.0221425 0
0.8 0.692 0.0561233 0.0218862 0
0.802 0.694 0.0556311 0.0233412 0
0.804 0.696 0.0603128 0.0218443 0
0.806 0.696 0.19806 0.0728759 0
0.808 0.698 0.239209 0.0568655 0
0.81 0.698 0.230101 0.0549323 0
0.812 0.702 0.25673 0.0502935 0
0.814 0.704 0.249408 0.0520441 0
0.816 0.704 0.253592 0.0498269 0
0.818 0.706 0.249393 0.0502309 0
0.82 0.718 0.260856 0.0526198 0
0.822 0.72 0.262152 0.0512438 0
0.824 0.72 0.265102 0.050695 0
0.826 0.722 0.259088 0.0511921 0
0.828 0.724 0.224101 0.0502169 0
0.83 0.724 0.154825 0.0352379 0
0.832 0.724 0.127586 0.0205064 0
0.834 0.726 0.133133 0.0239685 0
0.836 0.728 0.131111 0.021004 0
0.838 0.732 0.138588 0.0177039 0
0.84 0.732 0.205588 0.0331822 0
0.842 0.734 0.224732 0.0212714 0
0.844 0.734 0.232677 0.0179178 0
0.846 0.734 0.26692 0.019633 0
0.848 0.734 0.266963 0.0191521 0
0.85 0.734 0.266155 0.0213037 0
0.852 0.734 0.266291 0.0192901 0
0.854 0.734 0.265392 0.0208604 0
0.856 0.734 0.282373 0.0191185 0
0.858 0.736 0.280138 0.0182937 0
0.86 0.74 0.270415 0.0205136 0
0.862 0.742 0.280709 0.0179333 0
0.864 0.742 0.25927 0.0188722 0
0.866 0.742 0.260113 0.0197304 0
0.868 0.746 0.267292 0.019755 0
0.87 0.75 0.267786 0.0188244 0
0.872 0.75 0.271571 0.0201592 0
0.874 0.75 0.274924 0.0206578 0
0.876 0.75 0.308722 0.018747 0
0.878 0.75 0.313201 0.019712 0
0.88 0.75 0.313925 0.0217009 0
0.882 0.752 0.316766 0.017994 0
0.884 0.754 0.313739 0.021305 0
0.886 0.754 0.30197 0.0203766 0
0.888 0.754 0.304525 0.019345 0
0.89 0.754 0.302537 0.0208076 0
0.892 0.754 0.30838 0.0210265 0
0.894 0.754 0.307197 0.0185403 0
0.896 0.754 0.309811 0.0203553 0
0.898 0.754 0.332447 0.0192568 0