# Node_nr = 1000
# K <r> sigma_r(sig not of average! divide by sqrt(n))
0 0.0252506 0.0133798 
0.002 0.0305645 0.0141435 
0.004 0.0271104 0.0140431 
0.006 0.0291357 0.0139305 
0.008 0.0304443 0.0160842 
0.01 0.0315491 0.0156379 
0.012 0.0306089 0.0164492 
0.014 0.0340023 0.0182387 
0.016 0.0334497 0.0173241 
0.018 0.0332596 0.0153714 
0.02 0.0344104 0.0183752 
0.022 0.0371158 0.0179728 
0.024 0.036925 0.0212929 
0.026 0.0339894 0.0168992 
0.028 0.0413534 0.0203604 
0.03 0.0407254 0.0213713 
0.032 0.0409388 0.0197313 
0.034 0.0396093 0.019876 
0.036 0.0417456 0.0222269 
0.038 0.042268 0.0216341 
0.04 0.041308 0.0219105 
0.042 0.0441027 0.022639 
0.044 0.0447271 0.0249205 
0.046 0.0440504 0.0248214 
0.048 0.0453511 0.0218053 
0.05 0.0481231 0.0258716 
0.052 0.0541559 0.0262184 
0.054 0.0549315 0.0267812 
0.056 0.0536307 0.0283058 
0.058 0.0533142 0.027371 
0.06 0.0562312 0.0312456 
0.062 0.057832 0.0290274 
0.064 0.0564466 0.0280529 
0.066 0.0622694 0.0325423 
0.068 0.0605257 0.0286324 
0.07 0.0603308 0.0337318 
0.072 0.0631029 0.0304001 
0.074 0.0615829 0.028885 
0.076 0.0696222 0.0340908 
0.078 0.06355 0.0334764 
0.08 0.0754382 0.0370429 
0.082 0.0631185 0.0359135 
0.084 0.0774447 0.0343639 
0.086 0.0760045 0.0425404 
0.088 0.0786129 0.0412095 
0.09 0.0898395 0.0388281 
0.092 0.0875936 0.0445322 
0.094 0.0859645 0.0430246 
0.096 0.0979096 0.0474073 
0.098 0.103458 0.0586012 
0.1 0.105834 0.0524765 
0.102 0.111047 0.0553897 
0.104 0.18437 0.077697 
0.106 0.193533 0.0929845 
0.108 0.310173 0.0583374 
0.11 0.357578 0.0417325 
0.112 0.409685 0.0380693 
0.114 0.448243 0.033715 
0.116 0.482537 0.0287443 
0.118 0.518059 0.0230537 
0.12 0.542061 0.0215248 
0.122 0.577574 0.0139066 
0.124 0.597204 0.0166357 
0.126 0.614812 0.016497 
0.128 0.631512 0.0150192 
0.13 0.644276 0.0138739 
0.132 0.657351 0.0112961 
0.134 0.671776 0.0125369 
0.136 0.682902 0.0102945 
0.138 0.694104 0.0109311 
0.14 0.705993 0.0114851 
0.142 0.715029 0.00998997 
0.144 0.724074 0.0090459 
0.146 0.733069 0.00839085 
0.148 0.742895 0.00752046 
0.15 0.751375 0.00784556 
0.152 0.758307 0.0066727 
0.154 0.764656 0.00703767 
0.156 0.770496 0.00811174 
0.158 0.776779 0.00700206 
0.16 0.782146 0.00722682 
0.162 0.78789 0.0064539 
0.164 0.79375 0.00646968 
0.166 0.799461 0.00548402 
0.168 0.805468 0.00516727 
0.17 0.810672 0.00507086 
0.172 0.816085 0.00515869 
0.174 0.820871 0.00410893 
0.176 0.8259 0.00479907 
0.178 0.830579 0.00466207 
0.18 0.834618 0.00477207 
0.182 0.838424 0.00425671 
0.184 0.842112 0.00512188 
0.186 0.845541 0.00431466 
0.188 0.849062 0.00425596 
0.19 0.852115 0.00349785 
0.192 0.855092 0.00417664 
0.194 0.857868 0.00398295 
0.196 0.860624 0.00425239 
0.198 0.863157 0.00359474 
