# Node_nr = 300
# SCALE FREE GAMMA=2.21412 K_MIN=2 K_MAX=300 <k>=4.9 <k^2>=8.13 
# K <r> sigma_r(sig not of average! divide by sqrt(n))
0 0.0461591 0.0266345 
0.01 0.0402923 0.0215312 
0.02 0.046018 0.0229246 
0.03 0.0669501 0.0336808 
0.04 0.0650561 0.0305803 
0.05 0.056863 0.0248466 
0.06 0.0487361 0.0202663 
0.07 0.05693 0.0316542 
0.08 0.0744445 0.0462421 
0.09 0.070688 0.0250924 
0.1 0.0657016 0.0310377 
0.11 0.0678187 0.0229808 
0.12 0.0724119 0.0355428 
0.13 0.0808057 0.0468821 
0.14 0.0984036 0.0313378 
0.15 0.0785253 0.0302645 
0.16 0.103061 0.0571461 
0.17 0.10409 0.0449056 
0.18 0.0627952 0.0363256 
0.19 0.0672602 0.0389211 
0.2 0.122852 0.0483569 
0.21 0.102714 0.0355611 
0.22 0.108315 0.0438036 
0.23 0.155737 0.0544735 
0.24 0.126693 0.0392938 
0.25 0.1222 0.0510774 
0.26 0.119736 0.0430774 
0.27 0.132411 0.0637129 
0.28 0.124623 0.057334 
0.29 0.0969211 0.064109 
0.3 0.150627 0.0765384 
0.31 0.162367 0.0710333 
0.32 0.193511 0.0637989 
0.33 0.13607 0.071092 
0.34 0.153857 0.0718576 
0.35 0.196811 0.050555 
0.36 0.139988 0.0491685 
0.37 0.276862 0.104373 
0.38 0.198488 0.061565 
0.39 0.21883 0.0785993 
0.4 0.242345 0.0470671 
0.41 0.319292 0.0336191 
0.42 0.320889 0.0509508 
0.43 0.38867 0.0773763 
0.44 0.373828 0.0513802 
0.45 0.435819 0.0423216 
0.46 0.466019 0.0382221 
0.47 0.463358 0.0452678 
0.48 0.512806 0.0350284 
0.49 0.50981 0.0330703 
0.5 0.558912 0.0256867 
0.51 0.570503 0.0292939 
0.52 0.586009 0.0263377 
0.53 0.60047 0.0299871 
0.54 0.614363 0.0214609 
0.55 0.632027 0.0226812 
0.56 0.646925 0.0281557 
0.57 0.658922 0.0183116 
0.58 0.669017 0.01655 
0.59 0.670959 0.02545 
0.6 0.683621 0.0181895 
0.61 0.699357 0.0208437 
0.62 0.697061 0.024988 
0.63 0.70813 0.0134588 
0.64 0.709828 0.0221621 
0.65 0.713409 0.0221615 
0.66 0.724838 0.0177869 
0.67 0.726861 0.0238566 
0.68 0.731416 0.0192925 
0.69 0.736721 0.0143248 
0.7 0.736279 0.0144384 
0.71 0.740629 0.019677 
0.72 0.744214 0.0141741 
0.73 0.754549 0.0147875 
0.74 0.757187 0.0145978 
0.75 0.766248 0.0145739 
0.76 0.776337 0.0110979 
0.77 0.782482 0.013197 
0.78 0.786382 0.0128426 
0.79 0.793484 0.00955364 
0.8 0.800478 0.0106726 
0.81 0.80391 0.0110421 
0.82 0.808432 0.0131566 
0.83 0.811868 0.00794442 
0.84 0.816661 0.0125019 
0.85 0.821133 0.0118948 
0.86 0.825222 0.0122382 
0.87 0.829217 0.00949974 
0.88 0.833866 0.0101311 
0.89 0.837945 0.00979117 
0.9 0.840161 0.0105224 
0.91 0.843241 0.0117014 
0.92 0.846981 0.00820096 
0.93 0.849906 0.00784278 
0.94 0.853068 0.00909078 
0.95 0.855795 0.008192 
0.96 0.858863 0.00817765 
0.97 0.860559 0.00909649 
0.98 0.864495 0.00809559 
0.99 0.86628 0.00783537 
