# Relevant parameters to reproduce this network:
# node_nr=2000	 k_max=200
# initial_seed=10	 delta_t=0.01	 max_steps=5000	 in_between=10
# fg_m=1	 fg_alpha=10	 fg_t_min=0	 fg_t_max=4	 fg_t_number=8000	 fg_weff_lower_frequency=-1e+08	 fg_weff_max_steps=5000	 fg_weff_in_between=10
# K Giant_component <r> sigma_r*sqrt(NODE_NR) clustering
0 0.001 0.0197576 0.0115328 0
0.0005 0.001 0.0203288 0.0112349 0
0.001 0.001 0.0207636 0.0100155 0
0.0015 0.001 0.0183613 0.00978867 0
0.002 0.001 0.0193652 0.0107362 0
0.0025 0.001 0.0190828 0.00916418 0
0.003 0.001 0.0198077 0.00992627 0
0.0035 0.001 0.0192639 0.0105887 0
0.004 0.001 0.020207 0.00998189 0
0.0045 0.001 0.0179787 0.00913587 0
0.005 0.001 0.0186536 0.00919268 0
0.0055 0.001 0.0213441 0.0112071 0
0.006 0.001 0.0202868 0.0101264 0
0.0065 0.001 0.0202499 0.0110642 0
0.007 0.001 0.0201976 0.0104071 0
0.0075 0.001 0.0208751 0.0109158 0
0.008 0.001 0.0195786 0.00977858 0
0.0085 0.001 0.0219558 0.0102717 0
0.009 0.001 0.0202483 0.0115658 0
0.0095 0.001 0.019214 0.0092088 0
0.01 0.001 0.019831 0.0102124 0
0.0105 0.001 0.0209761 0.0115428 0
0.011 0.001 0.0213991 0.0116502 0
0.0115 0.001 0.02031 0.0106117 0
0.012 0.001 0.0210308 0.0109831 0
0.0125 0.001 0.0198778 0.00998327 0
0.013 0.001 0.0196531 0.0110639 0
0.0135 0.001 0.0201455 0.010719 0
0.014 0.001 0.0195561 0.00960896 0
0.0145 0.001 0.0204665 0.0100649 0
0.015 0.001 0.0198173 0.0100362 0
0.0155 0.001 0.019808 0.00981196 0
0.016 0.001 0.0214377 0.0111212 0
0.0165 0.001 0.0209259 0.0105825 0
0.017 0.001 0.0206901 0.010491 0
0.0175 0.001 0.0188906 0.0106599 0
0.018 0.001 0.0198357 0.0103942 0
0.0185 0.001 0.0208511 0.0108591 0
0.019 0.001 0.0218919 0.0104569 0
0.0195 0.001 0.020418 0.00986192 0
0.02 0.001 0.0231054 0.0124082 0
0.0205 0.001 0.021139 0.0115173 0
0.021 0.001 0.0190657 0.0100949 0
0.0215 0.001 0.0199885 0.00991995 0
0.022 0.001 0.0188542 0.00963797 0
0.0225 0.001 0.019272 0.0100835 0
0.023 0.001 0.0191184 0.0100673 0
0.0235 0.001 0.0198427 0.00968536 0
0.024 0.001 0.0199 0.0111397 0
0.0245 0.001 0.0205051 0.0106359 0
0.025 0.001 0.0203938 0.0106917 0
0.0255 0.001 0.0196862 0.0089664 0
0.026 0.001 0.021653 0.0108664 0
0.0265 0.001 0.0210936 0.0112775 0
0.027 0.001 0.0213748 0.00977786 0
0.0275 0.001 0.0200689 0.0100003 0
0.028 0.001 0.0188802 0.00930864 0
0.0285 0.001 0.0208615 0.0105942 0
0.029 0.001 0.0189966 0.0116919 0
0.0295 0.001 0.0213504 0.0121683 0
0.03 0.001 0.0184623 0.00924494 0
0.0305 0.001 0.0214045 0.0107222 0
0.031 0.001 0.0213618 0.0117553 0
0.0315 0.001 0.020191 0.0107853 0
0.032 0.001 0.0198009 0.00967105 0
0.0325 0.001 0.0199671 0.0107431 0
0.033 0.001 0.0187192 0.010237 0
0.0335 0.001 0.0211994 0.0107005 0
0.034 0.001 0.0212139 0.0108234 0
0.0345 0.001 0.0193358 0.010582 0
0.035 0.001 0.0200144 0.0108189 0
0.0355 0.001 0.021302 0.0103112 0
0.036 0.001 0.020335 0.0104276 0
0.0365 0.001 0.021432 0.0112049 0
0.037 0.001 0.0208603 0.0116294 0
0.0375 0.001 0.0189277 0.0093364 0
0.038 0.001 0.0183255 0.0102343 0
0.0385 0.001 0.0211306 0.0115444 0
0.039 0.001 0.0221615 0.0104118 0
0.0395 0.001 0.0210363 0.0112605 0
0.04 0.001 0.0201871 0.0103478 0
0.0405 0.001 0.021017 0.0101815 0
0.041 0.001 0.0212988 0.0116223 0
0.0415 0.001 0.0188636 0.0105092 0
0.042 0.001 0.0218998 0.0106112 0
0.0425 0.001 0.0219146 0.0102841 0
0.043 0.001 0.0216554 0.0116357 0
0.0435 0.001 0.0203933 0.0116881 0
0.044 0.001 0.021375 0.0107417 0
0.0445 0.001 0.0217196 0.0103475 0
0.045 0.001 0.0217012 0.0109242 0
0.0455 0.001 0.019803 0.0103122 0
0.046 0.001 0.0195223 0.0106355 0
0.0465 0.001 0.019391 0.00972321 0
0.047 0.001 0.0226071 0.0123689 0
0.0475 0.001 0.0198816 0.00990444 0
0.048 0.001 0.0213818 0.010811 0
0.0485 0.001 0.0193407 0.009559 0
0.049 0.001 0.0217586 0.0112501 0
0.0495 0.001 0.0201822 0.0103443 0
0.05 0.001 0.0206348 0.0108079 0
0.0505 0.001 0.0196202 0.0096742 0
0.051 0.001 0.0215592 0.0120819 0
0.0515 0.001 0.0200098 0.0104546 0
0.052 0.001 0.0208076 0.0104304 0
0.0525 0.001 0.021898 0.0109656 0
0.053 0.001 0.0194314 0.00986648 0
0.0535 0.001 0.0212654 0.0105517 0
0.054 0.001 0.0190421 0.0101731 0
0.0545 0.001 0.0231773 0.0135151 0
0.055 0.001 0.0193454 0.00979278 0
0.0555 0.001 0.0203559 0.0109685 0
0.056 0.001 0.0204482 0.0104604 0
0.0565 0.001 0.0197701 0.0103579 0
0.057 0.001 0.0232174 0.0114515 0
0.0575 0.001 0.0215903 0.0121692 0
0.058 0.001 0.0215993 0.011168 0
0.0585 0.001 0.0212144 0.0108873 0
0.059 0.001 0.0227365 0.0104504 0
0.0595 0.001 0.0217919 0.0108996 0
0.06 0.001 0.0234793 0.0124569 0
0.0605 0.001 0.0200415 0.0105024 0
0.061 0.001 0.0198336 0.0106886 0
0.0615 0.001 0.0228699 0.0116313 0
0.062 0.001 0.0209253 0.0112401 0
0.0625 0.001 0.0250421 0.0108906 0
0.063 0.001 0.0212653 0.0111135 0
0.0635 0.001 0.0208557 0.0111952 0
0.064 0.001 0.0170525 0.00885341 0
0.0645 0.001 0.0198615 0.0112237 0
0.065 0.001 0.0205976 0.011482 0
0.0655 0.001 0.0210237 0.011893 0
0.066 0.001 0.0198664 0.00948852 0
0.0665 0.001 0.0221857 0.0118177 0
0.067 0.001 0.0210172 0.0105205 0
0.0675 0.001 0.0189816 0.0107096 0
0.068 0.001 0.0196483 0.0108434 0
0.0685 0.001 0.0230783 0.0110091 0
0.069 0.001 0.0231541 0.0106886 0
0.0695 0.001 0.0203893 0.0113342 0
0.07 0.001 0.0207387 0.0101742 0
0.0705 0.001 0.0226172 0.0105196 0
0.071 0.001 0.0229973 0.0114335 0
0.0715 0.001 0.0184523 0.00894779 0
0.072 0.001 0.0217824 0.0121042 0
0.0725 0.001 0.0216498 0.0108586 0
0.073 0.001 0.0194988 0.00914805 0
0.0735 0.001 0.0197844 0.0111141 0
0.074 0.001 0.021527 0.0122653 0
0.0745 0.001 0.0218872 0.012618 0
0.075 0.001 0.0221201 0.0107732 0
0.0755 0.001 0.0213918 0.010146 0
0.076 0.001 0.0205865 0.0103567 0
0.0765 0.001 0.0215073 0.0102158 0
0.077 0.001 0.0219229 0.0112013 0
0.0775 0.001 0.0206935 0.0109832 0
0.078 0.001 0.0224522 0.012144 0
0.0785 0.001 0.0211052 0.0115192 0
0.079 0.001 0.0232414 0.0118743 0
0.0795 0.001 0.0214913 0.0118717 0
0.08 0.001 0.0186143 0.00892514 0
0.0805 0.001 0.0199835 0.0115707 0
0.081 0.001 0.0222019 0.0116287 0
0.0815 0.001 0.0212237 0.0102817 0
0.082 0.001 0.021174 0.0109434 0
0.0825 0.001 0.0227364 0.0108787 0
0.083 0.001 0.0223578 0.0107884 0
0.0835 0.001 0.0216125 0.0113685 0
0.084 0.001 0.0206437 0.0113289 0
0.0845 0.001 0.0195717 0.0104779 0
0.085 0.001 0.0217016 0.0121535 0
0.0855 0.001 0.018872 0.010467 0
0.086 0.001 0.0193188 0.00912196 0
0.0865 0.001 0.0225054 0.0108503 0
0.087 0.001 0.0227012 0.0124933 0
0.0875 0.001 0.0206208 0.0114792 0
0.088 0.001 0.0207077 0.0110619 0
0.0885 0.001 0.0224507 0.0118393 0
0.089 0.001 0.0206466 0.0113755 0
0.0895 0.001 0.0215293 0.0122325 0
0.09 0.001 0.0206458 0.0104374 0
0.0905 0.001 0.0233952 0.0131523 0
0.091 0.001 0.0200652 0.010153 0
0.0915 0.001 0.0215299 0.0112204 0
0.092 0.001 0.0204143 0.0108947 0
0.0925 0.001 0.0205222 0.0105585 0
0.093 0.001 0.0206691 0.010489 0
0.0935 0.001 0.0202987 0.0112277 0
0.094 0.001 0.0211183 0.0112421 0
0.0945 0.001 0.0238688 0.0135927 0
0.095 0.001 0.0244396 0.0128693 0
0.0955 0.001 0.0245493 0.0119235 0
0.096 0.001 0.0227884 0.011293 0
0.0965 0.001 0.0200205 0.0103294 0
0.097 0.001 0.0218974 0.0102127 0
0.0975 0.001 0.0229126 0.0109226 0
0.098 0.001 0.0211354 0.0111112 0
0.0985 0.001 0.0227878 0.0114622 0
0.099 0.001 0.0222324 0.0106372 0
0.0995 0.001 0.0217633 0.0113015 0
0.1 0.001 0.0203749 0.0112174 0
0.1005 0.001 0.0221402 0.0122492 0
0.101 0.001 0.0234202 0.0116367 0
0.1015 0.001 0.020847 0.0108233 0
0.102 0.001 0.0226031 0.0115828 0
0.1025 0.001 0.0230751 0.0108387 0
0.103 0.001 0.0230275 0.011658 0
0.1035 0.001 0.0224828 0.0123438 0
0.104 0.001 0.0209715 0.0106924 0
0.1045 0.001 0.0188015 0.0108295 0
0.105 0.001 0.0212685 0.00975155 0
0.1055 0.001 0.0221033 0.0111183 0
0.106 0.001 0.0204895 0.0119469 0
0.1065 0.001 0.0212039 0.0119153 0
0.107 0.001 0.0202603 0.00991678 0
0.1075 0.001 0.0202759 0.0108859 0
0.108 0.001 0.0189416 0.0108473 0
0.1085 0.001 0.0196932 0.0114331 0
0.109 0.001 0.0236985 0.0123747 0
0.1095 0.001 0.0214829 0.0118064 0
0.11 0.001 0.0224508 0.011279 0
0.1105 0.001 0.023002 0.0131432 0
0.111 0.001 0.022076 0.01091 0
0.1115 0.001 0.0233203 0.0119022 0
0.112 0.001 0.0220151 0.012058 0
0.1125 0.001 0.0235193 0.0127906 0
0.113 0.001 0.0228481 0.0140871 0
0.1135 0.001 0.0251099 0.0131737 0
0.114 0.001 0.0217683 0.0122431 0
0.1145 0.001 0.0219553 0.0109603 0
0.115 0.001 0.0216274 0.0109948 0
0.1155 0.001 0.0199456 0.0106309 0
0.116 0.001 0.0218351 0.0116234 0
0.1165 0.001 0.0207789 0.0107027 0
0.117 0.001 0.0223071 0.0122024 0
0.1175 0.001 0.0197835 0.00945675 0
0.118 0.001 0.0217639 0.0110348 0
0.1185 0.001 0.0236008 0.0112132 0
0.119 0.001 0.0216281 0.0103936 0
0.1195 0.001 0.0254819 0.0144502 0
0.12 0.001 0.0230245 0.0114318 0
0.1205 0.001 0.0239045 0.0129711 0
0.121 0.001 0.0229677 0.0113353 0
0.1215 0.001 0.0218367 0.0121808 0
0.122 0.001 0.02215 0.0108823 0
0.1225 0.001 0.0235435 0.0119526 0
0.123 0.001 0.0231989 0.0104944 0
0.1235 0.001 0.0212878 0.0118772 0
0.124 0.001 0.0226685 0.0114086 0
0.1245 0.001 0.0226223 0.00986114 0
0.125 0.001 0.0227534 0.01257 0
0.1255 0.001 0.0209167 0.0106729 0
0.126 0.001 0.018972 0.0105403 0
0.1265 0.001 0.0238779 0.0119189 0
0.127 0.001 0.0236807 0.0110099 0
0.1275 0.001 0.0235908 0.0108197 0
0.128 0.001 0.0210455 0.0116818 0
0.1285 0.001 0.0242836 0.0121438 0
0.129 0.001 0.0198098 0.00995403 0
0.1295 0.001 0.0204822 0.0111138 0
0.13 0.001 0.0203673 0.0109418 0
0.1305 0.001 0.0209249 0.0111786 0
0.131 0.001 0.0222206 0.0117472 0
0.1315 0.001 0.0228056 0.0123131 0
0.132 0.001 0.0201513 0.00961725 0
0.1325 0.001 0.0225412 0.0114784 0
0.133 0.001 0.0220473 0.0106472 0
0.1335 0.0015 0.0221557 0.0121603 0
0.134 0.0015 0.0234509 0.0111642 0
0.1345 0.0015 0.0245989 0.0118121 0
0.135 0.0015 0.0211347 0.0110089 0
0.1355 0.0015 0.0254712 0.0111905 0
0.136 0.0015 0.0216088 0.012298 0
0.1365 0.0015 0.0212907 0.0118596 0
0.137 0.0015 0.0235233 0.011943 0
0.1375 0.0015 0.0201261 0.0121518 0
0.138 0.0015 0.0202227 0.010881 0
0.1385 0.0015 0.0199936 0.0110455 0
0.139 0.0015 0.0235268 0.0116335 0
0.1395 0.0015 0.0233756 0.0115223 0
0.14 0.0015 0.0256983 0.0143161 0
0.1405 0.0015 0.0223142 0.0116552 0
0.141 0.0015 0.0231133 0.0121193 0
0.1415 0.0015 0.0227466 0.0118177 0
0.142 0.0015 0.0213621 0.0116966 0
0.1425 0.0015 0.0242818 0.0117524 0
0.143 0.0015 0.0187098 0.00946015 0
0.1435 0.0015 0.0236457 0.0124559 0
0.144 0.0015 0.0227722 0.011634 0
0.1445 0.0015 0.0214481 0.0111701 0
0.145 0.0015 0.0200048 0.0106014 0
0.1455 0.0015 0.0207871 0.0105852 0
0.146 0.0015 0.0223423 0.0121236 0
0.1465 0.0015 0.0213513 0.0109632 0
0.147 0.0015 0.0227224 0.0118055 0
0.1475 0.0015 0.0225031 0.0107918 0
0.148 0.0015 0.0217756 0.012269 0
0.1485 0.0015 0.0230903 0.0111057 0
0.149 0.0015 0.0232173 0.0126592 0
0.1495 0.0015 0.0219996 0.0127673 0
0.15 0.0015 0.0235283 0.0116265 0
0.1505 0.0015 0.0245705 0.0137903 0
0.151 0.0015 0.023936 0.0122837 0
0.1515 0.0015 0.0223541 0.0111759 0
0.152 0.0015 0.0237137 0.0129329 0
0.1525 0.0015 0.0239089 0.0115589 0
0.153 0.0015 0.0224205 0.0116412 0
0.1535 0.0015 0.0236849 0.0114199 0
0.154 0.0015 0.0236673 0.0128618 0
0.1545 0.0015 0.0212657 0.0105427 0
0.155 0.0015 0.0190561 0.0102264 0
0.1555 0.0015 0.0198444 0.00970112 0
0.156 0.0015 0.0204734 0.0105894 0
0.1565 0.0015 0.0208106 0.0124695 0
0.157 0.0015 0.0226457 0.0110437 0
0.1575 0.0015 0.0261906 0.0133367 0
0.158 0.0015 0.0258366 0.0147925 0
0.1585 0.0015 0.0221138 0.011949 0
0.159 0.0015 0.0243882 0.0130101 0
0.1595 0.0015 0.0240875 0.0130898 0
0.16 0.0015 0.0203206 0.00986862 0
0.1605 0.0015 0.0240871 0.0123693 0
0.161 0.0015 0.0238039 0.0109962 0
0.1615 0.0015 0.022802 0.0133351 0
0.162 0.0015 0.0272404 0.0122877 0
0.1625 0.0015 0.0253973 0.0138 0
0.163 0.0015 0.0205956 0.00992711 0
0.1635 0.0015 0.0215453 0.0112068 0
0.164 0.0015 0.0226437 0.0131237 0
0.1645 0.0015 0.024513 0.0106378 0
0.165 0.0015 0.0232283 0.0114607 0
0.1655 0.0015 0.0243124 0.0101641 0
0.166 0.0015 0.0211445 0.0115325 0
0.1665 0.0015 0.0223513 0.011915 0
0.167 0.0015 0.0190971 0.0085806 0
0.1675 0.0015 0.023056 0.0112297 0
0.168 0.0015 0.0221945 0.0114385 0
0.1685 0.0015 0.0212087 0.0107771 0
0.169 0.0015 0.0223625 0.0123911 0
0.1695 0.0015 0.023625 0.0120857 0
0.17 0.0015 0.0208327 0.010918 0
0.1705 0.0015 0.025527 0.0146972 0
0.171 0.0015 0.0232229 0.0107379 0
0.1715 0.0015 0.023742 0.0119755 0
0.172 0.0015 0.0200353 0.0102134 0
0.1725 0.0015 0.0233114 0.0107415 0
0.173 0.0015 0.0207866 0.010371 0
0.1735 0.0015 0.0240903 0.0124485 0
0.174 0.0015 0.0250145 0.0123026 0
0.1745 0.0015 0.0199875 0.00934076 0
0.175 0.0015 0.0256678 0.0144183 0
0.1755 0.0015 0.0228903 0.0121289 0
0.176 0.0015 0.0222254 0.0128507 0
0.1765 0.0015 0.0214003 0.0104342 0
0.177 0.0015 0.0250251 0.0138947 0
0.1775 0.0015 0.023008 0.0107959 0
0.178 0.0015 0.0224192 0.011146 0
0.1785 0.0015 0.0228062 0.0114623 0
0.179 0.0015 0.0216981 0.0113644 0
0.1795 0.0015 0.0228685 0.0132554 0
0.18 0.0015 0.0277145 0.0131178 0
0.1805 0.0015 0.0259422 0.0132558 0
0.181 0.0015 0.0212699 0.0124775 0
0.1815 0.0015 0.0216982 0.0122523 0
0.182 0.0015 0.0206106 0.00979777 0
0.1825 0.0015 0.0211452 0.00976721 0
0.183 0.0015 0.0243978 0.0136765 0
0.1835 0.0015 0.0231106 0.0126309 0
0.184 0.0015 0.0280077 0.0148065 0
0.1845 0.0015 0.0210176 0.0110859 0
0.185 0.0015 0.0212043 0.0116846 0
0.1855 0.0015 0.0230505 0.0114479 0
0.186 0.0015 0.0234875 0.0111056 0
0.1865 0.0015 0.0242442 0.0114896 0
0.187 0.0015 0.0253231 0.0117207 0
0.1875 0.0015 0.0219916 0.0113068 0
0.188 0.0015 0.0213081 0.011447 0
0.1885 0.0015 0.0272537 0.0127695 0
0.189 0.0015 0.0239323 0.0122818 0
0.1895 0.0015 0.0242774 0.0143189 0
0.19 0.0015 0.0210527 0.0107202 0
0.1905 0.0015 0.0209967 0.00988975 0
0.191 0.0015 0.0252009 0.0118683 0
0.1915 0.0015 0.0202885 0.00865565 0
0.192 0.0015 0.021492 0.0107644 0
0.1925 0.0015 0.0264261 0.0130116 0
0.193 0.0015 0.0221903 0.0103477 0
0.1935 0.0015 0.0212749 0.0119645 0
0.194 0.0015 0.024824 0.0137661 0
0.1945 0.0015 0.0245937 0.013729 0
0.195 0.0015 0.0212585 0.0106494 0
0.1955 0.0015 0.0260486 0.0130071 0
0.196 0.0015 0.0221349 0.0115913 0
0.1965 0.0015 0.0227166 0.0119627 0
0.197 0.0015 0.023526 0.0128439 0
0.1975 0.0015 0.0228672 0.0119948 0
0.198 0.0015 0.0282677 0.0129374 0
0.1985 0.0015 0.0265935 0.013188 0
0.199 0.0015 0.0228122 0.012314 0
0.1995 0.0015 0.0201664 0.0115651 0
0.2 0.0015 0.0241596 0.0119146 0
0.2005 0.0015 0.0234814 0.0136378 0
0.201 0.0015 0.0215749 0.0105974 0
0.2015 0.0015 0.0242072 0.0128016 0
0.202 0.0015 0.0255865 0.0132709 0
0.2025 0.0015 0.0254385 0.0115515 0
0.203 0.0015 0.0226231 0.0101711 0
0.2035 0.0015 0.0248714 0.0120019 0
0.204 0.0015 0.0241329 0.0115797 0
0.2045 0.0015 0.0241239 0.0113222 0
0.205 0.0015 0.0217675 0.0106521 0
0.2055 0.0015 0.022939 0.0122392 0
0.206 0.0015 0.0248952 0.0112998 0
0.2065 0.0015 0.0239204 0.0127211 0
0.207 0.0015 0.0228057 0.0101129 0
0.2075 0.0015 0.0236974 0.0122032 0
0.208 0.0015 0.0186368 0.0108467 0
0.2085 0.0015 0.0237629 0.0125334 0
0.209 0.0015 0.0233288 0.0128409 0
0.2095 0.0015 0.0259341 0.0147617 0
0.21 0.0015 0.0235425 0.0115337 0
0.2105 0.0015 0.0217991 0.0118543 0
0.211 0.0015 0.0249679 0.0126144 0
0.2115 0.0015 0.0209646 0.0128112 0
0.212 0.0015 0.0232141 0.0112787 0
0.2125 0.0015 0.0240341 0.0122179 0
0.213 0.0015 0.0232731 0.0133047 0
0.2135 0.0015 0.0217023 0.0121752 0
0.214 0.0015 0.0250284 0.0129174 0
0.2145 0.0015 0.0203361 0.0104969 0
0.215 0.0015 0.0203522 0.0115115 0
0.2155 0.0015 0.0277943 0.0129092 0
0.216 0.0015 0.0252981 0.01457 0
0.2165 0.0015 0.0194622 0.0100384 0
0.217 0.0015 0.0268662 0.0144575 0
0.2175 0.0015 0.0268895 0.011325 0
0.218 0.0015 0.0201763 0.0104608 0
0.2185 0.0015 0.0270835 0.0119991 0
0.219 0.0015 0.0239751 0.0150045 0
0.2195 0.0015 0.0199967 0.00986674 0
0.22 0.0015 0.0247946 0.0123661 0
0.2205 0.0015 0.026518 0.0140506 0
0.221 0.0015 0.0259282 0.0132831 0
0.2215 0.0015 0.0251144 0.012822 0
0.222 0.0015 0.0214502 0.0105627 0
0.2225 0.0015 0.0246331 0.0114407 0
0.223 0.0015 0.0231303 0.0115051 0
0.2235 0.0015 0.030054 0.0173364 0
0.224 0.0015 0.025662 0.0144503 0
0.2245 0.0015 0.0233061 0.0128262 0
0.225 0.0015 0.0231879 0.0139806 0
0.2255 0.0015 0.0218091 0.0108331 0
0.226 0.0015 0.0246962 0.0128465 0
0.2265 0.0015 0.0228466 0.0116237 0
0.227 0.0015 0.0264893 0.0142769 0
0.2275 0.0015 0.0226487 0.0112781 0
0.228 0.0015 0.0204513 0.011522 0
0.2285 0.0015 0.0205153 0.0104835 0
0.229 0.0015 0.023756 0.0137672 0
0.2295 0.0015 0.0214537 0.0115627 0
0.23 0.0015 0.0237445 0.0119153 0
0.2305 0.0015 0.0241315 0.0108277 0
0.231 0.0015 0.0237318 0.0130425 0
0.2315 0.0015 0.0276846 0.016003 0
0.232 0.0015 0.0228518 0.0114591 0
0.2325 0.0015 0.0237277 0.0128502 0
0.233 0.0015 0.0227428 0.0113554 0
0.2335 0.0015 0.0264326 0.0128476 0
0.234 0.0015 0.0209698 0.0101951 0
0.2345 0.0015 0.0233249 0.0130965 0
0.235 0.0015 0.0232676 0.0103154 0
0.2355 0.0015 0.0248103 0.0107242 0
0.236 0.0015 0.0241012 0.0112771 0
0.2365 0.0015 0.0242767 0.0124842 0
0.237 0.0015 0.0252435 0.0120755 0
0.2375 0.0015 0.0258825 0.012758 0
0.238 0.0015 0.0228149 0.013187 0
0.2385 0.0015 0.028536 0.0135756 0
0.239 0.0015 0.0226746 0.0105922 0
0.2395 0.0015 0.0257384 0.0121683 0
0.24 0.0015 0.0226818 0.0126245 0
0.2405 0.0015 0.0238204 0.0111407 0
0.241 0.0015 0.0244701 0.0110196 0
0.2415 0.0015 0.024792 0.0127784 0
0.242 0.0015 0.0188698 0.0105721 0
0.2425 0.0015 0.0181172 0.00976827 0
0.243 0.0015 0.0282592 0.0158863 0
0.2435 0.0015 0.0250786 0.00979978 0
0.244 0.0015 0.0238805 0.0127294 0
0.2445 0.0015 0.0225654 0.0111336 0
0.245 0.0015 0.0251387 0.0128784 0
0.2455 0.0015 0.023716 0.0118751 0
0.246 0.0015 0.0247392 0.0127487 0
0.2465 0.0015 0.0236587 0.0119881 0
0.247 0.0015 0.0215229 0.0121967 0
0.2475 0.0015 0.0223027 0.0110428 0
0.248 0.0015 0.0268243 0.0133634 0
0.2485 0.0015 0.0228299 0.0113191 0
0.249 0.0015 0.0237496 0.0118019 0
0.2495 0.0015 0.0227436 0.0109713 0
0.25 0.0015 0.0224942 0.012981 0
0.2505 0.0015 0.0283832 0.0132713 0
0.251 0.0015 0.0227424 0.013434 0
0.2515 0.0015 0.0228759 0.0138099 0
0.252 0.0015 0.0227984 0.0113858 0
0.2525 0.0015 0.0217208 0.0115224 0
0.253 0.0015 0.022505 0.0133698 0
0.2535 0.0015 0.0228705 0.00982805 0
0.254 0.0015 0.0214098 0.0119176 0
0.2545 0.0015 0.0230592 0.0119545 0
0.255 0.0015 0.0264337 0.0121563 0
0.2555 0.0015 0.02689 0.0112692 0
0.256 0.0015 0.0206125 0.0137225 0
0.2565 0.0015 0.0233849 0.0126254 0
0.257 0.0015 0.0217151 0.0126386 0
0.2575 0.0015 0.022739 0.0131378 0
0.258 0.0015 0.0227816 0.0134461 0
0.2585 0.0015 0.0253932 0.0136847 0
0.259 0.0015 0.0276001 0.0128319 0
0.2595 0.0015 0.0253529 0.0134648 0
0.26 0.0015 0.0218236 0.0112251 0
0.2605 0.0015 0.0236337 0.0124048 0
0.261 0.0015 0.0230113 0.0117231 0
0.2615 0.0015 0.024968 0.0124394 0
0.262 0.0015 0.0264188 0.0113503 0
0.2625 0.0015 0.0269091 0.0138594 0
0.263 0.0015 0.0282223 0.0140535 0
0.2635 0.0015 0.0236543 0.0115699 0
0.264 0.0015 0.0241775 0.0134289 0
0.2645 0.0015 0.0292333 0.0135147 0
0.265 0.002 0.0243218 0.013799 0
0.2655 0.002 0.0202274 0.00976109 0
0.266 0.002 0.0261353 0.0135322 0
0.2665 0.002 0.0236853 0.0115616 0
0.267 0.002 0.0241265 0.0123269 0
0.2675 0.002 0.0257246 0.0135708 0
0.268 0.002 0.0289222 0.0158044 0
0.2685 0.002 0.0262542 0.0154069 0
0.269 0.002 0.0268195 0.0119441 0
0.2695 0.002 0.0271017 0.0151243 0
0.27 0.002 0.0288633 0.0155387 0
0.2705 0.002 0.0235049 0.0130845 0
0.271 0.002 0.0223996 0.012972 0
0.2715 0.002 0.0243932 0.0138791 0
0.272 0.002 0.0271497 0.013472 0
0.2725 0.002 0.0265816 0.0154323 0
0.273 0.002 0.0238275 0.0123419 0
0.2735 0.002 0.0229331 0.0124187 0
0.274 0.002 0.0288021 0.0118941 0
0.2745 0.002 0.0230832 0.0135612 0
0.275 0.002 0.02449 0.0121794 0
0.2755 0.002 0.024341 0.0131046 0
0.276 0.002 0.0231702 0.0121704 0
0.2765 0.002 0.0282447 0.0136857 0
0.277 0.002 0.0264384 0.0118805 0
0.2775 0.002 0.0267753 0.0149189 0
0.278 0.002 0.0200147 0.0105414 0
0.2785 0.002 0.0229606 0.0112125 0
0.279 0.002 0.0252122 0.0133917 0
0.2795 0.002 0.0253057 0.0123193 0
0.28 0.002 0.0249846 0.0116843 0
0.2805 0.002 0.0259719 0.0153778 0
0.281 0.002 0.0253965 0.0149238 0
0.2815 0.002 0.0252183 0.0118124 0
0.282 0.002 0.0239514 0.0126376 0
0.2825 0.002 0.0272369 0.0135918 0
0.283 0.002 0.0306786 0.0159247 0
0.2835 0.002 0.0231667 0.0127322 0
0.284 0.002 0.0244851 0.0120985 0
0.2845 0.002 0.027156 0.0103652 0
0.285 0.002 0.0262302 0.0122049 0
0.2855 0.002 0.0255813 0.0137875 0
0.286 0.002 0.0288148 0.0131139 0
0.2865 0.002 0.0231806 0.0106876 0
0.287 0.002 0.0232683 0.0116522 0
0.2875 0.002 0.0266913 0.0143636 0
0.288 0.002 0.0249916 0.0153364 0
0.2885 0.002 0.0289566 0.0148294 0
0.289 0.002 0.0282595 0.0139789 0
0.2895 0.002 0.026125 0.011882 0
0.29 0.002 0.0261679 0.0159763 0
0.2905 0.002 0.0235119 0.013204 0
0.291 0.002 0.027926 0.0145626 0
0.2915 0.002 0.0283694 0.0133018 0
0.292 0.002 0.0242619 0.0118576 0
0.2925 0.002 0.0273662 0.0151186 0
0.293 0.002 0.0244814 0.015171 0
0.2935 0.002 0.0235671 0.011576 0
0.294 0.002 0.0283076 0.0141312 0
0.2945 0.002 0.022285 0.012354 0
0.295 0.002 0.0240658 0.0135337 0
0.2955 0.002 0.0291245 0.0145677 0
0.296 0.002 0.0262685 0.0122675 0
0.2965 0.002 0.0271372 0.0165066 0
0.297 0.002 0.0256921 0.0126161 0
0.2975 0.002 0.0273752 0.0133491 0
0.298 0.002 0.0311035 0.016566 0
0.2985 0.002 0.0244931 0.0136101 0
0.299 0.002 0.025822 0.0112151 0
0.2995 0.002 0.0246417 0.0109346 0
0.3 0.002 0.0207407 0.0111987 0
0.3005 0.002 0.0233198 0.0128498 0
0.301 0.002 0.0292826 0.0144834 0
0.3015 0.002 0.0252953 0.0136447 0
0.302 0.002 0.0268989 0.0114285 0
0.3025 0.002 0.0246407 0.0121091 0
0.303 0.002 0.0249753 0.0131165 0
0.3035 0.002 0.0247637 0.0136065 0
0.304 0.002 0.026595 0.0123082 0
0.3045 0.002 0.0261396 0.0141074 0
0.305 0.002 0.0255944 0.0129162 0
0.3055 0.002 0.0237577 0.0121376 0
0.306 0.002 0.0245013 0.0121113 0
0.3065 0.002 0.0218495 0.00957109 0
0.307 0.002 0.0253633 0.0138801 0
0.3075 0.002 0.023447 0.0131895 0
0.308 0.002 0.0204859 0.0124877 0
0.3085 0.002 0.0215112 0.0101793 0
0.309 0.002 0.0235133 0.0113258 0
0.3095 0.002 0.0249556 0.0140044 0
0.31 0.002 0.0275473 0.00986177 0
0.3105 0.002 0.02706 0.0142636 0
0.311 0.002 0.0229807 0.0116029 0
0.3115 0.002 0.024029 0.0118442 0
0.312 0.002 0.0263767 0.0132905 0
0.3125 0.002 0.0266969 0.0142332 0
0.313 0.002 0.0296432 0.011829 0
0.3135 0.002 0.0294435 0.0133301 0
0.314 0.002 0.0244441 0.0134105 0
0.3145 0.002 0.027591 0.0154233 0
0.315 0.002 0.0202369 0.0120867 0
0.3155 0.002 0.0233157 0.0142105 0
0.316 0.002 0.0220462 0.0110463 0
0.3165 0.002 0.0212705 0.0103067 0
0.317 0.002 0.0279427 0.0140626 0
0.3175 0.002 0.0282112 0.0141034 0
0.318 0.002 0.0287575 0.0147817 0
0.3185 0.002 0.0240905 0.0110087 0
0.319 0.002 0.0265187 0.0106347 0
0.3195 0.002 0.0273329 0.0119323 0
0.32 0.002 0.0245994 0.0126053 0
0.3205 0.002 0.0229271 0.0105441 0
0.321 0.002 0.0268537 0.0129449 0
0.3215 0.002 0.0282382 0.0152596 0
0.322 0.002 0.0265212 0.0147173 0
0.3225 0.002 0.0256484 0.0139527 0
0.323 0.002 0.0291117 0.0131243 0
0.3235 0.002 0.0274795 0.0114503 0
0.324 0.002 0.0271087 0.0127056 0
0.3245 0.002 0.0278837 0.0147375 0
0.325 0.002 0.029282 0.0156905 0
0.3255 0.002 0.0228674 0.0123675 0
0.326 0.002 0.027386 0.0135339 0
0.3265 0.002 0.0349195 0.0155488 0
0.327 0.002 0.0219121 0.0109722 0
0.3275 0.002 0.0228707 0.0106849 0
0.328 0.002 0.024968 0.0113577 0
0.3285 0.002 0.0284564 0.0128554 0
0.329 0.002 0.0238113 0.0126573 0
0.3295 0.002 0.027156 0.0112239 0
0.33 0.002 0.023082 0.0127674 0
0.3305 0.002 0.0264629 0.0143961 0
0.331 0.002 0.0292256 0.0145935 0
0.3315 0.002 0.0247072 0.0122488 0
0.332 0.002 0.0263185 0.0140202 0
0.3325 0.002 0.0266335 0.0141232 0
0.333 0.002 0.0244887 0.012013 0
0.3335 0.002 0.0226155 0.0126853 0
0.334 0.002 0.0232056 0.0123726 0
0.3345 0.002 0.0304115 0.0146838 0
0.335 0.002 0.0249584 0.0119075 0
0.3355 0.002 0.0193911 0.0114012 0
0.336 0.002 0.0310219 0.0148193 0
0.3365 0.002 0.0239617 0.0124895 0
0.337 0.002 0.0247843 0.0147982 0
0.3375 0.002 0.0247854 0.0118775 0
0.338 0.002 0.0243215 0.011043 0
0.3385 0.002 0.0266823 0.013808 0
0.339 0.002 0.0264066 0.0133854 0
0.3395 0.002 0.027599 0.0164425 0
0.34 0.002 0.0247096 0.0161876 0
0.3405 0.002 0.0286552 0.0169168 0
0.341 0.002 0.0274007 0.0165008 0
0.3415 0.002 0.0268147 0.0136626 0
0.342 0.002 0.0272411 0.0168847 0
0.3425 0.002 0.0264044 0.0130893 0
0.343 0.002 0.0274569 0.0135212 0
0.3435 0.002 0.0338885 0.0148507 0
0.344 0.002 0.0254251 0.0139134 0
0.3445 0.002 0.02434 0.0119643 0
0.345 0.002 0.0265688 0.0133014 0
0.3455 0.002 0.0258811 0.0128688 0
0.346 0.002 0.0238982 0.0119539 0
0.3465 0.002 0.0270445 0.013596 0
0.347 0.002 0.0242716 0.0114269 0
0.3475 0.002 0.0233645 0.0113337 0
0.348 0.002 0.0225314 0.0135866 0
0.3485 0.002 0.0241773 0.0118705 0
0.349 0.002 0.0244988 0.01