0 0.02 2.17185e-019
0.02 0.04 8.68738e-019
0.04 0.04 8.68738e-019
0.06 0.04 8.68738e-019
0.08 0.042 3.6e-005
0.1 0.044 6.4e-005
0.12 0.044 6.4e-005
0.14 0.044 6.4e-005
0.16 0.048 9.6e-005
0.18 0.048 9.6e-005
0.2 0.054 8.4e-005
0.22 0.058 0.000116
0.24 0.06 8e-005
0.26 0.06 8e-005
0.28 0.064 6.4e-005
0.3 0.072 0.000176
0.32 0.074 0.000164
0.34 0.08 0.00024
0.36 0.082 0.000276
0.38 0.084 0.000224
0.4 0.084 0.000224
0.42 0.1 0.00064
0.44 0.106 0.000644
0.46 0.114 0.000724
0.48 0.124 0.000624
0.5 0.124 0.000624
0.52 0.128 0.001056
0.54 0.132 0.000816
0.56 0.15 0.00218
0.58 0.158 0.002276
0.6 0.172 0.003296
0.62 0.19 0.00362
0.64 0.194 0.004164
0.66 0.206 0.003524
0.68 0.21 0.00386
0.7 0.226 0.004484
0.72 0.242 0.003556
0.74 0.27 0.00474
0.76 0.294 0.003524
0.78 0.32 0.0068
0.8 0.334 0.006004
0.82 0.376 0.004464
0.84 0.422 0.007236
0.86 0.49 0.00746
0.88 0.51 0.00578
0.9 0.53 0.00538
0.92 0.544 0.006304
0.94 0.568 0.004976
0.96 0.6 0.00672
0.98 1 0
