# Node_nr = 300
# SCALE FREE p=0.02 K_MIN=2 K_MAX=300 <k>=6.28667 <k^2>=5.17116 
# K <r> sigma_r(sig not of average! divide by sqrt(n))
0 0.0560889 0.0244902 
0.01 0.0563453 0.0322659 
0.02 0.0498083 0.0258613 
0.03 0.0403108 0.0193755 
0.04 0.0513681 0.0261287 
0.05 0.046316 0.0211756 
0.06 0.07059 0.0350939 
0.07 0.0538649 0.0268024 
0.08 0.077669 0.0385378 
0.09 0.0802503 0.0373442 
0.1 0.0765297 0.0442598 
0.11 0.0850743 0.0417535 
0.12 0.0750579 0.0334273 
0.13 0.066271 0.0312403 
0.14 0.0902356 0.0395059 
0.15 0.0689989 0.0419754 
0.16 0.083381 0.0350409 
0.17 0.0773193 0.0395393 
0.18 0.0808812 0.0388081 
0.19 0.0862863 0.0480118 
0.2 0.0670018 0.0360848 
0.21 0.130693 0.0596925 
0.22 0.114771 0.0485387 
0.23 0.152178 0.0724655 
0.24 0.129911 0.0639469 
0.25 0.160918 0.0703555 
0.26 0.138949 0.0565919 
0.27 0.144234 0.0661864 
0.28 0.197177 0.0570465 
0.29 0.109066 0.0456094 
0.3 0.185011 0.087049 
0.31 0.211103 0.0969324 
0.32 0.208741 0.128576 
0.33 0.233972 0.0825323 
0.34 0.375319 0.0762408 
0.35 0.40173 0.0480522 
0.36 0.463333 0.0488886 
0.37 0.44426 0.0427088 
0.38 0.539017 0.0531735 
0.39 0.542957 0.0592235 
0.4 0.608502 0.0358946 
0.41 0.625733 0.0329736 
0.42 0.637384 0.0164599 
0.43 0.663814 0.0172021 
0.44 0.722435 0.0215041 
0.45 0.753476 0.0182699 
0.46 0.770597 0.0154211 
0.47 0.78723 0.00927554 
0.48 0.805141 0.00749049 
0.49 0.815529 0.0102571 
0.5 0.824614 0.00895464 
0.51 0.83207 0.00570634 
0.52 0.838924 0.00723415 
0.53 0.843937 0.00765885 
0.54 0.849478 0.00810699 
0.55 0.856383 0.0066806 
0.56 0.862352 0.00724778 
0.57 0.867535 0.00776857 
0.58 0.871585 0.00785515 
0.59 0.876225 0.00783184 
0.6 0.88003 0.00760668 
0.61 0.883482 0.00633776 
0.62 0.888535 0.00551303 
0.63 0.891014 0.00659817 
0.64 0.895182 0.00565545 
0.65 0.898285 0.00466568 
0.66 0.901795 0.00536976 
0.67 0.904286 0.0046843 
0.68 0.906491 0.00546962 
0.69 0.908697 0.00658702 
0.7 0.911736 0.00641989 
0.71 0.91373 0.00464931 
0.72 0.916282 0.00388394 
0.73 0.918293 0.00662474 
0.74 0.920559 0.00448933 
0.75 0.922767 0.00608382 
0.76 0.924414 0.00472853 
0.77 0.926135 0.00361881 
0.78 0.927661 0.00513683 
0.79 0.929065 0.00478895 
0.8 0.930535 0.00395456 
0.81 0.932228 0.00539627 
0.82 0.93356 0.00432302 
0.83 0.934585 0.00349258 
0.84 0.936065 0.00516989 
0.85 0.937454 0.00546538 
0.86 0.938636 0.00302469 
0.87 0.940446 0.00503877 
0.88 0.941017 0.00522672 
0.89 0.942408 0.00368654 
0.9 0.94363 0.00407691 
0.91 0.944591 0.00590414 
0.92 0.945834 0.00344451 
0.93 0.946562 0.00446925 
0.94 0.947592 0.00442187 
0.95 0.948665 0.00422892 
0.96 0.949094 0.00355077 
0.97 0.950169 0.00429809 
0.98 0.950551 0.00459803 
0.99 0.951528 0.00316016 
