0 0.0722385 -2.35344e-185
1 0.0731877 -2.35344e-185
2 0.0741291 -2.35344e-185
3 0.075062 -2.35344e-185
4 0.0759857 -2.35344e-185
5 0.0768997 -2.35344e-185
6 0.0778033 -2.35344e-185
7 0.0786959 -2.35344e-185
8 0.079577 -2.35344e-185
9 0.0804459 -2.35344e-185
10 0.0813021 -2.35344e-185
11 0.0821451 -2.35344e-185
12 0.0829744 -2.35344e-185
13 0.0837896 -2.35344e-185
14 0.0845901 -2.35344e-185
15 0.0853755 -2.35344e-185
16 0.0861455 -2.35344e-185
17 0.0868997 -2.35344e-185
18 0.0876376 -2.35344e-185
19 0.0883591 -2.35344e-185
20 0.0890637 -2.35344e-185
21 0.0897513 -2.35344e-185
22 0.0904215 -2.35344e-185
23 0.0910742 -2.35344e-185
24 0.0917092 -2.35344e-185
25 0.0923262 -2.35344e-185
26 0.0929252 -2.35344e-185
27 0.093506 -2.35344e-185
28 0.0940684 -2.35344e-185
29 0.0946125 -2.35344e-185
30 0.0951381 -2.35344e-185
31 0.0956452 -2.35344e-185
32 0.0961337 -2.35344e-185
33 0.0966036 -2.35344e-185
34 0.0970549 -2.35344e-185
35 0.0974876 -2.35344e-185
36 0.0979017 -2.35344e-185
37 0.0982973 -2.35344e-185
38 0.0986743 -2.35344e-185
39 0.0990329 -2.35344e-185
40 0.0993731 -2.35344e-185
41 0.0996949 -2.35344e-185
42 0.0999984 -2.35344e-185
43 0.100284 -2.35344e-185
44 0.100551 -2.35344e-185
45 0.1008 -2.35344e-185
46 0.101032 -2.35344e-185
47 0.101245 -2.35344e-185
48 0.101441 -2.35344e-185
49 0.10162 -2.35344e-185
50 0.101781 -2.35344e-185
51 0.101924 -2.35344e-185
52 0.102051 -2.35344e-185
53 0.102161 -2.35344e-185
54 0.102253 -2.35344e-185
55 0.102329 -2.35344e-185
56 0.102389 -2.35344e-185
57 0.102432 -2.35344e-185
58 0.102459 -2.35344e-185
59 0.10247 -2.35344e-185
60 0.102465 -2.35344e-185
61 0.102444 -2.35344e-185
62 0.102408 -2.35344e-185
63 0.102357 -2.35344e-185
64 0.102291 -2.35344e-185
65 0.102209 -2.35344e-185
66 0.102113 -2.35344e-185
67 0.102003 -2.35344e-185
68 0.101878 -2.35344e-185
69 0.10174 -2.35344e-185
70 0.101587 -2.35344e-185
71 0.101421 -2.35344e-185
72 0.101242 -2.35344e-185
73 0.101049 -2.35344e-185
74 0.100844 -2.35344e-185
75 0.100625 -2.35344e-185
76 0.100395 -2.35344e-185
77 0.100152 -2.35344e-185
78 0.0998973 -2.35344e-185
79 0.0996309 -2.35344e-185
80 0.0993529 -2.35344e-185
81 0.0990637 -2.35344e-185
82 0.0987635 -2.35344e-185
83 0.0984526 -2.35344e-185
84 0.0981311 -2.35344e-185
85 0.0977993 -2.35344e-185
86 0.0974575 -2.35344e-185
87 0.0971059 -2.35344e-185
88 0.0967447 -2.35344e-185
89 0.0963742 -2.35344e-185
90 0.0959946 -2.35344e-185
91 0.0956062 -2.35344e-185
92 0.0952091 -2.35344e-185
93 0.0948036 -2.35344e-185
94 0.0943899 -2.35344e-185
95 0.0939683 -2.35344e-185
96 0.0935389 -2.35344e-185
97 0.093102 -2.35344e-185
98 0.0926579 -2.35344e-185
99 0.0922067 -2.35344e-185
100 0.0917486 -2.35344e-185
101 0.0912839 -2.35344e-185
102 0.0908128 -2.35344e-185
103 0.0903354 -2.35344e-185
104 0.0898521 -2.35344e-185
105 0.089363 -2.35344e-185
106 0.0888683 -2.35344e-185
107 0.0883683 -2.35344e-185
108 0.0878631 -2.35344e-185
109 0.0873529 -2.35344e-185
110 0.0868381 -2.35344e-185
111 0.0863187 -2.35344e-185
112 0.085795 -2.35344e-185
113 0.0852672 -2.35344e-185
114 0.0847356 -2.35344e-185
115 0.0842003 -2.35344e-185
116 0.0836616 -2.35344e-185
117 0.0831197 -2.35344e-185
118 0.0825748 -2.35344e-185
119 0.0820272 -2.35344e-185
120 0.0814771 -2.35344e-185
121 0.0809247 -2.35344e-185
122 0.0803702 -2.35344e-185
123 0.079814 -2.35344e-185
124 0.0792562 -2.35344e-185
125 0.0786972 -2.35344e-185
126 0.0781371 -2.35344e-185
127 0.0775762 -2.35344e-185
128 0.0770149 -2.35344e-185
129 0.0764533 -2.35344e-185
130 0.0758917 -2.35344e-185
131 0.0753305 -2.35344e-185
132 0.0747698 -2.35344e-185
133 0.0742101 -2.35344e-185
134 0.0736515 -2.35344e-185
135 0.0730944 -2.35344e-185
136 0.0725391 -2.35344e-185
137 0.0719858 -2.35344e-185
138 0.071435 -2.35344e-185
139 0.0708867 -2.35344e-185
140 0.0703415 -2.35344e-185
141 0.0697996 -2.35344e-185
142 0.0692613 -2.35344e-185
143 0.068727 -2.35344e-185
144 0.0681969 -2.35344e-185
145 0.0676714 -2.35344e-185
146 0.0671508 -2.35344e-185
147 0.0666355 -2.35344e-185
148 0.0661257 -2.35344e-185
149 0.0656217 -2.35344e-185
150 0.065124 -2.35344e-185
151 0.0646329 -2.35344e-185
152 0.0641485 -2.35344e-185
153 0.0636714 -2.35344e-185
154 0.0632018 -2.35344e-185
155 0.0627401 -2.35344e-185
156 0.0622865 -2.35344e-185
157 0.0618413 -2.35344e-185
158 0.061405 -2.35344e-185
159 0.0609778 -2.35344e-185
160 0.0605601 -2.35344e-185
161 0.0601521 -2.35344e-185
162 0.0597542 -2.35344e-185
163 0.0593666 -2.35344e-185
164 0.0589897 -2.35344e-185
165 0.0586238 -2.35344e-185
166 0.0582691 -2.35344e-185
167 0.057926 -2.35344e-185
168 0.0575947 -2.35344e-185
169 0.0572756 -2.35344e-185
170 0.0569689 -2.35344e-185
171 0.0566748 -2.35344e-185
172 0.0563937 -2.35344e-185
173 0.0561257 -2.35344e-185
174 0.0558712 -2.35344e-185
175 0.0556304 -2.35344e-185
176 0.0554035 -2.35344e-185
177 0.0551908 -2.35344e-185
178 0.0549925 -2.35344e-185
179 0.0548087 -2.35344e-185
180 0.0546398 -2.35344e-185
181 0.0544858 -2.35344e-185
182 0.054347 -2.35344e-185
183 0.0542236 -2.35344e-185
184 0.0541157 -2.35344e-185
185 0.0540235 -2.35344e-185
186 0.0539471 -2.35344e-185
187 0.0538866 -2.35344e-185
188 0.0538422 -2.35344e-185
189 0.053814 -2.35344e-185
190 0.053802 -2.35344e-185
191 0.0538064 -2.35344e-185
192 0.0538272 -2.35344e-185
193 0.0538645 -2.35344e-185
194 0.0539183 -2.35344e-185
195 0.0539886 -2.35344e-185
196 0.0540754 -2.35344e-185
197 0.0541787 -2.35344e-185
198 0.0542985 -2.35344e-185
199 0.0544348 -2.35344e-185
200 0.0545874 -2.35344e-185
201 0.0547563 -2.35344e-185
202 0.0549414 -2.35344e-185
203 0.0551426 -2.35344e-185
204 0.0553598 -2.35344e-185
205 0.0555927 -2.35344e-185
206 0.0558413 -2.35344e-185
207 0.0561052 -2.35344e-185
208 0.0563844 -2.35344e-185
209 0.0566786 -2.35344e-185
210 0.0569875 -2.35344e-185
211 0.0573109 -2.35344e-185
212 0.0576485 -2.35344e-185
213 0.0579999 -2.35344e-185
214 0.0583649 -2.35344e-185
215 0.0587431 -2.35344e-185
216 0.0591341 -2.35344e-185
217 0.0595376 -2.35344e-185
218 0.0599532 -2.35344e-185
219 0.0603805 -2.35344e-185
220 0.060819 -2.35344e-185
221 0.0612683 -2.35344e-185
222 0.0617279 -2.35344e-185
223 0.0621974 -2.35344e-185
224 0.0626763 -2.35344e-185
225 0.063164 -2.35344e-185
226 0.0636602 -2.35344e-185
227 0.0641641 -2.35344e-185
228 0.0646755 -2.35344e-185
229 0.0651935 -2.35344e-185
230 0.0657179 -2.35344e-185
231 0.0662479 -2.35344e-185
232 0.0667829 -2.35344e-185
233 0.0673226 -2.35344e-185
234 0.0678661 -2.35344e-185
235 0.0684131 -2.35344e-185
236 0.0689628 -2.35344e-185
237 0.0695147 -2.35344e-185
238 0.0700683 -2.35344e-185
239 0.0706228 -2.35344e-185
240 0.0711778 -2.35344e-185
241 0.0717326 -2.35344e-185
242 0.0722866 -2.35344e-185
243 0.0728392 -2.35344e-185
244 0.0733899 -2.35344e-185
245 0.0739381 -2.35344e-185
246 0.0744832 -2.35344e-185
247 0.0750245 -2.35344e-185
248 0.0755617 -2.35344e-185
249 0.076094 -2.35344e-185
250 0.0766209 -2.35344e-185
251 0.0771419 -2.35344e-185
252 0.0776564 -2.35344e-185
253 0.078164 -2.35344e-185
254 0.078664 -2.35344e-185
255 0.079156 -2.35344e-185
256 0.0796394 -2.35344e-185
257 0.0801138 -2.35344e-185
258 0.0805788 -2.35344e-185
259 0.0810337 -2.35344e-185
260 0.0814782 -2.35344e-185
261 0.0819118 -2.35344e-185
262 0.0823341 -2.35344e-185
263 0.0827447 -2.35344e-185
264 0.0831431 -2.35344e-185
265 0.0835291 -2.35344e-185
266 0.0839021 -2.35344e-185
267 0.0842619 -2.35344e-185
268 0.084608 -2.35344e-185
269 0.0849402 -2.35344e-185
270 0.0852582 -2.35344e-185
271 0.0855615 -2.35344e-185
272 0.0858501 -2.35344e-185
273 0.0861234 -2.35344e-185
274 0.0863814 -2.35344e-185
275 0.0866238 -2.35344e-185
276 0.0868503 -2.35344e-185
277 0.0870607 -2.35344e-185
278 0.0872548 -2.35344e-185
279 0.0874324 -2.35344e-185
280 0.0875934 -2.35344e-185
281 0.0877376 -2.35344e-185
282 0.0878649 -2.35344e-185
283 0.087975 -2.35344e-185
284 0.088068 -2.35344e-185
285 0.0881437 -2.35344e-185
286 0.0882019 -2.35344e-185
287 0.0882428 -2.35344e-185
288 0.088266 -2.35344e-185
289 0.0882717 -2.35344e-185
290 0.0882598 -2.35344e-185
291 0.0882302 -2.35344e-185
292 0.0881829 -2.35344e-185
293 0.088118 -2.35344e-185
294 0.0880353 -2.35344e-185
295 0.087935 -2.35344e-185
296 0.087817 -2.35344e-185
297 0.0876814 -2.35344e-185
298 0.0875282 -2.35344e-185
299 0.0873575 -2.35344e-185
300 0.0871693 -2.35344e-185
301 0.0869636 -2.35344e-185
302 0.0867406 -2.35344e-185
303 0.0865003 -2.35344e-185
304 0.0862429 -2.35344e-185
305 0.0859683 -2.35344e-185
306 0.0856767 -2.35344e-185
307 0.0853681 -2.35344e-185
308 0.0850428 -2.35344e-185
309 0.0847007 -2.35344e-185
310 0.084342 -2.35344e-185
311 0.0839669 -2.35344e-185
312 0.0835753 -2.35344e-185
313 0.0831675 -2.35344e-185
314 0.0827436 -2.35344e-185
315 0.0823037 -2.35344e-185
316 0.0818478 -2.35344e-185
317 0.0813763 -2.35344e-185
318 0.080889 -2.35344e-185
319 0.0803863 -2.35344e-185
320 0.0798682 -2.35344e-185
321 0.0793349 -2.35344e-185
322 0.0787864 -2.35344e-185
323 0.0782229 -2.35344e-185
324 0.0776446 -2.35344e-185
325 0.0770516 -2.35344e-185
326 0.076444 -2.35344e-185
327 0.0758218 -2.35344e-185
328 0.0751854 -2.35344e-185
329 0.0745347 -2.35344e-185
330 0.0738699 -2.35344e-185
331 0.0731912 -2.35344e-185
332 0.0724986 -2.35344e-185
333 0.0717923 -2.35344e-185
334 0.0710724 -2.35344e-185
335 0.070339 -2.35344e-185
336 0.0695923 -2.35344e-185
337 0.0688324 -2.35344e-185
338 0.0680593 -2.35344e-185
339 0.0672733 -2.35344e-185
340 0.0664744 -2.35344e-185
341 0.0656628 -2.35344e-185
342 0.0648386 -2.35344e-185
343 0.064002 -2.35344e-185
344 0.063153 -2.35344e-185
345 0.0622918 -2.35344e-185
346 0.0614185 -2.35344e-185
347 0.0605333 -2.35344e-185
348 0.0596364 -2.35344e-185
349 0.0587278 -2.35344e-185
350 0.0578078 -2.35344e-185
351 0.0568765 -2.35344e-185
352 0.055934 -2.35344e-185
353 0.0549807 -2.35344e-185
354 0.0540166 -2.35344e-185
355 0.0530419 -2.35344e-185
356 0.052057 -2.35344e-185
357 0.051062 -2.35344e-185
358 0.0500571 -2.35344e-185
359 0.0490428 -2.35344e-185
360 0.0480191 -2.35344e-185
361 0.0469866 -2.35344e-185
362 0.0459454 -2.35344e-185
363 0.044896 -2.35344e-185
364 0.0438388 -2.35344e-185
365 0.0427743 -2.35344e-185
366 0.0417029 -2.35344e-185
367 0.0406252 -2.35344e-185
368 0.0395418 -2.35344e-185
369 0.0384533 -2.35344e-185
370 0.0373605 -2.35344e-185
371 0.0362643 -2.35344e-185
372 0.0351655 -2.35344e-185
373 0.0340653 -2.35344e-185
374 0.0329647 -2.35344e-185
375 0.0318652 -2.35344e-185
376 0.0307683 -2.35344e-185
377 0.0296756 -2.35344e-185
378 0.0285893 -2.35344e-185
379 0.0275116 -2.35344e-185
380 0.0264452 -2.35344e-185
381 0.0253931 -2.35344e-185
382 0.0243589 -2.35344e-185
383 0.0233466 -2.35344e-185
384 0.0223612 -2.35344e-185
385 0.0214081 -2.35344e-185
386 0.0204937 -2.35344e-185
387 0.0196254 -2.35344e-185
388 0.0188115 -2.35344e-185
389 0.0180614 -2.35344e-185
390 0.0173853 -2.35344e-185
391 0.0167944 -2.35344e-185
392 0.0162998 -2.35344e-185
393 0.0159125 -2.35344e-185
394 0.0156426 -2.35344e-185
395 0.015498 -2.35344e-185
396 0.0154841 -2.35344e-185
397 0.015603 -2.35344e-185
398 0.0158533 -2.35344e-185
399 0.0162304 -2.35344e-185
400 0.016727 -2.35344e-185
401 0.0173341 -2.35344e-185
402 0.0180416 -2.35344e-185
403 0.0188391 -2.35344e-185
404 0.0197164 -2.35344e-185
405 0.0206642 -2.35344e-185
406 0.0216736 -2.35344e-185
407 0.0227369 -2.35344e-185
408 0.0238472 -2.35344e-185
409 0.0249985 -2.35344e-185
410 0.0261854 -2.35344e-185
411 0.0274035 -2.35344e-185
412 0.0286486 -2.35344e-185
413 0.0299173 -2.35344e-185
414 0.0312064 -2.35344e-185
415 0.0325134 -2.35344e-185
416 0.0338357 -2.35344e-185
417 0.0351714 -2.35344e-185
418 0.0365183 -2.35344e-185
419 0.037875 -2.35344e-185
420 0.0392397 -2.35344e-185
421 0.040611 -2.35344e-185
422 0.0419877 -2.35344e-185
423 0.0433686 -2.35344e-185
424 0.0447524 -2.35344e-185
425 0.0461383 -2.35344e-185
426 0.0475251 -2.35344e-185
427 0.0489119 -2.35344e-185
428 0.0502979 -2.35344e-185
429 0.0516822 -2.35344e-185
430 0.0530641 -2.35344e-185
431 0.0544426 -2.35344e-185
432 0.0558171 -2.35344e-185
433 0.0571869 -2.35344e-185
434 0.0585512 -2.35344e-185
435 0.0599093 -2.35344e-185
436 0.0612607 -2.35344e-185
437 0.0626046 -2.35344e-185
438 0.0639405 -2.35344e-185
439 0.0652677 -2.35344e-185
440 0.0665856 -2.35344e-185
441 0.0678937 -2.35344e-185
442 0.0691913 -2.35344e-185
443 0.0704779 -2.35344e-185
444 0.0717531 -2.35344e-185
445 0.0730162 -2.35344e-185
446 0.0742668 -2.35344e-185
447 0.0755043 -2.35344e-185
448 0.0767282 -2.35344e-185
449 0.0779382 -2.35344e-185
450 0.0791337 -2.35344e-185
451 0.0803143 -2.35344e-185
452 0.0814796 -2.35344e-185
453 0.0826291 -2.35344e-185
454 0.0837625 -2.35344e-185
455 0.0848794 -2.35344e-185
456 0.0859794 -2.35344e-185
457 0.0870622 -2.35344e-185
458 0.0881274 -2.35344e-185
459 0.0891747 -2.35344e-185
460 0.0902039 -2.35344e-185
461 0.0912146 -2.35344e-185
462 0.0922065 -2.35344e-185
463 0.0931794 -2.35344e-185
464 0.0941332 -2.35344e-185
465 0.0950674 -2.35344e-185
466 0.0959821 -2.35344e-185
467 0.0968769 -2.35344e-185
468 0.0977517 -2.35344e-185
469 0.0986064 -2.35344e-185
470 0.0994408 -2.35344e-185
471 0.100255 -2.35344e-185
472 0.101048 -2.35344e-185
473 0.101821 -2.35344e-185
474 0.102574 -2.35344e-185
475 0.103305 -2.35344e-185
476 0.104016 -2.35344e-185
477 0.104706 -2.35344e-185
478 0.105375 -2.35344e-185
479 0.106023 -2.35344e-185
480 0.106651 -2.35344e-185
481 0.107258 -2.35344e-185
482 0.107844 -2.35344e-185
483 0.108409 -2.35344e-185
484 0.108954 -2.35344e-185
485 0.109478 -2.35344e-185
486 0.109982 -2.35344e-185
487 0.110466 -2.35344e-185
488 0.110929 -2.35344e-185
489 0.111372 -2.35344e-185
490 0.111795 -2.35344e-185
491 0.112198 -2.35344e-185
492 0.112581 -2.35344e-185
493 0.112944 -2.35344e-185
494 0.113289 -2.35344e-185
495 0.113613 -2.35344e-185
496 0.113919 -2.35344e-185
497 0.114206 -2.35344e-185
498 0.114474 -2.35344e-185
499 0.114723 -2.35344e-185
500 0.114954 -2.35344e-185
501 0.115167 -2.35344e-185
502 0.115361 -2.35344e-185
503 0.115538 -2.35344e-185
504 0.115698 -2.35344e-185
505 0.11584 -2.35344e-185
506 0.115965 -2.35344e-185
507 0.116073 -2.35344e-185
508 0.116165 -2.35344e-185
509 0.11624 -2.35344e-185
510 0.116299 -2.35344e-185
511 0.116343 -2.35344e-185
512 0.11637 -2.35344e-185
513 0.116383 -2.35344e-185
514 0.116381 -2.35344e-185
515 0.116364 -2.35344e-185
516 0.116332 -2.35344e-185
517 0.116287 -2.35344e-185
518 0.116228 -2.35344e-185
519 0.116155 -2.35344e-185
520 0.116069 -2.35344e-185
521 0.11597 -2.35344e-185
522 0.115859 -2.35344e-185
523 0.115736 -2.35344e-185
524 0.115601 -2.35344e-185
525 0.115455 -2.35344e-185
526 0.115297 -2.35344e-185
527 0.115129 -2.35344e-185
528 0.11495 -2.35344e-185
529 0.114761 -2.35344e-185
530 0.114563 -2.35344e-185
531 0.114355 -2.35344e-185
532 0.114139 -2.35344e-185
533 0.113914 -2.35344e-185
534 0.113681 -2.35344e-185
535 0.11344 -2.35344e-185
536 0.113192 -2.35344e-185
537 0.112937 -2.35344e-185
538 0.112675 -2.35344e-185
539 0.112407 -2.35344e-185
540 0.112133 -2.35344e-185
541 0.111854 -2.35344e-185
542 0.111569 -2.35344e-185
543 0.11128 -2.35344e-185
544 0.110987 -2.35344e-185
545 0.110689 -2.35344e-185
546 0.110389 -2.35344e-185
547 0.110084 -2.35344e-185
548 0.109778 -2.35344e-185
549 0.109468 -2.35344e-185
550 0.109157 -2.35344e-185
551 0.108844 -2.35344e-185
552 0.108529 -2.35344e-185
553 0.108213 -2.35344e-185
554 0.107896 -2.35344e-185
555 0.107579 -2.35344e-185
556 0.107262 -2.35344e-185
557 0.106945 -2.35344e-185
558 0.106628 -2.35344e-185
559 0.106312 -2.35344e-185
560 0.105997 -2.35344e-185
561 0.105683 -2.35344e-185
562 0.10537 -2.35344e-185
563 0.105059 -2.35344e-185
564 0.10475 -2.35344e-185
565 0.104442 -2.35344e-185
566 0.104137 -2.35344e-185
567 0.103835 -2.35344e-185
568 0.103535 -2.35344e-185
569 0.103237 -2.35344e-185
570 0.102942 -2.35344e-185
571 0.10265 -2.35344e-185
572 0.102361 -2.35344e-185
573 0.102075 -2.35344e-185
574 0.101792 -2.35344e-185
575 0.101512 -2.35344e-185
576 0.101235 -2.35344e-185
577 0.100961 -2.35344e-185
578 0.100691 -2.35344e-185
579 0.100423 -2.35344e-185
580 0.100158 -2.35344e-185
581 0.0998962 -2.35344e-185
582 0.0996372 -2.35344e-185
583 0.0993809 -2.35344e-185
584 0.0991273 -2.35344e-185
585 0.0988762 -2.35344e-185
586 0.0986275 -2.35344e-185
587 0.0983811 -2.35344e-185
588 0.0981368 -2.35344e-185
589 0.0978944 -2.35344e-185
590 0.0976537 -2.35344e-185
591 0.0974147 -2.35344e-185
592 0.0971771 -2.35344e-185
593 0.0969407 -2.35344e-185
594 0.0967054 -2.35344e-185
595 0.0964708 -2.35344e-185
596 0.096237 -2.35344e-185
597 0.0960035 -2.35344e-185
598 0.0957702 -2.35344e-185
599 0.095537 -2.35344e-185
600 0.0953036 -2.35344e-185
601 0.0950699 -2.35344e-185
602 0.0948355 -2.35344e-185
603 0.0946004 -2.35344e-185
604 0.0943644 -2.35344e-185
605 0.0941272 -2.35344e-185
606 0.0938888 -2.35344e-185
607 0.0936488 -2.35344e-185
608 0.0934073 -2.35344e-185
609 0.093164 -2.35344e-185
610 0.0929187 -2.35344e-185
611 0.0926714 -2.35344e-185
612 0.0924219 -2.35344e-185
613 0.0921701 -2.35344e-185
614 0.091916 -2.35344e-185
615 0.0916593 -2.35344e-185
616 0.0914001 -2.35344e-185
617 0.0911383 -2.35344e-185
618 0.0908737 -2.35344e-185
619 0.0906064 -2.35344e-185
620 0.0903362 -2.35344e-185
621 0.0900633 -2.35344e-185
622 0.0897875 -2.35344e-185
623 0.0895088 -2.35344e-185
624 0.0892273 -2.35344e-185
625 0.0889429 -2.35344e-185
626 0.0886557 -2.35344e-185
627 0.0883656 -2.35344e-185
628 0.0880727 -2.35344e-185
629 0.0877771 -2.35344e-185
630 0.0874788 -2.35344e-185
631 0.0871778 -2.35344e-185
632 0.0868743 -2.35344e-185
633 0.0865682 -2.35344e-185
634 0.0862597 -2.35344e-185
635 0.0859487 -2.35344e-185
636 0.0856355 -2.35344e-185
637 0.0853201 -2.35344e-185
638 0.0850025 -2.35344e-185
639 0.0846829 -2.35344e-185
640 0.0843613 -2.35344e-185
641 0.0840379 -2.35344e-185
642 0.0837127 -2.35344e-185
643 0.0833859 -2.35344e-185
644 0.0830575 -2.35344e-185
645 0.0827277 -2.35344e-185
646 0.0823965 -2.35344e-185
647 0.082064 -2.35344e-185
648 0.0817304 -2.35344e-185
649 0.0813957 -2.35344e-185
650 0.0810601 -2.35344e-185
651 0.0807235 -2.35344e-185
652 0.0803862 -2.35344e-185
653 0.0800482 -2.35344e-185
654 0.0797096 -2.35344e-185
655 0.0793704 -2.35344e-185
656 0.0790308 -2.35344e-185
657 0.0786909 -2.35344e-185
658 0.0783507 -2.35344e-185
659 0.0780102 -2.35344e-185
660 0.0776696 -2.35344e-185
661 0.0773289 -2.35344e-185
662 0.0769882 -2.35344e-185
663 0.0766475 -2.35344e-185
664 0.0763069 -2.35344e-185
665 0.0759665 -2.35344e-185
666 0.0756262 -2.35344e-185
667 0.0752861 -2.35344e-185
668 0.0749463 -2.35344e-185
669 0.0746068 -2.35344e-185
670 0.0742677 -2.35344e-185
671 0.0739288 -2.35344e-185
672 0.0735903 -2.35344e-185
673 0.0732523 -2.35344e-185
674 0.0729146 -2.35344e-185
675 0.0725773 -2.35344e-185
676 0.0722405 -2.35344e-185
677 0.0719041 -2.35344e-185
678 0.0715681 -2.35344e-185
679 0.0712326 -2.35344e-185
680 0.0708975 -2.35344e-185
681 0.0705628 -2.35344e-185
682 0.0702286 -2.35344e-185
683 0.0698948 -2.35344e-185
684 0.0695613 -2.35344e-185
685 0.0692283 -2.35344e-185
686 0.0688957 -2.35344e-185
687 0.0685634 -2.35344e-185
688 0.0682315 -2.35344e-185
689 0.0678999 -2.35344e-185
690 0.0675687 -2.35344e-185
691 0.0672378 -2.35344e-185
692 0.0669072 -2.35344e-185
693 0.0665769 -2.35344e-185
694 0.0662468 -2.35344e-185
695 0.0659171 -2.35344e-185
696 0.0655876 -2.35344e-185
697 0.0652584 -2.35344e-185
698 0.0649294 -2.35344e-185
699 0.0646008 -2.35344e-185
700 0.0642723 -2.35344e-185
701 0.0639442 -2.35344e-185
702 0.0636163 -2.35344e-185
703 0.0632887 -2.35344e-185
704 0.0629615 -2.35344e-185
705 0.0626345 -2.35344e-185
706 0.062308 -2.35344e-185
707 0.0619818 -2.35344e-185
708 0.061656 -2.35344e-185
709 0.0613308 -2.35344e-185
710 0.061006 -2.35344e-185
711 0.0606818 -2.35344e-185
712 0.0603582 -2.35344e-185
713 0.0600354 -2.35344e-185
714 0.0597132 -2.35344e-185
715 0.059392 -2.35344e-185
716 0.0590716 -2.35344e-185
717 0.0587522 -2.35344e-185
718 0.0584339 -2.35344e-185
719 0.0581167 -2.35344e-185
720 0.0578009 -2.35344e-185
721 0.0574864 -2.35344e-185
722 0.0571734 -2.35344e-185
723 0.056862 -2.35344e-185
724 0.0565523 -2.35344e-185
725 0.0562444 -2.35344e-185
726 0.0559384 -2.35344e-185
727 0.0556345 -2.35344e-185
728 0.0553328 -2.35344e-185
729 0.0550334 -2.35344e-185
730 0.0547363 -2.35344e-185
731 0.0544418 -2.35344e-185
732 0.05415 -2.35344e-185
733 0.0538609 -2.35344e-185
734 0.0535747 -2.35344e-185
735 0.0532915 -2.35344e-185
736 0.0530114 -2.35344e-185
737 0.0527344 -2.35344e-185
738 0.0524608 -2.35344e-185
739 0.0521905 -2.35344e-185
740 0.0519237 -2.35344e-185
741 0.0516603 -2.35344e-185
742 0.0514006 -2.35344e-185
743 0.0511446 -2.35344e-185
744 0.0508922 -2.35344e-185
745 0.0506436 -2.35344e-185
746 0.0503987 -2.35344e-185
747 0.0501577 -2.35344e-185
748 0.0499205 -2.35344e-185
749 0.0496872 -2.35344e-185
750 0.0494577 -2.35344e-185
751 0.049232 -2.35344e-185
752 0.0490102 -2.35344e-185
753 0.0487922 -2.35344e-185
754 0.048578 -2.35344e-185
755 0.0483676 -2.35344e-185
756 0.048161 -2.35344e-185
757 0.0479581 -2.35344e-185
758 0.0477589 -2.35344e-185
759 0.0475634 -2.35344e-185
760 0.0473716 -2.35344e-185
761 0.0471834 -2.35344e-185
762 0.0469989 -2.35344e-185
763 0.046818 -2.35344e-185
764 0.0466407 -2.35344e-185
765 0.046467 -2.35344e-185
766 0.046297 -2.35344e-185
767 0.0461307 -2.35344e-185
768 0.0459681 -2.35344e-185
769 0.0458093 -2.35344e-185
770 0.0456544 -2.35344e-185
771 0.0455034 -2.35344e-185
772 0.0453564 -2.35344e-185
773 0.0452137 -2.35344e-185
774 0.0450752 -2.35344e-185
775 0.0449413 -2.35344e-185
776 0.044812 -2.35344e-185
777 0.0446876 -2.35344e-185
778 0.0445683 -2.35344e-185
779 0.0444543 -2.35344e-185
780 0.044346 -2.35344e-185
781 0.0442435 -2.35344e-185
782 0.0441471 -2.35344e-185
783 0.0440572 -2.35344e-185
784 0.0439741 -2.35344e-185
785 0.043898 -2.35344e-185
786 0.0438294 -2.35344e-185
787 0.0437686 -2.35344e-185
788 0.0437159 -2.35344e-185
789 0.0436717 -2.35344e-185
790 0.0436363 -2.35344e-185
791 0.0436101 -2.35344e-185
792 0.0435933 -2.35344e-185
793 0.0435865 -2.35344e-185
794 0.0435898 -2.35344e-185
795 0.0436036 -2.35344e-185
796 0.0436282 -2.35344e-185
797 0.0436639 -2.35344e-185
798 0.0437109 -2.35344e-185
799 0.0437696 -2.35344e-185
800 0.0438402 -2.35344e-185
801 0.0439229 -2.35344e-185
802 0.044018 -2.35344e-185
803 0.0441255 -2.35344e-185
804 0.0442458 -2.35344e-185
805 0.0443789 -2.35344e-185
806 0.0445251 -2.35344e-185
807 0.0446846 -2.35344e-185
808 0.0448573 -2.35344e-185
809 0.0450435 -2.35344e-185
810 0.0452433 -2.35344e-185
811 0.0454567 -2.35344e-185
812 0.045684 -2.35344e-185
813 0.0459252 -2.35344e-185
814 0.0461804 -2.35344e-185
815 0.0464497 -2.35344e-185
816 0.0467332 -2.35344e-185
817 0.0470311 -2.35344e-185
818 0.0473433 -2.35344e-185
819 0.04767 -2.35344e-185
820 0.0480112 -2.35344e-185
821 0.0483671 -2.35344e-185
822 0.0487377 -2.35344e-185
823 0.0491232 -2.35344e-185
824 0.0495234 -2.35344e-185
825 0.0499387 -2.35344e-185
826 0.0503689 -2.35344e-185
827 0.0508141 -2.35344e-185
828 0.0512743 -2.35344e-185
829 0.0517496 -2.35344e-185
830 0.0522399 -2.35344e-185
831 0.0527453 -2.35344e-185
832 0.0532657 -2.35344e-185
833 0.053801 -2.35344e-185
834 0.0543512 -2.35344e-185
835 0.0549162 -2.35344e-185
836 0.0554958 -2.35344e-185
837 0.05609 -2.35344e-185
838 0.0566986 -2.35344e-185
839 0.0573214 -2.35344e-185
840 0.0579582 -2.35344e-185
841 0.0586087 -2.35344e-185
842 0.0592729 -2.35344e-185
843 0.0599503 -2.35344e-185
844 0.0606407 -2.35344e-185
845 0.0613439 -2.35344e-185
846 0.0620594 -2.35344e-185
847 0.0627871 -2.35344e-185
848 0.0635264 -2.35344e-185
849 0.064277 -2.35344e-185
850 0.0650386 -2.35344e-185
851 0.0658107 -2.35344e-185
852 0.0665929 -2.35344e-185
853 0.0673849 -2.35344e-185
854 0.0681861 -2.35344e-185
855 0.0689961 -2.35344e-185
856 0.0698145 -2.35344e-185
857 0.0706408 -2.35344e-185
858 0.0714745 -2.35344e-185
859 0.0723152 -2.35344e-185
860 0.0731623 -2.35344e-185
861 0.0740155 -2.35344e-185
862 0.0748742 -2.35344e-185
863 0.0757379 -2.35344e-185
864 0.0766062 -2.35344e-185
865 0.0774786 -2.35344e-185
866 0.0783545 -2.35344e-185
867 0.0792336 -2.35344e-185
868 0.0801154 -2.35344e-185
869 0.0809993 -2.35344e-185
870 0.081885 -2.35344e-185
871 0.082772 -2.35344e-185
872 0.0836598 -2.35344e-185
873 0.084548 -2.35344e-185
874 0.0854362 -2.35344e-185
875 0.0863239 -2.35344e-185
876 0.0872109 -2.35344e-185
877 0.0880965 -2.35344e-185
878 0.0889806 -2.35344e-185
879 0.0898626 -2.35344e-185
880 0.0907422 -2.35344e-185
881 0.0916192 -2.35344e-185
882 0.092493 -2.35344e-185
883 0.0933635 -2.35344e-185
884 0.0942303 -2.35344e-185
885 0.095093 -2.35344e-185
886 0.0959514 -2.35344e-185
887 0.0968052 -2.35344e-185
888 0.0976541 -2.35344e-185
889 0.0984978 -2.35344e-185
890 0.0993362 -2.35344e-185
891 0.100169 -2.35344e-185
892 0.100996 -2.35344e-185
893 0.101817 -2.35344e-185
894 0.102631 -2.35344e-185
895 0.103439 -2.35344e-185
896 0.10424 -2.35344e-185
897 0.105034 -2.35344e-185
898 0.105822 -2.35344e-185
899 0.106602 -2.35344e-185
900 0.107374 -2.35344e-185
901 0.108139 -2.35344e-185
902 0.108897 -2.35344e-185
903 0.109646 -2.35344e-185
904 0.110388 -2.35344e-185
905 0.111121 -2.35344e-185
906 0.111846 -2.35344e-185
907 0.112563 -2.35344e-185
908 0.113271 -2.35344e-185
909 0.11397 -2.35344e-185
910 0.114661 -2.35344e-185
911 0.115342 -2.35344e-185
912 0.116015 -2.35344e-185
913 0.116679 -2.35344e-185
914 0.117333 -2.35344e-185
915 0.117979 -2.35344e-185
916 0.118614 -2.35344e-185
917 0.11924 -2.35344e-185
918 0.119857 -2.35344e-185
919 0.120464 -2.35344e-185
920 0.121061 -2.35344e-185
921 0.121648 -2.35344e-185
922 0.122225 -2.35344e-185
923 0.122792 -2.35344e-185
924 0.123349 -2.35344e-185
925 0.123895 -2.35344e-185
926 0.124431 -2.35344e-185
927 0.124957 -2.35344e-185
928 0.125472 -2.35344e-185
929 0.125976 -2.35344e-185
930 0.12647 -2.35344e-185
931 0.126952 -2.35344e-185
932 0.127424 -2.35344e-185
933 0.127885 -2.35344e-185
934 0.128335 -2.35344e-185
935 0.128774 -2.35344e-185
936 0.129201 -2.35344e-185
937 0.129617 -2.35344e-185
938 0.130022 -2.35344e-185
939 0.130416 -2.35344e-185
940 0.130797 -2.35344e-185
941 0.131168 -2.35344e-185
942 0.131526 -2.35344e-185
943 0.131873 -2.35344e-185
944 0.132209 -2.35344e-185
945 0.132532 -2.35344e-185
946 0.132844 -2.35344e-185
947 0.133143 -2.35344e-185
948 0.133431 -2.35344e-185
949 0.133706 -2.35344e-185
950 0.13397 -2.35344e-185
951 0.134221 -2.35344e-185
952 0.13446 -2.35344e-185
953 0.134687 -2.35344e-185
954 0.134901 -2.35344e-185
955 0.135103 -2.35344e-185
956 0.135293 -2.35344e-185
957 0.13547 -2.35344e-185
958 0.135635 -2.35344e-185
959 0.135787 -2.35344e-185
960 0.135926 -2.35344e-185
961 0.136053 -2.35344e-185
962 0.136167 -2.35344e-185
963 0.136269 -2.35344e-185
964 0.136357 -2.35344e-185
965 0.136433 -2.35344e-185
966 0.136496 -2.35344e-185
967 0.136546 -2.35344e-185
968 0.136583 -2.35344e-185
969 0.136607 -2.35344e-185
970 0.136618 -2.35344e-185
971 0.136616 -2.35344e-185
972 0.136601 -2.35344e-185
973 0.136572 -2.35344e-185
974 0.13653 -2.35344e-185
975 0.136475 -2.35344e-185
976 0.136407 -2.35344e-185
977 0.136325 -2.35344e-185
978 0.13623 -2.35344e-185
979 0.136121 -2.35344e-185
980 0.135999 -2.35344e-185
981 0.135864 -2.35344e-185
982 0.135715 -2.35344e-185
983 0.135552 -2.35344e-185
984 0.135376 -2.35344e-185
985 0.135186 -2.35344e-185
986 0.134982 -2.35344e-185
987 0.134765 -2.35344e-185
988 0.134534 -2.35344e-185
989 0.13429 -2.35344e-185
990 0.134032 -2.35344e-185
991 0.13376 -2.35344e-185
992 0.133475 -2.35344e-185
993 0.133176 -2.35344e-185
994 0.132864 -2.35344e-185
995 0.132538 -2.35344e-185
996 0.132199 -2.35344e-185
997 0.131846 -2.35344e-185
998 0.13148 -2.35344e-185
999 0.1311 -2.35344e-185
1000 0.130707 -2.35344e-185
1001 0.130302 -2.35344e-185
1002 0.129883 -2.35344e-185
1003 0.129451 -2.35344e-185
1004 0.129006 -2.35344e-185
1005 0.128549 -2.35344e-185
1006 0.128079 -2.35344e-185
1007 0.127596 -2.35344e-185
1008 0.127101 -2.35344e-185
1009 0.126595 -2.35344e-185
1010 0.126076 -2.35344e-185
1011 0.125545 -2.35344e-185
1012 0.125003 -2.35344e-185
1013 0.124449 -2.35344e-185
1014 0.123884 -2.35344e-185
1015 0.123309 -2.35344e-185
1016 0.122722 -2.35344e-185
1017 0.122125 -2.35344e-185
1018 0.121518 -2.35344e-185
1019 0.120901 -2.35344e-185
1020 0.120274 -2.35344e-185
1021 0.119638 -2.35344e-185
1022 0.118993 -2.35344e-185
1023 0.118338 -2.35344e-185
1024 0.117676 -2.35344e-185
1025 0.117005 -2.35344e-185
1026 0.116327 -2.35344e-185
1027 0.115641 -2.35344e-185
1028 0.114948 -2.35344e-185
1029 0.114248 -2.35344e-185
1030 0.113542 -2.35344e-185
1031 0.11283 -2.35344e-185
1032 0.112113 -2.35344e-185
1033 0.11139 -2.35344e-185
1034 0.110663 -2.35344e-185
1035 0.109931 -2.35344e-185
1036 0.109195 -2.35344e-185
1037 0.108456 -2.35344e-185
1038 0.107714 -2.35344e-185
1039 0.10697 -2.35344e-185
1040 0.106223 -2.35344e-185
1041 0.105475 -2.35344e-185
1042 0.104726 -2.35344e-185
1043 0.103975 -2.35344e-185
1044 0.103225 -2.35344e-185
1045 0.102475 -2.35344e-185
1046 0.101726 -2.35344e-185
1047 0.100979 -2.35344e-185
1048 0.100233 -2.35344e-185
1049 0.0994888 -2.35344e-185
1050 0.0987479 -2.35344e-185
1051 0.0980103 -2.35344e-185
1052 0.0972765 -2.35344e-185
1053 0.096547 -2.35344e-185
1054 0.0958223 -2.35344e-185
1055 0.0951028 -2.35344e-185
1056 0.0943892 -2.35344e-185
1057 0.0936819 -2.35344e-185
1058 0.0929813 -2.35344e-185
1059 0.092288 -2.35344e-185
1060 0.0916024 -2.35344e-185
1061 0.090925 -2.35344e-185
1062 0.0902564 -2.35344e-185
1063 0.0895968 -2.35344e-185
1064 0.0889469 -2.35344e-185
1065 0.088307 -2.35344e-185
1066 0.0876776 -2.35344e-185
1067 0.0870591 -2.35344e-185
1068 0.086452 -2.35344e-185
1069 0.0858565 -2.35344e-185
1070 0.0852733 -2.35344e-185
1071 0.0847025 -2.35344e-185
1072 0.0841447 -2.35344e-185
1073 0.0836002 -2.35344e-185
1074 0.0830693 -2.35344e-185
1075 0.0825523 -2.35344e-185
1076 0.0820497 -2.35344e-185
1077 0.0815616 -2.35344e-185
1078 0.0810885 -2.35344e-185
1079 0.0806305 -2.35344e-185
1080 0.0801881 -2.35344e-185
1081 0.0797613 -2.35344e-185
1082 0.0793505 -2.35344e-185
1083 0.0789559 -2.35344e-185
1084 0.0785777 -2.35344e-185
1085 0.078216 -2.35344e-185
1086 0.0778711 -2.35344e-185
1087 0.0775431 -2.35344e-185
1088 0.0772322 -2.35344e-185
1089 0.0769384 -2.35344e-185
1090 0.0766618 -2.35344e-185
1091 0.0764026 -2.35344e-185
1092 0.0761609 -2.35344e-185
1093 0.0759365 -2.35344e-185
1094 0.0757297 -2.35344e-185
1095 0.0755403 -2.35344e-185
1096 0.0753684 -2.35344e-185
1097 0.0752139 -2.35344e-185
1098 0.0750767 -2.35344e-185
1099 0.0749569 -2.35344e-185
1100 0.0748542 -2.35344e-185
1101 0.0747686 -2.35344e-185
1102 0.0747 -2.35344e-185
1103 0.0746481 -2.35344e-185
1104 0.0746128 -2.35344e-185
1105 0.074594 -2.35344e-185
1106 0.0745913 -2.35344e-185
1107 0.0746046 -2.35344e-185
1108 0.0746336 -2.35344e-185
1109 0.0746781 -2.35344e-185
1110 0.0747378 -2.35344e-185
1111 0.0748123 -2.35344e-185
1112 0.0749014 -2.35344e-185
1113 0.0750048 -2.35344e-185
1114 0.0751221 -2.35344e-185
1115 0.0752529 -2.35344e-185
1116 0.075397 -2.35344e-185
1117 0.0755539 -2.35344e-185
1118 0.0757233 -2.35344e-185
1119 0.0759048 -2.35344e-185
1120 0.0760979 -2.35344e-185
1121 0.0763024 -2.35344e-185
1122 0.0765178 -2.35344e-185
1123 0.0767437 -2.35344e-185
1124 0.0769797 -2.35344e-185
1125 0.0772253 -2.35344e-185
1126 0.0774802 -2.35344e-185
1127 0.077744 -2.35344e-185
1128 0.0780163 -2.35344e-185
1129 0.0782966 -2.35344e-185
1130 0.0785845 -2.35344e-185
1131 0.0788797 -2.35344e-185
1132 0.0791817 -2.35344e-185
1133 0.0794901 -2.35344e-185
1134 0.0798046 -2.35344e-185
1135 0.0801248 -2.35344e-185
1136 0.0804502 -2.35344e-185
1137 0.0807805 -2.35344e-185
1138 0.0811154 -2.35344e-185
1139 0.0814545 -2.35344e-185
1140 0.0817973 -2.35344e-185
1141 0.0821437 -2.35344e-185
1142 0.0824931 -2.35344e-185
1143 0.0828454 -2.35344e-185
1144 0.0832002 -2.35344e-185
1145 0.0835571 -2.35344e-185
1146 0.0839159 -2.35344e-185
1147 0.0842762 -2.35344e-185
1148 0.0846378 -2.35344e-185
1149 0.0850004 -2.35344e-185
1150 0.0853638 -2.35344e-185
1151 0.0857276 -2.35344e-185
1152 0.0860916 -2.35344e-185
1153 0.0864556 -2.35344e-185
1154 0.0868194 -2.35344e-185
1155 0.0871827 -2.35344e-185
1156 0.0875453 -2.35344e-185
1157 0.087907 -2.35344e-185
1158 0.0882677 -2.35344e-185
1159 0.0886271 -2.35344e-185
1160 0.0889852 -2.35344e-185
1161 0.0893416 -2.35344e-185
1162 0.0896964 -2.35344e-185
1163 0.0900493 -2.35344e-185
1164 0.0904003 -2.35344e-185
1165 0.0907491 -2.35344e-185
1166 0.0910959 -2.35344e-185
1167 0.0914404 -2.35344e-185
1168 0.0917825 -2.35344e-185
1169 0.0921223 -2.35344e-185
1170 0.0924597 -2.35344e-185
1171 0.0927946 -2.35344e-185
1172 0.093127 -2.35344e-185
1173 0.093457 -2.35344e-185
1174 0.0937844 -2.35344e-185
1175 0.0941094 -2.35344e-185
1176 0.0944319 -2.35344e-185
1177 0.094752 -2.35344e-185
1178 0.0950697 -2.35344e-185
1179 0.0953851 -2.35344e-185
1180 0.0956983 -2.35344e-185
1181 0.0960093 -2.35344e-185
1182 0.0963182 -2.35344e-185
1183 0.0966252 -2.35344e-185
1184 0.0969302 -2.35344e-185
1185 0.0972335 -2.35344e-185
1186 0.0975352 -2.35344e-185
1187 0.0978353 -2.35344e-185
1188 0.098134 -2.35344e-185
1189 0.0984314 -2.35344e-185
1190 0.0987277 -2.35344e-185
1191 0.0990229 -2.35344e-185
1192 0.0993172 -2.35344e-185
1193 0.0996108 -2.35344e-185
1194 0.0999038 -2.35344e-185
1195 0.100196 -2.35344e-185
1196 0.100488 -2.35344e-185
1197 0.10078 -2.35344e-185
1198 0.101072 -2.35344e-185
1199 0.101363 -2.35344e-185
1200 0.101654 -2.35344e-185
1201 0.101946 -2.35344e-185
1202 0.102238 -2.35344e-185
1203 0.102529 -2.35344e-185
1204 0.102821 -2.35344e-185
1205 0.103113 -2.35344e-185
1206 0.103406 -2.35344e-185
1207 0.103699 -2.35344e-185
1208 0.103991 -2.35344e-185
1209 0.104284 -2.35344e-185
1210 0.104578 -2.35344e-185
1211 0.104871 -2.35344e-185
1212 0.105164 -2.35344e-185
1213 0.105457 -2.35344e-185
1214 0.105749 -2.35344e-185
1215 0.106041 -2.35344e-185
1216 0.106333 -2.35344e-185
1217 0.106624 -2.35344e-185
1218 0.106913 -2.35344e-185
1219 0.107202 -2.35344e-185
1220 0.107489 -2.35344e-185
1221 0.107775 -2.35344e-185
1222 0.108058 -2.35344e-185
1223 0.10834 -2.35344e-185
1224 0.108619 -2.35344e-185
1225 0.108895 -2.35344e-185
1226 0.109168 -2.35344e-185
1227 0.109439 -2.35344e-185
1228 0.109705 -2.35344e-185
1229 0.109968 -2.35344e-185
1230 0.110226 -2.35344e-185
1231 0.11048 -2.35344e-185
1232 0.110729 -2.35344e-185
1233 0.110973 -2.35344e-185
1234 0.111211 -2.35344e-185
1235 0.111443 -2.35344e-185
1236 0.111669 -2.35344e-185
1237 0.111889 -2.35344e-185
1238 0.112101 -2.35344e-185
1239 0.112307 -2.35344e-185
1240 0.112505 -2.35344e-185
1241 0.112695 -2.35344e-185
1242 0.112877 -2.35344e-185
1243 0.113051 -2.35344e-185
1244 0.113216 -2.35344e-185
1245 0.113371 -2.35344e-185
1246 0.113518 -2.35344e-185
1247 0.113655 -2.35344e-185
1248 0.113782 -2.35344e-185
1249 0.113898 -2.35344e-185
1250 0.114005 -2.35344e-185
1251 0.1141 -2.35344e-185
1252 0.114185 -2.35344e-185
1253 0.114258 -2.35344e-185
1254 0.11432 -2.35344e-185
1255 0.114371 -2.35344e-185
1256 0.114409 -2.35344e-185
1257 0.114436 -2.35344e-185
1258 0.11445 -2.35344e-185
1259 0.114452 -2.35344e-185
1260 0.114441 -2.35344e-185
1261 0.114418 -2.35344e-185
1262 0.114381 -2.35344e-185
1263 0.114332 -2.35344e-185
1264 0.114269 -2.35344e-185
1265 0.114192 -2.35344e-185
1266 0.114103 -2.35344e-185
1267 0.113999 -2.35344e-185
1268 0.113881 -2.35344e-185
1269 0.11375 -2.35344e-185
1270 0.113605 -2.35344e-185
1271 0.113445 -2.35344e-185
1272 0.113271 -2.35344e-185
1273 0.113083 -2.35344e-185
1274 0.11288 -2.35344e-185
1275 0.112662 -2.35344e-185
1276 0.11243 -2.35344e-185
1277 0.112184 -2.35344e-185
1278 0.111922 -2.35344e-185
1279 0.111646 -2.35344e-185
1280 0.111355 -2.35344e-185
1281 0.111049 -2.35344e-185
1282 0.110728 -2.35344e-185
1283 0.110392 -2.35344e-185
1284 0.110042 -2.35344e-185
1285 0.109676 -2.35344e-185
1286 0.109296 -2.35344e-185
1287 0.108901 -2.35344e-185
1288 0.108491 -2.35344e-185
1289 0.108067 -2.35344e-185
1290 0.107628 -2.35344e-185
1291 0.107174 -2.35344e-185
1292 0.106706 -2.35344e-185
1293 0.106224 -2.35344e-185
1294 0.105728 -2.35344e-185
1295 0.105217 -2.35344e-185
1296 0.104693 -2.35344e-185
1297 0.104156 -2.35344e-185
1298 0.103605 -2.35344e-185
1299 0.103041 -2.35344e-185
1300 0.102464 -2.35344e-185
1301 0.101874 -2.35344e-185
1302 0.101272 -2.35344e-185
1303 0.100658 -2.35344e-185
1304 0.100032 -2.35344e-185
1305 0.0993951 -2.35344e-185
1306 0.0987466 -2.35344e-185
1307 0.0980875 -2.35344e-185
1308 0.0974178 -2.35344e-185
1309 0.0967382 -2.35344e-185
1310 0.0960488 -2.35344e-185
1311 0.0953502 -2.35344e-185
1312 0.0946427 -2.35344e-185
1313 0.0939268 -2.35344e-185
1314 0.0932027 -2.35344e-185
1315 0.0924711 -2.35344e-185
1316 0.0917322 -2.35344e-185
1317 0.0909866 -2.35344e-185
1318 0.0902347 -2.35344e-185
1319 0.0894769 -2.35344e-185
1320 0.0887136 -2.35344e-185
1321 0.0879453 -2.35344e-185
1322 0.0871725 -2.35344e-185
1323 0.0863956 -2.35344e-185
1324 0.0856151 -2.35344e-185
1325 0.0848313 -2.35344e-185
1326 0.0840447 -2.35344e-185
1327 0.0832559 -2.35344e-185
1328 0.0824651 -2.35344e-185
1329 0.0816728 -2.35344e-185
1330 0.0808795 -2.35344e-185
1331 0.0800855 -2.35344e-185
1332 0.0792913 -2.35344e-185
1333 0.0784973 -2.35344e-185
1334 0.0777039 -2.35344e-185
1335 0.0769114 -2.35344e-185
1336 0.0761203 -2.35344e-185
1337 0.0753309 -2.35344e-185
1338 0.0745435 -2.35344e-185
1339 0.0737586 -2.35344e-185
1340 0.0729764 -2.35344e-185
1341 0.0721973 -2.35344e-185
1342 0.0714217 -2.35344e-185
1343 0.0706498 -2.35344e-185
1344 0.0698819 -2.35344e-185
1345 0.0691184 -2.35344e-185
1346 0.0683595 -2.35344e-185
1347 0.0676055 -2.35344e-185
1348 0.0668566 -2.35344e-185
1349 0.0661132 -2.35344e-185
1350 0.0653754 -2.35344e-185
1351 0.0646436 -2.35344e-185
1352 0.0639179 -2.35344e-185
1353 0.0631986 -2.35344e-185
1354 0.0624858 -2.35344e-185
1355 0.0617798 -2.35344e-185
1356 0.0610808 -2.35344e-185
1357 0.060389 -2.35344e-185
1358 0.0597046 -2.35344e-185
1359 0.0590277 -2.35344e-185
1360 0.0583585 -2.35344e-185
1361 0.0576972 -2.35344e-185
1362 0.057044 -2.35344e-185
1363 0.056399 -2.35344e-185
1364 0.0557624 -2.35344e-185
1365 0.0551344 -2.35344e-185
1366 0.054515 -2.35344e-185
1367 0.0539044 -2.35344e-185
1368 0.0533029 -2.35344e-185
1369 0.0527105 -2.35344e-185
1370 0.0521274 -2.35344e-185
1371 0.0515537 -2.35344e-185
1372 0.0509895 -2.35344e-185
1373 0.0504351 -2.35344e-185
1374 0.0498905 -2.35344e-185
1375 0.0493559 -2.35344e-185
1376 0.0488315 -2.35344e-185
1377 0.0483173 -2.35344e-185
1378 0.0478135 -2.35344e-185
1379 0.0473204 -2.35344e-185
1380 0.0468379 -2.35344e-185
1381 0.0463662 -2.35344e-185
1382 0.0459056 -2.35344e-185
1383 0.0454561 -2.35344e-185
1384 0.0450178 -2.35344e-185
1385 0.044591 -2.35344e-185
1386 0.0441758 -2.35344e-185
1387 0.0437722 -2.35344e-185
1388 0.0433805 -2.35344e-185
1389 0.0430008 -2.35344e-185
1390 0.0426331 -2.35344e-185
1391 0.0422777 -2.35344e-185
1392 0.0419347 -2.35344e-185
1393 0.0416041 -2.35344e-185
1394 0.0412861 -2.35344e-185
1395 0.0409809 -2.35344e-185
1396 0.0406884 -2.35344e-185
1397 0.0404089 -2.35344e-185
1398 0.0401423 -2.35344e-185
1399 0.0398889 -2.35344e-185
1400 0.0396486 -2.35344e-185
1401 0.0394215 -2.35344e-185
1402 0.0392076 -2.35344e-185
1403 0.0390071 -2.35344e-185
1404 0.03882 -2.35344e-185
1405 0.0386462 -2.35344e-185
1406 0.0384858 -2.35344e-185
1407 0.0383388 -2.35344e-185
1408 0.0382051 -2.35344e-185
1409 0.0380848 -2.35344e-185
1410 0.0379778 -2.35344e-185
1411 0.037884 -2.35344e-185
1412 0.0378035 -2.35344e-185
1413 0.037736 -2.35344e-185
1414 0.0376816 -2.35344e-185
1415 0.0376401 -2.35344e-185
1416 0.0376115 -2.35344e-185
1417 0.0375955 -2.35344e-185
1418 0.0375921 -2.35344e-185
1419 0.0376012 -2.35344e-185
1420 0.0376225 -2.35344e-185
1421 0.0376559 -2.35344e-185
1422 0.0377013 -2.35344e-185
1423 0.0377584 -2.35344e-185
1424 0.0378272 -2.35344e-185
1425 0.0379073 -2.35344e-185
1426 0.0379985 -2.35344e-185
1427 0.0381008 -2.35344e-185
1428 0.0382137 -2.35344e-185
1429 0.0383373 -2.35344e-185
1430 0.0384711 -2.35344e-185
1431 0.038615 -2.35344e-185
1432 0.0387687 -2.35344e-185
1433 0.0389321 -2.35344e-185
1434 0.0391048 -2.35344e-185
1435 0.0392866 -2.35344e-185
1436 0.0394773 -2.35344e-185
1437 0.0396766 -2.35344e-185
1438 0.0398843 -2.35344e-185
1439 0.0401001 -2.35344e-185
1440 0.0403237 -2.35344e-185
1441 0.040555 -2.35344e-185
1442 0.0407937 -2.35344e-185
1443 0.0410394 -2.35344e-185
1444 0.041292 -2.35344e-185
1445 0.0415512 -2.35344e-185
1446 0.0418167 -2.35344e-185
1447 0.0420883 -2.35344e-185
1448 0.0423657 -2.35344e-185
1449 0.0426486 -2.35344e-185
1450 0.0429369 -2.35344e-185
1451 0.0432302 -2.35344e-185
1452 0.0435284 -2.35344e-185
1453 0.0438311 -2.35344e-185
1454 0.0441381 -2.35344e-185
1455 0.0444491 -2.35344e-185
1456 0.044764 -2.35344e-185
1457 0.0450824 -2.35344e-185
1458 0.0454041 -2.35344e-185
1459 0.0457289 -2.35344e-185
1460 0.0460565 -2.35344e-185
1461 0.0463868 -2.35344e-185
1462 0.0467193 -2.35344e-185
1463 0.047054 -2.35344e-185
1464 0.0473905 -2.35344e-185
1465 0.0477288 -2.35344e-185
1466 0.0480684 -2.35344e-185
1467 0.0484092 -2.35344e-185
1468 0.048751 -2.35344e-185
1469 0.0490936 -2.35344e-185
1470 0.0494366 -2.35344e-185
1471 0.04978 -2.35344e-185
1472 0.0501235 -2.35344e-185
1473 0.0504669 -2.35344e-185
1474 0.05081 -2.35344e-185
1475 0.0511526 -2.35344e-185
1476 0.0514944 -2.35344e-185
1477 0.0518354 -2.35344e-185
1478 0.0521753 -2.35344e-185
1479 0.0525138 -2.35344e-185
1480 0.0528509 -2.35344e-185
1481 0.0531864 -2.35344e-185
1482 0.0535201 -2.35344e-185
1483 0.0538518 -2.35344e-185
1484 0.0541813 -2.35344e-185
1485 0.0545086 -2.35344e-185
1486 0.0548334 -2.35344e-185
1487 0.0551556 -2.35344e-185
1488 0.0554751 -2.35344e-185
1489 0.0557918 -2.35344e-185
1490 0.0561055 -2.35344e-185
1491 0.0564161 -2.35344e-185
1492 0.0567236 -2.35344e-185
1493 0.0570277 -2.35344e-185
1494 0.0573285 -2.35344e-185
1495 0.0576259 -2.35344e-185
1496 0.0579197 -2.35344e-185
1497 0.0582099 -2.35344e-185
1498 0.0584965 -2.35344e-185
1499 0.0587794 -2.35344e-185
1500 0.0590586 -2.35344e-185
1501 0.0593341 -2.35344e-185
1502 0.0596058 -2.35344e-185
1503 0.0598738 -2.35344e-185
1504 0.060138 -2.35344e-185
1505 0.0603984 -2.35344e-185
1506 0.0606552 -2.35344e-185
1507 0.0609082 -2.35344e-185
1508 0.0611576 -2.35344e-185
1509 0.0614033 -2.35344e-185
1510 0.0616455 -2.35344e-185
1511 0.0618842 -2.35344e-185
1512 0.0621195 -2.35344e-185
1513 0.0623514 -2.35344e-185
1514 0.0625801 -2.35344e-185
1515 0.0628055 -2.35344e-185
1516 0.0630279 -2.35344e-185
1517 0.0632473 -2.35344e-185
1518 0.0634637 -2.35344e-185
1519 0.0636774 -2.35344e-185
1520 0.0638883 -2.35344e-185
1521 0.0640967 -2.35344e-185
1522 0.0643027 -2.35344e-185
1523 0.0645062 -2.35344e-185
1524 0.0647075 -2.35344e-185
1525 0.0649067 -2.35344e-185
1526 0.0651039 -2.35344e-185
1527 0.0652991 -2.35344e-185
1528 0.0654926 -2.35344e-185
1529 0.0656844 -2.35344e-185
1530 0.0658746 -2.35344e-185
1531 0.0660633 -2.35344e-185
1532 0.0662506 -2.35344e-185
1533 0.0664367 -2.35344e-185
1534 0.0666216 -2.35344e-185
1535 0.0668054 -2.35344e-185
1536 0.0669881 -2.35344e-185
1537 0.06717 -2.35344e-185
1538 0.067351 -2.35344e-185
1539 0.0675313 -2.35344e-185
1540 0.0677109 -2.35344e-185
1541 0.0678898 -2.35344e-185
1542 0.0680682 -2.35344e-185
1543 0.068246 -2.35344e-185
1544 0.0684234 -2.35344e-185
1545 0.0686004 -2.35344e-185
1546 0.068777 -2.35344e-185
1547 0.0689533 -2.35344e-185
1548 0.0691294 -2.35344e-185
1549 0.0693051 -2.35344e-185
1550 0.0694806 -2.35344e-185
1551 0.069656 -2.35344e-185
1552 0.0698311 -2.35344e-185
1553 0.0700062 -2.35344e-185
1554 0.070181 -2.35344e-185
1555 0.0703558 -2.35344e-185
1556 0.0705305 -2.35344e-185
1557 0.0707051 -2.35344e-185
1558 0.0708796 -2.35344e-185
1559 0.0710541 -2.35344e-185
1560 0.0712285 -2.35344e-185
1561 0.0714029 -2.35344e-185
1562 0.0715773 -2.35344e-185
1563 0.0717517 -2.35344e-185
1564 0.0719261 -2.35344e-185
1565 0.0721006 -2.35344e-185
1566 0.0722751 -2.35344e-185
1567 0.0724497 -2.35344e-185
1568 0.0726243 -2.35344e-185
1569 0.0727991 -2.35344e-185
1570 0.0729741 -2.35344e-185
1571 0.0731492 -2.35344e-185
1572 0.0733245 -2.35344e-185
1573 0.0735 -2.35344e-185
1574 0.0736759 -2.35344e-185
1575 0.073852 -2.35344e-185
1576 0.0740285 -2.35344e-185
1577 0.0742053 -2.35344e-185
1578 0.0743827 -2.35344e-185
1579 0.0745605 -2.35344e-185
1580 0.0747388 -2.35344e-185
1581 0.0749178 -2.35344e-185
1582 0.0750974 -2.35344e-185
1583 0.0752777 -2.35344e-185
1584 0.0754587 -2.35344e-185
1585 0.0756406 -2.35344e-185
1586 0.0758234 -2.35344e-185
1587 0.0760072 -2.35344e-185
1588 0.076192 -2.35344e-185
1589 0.0763778 -2.35344e-185
1590 0.0765648 -2.35344e-185
1591 0.076753 -2.35344e-185
1592 0.0769425 -2.35344e-185
1593 0.0771334 -2.35344e-185
1594 0.0773256 -2.35344e-185
1595 0.0775194 -2.35344e-185
1596 0.0777146 -2.35344e-185
1597 0.0779115 -2.35344e-185
1598 0.07811 -2.35344e-185
1599 0.0783103 -2.35344e-185
1600 0.0785123 -2.35344e-185
1601 0.0787162 -2.35344e-185
1602 0.078922 -2.35344e-185
1603 0.0791297 -2.35344e-185
1604 0.0793394 -2.35344e-185
1605 0.0795511 -2.35344e-185
1606 0.0797649 -2.35344e-185
1607 0.0799809 -2.35344e-185
1608 0.080199 -2.35344e-185
1609 0.0804194 -2.35344e-185
1610 0.0806421 -2.35344e-185
1611 0.080867 -2.35344e-185
1612 0.0810943 -2.35344e-185
1613 0.081324 -2.35344e-185
1614 0.0815561 -2.35344e-185
1615 0.0817907 -2.35344e-185
1616 0.0820278 -2.35344e-185
1617 0.0822675 -2.35344e-185
1618 0.0825097 -2.35344e-185
1619 0.0827545 -2.35344e-185
1620 0.083002 -2.35344e-185
1621 0.0832522 -2.35344e-185
1622 0.0835052 -2.35344e-185
1623 0.0837609 -2.35344e-185
1624 0.0840194 -2.35344e-185
1625 0.0842807 -2.35344e-185
1626 0.084545 -2.35344e-185
1627 0.0848122 -2.35344e-185
1628 0.0850823 -2.35344e-185
1629 0.0853554 -2.35344e-185
1630 0.0856316 -2.35344e-185
1631 0.0859109 -2.35344e-185
1632 0.0861932 -2.35344e-185
1633 0.0864787 -2.35344e-185
1634 0.0867673 -2.35344e-185
1635 0.0870591 -2.35344e-185
1636 0.0873542 -2.35344e-185
1637 0.0876524 -2.35344e-185
1638 0.0879538 -2.35344e-185
1639 0.0882585 -2.35344e-185
1640 0.0885663 -2.35344e-185
1641 0.0888774 -2.35344e-185
1642 0.0891916 -2.35344e-185
1643 0.0895089 -2.35344e-185
1644 0.0898294 -2.35344e-185
1645 0.0901529 -2.35344e-185
1646 0.0904794 -2.35344e-185
1647 0.0908088 -2.35344e-185
1648 0.0911409 -2.35344e-185
1649 0.0914758 -2.35344e-185
1650 0.0918133 -2.35344e-185
1651 0.0921532 -2.35344e-185
1652 0.0924955 -2.35344e-185
1653 0.0928398 -2.35344e-185
1654 0.0931861 -2.35344e-185
1655 0.0935342 -2.35344e-185
1656 0.0938838 -2.35344e-185
1657 0.0942348 -2.35344e-185
1658 0.0945867 -2.35344e-185
1659 0.0949395 -2.35344e-185
1660 0.0952928 -2.35344e-185
1661 0.0956464 -2.35344e-185
1662 0.0959998 -2.35344e-185
1663 0.0963528 -2.35344e-185
1664 0.0967051 -2.35344e-185
1665 0.0970562 -2.35344e-185
1666 0.0974057 -2.35344e-185
1667 0.0977534 -2.35344e-185
1668 0.0980988 -2.35344e-185
1669 0.0984415 -2.35344e-185
1670 0.0987811 -2.35344e-185
1671 0.099117 -2.35344e-185
1672 0.099449 -2.35344e-185
1673 0.0997765 -2.35344e-185
1674 0.100099 -2.35344e-185
1675 0.100416 -2.35344e-185
1676 0.100727 -2.35344e-185
1677 0.101032 -2.35344e-185
1678 0.10133 -2.35344e-185
1679 0.101621 -2.35344e-185
1680 0.101904 -2.35344e-185
1681 0.102179 -2.35344e-185
1682 0.102445 -2.35344e-185
1683 0.102702 -2.35344e-185
1684 0.102949 -2.35344e-185
1685 0.103186 -2.35344e-185
1686 0.103412 -2.35344e-185
1687 0.103627 -2.35344e-185
1688 0.103831 -2.35344e-185
1689 0.104023 -2.35344e-185
1690 0.104202 -2.35344e-185
1691 0.104369 -2.35344e-185
1692 0.104522 -2.35344e-185
1693 0.104662 -2.35344e-185
1694 0.104788 -2.35344e-185
1695 0.1049 -2.35344e-185
1696 0.104997 -2.35344e-185
1697 0.105078 -2.35344e-185
1698 0.105145 -2.35344e-185
1699 0.105196 -2.35344e-185
1700 0.105231 -2.35344e-185
1701 0.105249 -2.35344e-185
1702 0.105251 -2.35344e-185
1703 0.105237 -2.35344e-185
1704 0.105205 -2.35344e-185
1705 0.105156 -2.35344e-185
1706 0.10509 -2.35344e-185
1707 0.105006 -2.35344e-185
1708 0.104904 -2.35344e-185
1709 0.104784 -2.35344e-185
1710 0.104646 -2.35344e-185
1711 0.10449 -2.35344e-185
1712 0.104316 -2.35344e-185
1713 0.104122 -2.35344e-185
1714 0.103911 -2.35344e-185
1715 0.10368 -2.35344e-185
1716 0.103431 -2.35344e-185
1717 0.103163 -2.35344e-185
1718 0.102876 -2.35344e-185
1719 0.10257 -2.35344e-185
1720 0.102245 -2.35344e-185
1721 0.101901 -2.35344e-185
1722 0.101539 -2.35344e-185
1723 0.101157 -2.35344e-185
1724 0.100756 -2.35344e-185
1725 0.100336 -2.35344e-185
1726 0.0998975 -2.35344e-185
1727 0.09944 -2.35344e-185
1728 0.0989636 -2.35344e-185
1729 0.0984685 -2.35344e-185
1730 0.0979547 -2.35344e-185
1731 0.0974222 -2.35344e-185
1732 0.0968713 -2.35344e-185
1733 0.096302 -2.35344e-185
1734 0.0957144 -2.35344e-185
1735 0.0951085 -2.35344e-185
1736 0.0944847 -2.35344e-185
1737 0.0938429 -2.35344e-185
1738 0.0931834 -2.35344e-185
1739 0.0925062 -2.35344e-185
1740 0.0918117 -2.35344e-185
1741 0.0910999 -2.35344e-185
1742 0.0903711 -2.35344e-185
1743 0.0896254 -2.35344e-185
1744 0.0888632 -2.35344e-185
1745 0.0880845 -2.35344e-185
1746 0.0872897 -2.35344e-185
1747 0.0864791 -2.35344e-185
1748 0.0856529 -2.35344e-185
1749 0.0848114 -2.35344e-185
1750 0.0839549 -2.35344e-185
1751 0.0830838 -2.35344e-185
1752 0.0821983 -2.35344e-185
1753 0.081299 -2.35344e-185
1754 0.0803861 -2.35344e-185
1755 0.0794601 -2.35344e-185
1756 0.0785214 -2.35344e-185
1757 0.0775705 -2.35344e-185
1758 0.0766079 -2.35344e-185
1759 0.075634 -2.35344e-185
1760 0.0746495 -2.35344e-185
1761 0.073655 -2.35344e-185
1762 0.0726509 -2.35344e-185
1763 0.071638 -2.35344e-185
1764 0.070617 -2.35344e-185
1765 0.0695886 -2.35344e-185
1766 0.0685535 -2.35344e-185
1767 0.0675125 -2.35344e-185
1768 0.0664666 -2.35344e-185
1769 0.0654166 -2.35344e-185
1770 0.0643635 -2.35344e-185
1771 0.0633083 -2.35344e-185
1772 0.0622521 -2.35344e-185
1773 0.061196 -2.35344e-185
1774 0.0601411 -2.35344e-185
1775 0.0590889 -2.35344e-185
1776 0.0580405 -2.35344e-185
1777 0.0569975 -2.35344e-185
1778 0.0559612 -2.35344e-185
1779 0.0549334 -2.35344e-185
1780 0.0539156 -2.35344e-185
1781 0.0529097 -2.35344e-185
1782 0.0519173 -2.35344e-185
1783 0.0509406 -2.35344e-185
1784 0.0499814 -2.35344e-185
1785 0.049042 -2.35344e-185
1786 0.0481245 -2.35344e-185
1787 0.0472312 -2.35344e-185
1788 0.0463646 -2.35344e-185
1789 0.045527 -2.35344e-185
1790 0.044721 -2.35344e-185
1791 0.0439492 -2.35344e-185
1792 0.0432143 -2.35344e-185
1793 0.0425187 -2.35344e-185
1794 0.0418653 -2.35344e-185
1795 0.0412565 -2.35344e-185
1796 0.0406949 -2.35344e-185
1797 0.040183 -2.35344e-185
1798 0.039723 -2.35344e-185
1799 0.039317 -2.35344e-185
1800 0.038967 -2.35344e-185
1801 0.0386745 -2.35344e-185
1802 0.038441 -2.35344e-185
1803 0.0382675 -2.35344e-185
1804 0.0381547 -2.35344e-185
1805 0.0381029 -2.35344e-185
1806 0.0381121 -2.35344e-185
1807 0.0381819 -2.35344e-185
1808 0.0383115 -2.35344e-185
1809 0.0384998 -2.35344e-185
1810 0.0387454 -2.35344e-185
1811 0.0390466 -2.35344e-185
1812 0.0394013 -2.35344e-185
1813 0.0398074 -2.35344e-185
1814 0.0402627 -2.35344e-185
1815 0.0407645 -2.35344e-185
1816 0.0413103 -2.35344e-185
1817 0.0418975 -2.35344e-185
1818 0.0425235 -2.35344e-185
1819 0.0431855 -2.35344e-185
1820 0.0438811 -2.35344e-185
1821 0.0446076 -2.35344e-185
1822 0.0453625 -2.35344e-185
1823 0.0461435 -2.35344e-185
1824 0.0469482 -2.35344e-185
1825 0.0477745 -2.35344e-185
1826 0.0486203 -2.35344e-185
1827 0.0494834 -2.35344e-185
1828 0.0503621 -2.35344e-185
1829 0.0512546 -2.35344e-185
1830 0.0521592 -2.35344e-185
1831 0.0530743 -2.35344e-185
1832 0.0539985 -2.35344e-185
1833 0.0549303 -2.35344e-185
1834 0.0558685 -2.35344e-185
1835 0.0568119 -2.35344e-185
1836 0.0577593 -2.35344e-185
1837 0.0587097 -2.35344e-185
1838 0.0596621 -2.35344e-185
1839 0.0606157 -2.35344e-185
1840 0.0615694 -2.35344e-185
1841 0.0625227 -2.35344e-185
1842 0.0634747 -2.35344e-185
1843 0.0644247 -2.35344e-185
1844 0.0653721 -2.35344e-185
1845 0.0663163 -2.35344e-185
1846 0.0672568 -2.35344e-185
1847 0.068193 -2.35344e-185
1848 0.0691245 -2.35344e-185
1849 0.0700509 -2.35344e-185
1850 0.0709716 -2.35344e-185
1851 0.0718863 -2.35344e-185
1852 0.0727947 -2.35344e-185
1853 0.0736965 -2.35344e-185
1854 0.0745912 -2.35344e-185
1855 0.0754786 -2.35344e-185
1856 0.0763585 -2.35344e-185
1857 0.0772305 -2.35344e-185
1858 0.0780945 -2.35344e-185
1859 0.0789502 -2.35344e-185
1860 0.0797973 -2.35344e-185
1861 0.0806358 -2.35344e-185
1862 0.0814654 -2.35344e-185
1863 0.0822859 -2.35344e-185
1864 0.0830973 -2.35344e-185
1865 0.0838992 -2.35344e-185
1866 0.0846916 -2.35344e-185
1867 0.0854744 -2.35344e-185
1868 0.0862475 -2.35344e-185
1869 0.0870106 -2.35344e-185
1870 0.0877638 -2.35344e-185
1871 0.0885069 -2.35344e-185
1872 0.0892398 -2.35344e-185
1873 0.0899624 -2.35344e-185
1874 0.0906747 -2.35344e-185
1875 0.0913766 -2.35344e-185
1876 0.092068 -2.35344e-185
1877 0.0927488 -2.35344e-185
1878 0.0934191 -2.35344e-185
1879 0.0940787 -2.35344e-185
1880 0.0947277 -2.35344e-185
1881 0.0953659 -2.35344e-185
1882 0.0959933 -2.35344e-185
1883 0.09661 -2.35344e-185
1884 0.0972158 -2.35344e-185
1885 0.0978108 -2.35344e-185
1886 0.0983949 -2.35344e-185
1887 0.0989682 -2.35344e-185
1888 0.0995305 -2.35344e-185
1889 0.100082 -2.35344e-185
1890 0.100623 -2.35344e-185
1891 0.101152 -2.35344e-185
1892 0.101671 -2.35344e-185
1893 0.102179 -2.35344e-185
1894 0.102676 -2.35344e-185
1895 0.103162 -2.35344e-185
1896 0.103638 -2.35344e-185
1897 0.104102 -2.35344e-185
1898 0.104556 -2.35344e-185
1899 0.104999 -2.35344e-185
1900 0.105431 -2.35344e-185
1901 0.105852 -2.35344e-185
1902 0.106263 -2.35344e-185
1903 0.106662 -2.35344e-185
1904 0.107052 -2.35344e-185
1905 0.10743 -2.35344e-185
1906 0.107798 -2.35344e-185
1907 0.108155 -2.35344e-185
1908 0.108502 -2.35344e-185
1909 0.108838 -2.35344e-185
1910 0.109163 -2.35344e-185
1911 0.109478 -2.35344e-185
1912 0.109783 -2.35344e-185
1913 0.110077 -2.35344e-185
1914 0.11036 -2.35344e-185
1915 0.110634 -2.35344e-185
1916 0.110897 -2.35344e-185
1917 0.111149 -2.35344e-185
1918 0.111391 -2.35344e-185
1919 0.111623 -2.35344e-185
1920 0.111845 -2.35344e-185
1921 0.112057 -2.35344e-185
1922 0.112258 -2.35344e-185
1923 0.112449 -2.35344e-185
1924 0.112631 -2.35344e-185
1925 0.112802 -2.35344e-185
1926 0.112963 -2.35344e-185
1927 0.113115 -2.35344e-185
1928 0.113257 -2.35344e-185
1929 0.113389 -2.35344e-185
1930 0.113512 -2.35344e-185
1931 0.113625 -2.35344e-185
1932 0.113729 -2.35344e-185
1933 0.113824 -2.35344e-185
1934 0.11391 -2.35344e-185
1935 0.113987 -2.35344e-185
1936 0.114055 -2.35344e-185
1937 0.114115 -2.35344e-185
1938 0.114167 -2.35344e-185
1939 0.114211 -2.35344e-185
1940 0.114247 -2.35344e-185
1941 0.114276 -2.35344e-185
1942 0.114298 -2.35344e-185
1943 0.114313 -2.35344e-185
1944 0.114321 -2.35344e-185
1945 0.114323 -2.35344e-185
1946 0.11432 -2.35344e-185
1947 0.114312 -2.35344e-185
1948 0.114298 -2.35344e-185
1949 0.11428 -2.35344e-185
1950 0.114258 -2.35344e-185
1951 0.114233 -2.35344e-185
1952 0.114205 -2.35344e-185
1953 0.114174 -2.35344e-185
1954 0.114141 -2.35344e-185
1955 0.114106 -2.35344e-185
1956 0.11407 -2.35344e-185
1957 0.114034 -2.35344e-185
1958 0.113998 -2.35344e-185
1959 0.113963 -2.35344e-185
1960 0.113928 -2.35344e-185
1961 0.113895 -2.35344e-185
1962 0.113864 -2.35344e-185
1963 0.113836 -2.35344e-185
1964 0.113811 -2.35344e-185
1965 0.11379 -2.35344e-185
1966 0.113773 -2.35344e-185
1967 0.11376 -2.35344e-185
1968 0.113752 -2.35344e-185
1969 0.11375 -2.35344e-185
1970 0.113754 -2.35344e-185
1971 0.113764 -2.35344e-185
1972 0.113781 -2.35344e-185
1973 0.113805 -2.35344e-185
1974 0.113836 -2.35344e-185
1975 0.113876 -2.35344e-185
1976 0.113923 -2.35344e-185
1977 0.113978 -2.35344e-185
1978 0.114043 -2.35344e-185
1979 0.114116 -2.35344e-185
1980 0.114198 -2.35344e-185
1981 0.114289 -2.35344e-185
1982 0.11439 -2.35344e-185
1983 0.114501 -2.35344e-185
1984 0.114621 -2.35344e-185
1985 0.11475 -2.35344e-185
1986 0.11489 -2.35344e-185
1987 0.11504 -2.35344e-185
1988 0.115199 -2.35344e-185
1989 0.115368 -2.35344e-185
1990 0.115547 -2.35344e-185
1991 0.115736 -2.35344e-185
1992 0.115934 -2.35344e-185
1993 0.116143 -2.35344e-185
1994 0.11636 -2.35344e-185
1995 0.116588 -2.35344e-185
1996 0.116824 -2.35344e-185
1997 0.11707 -2.35344e-185
1998 0.117324 -2.35344e-185
1999 0.117588 -2.35344e-185
2000 0.11786 -2.35344e-185
2001 0.11814 -2.35344e-185
2002 0.118429 -2.35344e-185
2003 0.118725 -2.35344e-185
2004 0.11903 -2.35344e-185
2005 0.119342 -2.35344e-185
2006 0.119661 -2.35344e-185
2007 0.119988 -2.35344e-185
2008 0.120321 -2.35344e-185
2009 0.120661 -2.35344e-185
2010 0.121007 -2.35344e-185
2011 0.12136 -2.35344e-185
2012 0.121719 -2.35344e-185
2013 0.122083 -2.35344e-185
2014 0.122453 -2.35344e-185
2015 0.122828 -2.35344e-185
2016 0.123208 -2.35344e-185
2017 0.123594 -2.35344e-185
2018 0.123984 -2.35344e-185
2019 0.124378 -2.35344e-185
2020 0.124777 -2.35344e-185
2021 0.12518 -2.35344e-185
2022 0.125588 -2.35344e-185
2023 0.125999 -2.35344e-185
2024 0.126414 -2.35344e-185
2025 0.126833 -2.35344e-185
2026 0.127255 -2.35344e-185
2027 0.127681 -2.35344e-185
2028 0.12811 -2.35344e-185
2029 0.128542 -2.35344e-185
2030 0.128977 -2.35344e-185
2031 0.129415 -2.35344e-185
2032 0.129857 -2.35344e-185
2033 0.130301 -2.35344e-185
2034 0.130747 -2.35344e-185
2035 0.131197 -2.35344e-185
2036 0.131649 -2.35344e-185
2037 0.132104 -2.35344e-185
2038 0.132561 -2.35344e-185
2039 0.133021 -2.35344e-185
2040 0.133483 -2.35344e-185
2041 0.133947 -2.35344e-185
2042 0.134414 -2.35344e-185
2043 0.134882 -2.35344e-185
2044 0.135353 -2.35344e-185
2045 0.135825 -2.35344e-185
2046 0.1363 -2.35344e-185
2047 0.136776 -2.35344e-185
2048 0.137253 -2.35344e-185
2049 0.137732 -2.35344e-185
2050 0.138213 -2.35344e-185
2051 0.138695 -2.35344e-185
2052 0.139178 -2.35344e-185
2053 0.139661 -2.35344e-185
2054 0.140146 -2.35344e-185
2055 0.140631 -2.35344e-185
2056 0.141117 -2.35344e-185
2057 0.141603 -2.35344e-185
2058 0.14209 -2.35344e-185
2059 0.142576 -2.35344e-185
2060 0.143062 -2.35344e-185
2061 0.143547 -2.35344e-185
2062 0.144032 -2.35344e-185
2063 0.144516 -2.35344e-185
2064 0.144998 -2.35344e-185
2065 0.145479 -2.35344e-185
2066 0.145959 -2.35344e-185
2067 0.146437 -2.35344e-185
2068 0.146912 -2.35344e-185
2069 0.147385 -2.35344e-185
2070 0.147856 -2.35344e-185
2071 0.148323 -2.35344e-185
2072 0.148787 -2.35344e-185
2073 0.149248 -2.35344e-185
2074 0.149705 -2.35344e-185
2075 0.150158 -2.35344e-185
2076 0.150606 -2.35344e-185
2077 0.15105 -2.35344e-185
2078 0.151488 -2.35344e-185
2079 0.151922 -2.35344e-185
2080 0.15235 -2.35344e-185
2081 0.152772 -2.35344e-185
2082 0.153187 -2.35344e-185
2083 0.153596 -2.35344e-185
2084 0.153999 -2.35344e-185
2085 0.154394 -2.35344e-185
2086 0.154782 -2.35344e-185
2087 0.155162 -2.35344e-185
2088 0.155533 -2.35344e-185
2089 0.155897 -2.35344e-185
2090 0.156251 -2.35344e-185
2091 0.156597 -2.35344e-185
2092 0.156933 -2.35344e-185
2093 0.15726 -2.35344e-185
2094 0.157576 -2.35344e-185
2095 0.157883 -2.35344e-185
2096 0.158178 -2.35344e-185
2097 0.158463 -2.35344e-185
2098 0.158737 -2.35344e-185
2099 0.158998 -2.35344e-185
2100 0.159248 -2.35344e-185
2101 0.159486 -2.35344e-185
2102 0.159712 -2.35344e-185
2103 0.159924 -2.35344e-185
2104 0.160124 -2.35344e-185
2105 0.16031 -2.35344e-185
2106 0.160483 -2.35344e-185
2107 0.160642 -2.35344e-185
2108 0.160787 -2.35344e-185
2109 0.160917 -2.35344e-185
2110 0.161033 -2.35344e-185
2111 0.161133 -2.35344e-185
2112 0.161219 -2.35344e-185
2113 0.161289 -2.35344e-185
2114 0.161344 -2.35344e-185
2115 0.161383 -2.35344e-185
2116 0.161405 -2.35344e-185
2117 0.161412 -2.35344e-185
2118 0.161402 -2.35344e-185
2119 0.161376 -2.35344e-185
2120 0.161332 -2.35344e-185
2121 0.161272 -2.35344e-185
2122 0.161195 -2.35344e-185
2123 0.161101 -2.35344e-185
2124 0.160989 -2.35344e-185
2125 0.16086 -2.35344e-185
2126 0.160714 -2.35344e-185
2127 0.16055 -2.35344e-185
2128 0.160368 -2.35344e-185
2129 0.160169 -2.35344e-185
2130 0.159952 -2.35344e-185
2131 0.159717 -2.35344e-185
2132 0.159464 -2.35344e-185
2133 0.159194 -2.35344e-185
2134 0.158906 -2.35344e-185
2135 0.1586 -2.35344e-185
2136 0.158277 -2.35344e-185
2137 0.157936 -2.35344e-185
2138 0.157577 -2.35344e-185
2139 0.157201 -2.35344e-185
2140 0.156808 -2.35344e-185
2141 0.156397 -2.35344e-185
2142 0.155969 -2.35344e-185
2143 0.155524 -2.35344e-185
2144 0.155062 -2.35344e-185
2145 0.154584 -2.35344e-185
2146 0.154089 -2.35344e-185
2147 0.153578 -2.35344e-185
2148 0.15305 -2.35344e-185
2149 0.152507 -2.35344e-185
2150 0.151947 -2.35344e-185
2151 0.151372 -2.35344e-185
2152 0.150782 -2.35344e-185
2153 0.150177 -2.35344e-185
2154 0.149557 -2.35344e-185
2155 0.148922 -2.35344e-185
2156 0.148273 -2.35344e-185
2157 0.14761 -2.35344e-185
2158 0.146933 -2.35344e-185
2159 0.146243 -2.35344e-185
2160 0.145539 -2.35344e-185
2161 0.144822 -2.35344e-185
2162 0.144093 -2.35344e-185
2163 0.143351 -2.35344e-185
2164 0.142597 -2.35344e-185
2165 0.141831 -2.35344e-185
2166 0.141054 -2.35344e-185
2167 0.140266 -2.35344e-185
2168 0.139467 -2.35344e-185
2169 0.138657 -2.35344e-185
2170 0.137837 -2.35344e-185
2171 0.137007 -2.35344e-185
2172 0.136168 -2.35344e-185
2173 0.135319 -2.35344e-185
2174 0.134461 -2.35344e-185
2175 0.133595 -2.35344e-185
2176 0.132721 -2.35344e-185
2177 0.131838 -2.35344e-185
2178 0.130948 -2.35344e-185
2179 0.130051 -2.35344e-185
2180 0.129147 -2.35344e-185
2181 0.128236 -2.35344e-185
2182 0.127319 -2.35344e-185
2183 0.126396 -2.35344e-185
2184 0.125467 -2.35344e-185
2185 0.124533 -2.35344e-185
2186 0.123594 -2.35344e-185
2187 0.122651 -2.35344e-185
2188 0.121703 -2.35344e-185
2189 0.120752 -2.35344e-185
2190 0.119797 -2.35344e-185
2191 0.118838 -2.35344e-185
2192 0.117877 -2.35344e-185
2193 0.116914 -2.35344e-185
2194 0.115948 -2.35344e-185
2195 0.11498 -2.35344e-185
2196 0.114011 -2.35344e-185
2197 0.113041 -2.35344e-185
2198 0.11207 -2.35344e-185
2199 0.111098 -2.35344e-185
2200 0.110126 -2.35344e-185
2201 0.109154 -2.35344e-185
2202 0.108183 -2.35344e-185
2203 0.107212 -2.35344e-185
2204 0.106243 -2.35344e-185
2205 0.105275 -2.35344e-185
2206 0.104309 -2.35344e-185
2207 0.103344 -2.35344e-185
2208 0.102382 -2.35344e-185
2209 0.101423 -2.35344e-185
2210 0.100467 -2.35344e-185
2211 0.0995137 -2.35344e-185
2212 0.0985642 -2.35344e-185
2213 0.0976184 -2.35344e-185
2214 0.0966767 -2.35344e-185
2215 0.0957394 -2.35344e-185
2216 0.0948067 -2.35344e-185
2217 0.0938789 -2.35344e-185
2218 0.0929562 -2.35344e-185
2219 0.0920389 -2.35344e-185
2220 0.0911272 -2.35344e-185
2221 0.0902214 -2.35344e-185
2222 0.0893217 -2.35344e-185
2223 0.0884284 -2.35344e-185
2224 0.0875416 -2.35344e-185
2225 0.0866615 -2.35344e-185
2226 0.0857884 -2.35344e-185
2227 0.0849225 -2.35344e-185
2228 0.084064 -2.35344e-185
2229 0.083213 -2.35344e-185
2230 0.0823698 -2.35344e-185
2231 0.0815345 -2.35344e-185
2232 0.0807072 -2.35344e-185
2233 0.0798882 -2.35344e-185
2234 0.0790776 -2.35344e-185
2235 0.0782756 -2.35344e-185
2236 0.0774823 -2.35344e-185
2237 0.0766978 -2.35344e-185
2238 0.0759222 -2.35344e-185
2239 0.0751558 -2.35344e-185
2240 0.0743986 -2.35344e-185
2241 0.0736507 -2.35344e-185
2242 0.0729123 -2.35344e-185
2243 0.0721834 -2.35344e-185
2244 0.0714641 -2.35344e-185
2245 0.0707545 -2.35344e-185
2246 0.0700548 -2.35344e-185
2247 0.0693649 -2.35344e-185
2248 0.0686849 -2.35344e-185
2249 0.0680149 -2.35344e-185
2250 0.067355 -2.35344e-185
2251 0.0667052 -2.35344e-185
2252 0.0660655 -2.35344e-185
2253 0.0654359 -2.35344e-185
2254 0.0648166 -2.35344e-185
2255 0.0642074 -2.35344e-185
2256 0.0636083 -2.35344e-185
2257 0.0630195 -2.35344e-185
2258 0.0624408 -2.35344e-185
2259 0.0618722 -2.35344e-185
2260 0.0613137 -2.35344e-185
2261 0.0607652 -2.35344e-185
2262 0.0602267 -2.35344e-185
2263 0.0596981 -2.35344e-185
2264 0.0591793 -2.35344e-185
2265 0.0586702 -2.35344e-185
2266 0.0581707 -2.35344e-185
2267 0.0576807 -2.35344e-185
2268 0.0572001 -2.35344e-185
2269 0.0567287 -2.35344e-185
2270 0.0562664 -2.35344e-185
2271 0.055813 -2.35344e-185
2272 0.0553683 -2.35344e-185
2273 0.0549322 -2.35344e-185
2274 0.0545044 -2.35344e-185
2275 0.0540849 -2.35344e-185
2276 0.0536732 -2.35344e-185
2277 0.0532693 -2.35344e-185
2278 0.0528729 -2.35344e-185
2279 0.0524838 -2.35344e-185
2280 0.0521017 -2.35344e-185
2281 0.0517263 -2.35344e-185
2282 0.0513575 -2.35344e-185
2283 0.0509949 -2.35344e-185
2284 0.0506383 -2.35344e-185
2285 0.0502874 -2.35344e-185
2286 0.0499419 -2.35344e-185
2287 0.0496016 -2.35344e-185
2288 0.0492662 -2.35344e-185
2289 0.0489354 -2.35344e-185
2290 0.0486089 -2.35344e-185
2291 0.0482864 -2.35344e-185
2292 0.0479677 -2.35344e-185
2293 0.0476526 -2.35344e-185
2294 0.0473406 -2.35344e-185
2295 0.0470316 -2.35344e-185
2296 0.0467253 -2.35344e-185
2297 0.0464214 -2.35344e-185
2298 0.0461197 -2.35344e-185
2299 0.0458199 -2.35344e-185
2300 0.0455218 -2.35344e-185
2301 0.0452252 -2.35344e-185
2302 0.0449298 -2.35344e-185
2303 0.0446355 -2.35344e-185
2304 0.044342 -2.35344e-185
2305 0.0440491 -2.35344e-185
2306 0.0437567 -2.35344e-185
2307 0.0434646 -2.35344e-185
2308 0.0431726 -2.35344e-185
2309 0.0428805 -2.35344e-185
2310 0.0425884 -2.35344e-185
2311 0.042296 -2.35344e-185
2312 0.0420032 -2.35344e-185
2313 0.0417099 -2.35344e-185
2314 0.0414162 -2.35344e-185
2315 0.0411219 -2.35344e-185
2316 0.040827 -2.35344e-185
2317 0.0405315 -2.35344e-185
2318 0.0402354 -2.35344e-185
2319 0.0399388 -2.35344e-185
2320 0.0396416 -2.35344e-185
2321 0.0393439 -2.35344e-185
2322 0.0390458 -2.35344e-185
2323 0.0387475 -2.35344e-185
2324 0.0384491 -2.35344e-185
2325 0.0381506 -2.35344e-185
2326 0.0378524 -2.35344e-185
2327 0.0375546 -2.35344e-185
2328 0.0372575 -2.35344e-185
2329 0.0369613 -2.35344e-185
2330 0.0366662 -2.35344e-185
2331 0.0363727 -2.35344e-185
2332 0.0360811 -2.35344e-185
2333 0.0357917 -2.35344e-185
2334 0.0355049 -2.35344e-185
2335 0.0352212 -2.35344e-185
2336 0.0349411 -2.35344e-185
2337 0.034665 -2.35344e-185
2338 0.0343934 -2.35344e-185
2339 0.034127 -2.35344e-185
2340 0.0338662 -2.35344e-185
2341 0.0336117 -2.35344e-185
2342 0.0333642 -2.35344e-185
2343 0.0331243 -2.35344e-185
2344 0.0328927 -2.35344e-185
2345 0.03267 -2.35344e-185
2346 0.0324572 -2.35344e-185
2347 0.0322548 -2.35344e-185
2348 0.0320637 -2.35344e-185
2349 0.0318846 -2.35344e-185
2350 0.0317184 -2.35344e-185
2351 0.0315658 -2.35344e-185
2352 0.0314276 -2.35344e-185
2353 0.0313047 -2.35344e-185
2354 0.0311978 -2.35344e-185
2355 0.0311078 -2.35344e-185
2356 0.0310352 -2.35344e-185
2357 0.030981 -2.35344e-185
2358 0.0309458 -2.35344e-185
2359 0.0309303 -2.35344e-185
2360 0.030935 -2.35344e-185
2361 0.0309606 -2.35344e-185
2362 0.0310077 -2.35344e-185
2363 0.0310766 -2.35344e-185
2364 0.0311678 -2.35344e-185
2365 0.0312817 -2.35344e-185
2366 0.0314185 -2.35344e-185
2367 0.0315785 -2.35344e-185
2368 0.0317618 -2.35344e-185
2369 0.0319685 -2.35344e-185
2370 0.0321986 -2.35344e-185
2371 0.0324521 -2.35344e-185
2372 0.0327289 -2.35344e-185
2373 0.0330288 -2.35344e-185
2374 0.0333515 -2.35344e-185
2375 0.0336967 -2.35344e-185
2376 0.0340642 -2.35344e-185
2377 0.0344534 -2.35344e-185
2378 0.0348641 -2.35344e-185
2379 0.0352956 -2.35344e-185
2380 0.0357475 -2.35344e-185
2381 0.0362192 -2.35344e-185
2382 0.0367102 -2.35344e-185
2383 0.0372199 -2.35344e-185
2384 0.0377475 -2.35344e-185
2385 0.0382926 -2.35344e-185
2386 0.0388544 -2.35344e-185
2387 0.0394323 -2.35344e-185
2388 0.0400256 -2.35344e-185
2389 0.0406337 -2.35344e-185
2390 0.0412559 -2.35344e-185
2391 0.0418915 -2.35344e-185
2392 0.0425398 -2.35344e-185
2393 0.0432002 -2.35344e-185
2394 0.0438719 -2.35344e-185
2395 0.0445544 -2.35344e-185
2396 0.045247 -2.35344e-185
2397 0.045949 -2.35344e-185
2398 0.0466598 -2.35344e-185
2399 0.0473788 -2.35344e-185
2400 0.0481053 -2.35344e-185
2401 0.0488387 -2.35344e-185
2402 0.0495784 -2.35344e-185
2403 0.0503238 -2.35344e-185
2404 0.0510743 -2.35344e-185
2405 0.0518294 -2.35344e-185
2406 0.0525884 -2.35344e-185
2407 0.0533508 -2.35344e-185
2408 0.0541161 -2.35344e-185
2409 0.0548837 -2.35344e-185
2410 0.0556531 -2.35344e-185
2411 0.0564237 -2.35344e-185
2412 0.0571951 -2.35344e-185
2413 0.0579668 -2.35344e-185
2414 0.0587383 -2.35344e-185
2415 0.059509 -2.35344e-185
2416 0.0602787 -2.35344e-185
2417 0.0610467 -2.35344e-185
2418 0.0618128 -2.35344e-185
2419 0.0625764 -2.35344e-185
2420 0.0633371 -2.35344e-185
2421 0.0640946 -2.35344e-185
2422 0.0648486 -2.35344e-185
2423 0.0655985 -2.35344e-185
2424 0.0663442 -2.35344e-185
2425 0.0670852 -2.35344e-185
2426 0.0678212 -2.35344e-185
2427 0.068552 -2.35344e-185
2428 0.0692773 -2.35344e-185
2429 0.0699968 -2.35344e-185
2430 0.0707102 -2.35344e-185
2431 0.0714173 -2.35344e-185
2432 0.0721179 -2.35344e-185
2433 0.0728118 -2.35344e-185
2434 0.0734987 -2.35344e-185
2435 0.0741786 -2.35344e-185
2436 0.0748513 -2.35344e-185
2437 0.0755166 -2.35344e-185
2438 0.0761743 -2.35344e-185
2439 0.0768244 -2.35344e-185
2440 0.0774667 -2.35344e-185
2441 0.0781011 -2.35344e-185
2442 0.0787275 -2.35344e-185
2443 0.0793459 -2.35344e-185
2444 0.0799562 -2.35344e-185
2445 0.0805582 -2.35344e-185
2446 0.0811519 -2.35344e-185
2447 0.0817373 -2.35344e-185
2448 0.0823143 -2.35344e-185
2449 0.0828827 -2.35344e-185
2450 0.0834426 -2.35344e-185
2451 0.0839939 -2.35344e-185
2452 0.0845364 -2.35344e-185
2453 0.0850702 -2.35344e-185
2454 0.0855952 -2.35344e-185
2455 0.0861112 -2.35344e-185
2456 0.0866182 -2.35344e-185
2457 0.0871161 -2.35344e-185
2458 0.0876048 -2.35344e-185
2459 0.0880842 -2.35344e-185
2460 0.0885542 -2.35344e-185
2461 0.0890146 -2.35344e-185
2462 0.0894654 -2.35344e-185
2463 0.0899065 -2.35344e-185
2464 0.0903376 -2.35344e-185
2465 0.0907587 -2.35344e-185
2466 0.0911696 -2.35344e-185
2467 0.0915701 -2.35344e-185
2468 0.0919602 -2.35344e-185
2469 0.0923397 -2.35344e-185
2470 0.0927084 -2.35344e-185
2471 0.0930661 -2.35344e-185
2472 0.0934127 -2.35344e-185
2473 0.0937481 -2.35344e-185
2474 0.094072 -2.35344e-185
2475 0.0943844 -2.35344e-185
2476 0.0946851 -2.35344e-185
2477 0.094974 -2.35344e-185
2478 0.0952508 -2.35344e-185
2479 0.0955156 -2.35344e-185
2480 0.0957681 -2.35344e-185
2481 0.0960082 -2.35344e-185
2482 0.0962359 -2.35344e-185
2483 0.0964509 -2.35344e-185
2484 0.0966534 -2.35344e-185
2485 0.096843 -2.35344e-185
2486 0.0970199 -2.35344e-185
2487 0.0971839 -2.35344e-185
2488 0.0973349 -2.35344e-185
2489 0.0974731 -2.35344e-185
2490 0.0975982 -2.35344e-185
2491 0.0977104 -2.35344e-185
2492 0.0978096 -2.35344e-185
2493 0.0978958 -2.35344e-185
2494 0.0979692 -2.35344e-185
2495 0.0980297 -2.35344e-185
2496 0.0980773 -2.35344e-185
2497 0.0981123 -2.35344e-185
2498 0.0981346 -2.35344e-185
2499 0.0981444 -2.35344e-185
