0 0.0734891 -2.35344e-185
1 0.0757121 -2.35344e-185
2 0.0779475 -2.35344e-185
3 0.0801916 -2.35344e-185
4 0.0824406 -2.35344e-185
5 0.0846911 -2.35344e-185
6 0.0869399 -2.35344e-185
7 0.0891844 -2.35344e-185
8 0.0914219 -2.35344e-185
9 0.0936506 -2.35344e-185
10 0.0958688 -2.35344e-185
11 0.0980751 -2.35344e-185
12 0.100269 -2.35344e-185
13 0.102449 -2.35344e-185
14 0.104616 -2.35344e-185
15 0.106769 -2.35344e-185
16 0.108908 -2.35344e-185
17 0.111033 -2.35344e-185
18 0.113145 -2.35344e-185
19 0.115244 -2.35344e-185
20 0.11733 -2.35344e-185
21 0.119404 -2.35344e-185
22 0.121465 -2.35344e-185
23 0.123515 -2.35344e-185
24 0.125554 -2.35344e-185
25 0.127582 -2.35344e-185
26 0.129599 -2.35344e-185
27 0.131606 -2.35344e-185
28 0.133602 -2.35344e-185
29 0.135588 -2.35344e-185
30 0.137564 -2.35344e-185
31 0.139529 -2.35344e-185
32 0.141484 -2.35344e-185
33 0.143428 -2.35344e-185
34 0.14536 -2.35344e-185
35 0.14728 -2.35344e-185
36 0.149187 -2.35344e-185
37 0.151082 -2.35344e-185
38 0.152962 -2.35344e-185
39 0.154827 -2.35344e-185
40 0.156676 -2.35344e-185
41 0.158509 -2.35344e-185
42 0.160323 -2.35344e-185
43 0.162119 -2.35344e-185
44 0.163895 -2.35344e-185
45 0.165651 -2.35344e-185
46 0.167385 -2.35344e-185
47 0.169097 -2.35344e-185
48 0.170785 -2.35344e-185
49 0.17245 -2.35344e-185
50 0.17409 -2.35344e-185
51 0.175706 -2.35344e-185
52 0.177296 -2.35344e-185
53 0.178861 -2.35344e-185
54 0.1804 -2.35344e-185
55 0.181914 -2.35344e-185
56 0.183402 -2.35344e-185
57 0.184865 -2.35344e-185
58 0.186304 -2.35344e-185
59 0.187718 -2.35344e-185
60 0.189108 -2.35344e-185
61 0.190476 -2.35344e-185
62 0.191821 -2.35344e-185
63 0.193145 -2.35344e-185
64 0.194448 -2.35344e-185
65 0.195732 -2.35344e-185
66 0.196997 -2.35344e-185
67 0.198245 -2.35344e-185
68 0.199477 -2.35344e-185
69 0.200694 -2.35344e-185
70 0.201897 -2.35344e-185
71 0.203087 -2.35344e-185
72 0.204266 -2.35344e-185
73 0.205435 -2.35344e-185
74 0.206594 -2.35344e-185
75 0.207746 -2.35344e-185
76 0.208891 -2.35344e-185
77 0.21003 -2.35344e-185
78 0.211164 -2.35344e-185
79 0.212296 -2.35344e-185
80 0.213424 -2.35344e-185
81 0.214552 -2.35344e-185
82 0.215679 -2.35344e-185
83 0.216807 -2.35344e-185
84 0.217937 -2.35344e-185
85 0.219069 -2.35344e-185
86 0.220205 -2.35344e-185
87 0.221344 -2.35344e-185
88 0.222489 -2.35344e-185
89 0.22364 -2.35344e-185
90 0.224797 -2.35344e-185
91 0.225962 -2.35344e-185
92 0.227134 -2.35344e-185
93 0.228315 -2.35344e-185
94 0.229506 -2.35344e-185
95 0.230706 -2.35344e-185
96 0.231916 -2.35344e-185
97 0.233137 -2.35344e-185
98 0.23437 -2.35344e-185
99 0.235614 -2.35344e-185
100 0.23687 -2.35344e-185
101 0.238138 -2.35344e-185
102 0.23942 -2.35344e-185
103 0.240714 -2.35344e-185
104 0.242021 -2.35344e-185
105 0.243342 -2.35344e-185
106 0.244676 -2.35344e-185
107 0.246024 -2.35344e-185
108 0.247385 -2.35344e-185
109 0.248761 -2.35344e-185
110 0.25015 -2.35344e-185
111 0.251553 -2.35344e-185
112 0.25297 -2.35344e-185
113 0.254401 -2.35344e-185
114 0.255845 -2.35344e-185
115 0.257303 -2.35344e-185
116 0.258774 -2.35344e-185
117 0.260258 -2.35344e-185
118 0.261754 -2.35344e-185
119 0.263263 -2.35344e-185
120 0.264785 -2.35344e-185
121 0.266318 -2.35344e-185
122 0.267863 -2.35344e-185
123 0.269419 -2.35344e-185
124 0.270985 -2.35344e-185
125 0.272562 -2.35344e-185
126 0.274149 -2.35344e-185
127 0.275745 -2.35344e-185
128 0.27735 -2.35344e-185
129 0.278963 -2.35344e-185
130 0.280583 -2.35344e-185
131 0.282211 -2.35344e-185
132 0.283846 -2.35344e-185
133 0.285486 -2.35344e-185
134 0.287132 -2.35344e-185
135 0.288783 -2.35344e-185
136 0.290438 -2.35344e-185
137 0.292096 -2.35344e-185
138 0.293758 -2.35344e-185
139 0.295423 -2.35344e-185
140 0.29709 -2.35344e-185
141 0.298759 -2.35344e-185
142 0.30043 -2.35344e-185
143 0.302101 -2.35344e-185
144 0.303774 -2.35344e-185
145 0.305447 -2.35344e-185
146 0.307121 -2.35344e-185
147 0.308796 -2.35344e-185
148 0.310471 -2.35344e-185
149 0.312147 -2.35344e-185
150 0.313823 -2.35344e-185
151 0.315501 -2.35344e-185
152 0.317179 -2.35344e-185
153 0.318859 -2.35344e-185
154 0.320541 -2.35344e-185
155 0.322224 -2.35344e-185
156 0.32391 -2.35344e-185
157 0.3256 -2.35344e-185
158 0.327292 -2.35344e-185
159 0.328988 -2.35344e-185
160 0.330689 -2.35344e-185
161 0.332395 -2.35344e-185
162 0.334106 -2.35344e-185
163 0.335823 -2.35344e-185
164 0.337546 -2.35344e-185
165 0.339277 -2.35344e-185
166 0.341014 -2.35344e-185
167 0.34276 -2.35344e-185
168 0.344513 -2.35344e-185
169 0.346275 -2.35344e-185
170 0.348046 -2.35344e-185
171 0.349826 -2.35344e-185
172 0.351616 -2.35344e-185
173 0.353415 -2.35344e-185
174 0.355223 -2.35344e-185
175 0.357042 -2.35344e-185
176 0.358871 -2.35344e-185
177 0.36071 -2.35344e-185
178 0.362559 -2.35344e-185
179 0.364419 -2.35344e-185
180 0.366289 -2.35344e-185
181 0.36817 -2.35344e-185
182 0.370062 -2.35344e-185
183 0.371965 -2.35344e-185
184 0.373879 -2.35344e-185
185 0.375805 -2.35344e-185
186 0.377742 -2.35344e-185
187 0.379691 -2.35344e-185
188 0.381653 -2.35344e-185
189 0.383628 -2.35344e-185
190 0.385616 -2.35344e-185
191 0.387617 -2.35344e-185
192 0.389633 -2.35344e-185
193 0.391663 -2.35344e-185
194 0.393709 -2.35344e-185
195 0.39577 -2.35344e-185
196 0.397846 -2.35344e-185
197 0.399939 -2.35344e-185
198 0.402048 -2.35344e-185
199 0.404173 -2.35344e-185
200 0.406314 -2.35344e-185
201 0.40847 -2.35344e-185
202 0.410643 -2.35344e-185
203 0.41283 -2.35344e-185
204 0.415031 -2.35344e-185
205 0.417245 -2.35344e-185
206 0.419471 -2.35344e-185
207 0.421708 -2.35344e-185
208 0.423954 -2.35344e-185
209 0.426208 -2.35344e-185
210 0.428468 -2.35344e-185
211 0.430732 -2.35344e-185
212 0.432999 -2.35344e-185
213 0.435267 -2.35344e-185
214 0.437533 -2.35344e-185
215 0.439798 -2.35344e-185
216 0.442058 -2.35344e-185
217 0.444313 -2.35344e-185
218 0.446562 -2.35344e-185
219 0.448803 -2.35344e-185
220 0.451036 -2.35344e-185
221 0.453259 -2.35344e-185
222 0.455473 -2.35344e-185
223 0.457677 -2.35344e-185
224 0.45987 -2.35344e-185
225 0.462052 -2.35344e-185
226 0.464223 -2.35344e-185
227 0.466384 -2.35344e-185
228 0.468533 -2.35344e-185
229 0.47067 -2.35344e-185
230 0.472797 -2.35344e-185
231 0.474913 -2.35344e-185
232 0.477017 -2.35344e-185
233 0.479111 -2.35344e-185
234 0.481194 -2.35344e-185
235 0.483265 -2.35344e-185
236 0.485326 -2.35344e-185
237 0.487377 -2.35344e-185
238 0.489416 -2.35344e-185
239 0.491445 -2.35344e-185
240 0.493464 -2.35344e-185
241 0.495472 -2.35344e-185
242 0.497471 -2.35344e-185
243 0.499459 -2.35344e-185
244 0.501437 -2.35344e-185
245 0.503405 -2.35344e-185
246 0.505364 -2.35344e-185
247 0.507314 -2.35344e-185
248 0.509254 -2.35344e-185
249 0.511186 -2.35344e-185
250 0.513108 -2.35344e-185
251 0.515022 -2.35344e-185
252 0.516928 -2.35344e-185
253 0.518825 -2.35344e-185
254 0.520715 -2.35344e-185
255 0.522596 -2.35344e-185
256 0.524471 -2.35344e-185
257 0.526338 -2.35344e-185
258 0.528198 -2.35344e-185
259 0.530052 -2.35344e-185
260 0.531899 -2.35344e-185
261 0.53374 -2.35344e-185
262 0.535574 -2.35344e-185
263 0.537403 -2.35344e-185
264 0.539227 -2.35344e-185
265 0.541045 -2.35344e-185
266 0.542857 -2.35344e-185
267 0.544665 -2.35344e-185
268 0.546469 -2.35344e-185
269 0.548267 -2.35344e-185
270 0.550062 -2.35344e-185
271 0.551852 -2.35344e-185
272 0.553639 -2.35344e-185
273 0.555422 -2.35344e-185
274 0.557201 -2.35344e-185
275 0.558978 -2.35344e-185
276 0.560751 -2.35344e-185
277 0.562521 -2.35344e-185
278 0.564288 -2.35344e-185
279 0.566053 -2.35344e-185
280 0.567815 -2.35344e-185
281 0.569574 -2.35344e-185
282 0.571331 -2.35344e-185
283 0.573087 -2.35344e-185
284 0.574839 -2.35344e-185
285 0.57659 -2.35344e-185
286 0.578339 -2.35344e-185
287 0.580086 -2.35344e-185
288 0.58183 -2.35344e-185
289 0.583573 -2.35344e-185
290 0.585313 -2.35344e-185
291 0.587052 -2.35344e-185
292 0.588788 -2.35344e-185
293 0.590521 -2.35344e-185
294 0.592253 -2.35344e-185
295 0.593981 -2.35344e-185
296 0.595707 -2.35344e-185
297 0.59743 -2.35344e-185
298 0.599149 -2.35344e-185
299 0.600865 -2.35344e-185
300 0.602578 -2.35344e-185
301 0.604286 -2.35344e-185
302 0.605991 -2.35344e-185
303 0.60769 -2.35344e-185
304 0.609385 -2.35344e-185
305 0.611075 -2.35344e-185
306 0.612759 -2.35344e-185
307 0.614437 -2.35344e-185
308 0.616108 -2.35344e-185
309 0.617773 -2.35344e-185
310 0.61943 -2.35344e-185
311 0.62108 -2.35344e-185
312 0.622721 -2.35344e-185
313 0.624353 -2.35344e-185
314 0.625975 -2.35344e-185
315 0.627588 -2.35344e-185
316 0.629189 -2.35344e-185
317 0.63078 -2.35344e-185
318 0.632358 -2.35344e-185
319 0.633923 -2.35344e-185
320 0.635475 -2.35344e-185
321 0.637012 -2.35344e-185
322 0.638535 -2.35344e-185
323 0.640042 -2.35344e-185
324 0.641533 -2.35344e-185
325 0.643007 -2.35344e-185
326 0.644464 -2.35344e-185
327 0.645902 -2.35344e-185
328 0.647323 -2.35344e-185
329 0.648724 -2.35344e-185
330 0.650106 -2.35344e-185
331 0.651469 -2.35344e-185
332 0.652812 -2.35344e-185
333 0.654135 -2.35344e-185
334 0.655438 -2.35344e-185
335 0.656721 -2.35344e-185
336 0.657984 -2.35344e-185
337 0.659228 -2.35344e-185
338 0.660453 -2.35344e-185
339 0.661659 -2.35344e-185
340 0.662846 -2.35344e-185
341 0.664015 -2.35344e-185
342 0.665167 -2.35344e-185
343 0.666302 -2.35344e-185
344 0.667421 -2.35344e-185
345 0.668524 -2.35344e-185
346 0.669613 -2.35344e-185
347 0.670687 -2.35344e-185
348 0.671748 -2.35344e-185
349 0.672796 -2.35344e-185
350 0.673833 -2.35344e-185
351 0.674858 -2.35344e-185
352 0.675873 -2.35344e-185
353 0.676879 -2.35344e-185
354 0.677876 -2.35344e-185
355 0.678865 -2.35344e-185
356 0.679846 -2.35344e-185
357 0.680821 -2.35344e-185
358 0.68179 -2.35344e-185
359 0.682754 -2.35344e-185
360 0.683713 -2.35344e-185
361 0.684668 -2.35344e-185
362 0.68562 -2.35344e-185
363 0.686569 -2.35344e-185
364 0.687516 -2.35344e-185
365 0.688461 -2.35344e-185
366 0.689406 -2.35344e-185
367 0.690349 -2.35344e-185
368 0.691292 -2.35344e-185
369 0.692236 -2.35344e-185
370 0.69318 -2.35344e-185
371 0.694125 -2.35344e-185
372 0.695071 -2.35344e-185
373 0.696018 -2.35344e-185
374 0.696967 -2.35344e-185
375 0.697919 -2.35344e-185
376 0.698872 -2.35344e-185
377 0.699827 -2.35344e-185
378 0.700785 -2.35344e-185
379 0.701745 -2.35344e-185
380 0.702708 -2.35344e-185
381 0.703673 -2.35344e-185
382 0.70464 -2.35344e-185
383 0.705609 -2.35344e-185
384 0.706581 -2.35344e-185
385 0.707554 -2.35344e-185
386 0.708529 -2.35344e-185
387 0.709505 -2.35344e-185
388 0.710483 -2.35344e-185
389 0.711461 -2.35344e-185
390 0.71244 -2.35344e-185
391 0.713419 -2.35344e-185
392 0.714398 -2.35344e-185
393 0.715377 -2.35344e-185
394 0.716354 -2.35344e-185
395 0.717331 -2.35344e-185
396 0.718306 -2.35344e-185
397 0.719279 -2.35344e-185
398 0.72025 -2.35344e-185
399 0.721219 -2.35344e-185
400 0.722184 -2.35344e-185
401 0.723146 -2.35344e-185
402 0.724105 -2.35344e-185
403 0.72506 -2.35344e-185
404 0.72601 -2.35344e-185
405 0.726957 -2.35344e-185
406 0.727898 -2.35344e-185
407 0.728835 -2.35344e-185
408 0.729766 -2.35344e-185
409 0.730692 -2.35344e-185
410 0.731612 -2.35344e-185
411 0.732527 -2.35344e-185
412 0.733435 -2.35344e-185
413 0.734337 -2.35344e-185
414 0.735233 -2.35344e-185
415 0.736122 -2.35344e-185
416 0.737003 -2.35344e-185
417 0.737878 -2.35344e-185
418 0.738745 -2.35344e-185
419 0.739605 -2.35344e-185
420 0.740457 -2.35344e-185
421 0.7413 -2.35344e-185
422 0.742135 -2.35344e-185
423 0.742962 -2.35344e-185
424 0.74378 -2.35344e-185
425 0.744589 -2.35344e-185
426 0.745388 -2.35344e-185
427 0.746178 -2.35344e-185
428 0.746959 -2.35344e-185
429 0.74773 -2.35344e-185
430 0.748491 -2.35344e-185
431 0.749242 -2.35344e-185
432 0.749982 -2.35344e-185
433 0.750713 -2.35344e-185
434 0.751434 -2.35344e-185
435 0.752145 -2.35344e-185
436 0.752846 -2.35344e-185
437 0.753536 -2.35344e-185
438 0.754217 -2.35344e-185
439 0.754889 -2.35344e-185
440 0.755551 -2.35344e-185
441 0.756204 -2.35344e-185
442 0.756848 -2.35344e-185
443 0.757484 -2.35344e-185
444 0.758111 -2.35344e-185
445 0.75873 -2.35344e-185
446 0.759342 -2.35344e-185
447 0.759946 -2.35344e-185
448 0.760543 -2.35344e-185
449 0.761134 -2.35344e-185
450 0.761719 -2.35344e-185
451 0.762298 -2.35344e-185
452 0.762871 -2.35344e-185
453 0.76344 -2.35344e-185
454 0.764004 -2.35344e-185
455 0.764564 -2.35344e-185
456 0.76512 -2.35344e-185
457 0.765673 -2.35344e-185
458 0.766222 -2.35344e-185
459 0.766769 -2.35344e-185
460 0.767314 -2.35344e-185
461 0.767857 -2.35344e-185
462 0.768398 -2.35344e-185
463 0.768938 -2.35344e-185
464 0.769476 -2.35344e-185
465 0.770014 -2.35344e-185
466 0.770552 -2.35344e-185
467 0.771089 -2.35344e-185
468 0.771626 -2.35344e-185
469 0.772163 -2.35344e-185
470 0.7727 -2.35344e-185
471 0.773237 -2.35344e-185
472 0.773774 -2.35344e-185
473 0.774312 -2.35344e-185
474 0.774849 -2.35344e-185
475 0.775387 -2.35344e-185
476 0.775924 -2.35344e-185
477 0.77646 -2.35344e-185
478 0.776996 -2.35344e-185
479 0.777531 -2.35344e-185
480 0.778064 -2.35344e-185
481 0.778595 -2.35344e-185
482 0.779124 -2.35344e-185
483 0.779649 -2.35344e-185
484 0.780172 -2.35344e-185
485 0.780689 -2.35344e-185
486 0.781202 -2.35344e-185
487 0.78171 -2.35344e-185
488 0.782211 -2.35344e-185
489 0.782706 -2.35344e-185
490 0.783193 -2.35344e-185
491 0.783672 -2.35344e-185
492 0.784142 -2.35344e-185
493 0.784602 -2.35344e-185
494 0.785053 -2.35344e-185
495 0.785492 -2.35344e-185
496 0.785921 -2.35344e-185
497 0.786337 -2.35344e-185
498 0.786742 -2.35344e-185
499 0.787133 -2.35344e-185
500 0.787511 -2.35344e-185
501 0.787876 -2.35344e-185
502 0.788227 -2.35344e-185
503 0.788563 -2.35344e-185
504 0.788886 -2.35344e-185
505 0.789193 -2.35344e-185
506 0.789485 -2.35344e-185
507 0.789763 -2.35344e-185
508 0.790025 -2.35344e-185
509 0.790272 -2.35344e-185
510 0.790504 -2.35344e-185
511 0.790721 -2.35344e-185
512 0.790923 -2.35344e-185
513 0.79111 -2.35344e-185
514 0.791282 -2.35344e-185
515 0.79144 -2.35344e-185
516 0.791583 -2.35344e-185
517 0.791711 -2.35344e-185
518 0.791826 -2.35344e-185
519 0.791927 -2.35344e-185
520 0.792014 -2.35344e-185
521 0.792089 -2.35344e-185
522 0.79215 -2.35344e-185
523 0.7922 -2.35344e-185
524 0.792237 -2.35344e-185
525 0.792262 -2.35344e-185
526 0.792276 -2.35344e-185
527 0.792279 -2.35344e-185
528 0.792272 -2.35344e-185
529 0.792255 -2.35344e-185
530 0.792227 -2.35344e-185
531 0.792191 -2.35344e-185
532 0.792146 -2.35344e-185
533 0.792092 -2.35344e-185
534 0.79203 -2.35344e-185
535 0.791961 -2.35344e-185
536 0.791884 -2.35344e-185
537 0.791801 -2.35344e-185
538 0.791711 -2.35344e-185
539 0.791616 -2.35344e-185
540 0.791515 -2.35344e-185
541 0.791408 -2.35344e-185
542 0.791297 -2.35344e-185
543 0.791182 -2.35344e-185
544 0.791063 -2.35344e-185
545 0.79094 -2.35344e-185
546 0.790814 -2.35344e-185
547 0.790685 -2.35344e-185
548 0.790553 -2.35344e-185
549 0.790419 -2.35344e-185
550 0.790283 -2.35344e-185
551 0.790146 -2.35344e-185
552 0.790007 -2.35344e-185
553 0.789866 -2.35344e-185
554 0.789725 -2.35344e-185
555 0.789584 -2.35344e-185
556 0.789441 -2.35344e-185
557 0.789299 -2.35344e-185
558 0.789156 -2.35344e-185
559 0.789013 -2.35344e-185
560 0.78887 -2.35344e-185
561 0.788727 -2.35344e-185
562 0.788585 -2.35344e-185
563 0.788443 -2.35344e-185
564 0.788302 -2.35344e-185
565 0.78816 -2.35344e-185
566 0.78802 -2.35344e-185
567 0.78788 -2.35344e-185
568 0.78774 -2.35344e-185
569 0.787601 -2.35344e-185
570 0.787462 -2.35344e-185
571 0.787324 -2.35344e-185
572 0.787187 -2.35344e-185
573 0.787049 -2.35344e-185
574 0.786913 -2.35344e-185
575 0.786776 -2.35344e-185
576 0.78664 -2.35344e-185
577 0.786504 -2.35344e-185
578 0.786368 -2.35344e-185
579 0.786233 -2.35344e-185
580 0.786098 -2.35344e-185
581 0.785963 -2.35344e-185
582 0.785828 -2.35344e-185
583 0.785693 -2.35344e-185
584 0.785558 -2.35344e-185
585 0.785424 -2.35344e-185
586 0.785289 -2.35344e-185
587 0.785155 -2.35344e-185
588 0.78502 -2.35344e-185
589 0.784886 -2.35344e-185
590 0.784751 -2.35344e-185
591 0.784617 -2.35344e-185
592 0.784482 -2.35344e-185
593 0.784348 -2.35344e-185
594 0.784213 -2.35344e-185
595 0.784078 -2.35344e-185
596 0.783943 -2.35344e-185
597 0.783808 -2.35344e-185
598 0.783672 -2.35344e-185
599 0.783537 -2.35344e-185
600 0.7834 -2.35344e-185
601 0.783264 -2.35344e-185
602 0.783127 -2.35344e-185
603 0.782989 -2.35344e-185
604 0.782851 -2.35344e-185
605 0.782713 -2.35344e-185
606 0.782573 -2.35344e-185
607 0.782433 -2.35344e-185
608 0.782292 -2.35344e-185
609 0.78215 -2.35344e-185
610 0.782007 -2.35344e-185
611 0.781863 -2.35344e-185
612 0.781718 -2.35344e-185
613 0.781572 -2.35344e-185
614 0.781424 -2.35344e-185
615 0.781276 -2.35344e-185
616 0.781126 -2.35344e-185
617 0.780975 -2.35344e-185
618 0.780823 -2.35344e-185
619 0.78067 -2.35344e-185
620 0.780515 -2.35344e-185
621 0.780359 -2.35344e-185
622 0.780202 -2.35344e-185
623 0.780044 -2.35344e-185
624 0.779885 -2.35344e-185
625 0.779725 -2.35344e-185
626 0.779563 -2.35344e-185
627 0.779401 -2.35344e-185
628 0.779238 -2.35344e-185
629 0.779074 -2.35344e-185
630 0.77891 -2.35344e-185
631 0.778745 -2.35344e-185
632 0.77858 -2.35344e-185
633 0.778414 -2.35344e-185
634 0.778248 -2.35344e-185
635 0.778082 -2.35344e-185
636 0.777916 -2.35344e-185
637 0.777749 -2.35344e-185
638 0.777584 -2.35344e-185
639 0.777418 -2.35344e-185
640 0.777253 -2.35344e-185
641 0.777088 -2.35344e-185
642 0.776924 -2.35344e-185
643 0.776761 -2.35344e-185
644 0.776598 -2.35344e-185
645 0.776436 -2.35344e-185
646 0.776275 -2.35344e-185
647 0.776115 -2.35344e-185
648 0.775956 -2.35344e-185
649 0.775799 -2.35344e-185
650 0.775642 -2.35344e-185
651 0.775486 -2.35344e-185
652 0.775332 -2.35344e-185
653 0.775179 -2.35344e-185
654 0.775026 -2.35344e-185
655 0.774875 -2.35344e-185
656 0.774725 -2.35344e-185
657 0.774576 -2.35344e-185
658 0.774428 -2.35344e-185
659 0.77428 -2.35344e-185
660 0.774134 -2.35344e-185
661 0.773988 -2.35344e-185
662 0.773842 -2.35344e-185
663 0.773697 -2.35344e-185
664 0.773552 -2.35344e-185
665 0.773407 -2.35344e-185
666 0.773262 -2.35344e-185
667 0.773116 -2.35344e-185
668 0.77297 -2.35344e-185
669 0.772823 -2.35344e-185
670 0.772676 -2.35344e-185
671 0.772526 -2.35344e-185
672 0.772376 -2.35344e-185
673 0.772224 -2.35344e-185
674 0.77207 -2.35344e-185
675 0.771913 -2.35344e-185
676 0.771754 -2.35344e-185
677 0.771593 -2.35344e-185
678 0.771429 -2.35344e-185
679 0.771261 -2.35344e-185
680 0.771091 -2.35344e-185
681 0.770916 -2.35344e-185
682 0.770739 -2.35344e-185
683 0.770557 -2.35344e-185
684 0.770371 -2.35344e-185
685 0.770182 -2.35344e-185
686 0.769988 -2.35344e-185
687 0.76979 -2.35344e-185
688 0.769588 -2.35344e-185
689 0.769381 -2.35344e-185
690 0.769171 -2.35344e-185
691 0.768955 -2.35344e-185
692 0.768736 -2.35344e-185
693 0.768512 -2.35344e-185
694 0.768284 -2.35344e-185
695 0.768052 -2.35344e-185
696 0.767815 -2.35344e-185
697 0.767575 -2.35344e-185
698 0.767331 -2.35344e-185
699 0.767083 -2.35344e-185
700 0.766832 -2.35344e-185
701 0.766577 -2.35344e-185
702 0.766318 -2.35344e-185
703 0.766057 -2.35344e-185
704 0.765792 -2.35344e-185
705 0.765525 -2.35344e-185
706 0.765255 -2.35344e-185
707 0.764982 -2.35344e-185
708 0.764708 -2.35344e-185
709 0.764431 -2.35344e-185
710 0.764152 -2.35344e-185
711 0.763871 -2.35344e-185
712 0.763588 -2.35344e-185
713 0.763304 -2.35344e-185
714 0.763019 -2.35344e-185
715 0.762733 -2.35344e-185
716 0.762446 -2.35344e-185
717 0.762158 -2.35344e-185
718 0.761869 -2.35344e-185
719 0.76158 -2.35344e-185
720 0.76129 -2.35344e-185
721 0.761001 -2.35344e-185
722 0.760711 -2.35344e-185
723 0.760421 -2.35344e-185
724 0.760132 -2.35344e-185
725 0.759843 -2.35344e-185
726 0.759555 -2.35344e-185
727 0.759267 -2.35344e-185
728 0.758981 -2.35344e-185
729 0.758695 -2.35344e-185
730 0.75841 -2.35344e-185
731 0.758126 -2.35344e-185
732 0.757844 -2.35344e-185
733 0.757563 -2.35344e-185
734 0.757284 -2.35344e-185
735 0.757006 -2.35344e-185
736 0.756731 -2.35344e-185
737 0.756457 -2.35344e-185
738 0.756185 -2.35344e-185
739 0.755916 -2.35344e-185
740 0.755649 -2.35344e-185
741 0.755384 -2.35344e-185
742 0.755122 -2.35344e-185
743 0.754863 -2.35344e-185
744 0.754606 -2.35344e-185
745 0.754353 -2.35344e-185
746 0.754103 -2.35344e-185
747 0.753857 -2.35344e-185
748 0.753614 -2.35344e-185
749 0.753375 -2.35344e-185
750 0.75314 -2.35344e-185
751 0.752909 -2.35344e-185
752 0.752682 -2.35344e-185
753 0.75246 -2.35344e-185
754 0.752242 -2.35344e-185
755 0.752029 -2.35344e-185
756 0.751822 -2.35344e-185
757 0.751619 -2.35344e-185
758 0.751422 -2.35344e-185
759 0.751231 -2.35344e-185
760 0.751045 -2.35344e-185
761 0.750865 -2.35344e-185
762 0.750692 -2.35344e-185
763 0.750524 -2.35344e-185
764 0.750362 -2.35344e-185
765 0.750207 -2.35344e-185
766 0.750057 -2.35344e-185
767 0.749914 -2.35344e-185
768 0.749777 -2.35344e-185
769 0.749647 -2.35344e-185
770 0.749522 -2.35344e-185
771 0.749403 -2.35344e-185
772 0.749291 -2.35344e-185
773 0.749183 -2.35344e-185
774 0.749081 -2.35344e-185
775 0.748984 -2.35344e-185
776 0.748892 -2.35344e-185
777 0.748804 -2.35344e-185
778 0.74872 -2.35344e-185
779 0.74864 -2.35344e-185
780 0.748564 -2.35344e-185
781 0.74849 -2.35344e-185
782 0.748419 -2.35344e-185
783 0.748349 -2.35344e-185
784 0.748282 -2.35344e-185
785 0.748216 -2.35344e-185
786 0.748151 -2.35344e-185
787 0.748086 -2.35344e-185
788 0.748022 -2.35344e-185
789 0.747957 -2.35344e-185
790 0.747893 -2.35344e-185
791 0.747828 -2.35344e-185
792 0.747763 -2.35344e-185
793 0.747697 -2.35344e-185
794 0.747631 -2.35344e-185
795 0.747564 -2.35344e-185
796 0.747497 -2.35344e-185
797 0.74743 -2.35344e-185
798 0.747362 -2.35344e-185
799 0.747294 -2.35344e-185
800 0.747227 -2.35344e-185
801 0.747161 -2.35344e-185
802 0.747096 -2.35344e-185
803 0.747032 -2.35344e-185
804 0.746971 -2.35344e-185
805 0.746911 -2.35344e-185
806 0.746855 -2.35344e-185
807 0.746802 -2.35344e-185
808 0.746752 -2.35344e-185
809 0.746707 -2.35344e-185
810 0.746667 -2.35344e-185
811 0.746632 -2.35344e-185
812 0.746603 -2.35344e-185
813 0.74658 -2.35344e-185
814 0.746564 -2.35344e-185
815 0.746556 -2.35344e-185
816 0.746555 -2.35344e-185
817 0.746562 -2.35344e-185
818 0.746578 -2.35344e-185
819 0.746603 -2.35344e-185
820 0.746638 -2.35344e-185
821 0.746683 -2.35344e-185
822 0.746737 -2.35344e-185
823 0.746802 -2.35344e-185
824 0.746878 -2.35344e-185
825 0.746966 -2.35344e-185
826 0.747064 -2.35344e-185
827 0.747174 -2.35344e-185
828 0.747295 -2.35344e-185
829 0.747429 -2.35344e-185
830 0.747574 -2.35344e-185
831 0.747732 -2.35344e-185
832 0.747901 -2.35344e-185
833 0.748082 -2.35344e-185
834 0.748276 -2.35344e-185
835 0.748482 -2.35344e-185
836 0.748699 -2.35344e-185
837 0.748929 -2.35344e-185
838 0.74917 -2.35344e-185
839 0.749422 -2.35344e-185
840 0.749686 -2.35344e-185
841 0.749961 -2.35344e-185
842 0.750247 -2.35344e-185
843 0.750544 -2.35344e-185
844 0.750851 -2.35344e-185
845 0.751167 -2.35344e-185
846 0.751494 -2.35344e-185
847 0.75183 -2.35344e-185
848 0.752174 -2.35344e-185
849 0.752527 -2.35344e-185
850 0.752888 -2.35344e-185
851 0.753256 -2.35344e-185
852 0.753631 -2.35344e-185
853 0.754012 -2.35344e-185
854 0.754399 -2.35344e-185
855 0.754791 -2.35344e-185
856 0.755188 -2.35344e-185
857 0.755588 -2.35344e-185
858 0.755991 -2.35344e-185
859 0.756396 -2.35344e-185
860 0.756802 -2.35344e-185
861 0.757209 -2.35344e-185
862 0.757615 -2.35344e-185
863 0.758019 -2.35344e-185
864 0.758421 -2.35344e-185
865 0.75882 -2.35344e-185
866 0.759214 -2.35344e-185
867 0.759603 -2.35344e-185
868 0.759986 -2.35344e-185
869 0.760362 -2.35344e-185
870 0.760729 -2.35344e-185
871 0.761087 -2.35344e-185
872 0.761436 -2.35344e-185
873 0.761773 -2.35344e-185
874 0.762099 -2.35344e-185
875 0.762413 -2.35344e-185
876 0.762713 -2.35344e-185
877 0.763 -2.35344e-185
878 0.763273 -2.35344e-185
879 0.763532 -2.35344e-185
880 0.763776 -2.35344e-185
881 0.764004 -2.35344e-185
882 0.764217 -2.35344e-185
883 0.764414 -2.35344e-185
884 0.764595 -2.35344e-185
885 0.764761 -2.35344e-185
886 0.76491 -2.35344e-185
887 0.765043 -2.35344e-185
888 0.765161 -2.35344e-185
889 0.765262 -2.35344e-185
890 0.765348 -2.35344e-185
891 0.765419 -2.35344e-185
892 0.765474 -2.35344e-185
893 0.765514 -2.35344e-185
894 0.765539 -2.35344e-185
895 0.76555 -2.35344e-185
896 0.765547 -2.35344e-185
897 0.765529 -2.35344e-185
898 0.765498 -2.35344e-185
899 0.765454 -2.35344e-185
900 0.765396 -2.35344e-185
901 0.765326 -2.35344e-185
902 0.765243 -2.35344e-185
903 0.765149 -2.35344e-185
904 0.765042 -2.35344e-185
905 0.764925 -2.35344e-185
906 0.764796 -2.35344e-185
907 0.764657 -2.35344e-185
908 0.764507 -2.35344e-185
909 0.764347 -2.35344e-185
910 0.764177 -2.35344e-185
911 0.763998 -2.35344e-185
912 0.76381 -2.35344e-185
913 0.763612 -2.35344e-185
914 0.763407 -2.35344e-185
915 0.763192 -2.35344e-185
916 0.76297 -2.35344e-185
917 0.76274 -2.35344e-185
918 0.762502 -2.35344e-185
919 0.762257 -2.35344e-185
920 0.762005 -2.35344e-185
921 0.761746 -2.35344e-185
922 0.761481 -2.35344e-185
923 0.761209 -2.35344e-185
924 0.76093 -2.35344e-185
925 0.760646 -2.35344e-185
926 0.760355 -2.35344e-185
927 0.760059 -2.35344e-185
928 0.759758 -2.35344e-185
929 0.759451 -2.35344e-185
930 0.759138 -2.35344e-185
931 0.758821 -2.35344e-185
932 0.758498 -2.35344e-185
933 0.758171 -2.35344e-185
934 0.757838 -2.35344e-185
935 0.757502 -2.35344e-185
936 0.75716 -2.35344e-185
937 0.756814 -2.35344e-185
938 0.756464 -2.35344e-185
939 0.75611 -2.35344e-185
940 0.755751 -2.35344e-185
941 0.755388 -2.35344e-185
942 0.755021 -2.35344e-185
943 0.754651 -2.35344e-185
944 0.754276 -2.35344e-185
945 0.753897 -2.35344e-185
946 0.753515 -2.35344e-185
947 0.753129 -2.35344e-185
948 0.75274 -2.35344e-185
949 0.752346 -2.35344e-185
950 0.75195 -2.35344e-185
951 0.751549 -2.35344e-185
952 0.751146 -2.35344e-185
953 0.750739 -2.35344e-185
954 0.750328 -2.35344e-185
955 0.749915 -2.35344e-185
956 0.749498 -2.35344e-185
957 0.749078 -2.35344e-185
958 0.748654 -2.35344e-185
959 0.748228 -2.35344e-185
960 0.747798 -2.35344e-185
961 0.747366 -2.35344e-185
962 0.74693 -2.35344e-185
963 0.746492 -2.35344e-185
964 0.746051 -2.35344e-185
965 0.745607 -2.35344e-185
966 0.74516 -2.35344e-185
967 0.74471 -2.35344e-185
968 0.744258 -2.35344e-185
969 0.743803 -2.35344e-185
970 0.743345 -2.35344e-185
971 0.742885 -2.35344e-185
972 0.742422 -2.35344e-185
973 0.741957 -2.35344e-185
974 0.74149 -2.35344e-185
975 0.74102 -2.35344e-185
976 0.740548 -2.35344e-185
977 0.740074 -2.35344e-185
978 0.739598 -2.35344e-185
979 0.73912 -2.35344e-185
980 0.73864 -2.35344e-185
981 0.738158 -2.35344e-185
982 0.737674 -2.35344e-185
983 0.737189 -2.35344e-185
984 0.736702 -2.35344e-185
985 0.736213 -2.35344e-185
986 0.735724 -2.35344e-185
987 0.735233 -2.35344e-185
988 0.73474 -2.35344e-185
989 0.734247 -2.35344e-185
990 0.733753 -2.35344e-185
991 0.733258 -2.35344e-185
992 0.732763 -2.35344e-185
993 0.732267 -2.35344e-185
994 0.73177 -2.35344e-185
995 0.731274 -2.35344e-185
996 0.730777 -2.35344e-185
997 0.730281 -2.35344e-185
998 0.729785 -2.35344e-185
999 0.72929 -2.35344e-185
1000 0.728795 -2.35344e-185
1001 0.728301 -2.35344e-185
1002 0.727809 -2.35344e-185
1003 0.727318 -2.35344e-185
1004 0.726828 -2.35344e-185
1005 0.72634 -2.35344e-185
1006 0.725854 -2.35344e-185
1007 0.725371 -2.35344e-185
1008 0.72489 -2.35344e-185
1009 0.724412 -2.35344e-185
1010 0.723936 -2.35344e-185
1011 0.723465 -2.35344e-185
1012 0.722996 -2.35344e-185
1013 0.722531 -2.35344e-185
1014 0.722071 -2.35344e-185
1015 0.721614 -2.35344e-185
1016 0.721162 -2.35344e-185
1017 0.720715 -2.35344e-185
1018 0.720272 -2.35344e-185
1019 0.719834 -2.35344e-185
1020 0.719402 -2.35344e-185
1021 0.718975 -2.35344e-185
1022 0.718554 -2.35344e-185
1023 0.718138 -2.35344e-185
1024 0.717728 -2.35344e-185
1025 0.717324 -2.35344e-185
1026 0.716926 -2.35344e-185
1027 0.716533 -2.35344e-185
1028 0.716147 -2.35344e-185
1029 0.715767 -2.35344e-185
1030 0.715392 -2.35344e-185
1031 0.715024 -2.35344e-185
1032 0.714661 -2.35344e-185
1033 0.714305 -2.35344e-185
1034 0.713953 -2.35344e-185
1035 0.713608 -2.35344e-185
1036 0.713268 -2.35344e-185
1037 0.712934 -2.35344e-185
1038 0.712605 -2.35344e-185
1039 0.712281 -2.35344e-185
1040 0.711962 -2.35344e-185
1041 0.711648 -2.35344e-185
1042 0.711339 -2.35344e-185
1043 0.711035 -2.35344e-185
1044 0.710736 -2.35344e-185
1045 0.710442 -2.35344e-185
1046 0.710152 -2.35344e-185
1047 0.709868 -2.35344e-185
1048 0.709588 -2.35344e-185
1049 0.709313 -2.35344e-185
1050 0.709043 -2.35344e-185
1051 0.708778 -2.35344e-185
1052 0.708518 -2.35344e-185
1053 0.708263 -2.35344e-185
1054 0.708014 -2.35344e-185
1055 0.70777 -2.35344e-185
1056 0.707532 -2.35344e-185
1057 0.707301 -2.35344e-185
1058 0.707075 -2.35344e-185
1059 0.706856 -2.35344e-185
1060 0.706644 -2.35344e-185
1061 0.706439 -2.35344e-185
1062 0.706241 -2.35344e-185
1063 0.706051 -2.35344e-185
1064 0.705869 -2.35344e-185
1065 0.705695 -2.35344e-185
1066 0.705529 -2.35344e-185
1067 0.705372 -2.35344e-185
1068 0.705224 -2.35344e-185
1069 0.705086 -2.35344e-185
1070 0.704957 -2.35344e-185
1071 0.704837 -2.35344e-185
1072 0.704728 -2.35344e-185
1073 0.704629 -2.35344e-185
1074 0.70454 -2.35344e-185
1075 0.704462 -2.35344e-185
1076 0.704394 -2.35344e-185
1077 0.704338 -2.35344e-185
1078 0.704292 -2.35344e-185
1079 0.704257 -2.35344e-185
1080 0.704234 -2.35344e-185
1081 0.704221 -2.35344e-185
1082 0.70422 -2.35344e-185
1083 0.704229 -2.35344e-185
1084 0.70425 -2.35344e-185
1085 0.704282 -2.35344e-185
1086 0.704324 -2.35344e-185
1087 0.704378 -2.35344e-185
1088 0.704442 -2.35344e-185
1089 0.704517 -2.35344e-185
1090 0.704603 -2.35344e-185
1091 0.704699 -2.35344e-185
1092 0.704805 -2.35344e-185
1093 0.704922 -2.35344e-185
1094 0.705048 -2.35344e-185
1095 0.705185 -2.35344e-185
1096 0.705331 -2.35344e-185
1097 0.705488 -2.35344e-185
1098 0.705653 -2.35344e-185
1099 0.705828 -2.35344e-185
1100 0.706013 -2.35344e-185
1101 0.706207 -2.35344e-185
1102 0.70641 -2.35344e-185
1103 0.706622 -2.35344e-185
1104 0.706843 -2.35344e-185
1105 0.707073 -2.35344e-185
1106 0.707312 -2.35344e-185
1107 0.707559 -2.35344e-185
1108 0.707815 -2.35344e-185
1109 0.708079 -2.35344e-185
1110 0.708352 -2.35344e-185
1111 0.708633 -2.35344e-185
1112 0.708922 -2.35344e-185
1113 0.709219 -2.35344e-185
1114 0.709524 -2.35344e-185
1115 0.709836 -2.35344e-185
1116 0.710157 -2.35344e-185
1117 0.710484 -2.35344e-185
1118 0.710819 -2.35344e-185
1119 0.711162 -2.35344e-185
1120 0.711511 -2.35344e-185
1121 0.711867 -2.35344e-185
1122 0.71223 -2.35344e-185
1123 0.712599 -2.35344e-185
1124 0.712974 -2.35344e-185
1125 0.713356 -2.35344e-185
1126 0.713743 -2.35344e-185
1127 0.714137 -2.35344e-185
1128 0.714536 -2.35344e-185
1129 0.71494 -2.35344e-185
1130 0.715349 -2.35344e-185
1131 0.715763 -2.35344e-185
1132 0.716182 -2.35344e-185
1133 0.716606 -2.35344e-185
1134 0.717034 -2.35344e-185
1135 0.717466 -2.35344e-185
1136 0.717901 -2.35344e-185
1137 0.71834 -2.35344e-185
1138 0.718783 -2.35344e-185
1139 0.719228 -2.35344e-185
1140 0.719676 -2.35344e-185
1141 0.720126 -2.35344e-185
1142 0.720578 -2.35344e-185
1143 0.721032 -2.35344e-185
1144 0.721487 -2.35344e-185
1145 0.721943 -2.35344e-185
1146 0.722399 -2.35344e-185
1147 0.722855 -2.35344e-185
1148 0.723311 -2.35344e-185
1149 0.723765 -2.35344e-185
1150 0.724218 -2.35344e-185
1151 0.724668 -2.35344e-185
1152 0.725115 -2.35344e-185
1153 0.725559 -2.35344e-185
1154 0.725999 -2.35344e-185
1155 0.726434 -2.35344e-185
1156 0.726864 -2.35344e-185
1157 0.727288 -2.35344e-185
1158 0.727705 -2.35344e-185
1159 0.728116 -2.35344e-185
1160 0.728518 -2.35344e-185
1161 0.728912 -2.35344e-185
1162 0.729298 -2.35344e-185
1163 0.729674 -2.35344e-185
1164 0.730041 -2.35344e-185
1165 0.730397 -2.35344e-185
1166 0.730743 -2.35344e-185
1167 0.731079 -2.35344e-185
1168 0.731404 -2.35344e-185
1169 0.731718 -2.35344e-185
1170 0.73202 -2.35344e-185
1171 0.732312 -2.35344e-185
1172 0.732593 -2.35344e-185
1173 0.732862 -2.35344e-185
1174 0.733121 -2.35344e-185
1175 0.733369 -2.35344e-185
1176 0.733606 -2.35344e-185
1177 0.733834 -2.35344e-185
1178 0.734051 -2.35344e-185
1179 0.734259 -2.35344e-185
1180 0.734459 -2.35344e-185
1181 0.734649 -2.35344e-185
1182 0.734831 -2.35344e-185
1183 0.735006 -2.35344e-185
1184 0.735174 -2.35344e-185
1185 0.735335 -2.35344e-185
1186 0.735491 -2.35344e-185
1187 0.735641 -2.35344e-185
1188 0.735786 -2.35344e-185
1189 0.735927 -2.35344e-185
1190 0.736065 -2.35344e-185
1191 0.7362 -2.35344e-185
1192 0.736333 -2.35344e-185
1193 0.736464 -2.35344e-185
1194 0.736593 -2.35344e-185
1195 0.736723 -2.35344e-185
1196 0.736852 -2.35344e-185
1197 0.736982 -2.35344e-185
1198 0.737113 -2.35344e-185
1199 0.737246 -2.35344e-185
1200 0.73738 -2.35344e-185
1201 0.737517 -2.35344e-185
1202 0.737656 -2.35344e-185
1203 0.737797 -2.35344e-185
1204 0.737942 -2.35344e-185
1205 0.73809 -2.35344e-185
1206 0.73824 -2.35344e-185
1207 0.738394 -2.35344e-185
1208 0.738551 -2.35344e-185
1209 0.738711 -2.35344e-185
1210 0.738873 -2.35344e-185
1211 0.739038 -2.35344e-185
1212 0.739205 -2.35344e-185
1213 0.739374 -2.35344e-185
1214 0.739544 -2.35344e-185
1215 0.739715 -2.35344e-185
1216 0.739887 -2.35344e-185
1217 0.74006 -2.35344e-185
1218 0.740233 -2.35344e-185
1219 0.740405 -2.35344e-185
1220 0.740576 -2.35344e-185
1221 0.740747 -2.35344e-185
1222 0.740917 -2.35344e-185
1223 0.741085 -2.35344e-185
1224 0.741252 -2.35344e-185
1225 0.741418 -2.35344e-185
1226 0.741582 -2.35344e-185
1227 0.741744 -2.35344e-185
1228 0.741905 -2.35344e-185
1229 0.742066 -2.35344e-185
1230 0.742225 -2.35344e-185
1231 0.742383 -2.35344e-185
1232 0.742542 -2.35344e-185
1233 0.7427 -2.35344e-185
1234 0.742858 -2.35344e-185
1235 0.743016 -2.35344e-185
1236 0.743176 -2.35344e-185
1237 0.743336 -2.35344e-185
1238 0.743498 -2.35344e-185
1239 0.743662 -2.35344e-185
1240 0.743827 -2.35344e-185
1241 0.743994 -2.35344e-185
1242 0.744162 -2.35344e-185
1243 0.744333 -2.35344e-185
1244 0.744506 -2.35344e-185
1245 0.74468 -2.35344e-185
1246 0.744856 -2.35344e-185
1247 0.745034 -2.35344e-185
1248 0.745212 -2.35344e-185
1249 0.745392 -2.35344e-185
1250 0.745571 -2.35344e-185
1251 0.745751 -2.35344e-185
1252 0.745931 -2.35344e-185
1253 0.746109 -2.35344e-185
1254 0.746286 -2.35344e-185
1255 0.746461 -2.35344e-185
1256 0.746634 -2.35344e-185
1257 0.746804 -2.35344e-185
1258 0.74697 -2.35344e-185
1259 0.747133 -2.35344e-185
1260 0.747292 -2.35344e-185
1261 0.747446 -2.35344e-185
1262 0.747594 -2.35344e-185
1263 0.747738 -2.35344e-185
1264 0.747876 -2.35344e-185
1265 0.748008 -2.35344e-185
1266 0.748134 -2.35344e-185
1267 0.748254 -2.35344e-185
1268 0.748367 -2.35344e-185
1269 0.748474 -2.35344e-185
1270 0.748574 -2.35344e-185
1271 0.748668 -2.35344e-185
1272 0.748755 -2.35344e-185
1273 0.748836 -2.35344e-185
1274 0.74891 -2.35344e-185
1275 0.748978 -2.35344e-185
1276 0.74904 -2.35344e-185
1277 0.749096 -2.35344e-185
1278 0.749146 -2.35344e-185
1279 0.749191 -2.35344e-185
1280 0.74923 -2.35344e-185
1281 0.749265 -2.35344e-185
1282 0.749294 -2.35344e-185
1283 0.749319 -2.35344e-185
1284 0.74934 -2.35344e-185
1285 0.749357 -2.35344e-185
1286 0.74937 -2.35344e-185
1287 0.749379 -2.35344e-185
1288 0.749386 -2.35344e-185
1289 0.74939 -2.35344e-185
1290 0.749391 -2.35344e-185
1291 0.74939 -2.35344e-185
1292 0.749387 -2.35344e-185
1293 0.749383 -2.35344e-185
1294 0.749377 -2.35344e-185
1295 0.74937 -2.35344e-185
1296 0.749363 -2.35344e-185
1297 0.749355 -2.35344e-185
1298 0.749346 -2.35344e-185
1299 0.749338 -2.35344e-185
1300 0.74933 -2.35344e-185
1301 0.749322 -2.35344e-185
1302 0.749316 -2.35344e-185
1303 0.74931 -2.35344e-185
1304 0.749305 -2.35344e-185
1305 0.749302 -2.35344e-185
1306 0.749301 -2.35344e-185
1307 0.749302 -2.35344e-185
1308 0.749304 -2.35344e-185
1309 0.749309 -2.35344e-185
1310 0.749317 -2.35344e-185
1311 0.749327 -2.35344e-185
1312 0.74934 -2.35344e-185
1313 0.749357 -2.35344e-185
1314 0.749376 -2.35344e-185
1315 0.749399 -2.35344e-185
1316 0.749426 -2.35344e-185
1317 0.749457 -2.35344e-185
1318 0.749491 -2.35344e-185
1319 0.74953 -2.35344e-185
1320 0.749573 -2.35344e-185
1321 0.74962 -2.35344e-185
1322 0.749672 -2.35344e-185
1323 0.749729 -2.35344e-185
1324 0.74979 -2.35344e-185
1325 0.749856 -2.35344e-185
1326 0.749927 -2.35344e-185
1327 0.750003 -2.35344e-185
1328 0.750084 -2.35344e-185
1329 0.750169 -2.35344e-185
1330 0.75026 -2.35344e-185
1331 0.750355 -2.35344e-185
1332 0.750455 -2.35344e-185
1333 0.750559 -2.35344e-185
1334 0.750668 -2.35344e-185
1335 0.750782 -2.35344e-185
1336 0.750899 -2.35344e-185
1337 0.75102 -2.35344e-185
1338 0.751145 -2.35344e-185
1339 0.751272 -2.35344e-185
1340 0.751403 -2.35344e-185
1341 0.751536 -2.35344e-185
1342 0.751672 -2.35344e-185
1343 0.751809 -2.35344e-185
1344 0.751947 -2.35344e-185
1345 0.752086 -2.35344e-185
1346 0.752226 -2.35344e-185
1347 0.752365 -2.35344e-185
1348 0.752504 -2.35344e-185
1349 0.752641 -2.35344e-185
1350 0.752777 -2.35344e-185
1351 0.752911 -2.35344e-185
1352 0.753042 -2.35344e-185
1353 0.753171 -2.35344e-185
1354 0.753296 -2.35344e-185
1355 0.753417 -2.35344e-185
1356 0.753534 -2.35344e-185
1357 0.753646 -2.35344e-185
1358 0.753753 -2.35344e-185
1359 0.753855 -2.35344e-185
1360 0.753951 -2.35344e-185
1361 0.754041 -2.35344e-185
1362 0.754125 -2.35344e-185
1363 0.754203 -2.35344e-185
1364 0.754274 -2.35344e-185
1365 0.754338 -2.35344e-185
1366 0.754395 -2.35344e-185
1367 0.754444 -2.35344e-185
1368 0.754487 -2.35344e-185
1369 0.754522 -2.35344e-185
1370 0.754549 -2.35344e-185
1371 0.754569 -2.35344e-185
1372 0.754581 -2.35344e-185
1373 0.754585 -2.35344e-185
1374 0.754581 -2.35344e-185
1375 0.75457 -2.35344e-185
1376 0.75455 -2.35344e-185
1377 0.754523 -2.35344e-185
1378 0.754488 -2.35344e-185
1379 0.754445 -2.35344e-185
1380 0.754395 -2.35344e-185
1381 0.754337 -2.35344e-185
1382 0.754271 -2.35344e-185
1383 0.754197 -2.35344e-185
1384 0.754116 -2.35344e-185
1385 0.754027 -2.35344e-185
1386 0.753931 -2.35344e-185
1387 0.753827 -2.35344e-185
1388 0.753716 -2.35344e-185
1389 0.753599 -2.35344e-185
1390 0.753474 -2.35344e-185
1391 0.753342 -2.35344e-185
1392 0.753203 -2.35344e-185
1393 0.753058 -2.35344e-185
1394 0.752907 -2.35344e-185
1395 0.752748 -2.35344e-185
1396 0.752584 -2.35344e-185
1397 0.752413 -2.35344e-185
1398 0.752237 -2.35344e-185
1399 0.752054 -2.35344e-185
1400 0.751866 -2.35344e-185
1401 0.751672 -2.35344e-185
1402 0.751472 -2.35344e-185
1403 0.751268 -2.35344e-185
1404 0.751057 -2.35344e-185
1405 0.750842 -2.35344e-185
1406 0.750622 -2.35344e-185
1407 0.750397 -2.35344e-185
1408 0.750168 -2.35344e-185
1409 0.749933 -2.35344e-185
1410 0.749695 -2.35344e-185
1411 0.749452 -2.35344e-185
1412 0.749205 -2.35344e-185
1413 0.748954 -2.35344e-185
1414 0.748698 -2.35344e-185
1415 0.748439 -2.35344e-185
1416 0.748177 -2.35344e-185
1417 0.74791 -2.35344e-185
1418 0.747641 -2.35344e-185
1419 0.747368 -2.35344e-185
1420 0.747091 -2.35344e-185
1421 0.746812 -2.35344e-185
1422 0.746529 -2.35344e-185
1423 0.746244 -2.35344e-185
1424 0.745956 -2.35344e-185
1425 0.745665 -2.35344e-185
1426 0.745372 -2.35344e-185
1427 0.745077 -2.35344e-185
1428 0.744779 -2.35344e-185
1429 0.744478 -2.35344e-185
1430 0.744176 -2.35344e-185
1431 0.743872 -2.35344e-185
1432 0.743566 -2.35344e-185
1433 0.743258 -2.35344e-185
1434 0.742949 -2.35344e-185
1435 0.742638 -2.35344e-185
1436 0.742326 -2.35344e-185
1437 0.742013 -2.35344e-185
1438 0.741698 -2.35344e-185
1439 0.741383 -2.35344e-185
1440 0.741066 -2.35344e-185
1441 0.740749 -2.35344e-185
1442 0.740432 -2.35344e-185
1443 0.740113 -2.35344e-185
1444 0.739795 -2.35344e-185
1445 0.739476 -2.35344e-185
1446 0.739157 -2.35344e-185
1447 0.738838 -2.35344e-185
1448 0.738519 -2.35344e-185
1449 0.738201 -2.35344e-185
1450 0.737883 -2.35344e-185
1451 0.737565 -2.35344e-185
1452 0.737249 -2.35344e-185
1453 0.736933 -2.35344e-185
1454 0.736617 -2.35344e-185
1455 0.736304 -2.35344e-185
1456 0.735991 -2.35344e-185
1457 0.735679 -2.35344e-185
1458 0.735369 -2.35344e-185
1459 0.735061 -2.35344e-185
1460 0.734754 -2.35344e-185
1461 0.734449 -2.35344e-185
1462 0.734146 -2.35344e-185
1463 0.733845 -2.35344e-185
1464 0.733546 -2.35344e-185
1465 0.73325 -2.35344e-185
1466 0.732955 -2.35344e-185
1467 0.732663 -2.35344e-185
1468 0.732374 -2.35344e-185
1469 0.732087 -2.35344e-185
1470 0.731802 -2.35344e-185
1471 0.73152 -2.35344e-185
1472 0.731241 -2.35344e-185
1473 0.730964 -2.35344e-185
1474 0.73069 -2.35344e-185
1475 0.730419 -2.35344e-185
1476 0.73015 -2.35344e-185
1477 0.729884 -2.35344e-185
1478 0.729621 -2.35344e-185
1479 0.72936 -2.35344e-185
1480 0.729102 -2.35344e-185
1481 0.728847 -2.35344e-185
1482 0.728594 -2.35344e-185
1483 0.728343 -2.35344e-185
1484 0.728095 -2.35344e-185
1485 0.727849 -2.35344e-185
1486 0.727606 -2.35344e-185
1487 0.727365 -2.35344e-185
1488 0.727126 -2.35344e-185
1489 0.72689 -2.35344e-185
1490 0.726655 -2.35344e-185
1491 0.726423 -2.35344e-185
1492 0.726193 -2.35344e-185
1493 0.725964 -2.35344e-185
1494 0.725738 -2.35344e-185
1495 0.725514 -2.35344e-185
1496 0.725292 -2.35344e-185
1497 0.725072 -2.35344e-185
1498 0.724854 -2.35344e-185
1499 0.724638 -2.35344e-185
1500 0.724424 -2.35344e-185
1501 0.724212 -2.35344e-185
1502 0.724002 -2.35344e-185
1503 0.723795 -2.35344e-185
1504 0.72359 -2.35344e-185
1505 0.723387 -2.35344e-185
1506 0.723187 -2.35344e-185
1507 0.722989 -2.35344e-185
1508 0.722793 -2.35344e-185
1509 0.7226 -2.35344e-185
1510 0.72241 -2.35344e-185
1511 0.722222 -2.35344e-185
1512 0.722036 -2.35344e-185
1513 0.721853 -2.35344e-185
1514 0.721673 -2.35344e-185
1515 0.721495 -2.35344e-185
1516 0.721319 -2.35344e-185
1517 0.721145 -2.35344e-185
1518 0.720974 -2.35344e-185
1519 0.720804 -2.35344e-185
1520 0.720636 -2.35344e-185
1521 0.72047 -2.35344e-185
1522 0.720304 -2.35344e-185
1523 0.72014 -2.35344e-185
1524 0.719976 -2.35344e-185
1525 0.719813 -2.35344e-185
1526 0.719649 -2.35344e-185
1527 0.719485 -2.35344e-185
1528 0.71932 -2.35344e-185
1529 0.719154 -2.35344e-185
1530 0.718986 -2.35344e-185
1531 0.718817 -2.35344e-185
1532 0.718645 -2.35344e-185
1533 0.718471 -2.35344e-185
1534 0.718294 -2.35344e-185
1535 0.718113 -2.35344e-185
1536 0.71793 -2.35344e-185
1537 0.717743 -2.35344e-185
1538 0.717553 -2.35344e-185
1539 0.717359 -2.35344e-185
1540 0.717162 -2.35344e-185
1541 0.716961 -2.35344e-185
1542 0.716756 -2.35344e-185
1543 0.716549 -2.35344e-185
1544 0.716337 -2.35344e-185
1545 0.716124 -2.35344e-185
1546 0.715907 -2.35344e-185
1547 0.715688 -2.35344e-185
1548 0.715467 -2.35344e-185
1549 0.715244 -2.35344e-185
1550 0.71502 -2.35344e-185
1551 0.714796 -2.35344e-185
1552 0.71457 -2.35344e-185
1553 0.714345 -2.35344e-185
1554 0.714121 -2.35344e-185
1555 0.713897 -2.35344e-185
1556 0.713674 -2.35344e-185
1557 0.713454 -2.35344e-185
1558 0.713236 -2.35344e-185
1559 0.71302 -2.35344e-185
1560 0.712807 -2.35344e-185
1561 0.712598 -2.35344e-185
1562 0.712393 -2.35344e-185
1563 0.712191 -2.35344e-185
1564 0.711994 -2.35344e-185
1565 0.711802 -2.35344e-185
1566 0.711615 -2.35344e-185
1567 0.711433 -2.35344e-185
1568 0.711256 -2.35344e-185
1569 0.711085 -2.35344e-185
1570 0.710919 -2.35344e-185
1571 0.710759 -2.35344e-185
1572 0.710604 -2.35344e-185
1573 0.710456 -2.35344e-185
1574 0.710313 -2.35344e-185
1575 0.710177 -2.35344e-185
1576 0.710045 -2.35344e-185
1577 0.70992 -2.35344e-185
1578 0.7098 -2.35344e-185
1579 0.709686 -2.35344e-185
1580 0.709577 -2.35344e-185
1581 0.709474 -2.35344e-185
1582 0.709376 -2.35344e-185
1583 0.709283 -2.35344e-185
1584 0.709195 -2.35344e-185
1585 0.709111 -2.35344e-185
1586 0.709033 -2.35344e-185
1587 0.708959 -2.35344e-185
1588 0.708889 -2.35344e-185
1589 0.708824 -2.35344e-185
1590 0.708763 -2.35344e-185
1591 0.708706 -2.35344e-185
1592 0.708653 -2.35344e-185
1593 0.708604 -2.35344e-185
1594 0.708559 -2.35344e-185
1595 0.708518 -2.35344e-185
1596 0.70848 -2.35344e-185
1597 0.708447 -2.35344e-185
1598 0.708417 -2.35344e-185
1599 0.708391 -2.35344e-185
1600 0.708368 -2.35344e-185
1601 0.70835 -2.35344e-185
1602 0.708335 -2.35344e-185
1603 0.708324 -2.35344e-185
1604 0.708317 -2.35344e-185
1605 0.708314 -2.35344e-185
1606 0.708316 -2.35344e-185
1607 0.708321 -2.35344e-185
1608 0.708331 -2.35344e-185
1609 0.708346 -2.35344e-185
1610 0.708365 -2.35344e-185
1611 0.708388 -2.35344e-185
1612 0.708417 -2.35344e-185
1613 0.708451 -2.35344e-185
1614 0.708489 -2.35344e-185
1615 0.708533 -2.35344e-185
1616 0.708583 -2.35344e-185
1617 0.708637 -2.35344e-185
1618 0.708698 -2.35344e-185
1619 0.708764 -2.35344e-185
1620 0.708836 -2.35344e-185
1621 0.708914 -2.35344e-185
1622 0.708998 -2.35344e-185
1623 0.709087 -2.35344e-185
1624 0.709183 -2.35344e-185
1625 0.709284 -2.35344e-185
1626 0.709392 -2.35344e-185
1627 0.709504 -2.35344e-185
1628 0.709623 -2.35344e-185
1629 0.709747 -2.35344e-185
1630 0.709875 -2.35344e-185
1631 0.710009 -2.35344e-185
1632 0.710148 -2.35344e-185
1633 0.710291 -2.35344e-185
1634 0.710437 -2.35344e-185
1635 0.710588 -2.35344e-185
1636 0.710742 -2.35344e-185
1637 0.7109 -2.35344e-185
1638 0.71106 -2.35344e-185
1639 0.711223 -2.35344e-185
1640 0.711388 -2.35344e-185
1641 0.711555 -2.35344e-185
1642 0.711724 -2.35344e-185
1643 0.711895 -2.35344e-185
1644 0.712067 -2.35344e-185
1645 0.712241 -2.35344e-185
1646 0.712416 -2.35344e-185
1647 0.712592 -2.35344e-185
1648 0.712769 -2.35344e-185
1649 0.712948 -2.35344e-185
1650 0.713128 -2.35344e-185
1651 0.713309 -2.35344e-185
1652 0.713492 -2.35344e-185
1653 0.713677 -2.35344e-185
1654 0.713863 -2.35344e-185
1655 0.714052 -2.35344e-185
1656 0.714242 -2.35344e-185
1657 0.714436 -2.35344e-185
1658 0.714632 -2.35344e-185
1659 0.714831 -2.35344e-185
1660 0.715033 -2.35344e-185
1661 0.715238 -2.35344e-185
1662 0.715447 -2.35344e-185
1663 0.715659 -2.35344e-185
1664 0.715876 -2.35344e-185
1665 0.716097 -2.35344e-185
1666 0.716322 -2.35344e-185
1667 0.716551 -2.35344e-185
1668 0.716784 -2.35344e-185
1669 0.717022 -2.35344e-185
1670 0.717265 -2.35344e-185
1671 0.717512 -2.35344e-185
1672 0.717764 -2.35344e-185
1673 0.71802 -2.35344e-185
1674 0.718281 -2.35344e-185
1675 0.718545 -2.35344e-185
1676 0.718814 -2.35344e-185
1677 0.719087 -2.35344e-185
1678 0.719363 -2.35344e-185
1679 0.719643 -2.35344e-185
1680 0.719926 -2.35344e-185
1681 0.720213 -2.35344e-185
1682 0.720501 -2.35344e-185
1683 0.720792 -2.35344e-185
1684 0.721085 -2.35344e-185
1685 0.721379 -2.35344e-185
1686 0.721674 -2.35344e-185
1687 0.72197 -2.35344e-185
1688 0.722267 -2.35344e-185
1689 0.722563 -2.35344e-185
1690 0.722859 -2.35344e-185
1691 0.723154 -2.35344e-185
1692 0.723447 -2.35344e-185
1693 0.723739 -2.35344e-185
1694 0.724028 -2.35344e-185
1695 0.724315 -2.35344e-185
1696 0.7246 -2.35344e-185
1697 0.724881 -2.35344e-185
1698 0.725158 -2.35344e-185
1699 0.725431 -2.35344e-185
1700 0.725701 -2.35344e-185
1701 0.725965 -2.35344e-185
1702 0.726226 -2.35344e-185
1703 0.726481 -2.35344e-185
1704 0.726731 -2.35344e-185
1705 0.726976 -2.35344e-185
1706 0.727216 -2.35344e-185
1707 0.72745 -2.35344e-185
1708 0.727679 -2.35344e-185
1709 0.727902 -2.35344e-185
1710 0.728119 -2.35344e-185
1711 0.728331 -2.35344e-185
1712 0.728537 -2.35344e-185
1713 0.728738 -2.35344e-185
1714 0.728933 -2.35344e-185
1715 0.729123 -2.35344e-185
1716 0.729308 -2.35344e-185
1717 0.729488 -2.35344e-185
1718 0.729662 -2.35344e-185
1719 0.729832 -2.35344e-185
1720 0.729997 -2.35344e-185
1721 0.730158 -2.35344e-185
1722 0.730315 -2.35344e-185
1723 0.730468 -2.35344e-185
1724 0.730618 -2.35344e-185
1725 0.730764 -2.35344e-185
1726 0.730907 -2.35344e-185
1727 0.731047 -2.35344e-185
1728 0.731185 -2.35344e-185
1729 0.731321 -2.35344e-185
1730 0.731455 -2.35344e-185
1731 0.731587 -2.35344e-185
1732 0.731717 -2.35344e-185
1733 0.731847 -2.35344e-185
1734 0.731976 -2.35344e-185
1735 0.732104 -2.35344e-185
1736 0.732232 -2.35344e-185
1737 0.73236 -2.35344e-185
1738 0.732488 -2.35344e-185
1739 0.732617 -2.35344e-185
1740 0.732747 -2.35344e-185
1741 0.732877 -2.35344e-185
1742 0.733008 -2.35344e-185
1743 0.733141 -2.35344e-185
1744 0.733275 -2.35344e-185
1745 0.73341 -2.35344e-185
1746 0.733547 -2.35344e-185
1747 0.733686 -2.35344e-185
1748 0.733826 -2.35344e-185
1749 0.733968 -2.35344e-185
1750 0.734112 -2.35344e-185
1751 0.734258 -2.35344e-185
1752 0.734406 -2.35344e-185
1753 0.734555 -2.35344e-185
1754 0.734706 -2.35344e-185
1755 0.734859 -2.35344e-185
1756 0.735013 -2.35344e-185
1757 0.735169 -2.35344e-185
1758 0.735326 -2.35344e-185
1759 0.735484 -2.35344e-185
1760 0.735643 -2.35344e-185
1761 0.735803 -2.35344e-185
1762 0.735964 -2.35344e-185
1763 0.736126 -2.35344e-185
1764 0.736288 -2.35344e-185
1765 0.73645 -2.35344e-185
1766 0.736612 -2.35344e-185
1767 0.736774 -2.35344e-185
1768 0.736936 -2.35344e-185
1769 0.737097 -2.35344e-185
1770 0.737257 -2.35344e-185
1771 0.737417 -2.35344e-185
1772 0.737575 -2.35344e-185
1773 0.737732 -2.35344e-185
1774 0.737888 -2.35344e-185
1775 0.738042 -2.35344e-185
1776 0.738195 -2.35344e-185
1777 0.738345 -2.35344e-185
1778 0.738493 -2.35344e-185
1779 0.738639 -2.35344e-185
1780 0.738783 -2.35344e-185
1781 0.738923 -2.35344e-185
1782 0.739061 -2.35344e-185
1783 0.739195 -2.35344e-185
1784 0.739327 -2.35344e-185
1785 0.739455 -2.35344e-185
1786 0.739579 -2.35344e-185
1787 0.739699 -2.35344e-185
1788 0.739815 -2.35344e-185
1789 0.739927 -2.35344e-185
1790 0.740035 -2.35344e-185
1791 0.740138 -2.35344e-185
1792 0.740236 -2.35344e-185
1793 0.740329 -2.35344e-185
1794 0.740417 -2.35344e-185
1795 0.7405 -2.35344e-185
1796 0.740577 -2.35344e-185
1797 0.740648 -2.35344e-185
1798 0.740714 -2.35344e-185
1799 0.740773 -2.35344e-185
1800 0.740826 -2.35344e-185
1801 0.740873 -2.35344e-185
1802 0.740914 -2.35344e-185
1803 0.740948 -2.35344e-185
1804 0.740975 -2.35344e-185
1805 0.740996 -2.35344e-185
1806 0.74101 -2.35344e-185
1807 0.741017 -2.35344e-185
1808 0.741017 -2.35344e-185
1809 0.741011 -2.35344e-185
1810 0.740997 -2.35344e-185
1811 0.740977 -2.35344e-185
1812 0.74095 -2.35344e-185
1813 0.740915 -2.35344e-185
1814 0.740875 -2.35344e-185
1815 0.740827 -2.35344e-185
1816 0.740773 -2.35344e-185
1817 0.740713 -2.35344e-185
1818 0.740646 -2.35344e-185
1819 0.740574 -2.35344e-185
1820 0.740495 -2.35344e-185
1821 0.74041 -2.35344e-185
1822 0.74032 -2.35344e-185
1823 0.740225 -2.35344e-185
1824 0.740125 -2.35344e-185
1825 0.74002 -2.35344e-185
1826 0.73991 -2.35344e-185
1827 0.739796 -2.35344e-185
1828 0.739679 -2.35344e-185
1829 0.739557 -2.35344e-185
1830 0.739433 -2.35344e-185
1831 0.739306 -2.35344e-185
1832 0.739176 -2.35344e-185
1833 0.739044 -2.35344e-185
1834 0.73891 -2.35344e-185
1835 0.738775 -2.35344e-185
1836 0.73864 -2.35344e-185
1837 0.738503 -2.35344e-185
1838 0.738367 -2.35344e-185
1839 0.73823 -2.35344e-185
1840 0.738095 -2.35344e-185
1841 0.73796 -2.35344e-185
1842 0.737827 -2.35344e-185
1843 0.737696 -2.35344e-185
1844 0.737567 -2.35344e-185
1845 0.73744 -2.35344e-185
1846 0.737317 -2.35344e-185
1847 0.737196 -2.35344e-185
1848 0.737079 -2.35344e-185
1849 0.736966 -2.35344e-185
1850 0.736857 -2.35344e-185
1851 0.736752 -2.35344e-185
1852 0.736652 -2.35344e-185
1853 0.736556 -2.35344e-185
1854 0.736464 -2.35344e-185
1855 0.736378 -2.35344e-185
1856 0.736296 -2.35344e-185
1857 0.736219 -2.35344e-185
1858 0.736147 -2.35344e-185
1859 0.73608 -2.35344e-185
1860 0.736017 -2.35344e-185
1861 0.73596 -2.35344e-185
1862 0.735907 -2.35344e-185
1863 0.735858 -2.35344e-185
1864 0.735814 -2.35344e-185
1865 0.735774 -2.35344e-185
1866 0.735737 -2.35344e-185
1867 0.735705 -2.35344e-185
1868 0.735677 -2.35344e-185
1869 0.735652 -2.35344e-185
1870 0.73563 -2.35344e-185
1871 0.735611 -2.35344e-185
1872 0.735596 -2.35344e-185
1873 0.735583 -2.35344e-185
1874 0.735573 -2.35344e-185
1875 0.735566 -2.35344e-185
1876 0.735561 -2.35344e-185
1877 0.735559 -2.35344e-185
1878 0.735558 -2.35344e-185
1879 0.73556 -2.35344e-185
1880 0.735563 -2.35344e-185
1881 0.735569 -2.35344e-185
1882 0.735576 -2.35344e-185
1883 0.735584 -2.35344e-185
1884 0.735594 -2.35344e-185
1885 0.735605 -2.35344e-185
1886 0.735617 -2.35344e-185
1887 0.73563 -2.35344e-185
1888 0.735643 -2.35344e-185
1889 0.735657 -2.35344e-185
1890 0.73567 -2.35344e-185
1891 0.735684 -2.35344e-185
1892 0.735697 -2.35344e-185
1893 0.735709 -2.35344e-185
1894 0.73572 -2.35344e-185
1895 0.735729 -2.35344e-185
1896 0.735736 -2.35344e-185
1897 0.735741 -2.35344e-185
1898 0.735743 -2.35344e-185
1899 0.735742 -2.35344e-185
1900 0.735737 -2.35344e-185
1901 0.735728 -2.35344e-185
1902 0.735715 -2.35344e-185
1903 0.735697 -2.35344e-185
1904 0.735674 -2.35344e-185
1905 0.735645 -2.35344e-185
1906 0.735611 -2.35344e-185
1907 0.735571 -2.35344e-185
1908 0.735524 -2.35344e-185
1909 0.735471 -2.35344e-185
1910 0.735412 -2.35344e-185
1911 0.735345 -2.35344e-185
1912 0.735273 -2.35344e-185
1913 0.735193 -2.35344e-185
1914 0.735107 -2.35344e-185
1915 0.735014 -2.35344e-185
1916 0.734914 -2.35344e-185
1917 0.734809 -2.35344e-185
1918 0.734697 -2.35344e-185
1919 0.734579 -2.35344e-185
1920 0.734455 -2.35344e-185
1921 0.734326 -2.35344e-185
1922 0.734191 -2.35344e-185
1923 0.734052 -2.35344e-185
1924 0.733907 -2.35344e-185
1925 0.733759 -2.35344e-185
1926 0.733606 -2.35344e-185
1927 0.73345 -2.35344e-185
1928 0.733291 -2.35344e-185
1929 0.733128 -2.35344e-185
1930 0.732962 -2.35344e-185
1931 0.732794 -2.35344e-185
1932 0.732624 -2.35344e-185
1933 0.732451 -2.35344e-185
1934 0.732277 -2.35344e-185
1935 0.732102 -2.35344e-185
1936 0.731924 -2.35344e-185
1937 0.731746 -2.35344e-185
1938 0.731567 -2.35344e-185
1939 0.731387 -2.35344e-185
1940 0.731206 -2.35344e-185
1941 0.731024 -2.35344e-185
1942 0.730842 -2.35344e-185
1943 0.730659 -2.35344e-185
1944 0.730475 -2.35344e-185
1945 0.730291 -2.35344e-185
1946 0.730106 -2.35344e-185
1947 0.72992 -2.35344e-185
1948 0.729733 -2.35344e-185
1949 0.729545 -2.35344e-185
1950 0.729357 -2.35344e-185
1951 0.729167 -2.35344e-185
1952 0.728975 -2.35344e-185
1953 0.728783 -2.35344e-185
1954 0.728588 -2.35344e-185
1955 0.728392 -2.35344e-185
1956 0.728194 -2.35344e-185
1957 0.727994 -2.35344e-185
1958 0.727791 -2.35344e-185
1959 0.727586 -2.35344e-185
1960 0.727379 -2.35344e-185
1961 0.727168 -2.35344e-185
1962 0.726956 -2.35344e-185
1963 0.72674 -2.35344e-185
1964 0.726521 -2.35344e-185
1965 0.7263 -2.35344e-185
1966 0.726075 -2.35344e-185
1967 0.725848 -2.35344e-185
1968 0.725617 -2.35344e-185
1969 0.725384 -2.35344e-185
1970 0.725148 -2.35344e-185
1971 0.724909 -2.35344e-185
1972 0.724668 -2.35344e-185
1973 0.724424 -2.35344e-185
1974 0.724178 -2.35344e-185
1975 0.72393 -2.35344e-185
1976 0.72368 -2.35344e-185
1977 0.723428 -2.35344e-185
1978 0.723175 -2.35344e-185
1979 0.72292 -2.35344e-185
1980 0.722665 -2.35344e-185
1981 0.72241 -2.35344e-185
1982 0.722154 -2.35344e-185
1983 0.721899 -2.35344e-185
1984 0.721644 -2.35344e-185
1985 0.72139 -2.35344e-185
1986 0.721137 -2.35344e-185
1987 0.720886 -2.35344e-185
1988 0.720636 -2.35344e-185
1989 0.72039 -2.35344e-185
1990 0.720146 -2.35344e-185
1991 0.719905 -2.35344e-185
1992 0.719668 -2.35344e-185
1993 0.719435 -2.35344e-185
1994 0.719207 -2.35344e-185
1995 0.718982 -2.35344e-185
1996 0.718763 -2.35344e-185
1997 0.718549 -2.35344e-185
1998 0.718341 -2.35344e-185
1999 0.718138 -2.35344e-185
2000 0.717942 -2.35344e-185
2001 0.717751 -2.35344e-185
2002 0.717567 -2.35344e-185
2003 0.717388 -2.35344e-185
2004 0.717216 -2.35344e-185
2005 0.717051 -2.35344e-185
2006 0.716891 -2.35344e-185
2007 0.716737 -2.35344e-185
2008 0.71659 -2.35344e-185
2009 0.716447 -2.35344e-185
2010 0.71631 -2.35344e-185
2011 0.716178 -2.35344e-185
2012 0.716051 -2.35344e-185
2013 0.715927 -2.35344e-185
2014 0.715808 -2.35344e-185
2015 0.715691 -2.35344e-185
2016 0.715578 -2.35344e-185
2017 0.715467 -2.35344e-185
2018 0.715357 -2.35344e-185
2019 0.715249 -2.35344e-185
2020 0.715142 -2.35344e-185
2021 0.715036 -2.35344e-185
2022 0.714929 -2.35344e-185
2023 0.714823 -2.35344e-185
2024 0.714715 -2.35344e-185
2025 0.714607 -2.35344e-185
2026 0.714497 -2.35344e-185
2027 0.714386 -2.35344e-185
2028 0.714274 -2.35344e-185
2029 0.71416 -2.35344e-185
2030 0.714043 -2.35344e-185
2031 0.713925 -2.35344e-185
2032 0.713806 -2.35344e-185
2033 0.713684 -2.35344e-185
2034 0.71356 -2.35344e-185
2035 0.713435 -2.35344e-185
2036 0.713307 -2.35344e-185
2037 0.713179 -2.35344e-185
2038 0.713049 -2.35344e-185
2039 0.712918 -2.35344e-185
2040 0.712786 -2.35344e-185
2041 0.712653 -2.35344e-185
2042 0.71252 -2.35344e-185
2043 0.712387 -2.35344e-185
2044 0.712253 -2.35344e-185
2045 0.712121 -2.35344e-185
2046 0.711988 -2.35344e-185
2047 0.711857 -2.35344e-185
2048 0.711727 -2.35344e-185
2049 0.711599 -2.35344e-185
2050 0.711472 -2.35344e-185
2051 0.711348 -2.35344e-185
2052 0.711226 -2.35344e-185
2053 0.711107 -2.35344e-185
2054 0.710992 -2.35344e-185
2055 0.710879 -2.35344e-185
2056 0.710771 -2.35344e-185
2057 0.710667 -2.35344e-185
2058 0.710567 -2.35344e-185
2059 0.710472 -2.35344e-185
2060 0.710381 -2.35344e-185
2061 0.710297 -2.35344e-185
2062 0.710217 -2.35344e-185
2063 0.710144 -2.35344e-185
2064 0.710077 -2.35344e-185
2065 0.710016 -2.35344e-185
2066 0.709963 -2.35344e-185
2067 0.709916 -2.35344e-185
2068 0.709876 -2.35344e-185
2069 0.709843 -2.35344e-185
2070 0.709819 -2.35344e-185
2071 0.709802 -2.35344e-185
2072 0.709793 -2.35344e-185
2073 0.709793 -2.35344e-185
2074 0.709801 -2.35344e-185
2075 0.709817 -2.35344e-185
2076 0.709842 -2.35344e-185
2077 0.709877 -2.35344e-185
2078 0.70992 -2.35344e-185
2079 0.709973 -2.35344e-185
2080 0.710035 -2.35344e-185
2081 0.710107 -2.35344e-185
2082 0.710188 -2.35344e-185
2083 0.710279 -2.35344e-185
2084 0.71038 -2.35344e-185
2085 0.710491 -2.35344e-185
2086 0.710611 -2.35344e-185
2087 0.710742 -2.35344e-185
2088 0.710883 -2.35344e-185
2089 0.711035 -2.35344e-185
2090 0.711197 -2.35344e-185
2091 0.711369 -2.35344e-185
2092 0.711551 -2.35344e-185
2093 0.711744 -2.35344e-185
2094 0.711947 -2.35344e-185
2095 0.712161 -2.35344e-185
2096 0.712385 -2.35344e-185
2097 0.71262 -2.35344e-185
2098 0.712865 -2.35344e-185
2099 0.713121 -2.35344e-185
2100 0.713386 -2.35344e-185
2101 0.713662 -2.35344e-185
2102 0.713948 -2.35344e-185
2103 0.714244 -2.35344e-185
2104 0.71455 -2.35344e-185
2105 0.714866 -2.35344e-185
2106 0.715191 -2.35344e-185
2107 0.715525 -2.35344e-185
2108 0.715869 -2.35344e-185
2109 0.716221 -2.35344e-185
2110 0.716582 -2.35344e-185
2111 0.716952 -2.35344e-185
2112 0.717329 -2.35344e-185
2113 0.717715 -2.35344e-185
2114 0.718108 -2.35344e-185
2115 0.718509 -2.35344e-185
2116 0.718916 -2.35344e-185
2117 0.719331 -2.35344e-185
2118 0.719751 -2.35344e-185
2119 0.720178 -2.35344e-185
2120 0.720611 -2.35344e-185
2121 0.72105 -2.35344e-185
2122 0.721494 -2.35344e-185
2123 0.721943 -2.35344e-185
2124 0.722398 -2.35344e-185
2125 0.722857 -2.35344e-185
2126 0.723321 -2.35344e-185
2127 0.72379 -2.35344e-185
2128 0.724263 -2.35344e-185
2129 0.724741 -2.35344e-185
2130 0.725223 -2.35344e-185
2131 0.72571 -2.35344e-185
2132 0.726201 -2.35344e-185
2133 0.726697 -2.35344e-185
2134 0.727198 -2.35344e-185
2135 0.727704 -2.35344e-185
2136 0.728216 -2.35344e-185
2137 0.728732 -2.35344e-185
2138 0.729254 -2.35344e-185
2139 0.729782 -2.35344e-185
2140 0.730316 -2.35344e-185
2141 0.730856 -2.35344e-185
2142 0.731402 -2.35344e-185
2143 0.731955 -2.35344e-185
2144 0.732514 -2.35344e-185
2145 0.733081 -2.35344e-185
2146 0.733654 -2.35344e-185
2147 0.734234 -2.35344e-185
2148 0.73482 -2.35344e-185
2149 0.735413 -2.35344e-185
2150 0.736013 -2.35344e-185
2151 0.736619 -2.35344e-185
2152 0.73723 -2.35344e-185
2153 0.737846 -2.35344e-185
2154 0.738467 -2.35344e-185
2155 0.739091 -2.35344e-185
2156 0.739718 -2.35344e-185
2157 0.740348 -2.35344e-185
2158 0.740978 -2.35344e-185
2159 0.741608 -2.35344e-185
2160 0.742237 -2.35344e-185
2161 0.742863 -2.35344e-185
2162 0.743486 -2.35344e-185
2163 0.744104 -2.35344e-185
2164 0.744716 -2.35344e-185
2165 0.74532 -2.35344e-185
2166 0.745916 -2.35344e-185
2167 0.746502 -2.35344e-185
2168 0.747077 -2.35344e-185
2169 0.74764 -2.35344e-185
2170 0.748191 -2.35344e-185
2171 0.748729 -2.35344e-185
2172 0.749252 -2.35344e-185
2173 0.749761 -2.35344e-185
2174 0.750256 -2.35344e-185
2175 0.750734 -2.35344e-185
2176 0.751198 -2.35344e-185
2177 0.751646 -2.35344e-185
2178 0.752079 -2.35344e-185
2179 0.752497 -2.35344e-185
2180 0.752899 -2.35344e-185
2181 0.753287 -2.35344e-185
2182 0.753661 -2.35344e-185
2183 0.75402 -2.35344e-185
2184 0.754367 -2.35344e-185
2185 0.7547 -2.35344e-185
2186 0.755022 -2.35344e-185
2187 0.755331 -2.35344e-185
2188 0.75563 -2.35344e-185
2189 0.755918 -2.35344e-185
2190 0.756197 -2.35344e-185
2191 0.756466 -2.35344e-185
2192 0.756727 -2.35344e-185
2193 0.75698 -2.35344e-185
2194 0.757226 -2.35344e-185
2195 0.757465 -2.35344e-185
2196 0.757699 -2.35344e-185
2197 0.757927 -2.35344e-185
2198 0.75815 -2.35344e-185
2199 0.758369 -2.35344e-185
2200 0.758584 -2.35344e-185
2201 0.758796 -2.35344e-185
2202 0.759006 -2.35344e-185
2203 0.759214 -2.35344e-185
2204 0.75942 -2.35344e-185
2205 0.759625 -2.35344e-185
2206 0.759829 -2.35344e-185
2207 0.760033 -2.35344e-185
2208 0.760237 -2.35344e-185
2209 0.760442 -2.35344e-185
2210 0.760648 -2.35344e-185
2211 0.760855 -2.35344e-185
2212 0.761064 -2.35344e-185
2213 0.761275 -2.35344e-185
2214 0.761488 -2.35344e-185
2215 0.761704 -2.35344e-185
2216 0.761923 -2.35344e-185
2217 0.762146 -2.35344e-185
2218 0.762372 -2.35344e-185
2219 0.762601 -2.35344e-185
2220 0.762835 -2.35344e-185
2221 0.763073 -2.35344e-185
2222 0.763316 -2.35344e-185
2223 0.763563 -2.35344e-185
2224 0.763816 -2.35344e-185
2225 0.764073 -2.35344e-185
2226 0.764336 -2.35344e-185
2227 0.764604 -2.35344e-185
2228 0.764878 -2.35344e-185
2229 0.765157 -2.35344e-185
2230 0.765442 -2.35344e-185
2231 0.765733 -2.35344e-185
2232 0.76603 -2.35344e-185
2233 0.766333 -2.35344e-185
2234 0.766642 -2.35344e-185
2235 0.766957 -2.35344e-185
2236 0.767278 -2.35344e-185
2237 0.767605 -2.35344e-185
2238 0.767938 -2.35344e-185
2239 0.768277 -2.35344e-185
2240 0.768621 -2.35344e-185
2241 0.768971 -2.35344e-185
2242 0.769327 -2.35344e-185
2243 0.769687 -2.35344e-185
2244 0.770053 -2.35344e-185
2245 0.770423 -2.35344e-185
2246 0.770798 -2.35344e-185
2247 0.771177 -2.35344e-185
2248 0.771559 -2.35344e-185
2249 0.771945 -2.35344e-185
2250 0.772334 -2.35344e-185
2251 0.772725 -2.35344e-185
2252 0.773117 -2.35344e-185
2253 0.773511 -2.35344e-185
2254 0.773906 -2.35344e-185
2255 0.774301 -2.35344e-185
2256 0.774695 -2.35344e-185
2257 0.775088 -2.35344e-185
2258 0.775479 -2.35344e-185
2259 0.775867 -2.35344e-185
2260 0.776252 -2.35344e-185
2261 0.776633 -2.35344e-185
2262 0.77701 -2.35344e-185
2263 0.77738 -2.35344e-185
2264 0.777745 -2.35344e-185
2265 0.778103 -2.35344e-185
2266 0.778454 -2.35344e-185
2267 0.778797 -2.35344e-185
2268 0.779131 -2.35344e-185
2269 0.779457 -2.35344e-185
2270 0.779772 -2.35344e-185
2271 0.780078 -2.35344e-185
2272 0.780374 -2.35344e-185
2273 0.780659 -2.35344e-185
2274 0.780934 -2.35344e-185
2275 0.781197 -2.35344e-185
2276 0.781449 -2.35344e-185
2277 0.78169 -2.35344e-185
2278 0.78192 -2.35344e-185
2279 0.782138 -2.35344e-185
2280 0.782345 -2.35344e-185
2281 0.78254 -2.35344e-185
2282 0.782725 -2.35344e-185
2283 0.782898 -2.35344e-185
2284 0.78306 -2.35344e-185
2285 0.783212 -2.35344e-185
2286 0.783352 -2.35344e-185
2287 0.783483 -2.35344e-185
2288 0.783603 -2.35344e-185
2289 0.783712 -2.35344e-185
2290 0.783812 -2.35344e-185
2291 0.783902 -2.35344e-185
2292 0.783983 -2.35344e-185
2293 0.784054 -2.35344e-185
2294 0.784115 -2.35344e-185
2295 0.784168 -2.35344e-185
2296 0.784211 -2.35344e-185
2297 0.784246 -2.35344e-185
2298 0.784272 -2.35344e-185
2299 0.78429 -2.35344e-185
2300 0.784299 -2.35344e-185
2301 0.784299 -2.35344e-185
2302 0.784292 -2.35344e-185
2303 0.784276 -2.35344e-185
2304 0.784253 -2.35344e-185
2305 0.784222 -2.35344e-185
2306 0.784183 -2.35344e-185
2307 0.784136 -2.35344e-185
2308 0.784082 -2.35344e-185
2309 0.784021 -2.35344e-185
2310 0.783953 -2.35344e-185
2311 0.783878 -2.35344e-185
2312 0.783797 -2.35344e-185
2313 0.783708 -2.35344e-185
2314 0.783614 -2.35344e-185
2315 0.783513 -2.35344e-185
2316 0.783406 -2.35344e-185
2317 0.783294 -2.35344e-185
2318 0.783176 -2.35344e-185
2319 0.783053 -2.35344e-185
2320 0.782925 -2.35344e-185
2321 0.782791 -2.35344e-185
2322 0.782654 -2.35344e-185
2323 0.782512 -2.35344e-185
2324 0.782366 -2.35344e-185
2325 0.782216 -2.35344e-185
2326 0.782062 -2.35344e-185
2327 0.781906 -2.35344e-185
2328 0.781746 -2.35344e-185
2329 0.781583 -2.35344e-185
2330 0.781417 -2.35344e-185
2331 0.781249 -2.35344e-185
2332 0.781079 -2.35344e-185
2333 0.780906 -2.35344e-185
2334 0.780732 -2.35344e-185
2335 0.780557 -2.35344e-185
2336 0.780379 -2.35344e-185
2337 0.780201 -2.35344e-185
2338 0.780021 -2.35344e-185
2339 0.779841 -2.35344e-185
2340 0.77966 -2.35344e-185
2341 0.779478 -2.35344e-185
2342 0.779295 -2.35344e-185
2343 0.779112 -2.35344e-185
2344 0.778929 -2.35344e-185
2345 0.778746 -2.35344e-185
2346 0.778562 -2.35344e-185
2347 0.778378 -2.35344e-185
2348 0.778195 -2.35344e-185
2349 0.778011 -2.35344e-185
2350 0.777828 -2.35344e-185
2351 0.777644 -2.35344e-185
2352 0.777461 -2.35344e-185
2353 0.777278 -2.35344e-185
2354 0.777095 -2.35344e-185
2355 0.776912 -2.35344e-185
2356 0.776729 -2.35344e-185
2357 0.776546 -2.35344e-185
2358 0.776364 -2.35344e-185
2359 0.776181 -2.35344e-185
2360 0.775999 -2.35344e-185
2361 0.775817 -2.35344e-185
2362 0.775635 -2.35344e-185
2363 0.775453 -2.35344e-185
2364 0.775271 -2.35344e-185
2365 0.775089 -2.35344e-185
2366 0.774908 -2.35344e-185
2367 0.774726 -2.35344e-185
2368 0.774545 -2.35344e-185
2369 0.774364 -2.35344e-185
2370 0.774183 -2.35344e-185
2371 0.774002 -2.35344e-185
2372 0.773822 -2.35344e-185
2373 0.773642 -2.35344e-185
2374 0.773463 -2.35344e-185
2375 0.773284 -2.35344e-185
2376 0.773106 -2.35344e-185
2377 0.772929 -2.35344e-185
2378 0.772753 -2.35344e-185
2379 0.772578 -2.35344e-185
2380 0.772405 -2.35344e-185
2381 0.772233 -2.35344e-185
2382 0.772063 -2.35344e-185
2383 0.771894 -2.35344e-185
2384 0.771728 -2.35344e-185
2385 0.771564 -2.35344e-185
2386 0.771402 -2.35344e-185
2387 0.771243 -2.35344e-185
2388 0.771087 -2.35344e-185
2389 0.770934 -2.35344e-185
2390 0.770783 -2.35344e-185
2391 0.770636 -2.35344e-185
2392 0.770493 -2.35344e-185
2393 0.770352 -2.35344e-185
2394 0.770215 -2.35344e-185
2395 0.770082 -2.35344e-185
2396 0.769952 -2.35344e-185
2397 0.769825 -2.35344e-185
2398 0.769702 -2.35344e-185
2399 0.769582 -2.35344e-185
2400 0.769464 -2.35344e-185
2401 0.769349 -2.35344e-185
2402 0.769237 -2.35344e-185
2403 0.769127 -2.35344e-185
2404 0.769018 -2.35344e-185
2405 0.768911 -2.35344e-185
2406 0.768805 -2.35344e-185
2407 0.7687 -2.35344e-185
2408 0.768595 -2.35344e-185
2409 0.768489 -2.35344e-185
2410 0.768383 -2.35344e-185
2411 0.768275 -2.35344e-185
2412 0.768166 -2.35344e-185
2413 0.768055 -2.35344e-185
2414 0.767942 -2.35344e-185
2415 0.767826 -2.35344e-185
2416 0.767707 -2.35344e-185
2417 0.767585 -2.35344e-185
2418 0.767459 -2.35344e-185
2419 0.767329 -2.35344e-185
2420 0.767196 -2.35344e-185
2421 0.767058 -2.35344e-185
2422 0.766916 -2.35344e-185
2423 0.76677 -2.35344e-185
2424 0.76662 -2.35344e-185
2425 0.766466 -2.35344e-185
2426 0.766307 -2.35344e-185
2427 0.766145 -2.35344e-185
2428 0.765978 -2.35344e-185
2429 0.765807 -2.35344e-185
2430 0.765633 -2.35344e-185
2431 0.765455 -2.35344e-185
2432 0.765273 -2.35344e-185
2433 0.765088 -2.35344e-185
2434 0.7649 -2.35344e-185
2435 0.764708 -2.35344e-185
2436 0.764514 -2.35344e-185
2437 0.764317 -2.35344e-185
2438 0.764118 -2.35344e-185
2439 0.763916 -2.35344e-185
2440 0.763713 -2.35344e-185
2441 0.763507 -2.35344e-185
2442 0.7633 -2.35344e-185
2443 0.763091 -2.35344e-185
2444 0.762881 -2.35344e-185
2445 0.76267 -2.35344e-185
2446 0.762457 -2.35344e-185
2447 0.762244 -2.35344e-185
2448 0.762031 -2.35344e-185
2449 0.761817 -2.35344e-185
2450 0.761602 -2.35344e-185
2451 0.761388 -2.35344e-185
2452 0.761173 -2.35344e-185
2453 0.760959 -2.35344e-185
2454 0.760745 -2.35344e-185
2455 0.760532 -2.35344e-185
2456 0.760319 -2.35344e-185
2457 0.760108 -2.35344e-185
2458 0.759897 -2.35344e-185
2459 0.759687 -2.35344e-185
2460 0.759479 -2.35344e-185
2461 0.759272 -2.35344e-185
2462 0.759067 -2.35344e-185
2463 0.758863 -2.35344e-185
2464 0.758661 -2.35344e-185
2465 0.758462 -2.35344e-185
2466 0.758264 -2.35344e-185
2467 0.758069 -2.35344e-185
2468 0.757877 -2.35344e-185
2469 0.757687 -2.35344e-185
2470 0.7575 -2.35344e-185
2471 0.757316 -2.35344e-185
2472 0.757135 -2.35344e-185
2473 0.756957 -2.35344e-185
2474 0.756783 -2.35344e-185
2475 0.756612 -2.35344e-185
2476 0.756444 -2.35344e-185
2477 0.756281 -2.35344e-185
2478 0.756121 -2.35344e-185
2479 0.755966 -2.35344e-185
2480 0.755814 -2.35344e-185
2481 0.755667 -2.35344e-185
2482 0.755524 -2.35344e-185
2483 0.755385 -2.35344e-185
2484 0.755251 -2.35344e-185
2485 0.755122 -2.35344e-185
2486 0.754997 -2.35344e-185
2487 0.754877 -2.35344e-185
2488 0.754761 -2.35344e-185
2489 0.754651 -2.35344e-185
2490 0.754545 -2.35344e-185
2491 0.754444 -2.35344e-185
2492 0.754347 -2.35344e-185
2493 0.754256 -2.35344e-185
2494 0.75417 -2.35344e-185
2495 0.754088 -2.35344e-185
2496 0.754011 -2.35344e-185
2497 0.753939 -2.35344e-185
2498 0.753872 -2.35344e-185
2499 0.753809 -2.35344e-185
