0 18 7 89 
1 53 65 30 51 
2 61 97 94 
3 14 56 94 
4 48 24 85 53 52 95 
5 68 79 96 
6 53 96 45 
7 38 0 97 51 
8 80 78 90 41 56 76 71 
9 66 93 85 60 64 29 
10 90 18 29 30 95 88 
11 91 20 98 84 54 33 44 
12 29 98 34 32 
13 52 39 20 72 58 79 44 70 
14 3 34 79 
15 67 95 63 
16 26 72 96 
17 41 88 72 23 39 94 68 
18 0 10 40 85 36 28 
19 34 98 55 28 57 23 
20 11 13 90 
21 92 98 91 
22 67 76 59 96 
23 78 19 17 
24 4 68 96 73 
25 99 37 86 
26 16 87 47 64 43 89 
27 36 86 29 85 
28 90 58 19 18 76 
29 12 63 74 10 48 27 36 9 
30 53 10 1 
31 82 62 54 74 
32 97 78 56 91 90 12 38 
33 76 97 11 
34 19 93 14 12 96 
35 83 60 94 
36 27 18 78 29 
37 93 79 25 
38 90 7 91 53 32 
39 13 70 17 64 
40 96 18 98 
41 17 8 57 
42 59 63 91 
43 78 72 26 
44 89 11 13 92 
45 74 80 6 
46 54 73 87 
47 89 72 26 53 
48 4 29 94 
49 78 56 92 
50 53 51 91 65 
51 50 1 7 67 
52 13 56 99 4 69 97 83 
53 30 1 50 4 6 97 38 47 94 
54 11 46 31 
55 60 75 19 
56 52 89 97 77 49 32 3 8 
57 94 19 41 71 
58 28 96 71 13 
59 42 77 22 
60 55 35 9 86 
61 2 84 63 
62 95 85 31 
63 29 71 77 91 61 42 69 15 74 
64 95 26 9 39 
65 73 1 50 
66 9 94 99 85 
67 22 15 51 
68 5 24 17 
69 75 52 63 80 
70 81 39 13 
71 63 58 57 8 
72 47 16 13 17 43 81 
73 65 24 46 
74 29 45 31 63 
75 55 87 69 98 77 
76 22 33 79 28 8 
77 59 63 56 75 
78 23 43 92 49 32 8 36 
79 37 5 13 76 14 
80 8 69 45 
81 87 70 94 72 
82 83 31 84 
83 35 82 52 
84 11 61 82 
85 94 62 9 4 18 66 97 27 
86 27 25 60 
87 75 81 26 46 
88 17 10 96 
89 47 44 56 0 26 
90 10 38 28 20 8 97 32 
91 11 38 63 50 21 32 42 
92 21 78 49 44 
93 37 9 34 
94 66 85 57 35 2 81 48 17 3 53 
95 64 15 62 10 4 
96 40 22 5 98 58 24 16 34 6 88 
97 7 2 33 56 32 85 90 52 53 
98 21 19 75 11 96 12 40 
99 66 25 52 
