0 357 451 669 674 747 804 
1 31 214 294 490 587 704 789 
2 9 18 183 391 670 747 
3 274 309 367 390 501 635 713 
4 352 436 459 490 804 
5 90 369 453 624 681 759 872 895 911 
6 87 302 721 838 935 
7 44 492 669 897 
8 45 148 162 243 303 491 784 871 977 
9 2 552 574 649 675 
10 188 349 752 
11 332 438 
12 79 241 311 519 564 715 
13 39 135 238 677 740 751 
14 384 403 555 585 634 640 750 872 
15 118 222 237 434 470 489 556 625 651 
16 50 97 294 700 777 
17 183 199 937 
18 2 124 164 177 212 456 555 702 843 937 980 
19 42 266 284 430 431 686 886 983 
20 520 
21 161 184 223 296 310 404 582 842 864 961 
22 291 311 377 444 632 741 899 
23 28 281 305 307 405 439 515 773 781 
24 52 326 331 402 734 806 873 933 953 
25 224 239 384 506 
26 234 485 604 657 950 
27 90 147 325 616 656 749 
28 23 123 153 854 979 
29 104 570 781 
30 133 250 326 732 756 969 
31 1 75 513 850 
32 129 305 378 637 992 
33 222 245 684 692 779 796 850 987 
34 142 182 552 
35 70 375 433 668 688 888 
36 41 65 108 448 728 967 
37 352 674 694 
38 181 427 630 728 821 833 847 
39 13 151 279 366 564 930 948 
40 702 810 
41 36 180 227 400 624 651 683 
42 19 480 721 734 755 787 839 
43 239 460 476 691 719 
44 7 324 495 542 744 922 
45 8 415 541 561 696 934 
46 319 353 430 730 752 793 844 847 896 922 939 
47 178 430 504 692 763 
48 54 458 471 771 830 866 952 
49 121 299 582 853 
50 16 208 380 503 539 
51 114 445 609 829 998 
52 24 123 250 257 608 672 727 
53 228 348 497 566 772 794 
54 48 244 254 969 
55 63 198 517 561 598 610 645 775 898 
56 121 200 412 531 
57 206 408 415 729 746 750 963 
58 258 773 889 907 979 993 
59 310 319 471 766 
60 177 423 551 575 808 951 957 
61 400 569 717 989 
62 339 486 510 534 639 904 977 
63 55 87 132 212 375 479 612 791 901 
64 167 458 524 731 847 
65 36 69 289 332 554 563 902 
66 432 632 778 
67 127 499 665 872 978 
68 215 604 868 959 
69 65 105 479 573 735 848 849 900 
70 35 310 319 355 639 729 764 888 
71 305 541 611 
72 174 645 647 714 787 899 
73 152 208 288 394 449 482 611 
74 182 195 366 573 665 724 802 
75 31 671 
76 85 146 246 722 996 
77 284 454 553 847 889 
78 131 269 273 424 544 943 947 
79 12 216 343 493 603 765 830 
80 204 205 503 568 700 
81 86 199 357 528 832 884 983 
82 159 512 552 
83 238 770 
84 336 362 604 721 854 855 
85 76 110 140 286 402 426 556 
86 81 363 501 756 837 982 
87 6 63 312 548 621 675 702 732 
88 151 843 904 
89 153 198 683 860 
90 5 27 183 232 455 855 
91 283 296 698 761 854 884 
92 191 196 213 296 527 558 767 819 856 873 
93 155 177 213 321 435 574 700 
94 306 333 480 706 724 790 869 978 
95 109 146 200 355 365 379 463 546 751 801 
96 120 134 218 841 901 
97 16 425 750 863 
98 279 468 483 570 575 675 699 806 939 997 
99 454 501 834 899 
100 114 182 382 390 635 701 
101 174 432 974 
102 434 550 647 701 743 891 
103 151 395 448 531 548 599 631 672 
104 29 264 308 384 420 508 
105 69 108 175 290 699 890 929 963 
106 309 479 560 579 763 787 
107 189 284 446 569 
108 36 105 221 245 630 743 
109 95 137 315 853 
110 85 210 657 738 836 876 
111 113 160 190 328 595 
112 284 537 
113 111 623 822 
114 51 100 142 193 256 703 
115 207 233 252 307 550 559 577 856 935 
116 532 622 779 
117 189 310 338 444 517 655 847 
118 15 154 209 467 
119 469 609 724 766 886 944 
120 96 132 505 750 882 
121 49 56 187 196 607 640 931 
122 141 355 453 555 760 853 904 
123 28 52 358 522 570 664 
124 18 183 195 268 416 857 970 
125 129 172 669 954 960 967 
126 214 406 858 949 
127 67 149 313 375 398 508 557 573 918 
128 221 921 
129 32 125 145 496 518 
130 434 638 744 760 849 910 
131 78 179 203 361 809 
132 63 120 244 337 455 552 949 
133 30 288 430 690 697 
134 96 203 274 740 981 
135 13 285 307 339 390 443 549 650 661 873 938 
136 144 211 237 496 650 677 932 
137 109 157 236 
138 207 400 404 501 515 536 817 
139 250 254 354 576 695 724 772 946 
140 85 149 400 577 878 
141 122 276 318 414 689 794 
142 34 114 
143 161 166 249 324 554 617 813 863 923 
144 136 229 408 433 625 654 716 750 762 859 860 
145 129 260 390 464 737 
146 76 95 586 
147 27 314 330 547 732 778 795 862 997 
148 8 204 225 282 322 343 493 541 678 797 
149 127 140 216 704 772 823 880 929 941 
150 185 515 606 675 705 829 913 
151 39 88 103 934 996 
152 73 213 406 421 848 944 
153 28 89 287 514 777 807 842 899 
154 118 160 386 976 
155 93 402 497 503 564 721 952 
156 315 403 417 518 599 681 712 766 
157 137 237 473 662 
158 182 205 347 696 912 
159 82 514 606 664 777 787 834 840 859 906 
160 111 154 463 561 912 
161 21 143 201 533 
162 8 570 
163 357 558 
164 18 623 845 944 
165 400 569 709 752 857 897 
166 143 191 624 665 993 
167 64 554 807 999 
168 514 719 
169 
170 331 633 791 972 
171 307 881 933 
172 125 246 289 421 423 436 600 636 759 812 898 
173 461 702 850 895 
174 72 101 198 267 326 357 
175 105 712 733 
176 227 405 471 663 847 897 
177 18 60 93 251 308 315 606 706 802 821 
178 47 224 309 471 663 936 
179 131 212 254 267 307 366 565 651 688 957 
180 41 390 518 652 756 956 993 
181 38 563 654 717 752 810 
182 34 74 100 158 195 497 756 898 973 
183 2 17 90 124 315 511 669 734 980 
184 21 260 342 343 436 570 685 699 722 915 920 927 
185 150 494 596 705 861 
186 216 219 250 260 302 987 
187 121 259 275 583 898 953 
188 10 743 763 998 
189 107 117 229 467 577 869 986 
190 111 226 251 268 278 698 714 743 752 977 
191 92 166 242 393 855 
192 372 512 541 914 
193 114 582 
194 277 319 401 402 505 547 
195 74 124 182 218 460 558 563 571 723 887 892 
196 92 121 224 336 343 420 573 888 913 
197 291 375 516 608 675 909 918 
198 55 89 174 273 457 616 636 778 
199 17 81 334 412 458 521 655 
200 56 95 215 227 627 733 945 
201 161 648 
202 324 571 596 915 987 
203 131 134 261 296 340 509 599 778 838 
204 80 148 426 
205 80 158 875 
206 57 397 
207 115 138 314 375 431 439 470 612 689 794 927 
208 50 73 381 969 
209 118 460 525 567 581 762 800 823 827 841 
210 110 302 319 513 697 870 
211 136 327 732 794 967 
212 18 63 179 530 920 933 
213 92 93 152 380 474 485 510 543 609 662 700 933 
214 1 126 446 566 998 999 
215 68 200 300 856 
216 79 149 186 658 727 
217 371 580 824 851 
218 96 195 288 295 567 658 717 892 
219 186 224 260 487 493 555 849 969 975 
220 228 470 681 745 801 871 
221 108 128 458 775 902 975 982 
222 15 33 269 298 569 902 
223 21 274 361 405 515 598 607 666 825 862 
224 25 178 196 219 468 473 596 808 
225 148 286 299 323 857 989 
226 190 282 377 845 852 957 
227 41 176 200 246 257 803 930 
228 53 220 468 507 557 999 
229 144 189 268 716 833 
230 252 808 822 896 965 
231 259 822 861 
232 90 963 
233 115 345 498 647 843 971 
234 26 316 434 609 756 925 
235 315 429 446 661 909 976 
236 137 247 250 330 418 788 869 904 916 
237 15 136 157 267 552 579 739 812 
238 13 83 263 264 292 384 491 528 584 593 857 
239 25 43 306 324 524 583 648 934 958 
240 319 339 596 710 759 807 
241 12 452 579 599 645 983 
242 191 343 459 635 785 823 987 
243 8 273 395 492 733 849 
244 54 132 255 268 389 611 800 
245 33 108 598 848 890 
246 76 172 227 322 663 700 742 800 920 982 
247 236 361 383 400 547 562 709 867 878 922 
248 373 419 671 699 877 885 959 
249 143 308 518 579 769 
250 30 52 139 186 236 404 668 763 911 947 
251 177 190 469 626 
252 115 230 421 423 437 588 623 632 672 974 
253 272 327 678 734 737 760 763 830 915 916 
254 54 139 179 290 316 425 878 912 
255 244 305 894 
256 114 939 997 
257 52 227 598 851 
258 58 773 783 936 944 
259 187 231 446 
260 145 184 186 219 280 293 433 
261 203 439 519 928 
262 309 706 878 880 899 905 966 
263 238 424 587 
264 104 238 339 348 494 558 776 856 995 
265 286 562 610 843 883 
266 19 604 712 995 
267 174 179 237 334 493 673 884 
268 124 190 229 244 285 642 956 
269 78 222 328 451 523 635 692 
270 545 558 630 753 923 999 
271 842 
272 253 358 457 494 529 851 
273 78 198 243 909 
274 3 134 223 303 315 317 571 863 
275 187 660 677 791 809 
276 141 327 379 769 809 950 
277 194 287 305 343 419 638 650 730 826 849 
278 190 476 499 
279 39 98 288 598 674 699 782 840 935 
280 260 412 672 694 823 
281 23 839 
282 148 226 
283 91 315 321 351 397 762 826 
284 19 77 107 112 287 321 432 
285 135 268 391 638 872 928 993 
286 85 225 265 406 779 784 840 
287 153 277 284 457 497 
288 73 133 218 279 760 799 932 
289 65 172 616 673 825 
290 105 254 417 520 590 591 657 750 
291 22 197 617 739 805 948 
292 238 360 542 877 880 926 
293 260 528 532 610 625 780 936 
294 1 16 865 900 
295 218 436 607 644 811 835 848 946 
296 21 91 92 203 365 444 492 503 756 757 
297 584 648 871 
298 222 391 471 537 552 781 812 878 
299 49 225 796 914 935 
300 215 455 708 713 722 751 779 
301 340 351 704 
302 6 186 210 521 885 895 988 
303 8 274 306 581 
304 454 467 649 849 966 
305 23 32 71 255 277 329 713 755 935 
306 94 239 303 316 364 473 
307 23 115 135 171 179 327 778 940 
308 104 177 249 946 989 
309 3 106 178 262 887 952 
310 21 59 70 117 358 626 631 969 995 
311 12 22 379 486 541 741 932 
312 87 334 790 851 
313 127 331 337 670 719 737 771 858 869 938 
314 147 207 512 756 940 962 
315 109 156 177 183 235 274 283 455 719 729 767 850 
316 234 254 306 556 650 742 761 
317 274 329 497 517 647 740 978 
318 141 626 754 881 
319 46 59 70 194 210 240 416 603 735 766 774 784 844 932 
320 361 426 615 768 
321 93 283 284 442 668 758 880 
322 148 246 437 973 999 
323 225 477 541 766 
324 44 143 202 239 516 986 
325 27 388 421 529 844 887 894 914 932 
326 24 30 174 412 602 615 704 732 792 799 880 882 920 
327 211 253 276 307 643 974 
328 111 269 487 494 593 
329 305 317 427 
330 147 236 366 555 627 647 808 932 991 
331 24 170 313 394 428 625 902 957 
332 11 65 699 787 889 
333 94 354 
334 199 267 312 367 407 881 992 
335 347 386 459 460 
336 84 196 652 836 954 
337 132 313 631 686 741 
338 117 356 461 466 858 
339 62 135 240 264 372 521 653 
340 203 301 440 640 940 
341 423 542 985 
342 184 603 639 665 775 900 
343 79 148 184 196 242 277 490 496 511 593 665 936 
344 499 991 
345 233 463 505 581 601 610 652 914 
346 699 802 952 
347 158 335 452 533 642 959 
348 53 264 760 
349 10 350 442 693 878 899 
350 349 
351 283 301 372 386 523 737 
352 4 37 399 614 703 715 825 858 
353 46 403 430 478 822 
354 139 333 601 
355 70 95 122 378 586 795 958 
356 338 536 548 632 661 977 
357 0 81 163 174 520 574 602 746 
358 123 272 310 374 492 602 628 656 679 765 894 924 
359 746 940 
360 292 366 778 808 943 
361 131 223 247 320 457 811 844 
362 84 486 590 880 901 
363 86 456 460 695 
364 306 477 536 964 965 
365 95 296 472 473 626 684 817 998 
366 39 74 179 330 360 375 419 586 608 626 714 
367 3 334 374 380 500 556 901 
368 449 619 979 
369 5 377 445 592 683 843 853 
370 380 415 592 
371 217 558 698 794 872 
372 192 339 351 528 852 914 
373 248 428 508 619 739 929 
374 358 367 566 632 953 
375 35 63 127 197 207 366 496 511 532 733 
376 554 653 
377 22 226 369 793 
378 32 355 634 670 763 910 936 995 
379 95 276 311 555 621 680 941 
380 50 213 367 370 442 541 
381 208 589 726 806 
382 100 471 543 803 853 879 962 
383 247 745 754 962 
384 14 25 104 238 523 594 682 693 824 
385 599 705 
386 154 335 351 415 417 429 977 
387 442 561 957 
388 325 390 570 627 771 826 961 
389 244 738 864 910 977 
390 3 100 135 145 180 388 600 721 739 763 
391 2 285 298 497 509 956 999 
392 405 546 661 838 986 
393 191 570 579 630 694 788 877 
394 73 331 780 853 
395 103 243 717 919 958 
396 820 857 886 
397 206 283 410 433 799 998 
398 127 520 649 810 
399 352 405 566 637 707 767 878 
400 41 61 138 140 165 247 530 671 752 780 843 866 926 984 
401 194 992 995 
402 24 85 155 194 500 505 805 860 
403 14 156 353 469 
404 21 138 250 483 530 766 
405 23 176 223 392 399 
406 126 152 286 729 858 
407 334 464 489 654 771 830 845 872 889 
408 57 144 475 799 853 909 
409 426 755 835 909 
410 397 512 608 713 746 779 960 
411 613 
412 56 199 280 326 447 450 670 727 
413 522 945 
414 141 447 557 642 899 
415 45 57 370 386 521 594 647 719 720 753 795 
416 124 319 699 800 
417 156 290 386 808 
418 236 443 523 828 894 
419 248 277 366 878 
420 104 196 902 980 
421 152 172 252 325 465 526 601 646 905 
422 453 548 552 694 747 779 832 863 
423 60 172 252 341 539 568 627 
424 78 263 449 508 577 770 
425 97 254 794 973 
426 85 204 320 409 535 642 787 895 
427 38 329 625 821 825 
428 331 373 721 790 951 
429 235 386 
430 19 46 47 133 353 496 
431 19 207 631 654 
432 66 101 284 559 647 814 
433 35 144 260 397 461 825 903 
434 15 102 130 234 803 872 
435 93 845 
436 4 172 184 295 517 548 642 736 864 
437 252 322 733 915 962 
438 11 663 743 745 922 
439 23 207 261 611 717 723 772 786 816 837 916 
440 340 535 728 741 964 984 
441 469 771 
442 321 349 380 387 559 735 
443 135 418 574 612 921 
444 22 117 296 528 538 585 
445 51 369 523 726 836 943 
446 107 214 235 259 507 607 625 689 743 834 
447 412 414 
448 36 103 700 743 973 
449 73 368 424 518 538 578 778 
450 412 636 643 675 972 
451 0 269 663 
452 241 347 772 
453 5 122 422 465 506 595 612 680 
454 77 99 304 977 
455 90 132 300 315 972 
456 18 363 638 851 
457 198 272 287 361 461 715 736 799 912 
458 48 64 199 221 790 837 884 944 987 
459 4 242 335 508 536 719 930 986 989 
460 43 195 209 335 363 465 511 536 613 833 864 
461 173 338 433 457 491 635 
462 495 510 512 794 885 
463 95 160 345 469 481 533 679 741 760 778 
464 145 407 
465 421 453 460 593 732 923 930 936 
466 338 494 510 512 516 737 744 791 946 981 
467 118 189 304 487 567 798 
468 98 224 228 737 850 864 966 
469 119 251 403 441 463 546 749 775 869 917 
470 15 207 220 651 778 846 
471 48 59 176 178 298 382 479 619 987 
472 365 746 811 
473 157 224 306 365 680 770 791 939 
474 213 617 
475 408 695 841 901 
476 43 278 494 555 690 765 846 
477 323 364 957 
478 353 512 609 616 678 791 913 
479 63 69 106 471 803 805 952 968 
480 42 94 487 607 
481 463 946 
482 73 
483 98 404 516 592 616 866 993 
484 730 
485 26 213 505 638 
486 62 311 362 617 725 796 969 
487 219 328 467 480 796 
488 589 627 897 919 
489 15 407 
490 1 4 343 769 980 
491 8 238 461 644 772 942 
492 7 243 296 358 911 
493 79 148 219 267 797 899 917 
494 185 264 272 328 466 476 673 853 956 
495 44 462 553 590 897 931 
496 129 136 343 375 430 734 755 
497 53 155 182 287 317 391 890 900 
498 233 740 780 793 
499 67 278 344 630 638 770 963 
500 367 402 553 811 
501 3 86 99 138 582 621 973 
502 522 577 700 871 
503 50 80 155 296 554 556 627 643 719 887 
504 47 
505 120 194 345 402 485 618 777 973 
506 25 453 510 525 829 
507 228 446 596 733 914 
508 104 127 373 424 459 568 629 717 
509 203 391 652 662 778 988 
510 62 213 462 466 506 
511 183 343 375 460 736 761 867 
512 82 192 314 410 462 466 478 676 697 731 834 991 
513 31 210 539 882 942 
514 153 159 168 592 657 789 847 
515 23 138 150 223 533 788 789 845 
516 197 324 466 483 613 
517 55 117 317 436 739 758 900 
518 129 156 180 249 449 780 884 984 985 
519 12 261 545 580 635 
520 20 290 357 398 534 601 957 
521 199 302 339 415 530 739 827 871 973 998 
522 123 413 502 697 753 798 932 
523 269 351 384 418 445 730 806 
524 64 239 755 778 849 924 
525 209 506 556 726 765 791 825 
526 421 696 984 
527 92 718 920 925 969 
528 81 238 293 372 444 590 716 
529 272 325 663 964 981 
530 212 400 404 521 592 940 
531 56 103 
532 116 293 375 586 821 
533 161 347 463 515 680 744 901 
534 62 520 592 653 
535 426 440 576 904 
536 138 356 364 459 460 557 707 797 973 
537 112 298 539 620 715 752 903 927 988 995 
538 444 449 707 852 893 
539 50 423 513 537 564 590 591 611 743 949 
540 599 654 784 930 
541 45 71 148 192 311 323 380 596 612 750 908 
542 44 292 341 710 816 897 929 
543 213 382 663 669 673 824 933 
544 78 576 694 930 
545 270 519 906 
546 95 392 469 547 966 
547 147 194 247 546 632 846 
548 87 103 356 422 436 598 715 831 870 
549 135 669 996 
550 102 115 808 
551 60 628 631 724 768 866 
552 9 34 82 132 237 298 422 767 
553 77 495 500 569 906 955 
554 65 143 167 376 503 647 702 890 
555 14 18 122 219 330 379 476 613 647 
556 15 85 316 367 503 525 737 822 
557 127 228 414 536 863 
558 92 163 195 264 270 371 650 748 
559 115 432 442 566 652 713 834 843 
560 106 662 704 753 784 905 966 
561 45 55 160 387 
562 247 265 575 576 
563 65 181 195 765 782 826 
564 12 39 155 539 717 
565 179 
566 53 214 374 399 559 779 951 
567 209 218 467 779 936 
568 80 423 508 573 611 684 782 
569 61 107 165 222 553 970 
570 29 98 123 162 184 388 393 625 998 
571 195 202 274 749 931 
572 874 
573 69 74 127 196 568 
574 9 93 357 443 815 
575 60 98 562 596 828 
576 139 535 544 562 586 
577 115 140 189 424 502 748 752 846 915 
578 449 601 827 869 897 
579 106 237 241 249 393 636 738 919 968 
580 217 519 799 807 865 
581 209 303 345 604 730 755 924 
582 21 49 193 501 645 955 
583 187 239 724 798 855 
584 238 297 612 656 
585 14 444 655 851 915 
586 146 355 366 532 576 637 841 894 908 
587 1 263 
588 252 824 
589 381 488 663 705 853 914 989 
590 290 362 495 528 539 755 905 
591 290 539 709 858 903 
592 369 370 483 514 530 534 794 820 
593 238 328 343 465 644 668 
594 384 415 758 823 872 
595 111 453 
596 185 202 224 240 507 541 575 697 704 957 
597 664 
598 55 223 245 257 279 548 957 
599 103 156 203 241 385 540 784 851 
600 172 390 731 768 904 
601 345 354 421 520 578 805 808 
602 326 357 358 946 
603 79 319 342 680 776 835 
604 26 68 84 266 581 623 722 939 985 
605 872 
606 150 159 177 642 805 
607 121 223 295 446 480 837 
608 52 197 366 410 633 881 
609 51 119 213 234 478 804 853 
610 55 265 293 345 
611 71 73 244 439 539 568 695 824 
612 63 207 443 453 541 584 692 726 
613 411 460 516 555 940 
614 352 781 853 934 960 
615 320 326 635 
616 27 198 289 478 483 627 829 896 898 
617 143 291 474 486 633 959 
618 505 815 964 
619 368 373 471 697 
620 537 746 891 907 
621 87 379 501 639 828 
622 116 975 
623 113 164 252 604 942 998 
624 5 41 166 746 983 
625 15 144 293 331 427 446 570 648 658 799 965 
626 251 310 318 365 366 715 749 791 844 957 
627 200 330 388 423 488 503 616 
628 358 551 633 752 
629 508 682 
630 38 108 270 393 499 633 823 990 997 
631 103 310 337 431 551 665 673 881 912 
632 22 66 252 356 374 547 913 
633 170 608 617 628 630 
634 14 378 942 
635 3 100 242 269 461 519 615 700 716 950 
636 172 198 450 579 798 806 
637 32 399 586 
638 130 277 285 456 485 499 689 990 
639 62 70 342 621 923 
640 14 121 340 651 754 858 
641 916 
642 268 347 414 426 436 606 665 771 792 
643 327 450 503 789 792 944 
644 295 491 593 667 692 867 869 941 943 
645 55 72 241 582 881 905 
646 421 756 975 
647 72 102 233 317 330 415 432 554 555 802 944 995 
648 201 239 297 625 655 736 758 927 
649 9 304 398 737 
650 135 136 277 316 558 938 
651 15 41 179 470 640 727 747 778 
652 180 336 345 509 559 
653 339 376 534 988 
654 144 181 407 431 540 688 793 
655 117 199 585 648 871 
656 27 358 584 686 815 884 
657 26 110 290 514 686 967 
658 216 218 625 818 995 
659 793 794 927 
660 275 835 
661 135 235 356 392 672 677 876 939 956 
662 157 213 509 560 733 
663 176 178 246 438 451 529 543 589 672 809 962 
664 123 159 597 733 963 
665 67 74 166 342 343 631 642 844 
666 223 757 807 878 
667 644 941 
668 35 250 321 593 774 860 875 886 978 
669 0 7 125 183 543 549 
670 2 313 378 412 
671 75 248 400 806 833 958 
672 52 103 252 280 661 663 680 792 
673 267 289 494 543 631 733 744 964 970 
674 0 37 279 714 767 882 
675 9 87 98 150 197 450 689 837 
676 512 766 878 977 
677 13 136 275 661 
678 148 253 478 890 
679 358 463 762 788 843 
680 379 453 473 533 603 672 700 707 728 944 948 977 
681 5 156 220 
682 384 629 724 790 
683 41 89 369 823 891 951 
684 33 365 568 701 707 760 940 942 
685 184 
686 19 337 656 657 719 796 971 
687 711 870 957 
688 35 179 654 843 
689 141 207 446 638 675 
690 133 476 773 775 816 923 927 943 
691 43 
692 33 47 269 612 644 724 
693 349 384 978 
694 37 280 393 422 544 919 
695 139 363 475 611 785 
696 45 158 526 
697 133 210 512 522 596 619 745 756 836 900 
698 91 190 371 816 838 857 
699 98 105 184 248 279 332 346 416 829 
700 16 80 93 213 246 448 502 635 680 801 812 911 929 951 
701 100 102 684 902 
702 18 40 87 173 554 759 842 851 867 
703 114 352 832 
704 1 149 301 326 560 596 744 916 
705 150 185 385 589 884 885 
706 94 177 262 736 842 855 895 925 985 
707 399 536 538 680 684 813 
708 300 767 806 809 889 937 
709 165 247 591 946 
710 240 542 823 
711 687 770 801 816 967 
712 156 175 266 831 
713 3 300 305 410 559 777 810 818 
714 72 190 366 674 841 966 971 
715 12 352 457 537 548 626 806 897 
716 144 229 528 635 
717 61 181 218 395 439 508 564 721 959 999 
718 527 
719 43 168 313 315 415 459 503 686 727 766 858 882 883 948 
720 415 845 926 
721 6 42 84 155 390 428 717 979 
722 76 184 300 604 795 866 
723 195 439 732 
724 74 94 119 139 551 583 682 692 984 
725 486 781 815 865 
726 381 445 525 612 778 918 
727 52 216 412 651 719 791 876 901 909 
728 36 38 440 680 837 866 
729 57 70 315 406 
730 46 277 484 523 581 852 906 
731 64 512 600 982 
732 30 87 147 211 326 465 723 
733 175 200 243 375 437 507 662 664 673 757 924 
734 24 42 183 253 496 735 
735 69 319 442 734 
736 436 457 511 648 706 750 982 
737 145 253 313 351 466 468 556 649 742 857 903 
738 110 389 579 928 982 
739 237 291 373 390 517 521 
740 13 134 317 498 834 990 
741 22 311 337 440 463 839 989 
742 246 316 737 
743 102 108 188 190 438 446 448 539 775 966 
744 44 130 466 533 673 704 841 
745 220 383 438 697 925 
746 57 357 359 410 472 620 624 
747 0 2 422 651 823 951 
748 558 577 856 985 986 
749 27 469 571 626 824 858 884 987 
750 14 57 97 120 144 290 541 736 772 791 
751 13 95 300 872 892 945 
752 10 46 165 181 190 400 537 577 628 
753 270 415 522 560 
754 318 383 640 821 825 858 
755 42 305 409 496 524 581 590 770 831 833 
756 30 86 180 182 234 296 314 646 697 
757 296 666 733 866 963 
758 321 517 594 648 819 898 
759 5 172 240 702 882 917 
760 122 130 253 288 348 463 684 961 
761 91 316 511 906 953 
762 144 209 283 679 814 
763 47 106 188 250 253 378 390 823 
764 70 
765 79 358 476 525 563 787 825 849 856 
766 59 119 156 319 323 404 676 719 948 
767 92 315 399 552 674 708 774 804 
768 320 551 600 
769 249 276 490 770 
770 83 424 473 499 711 755 769 886 960 
771 48 313 388 407 441 642 
772 53 139 149 439 452 491 750 
773 23 58 258 690 807 
774 319 668 767 828 998 
775 55 221 342 469 690 743 906 907 935 
776 264 603 864 
777 16 153 159 505 713 835 
778 66 147 198 203 307 360 449 463 470 509 524 651 726 883 937 
779 33 116 286 300 410 422 566 567 
780 293 394 400 498 518 783 
781 23 29 298 614 725 805 
782 279 563 568 
783 258 780 825 838 957 
784 8 286 319 540 560 599 861 
785 242 695 840 
786 439 
787 42 72 106 159 332 426 765 794 904 936 
788 236 393 515 679 927 
789 1 514 515 643 792 828 888 947 
790 94 312 428 458 682 848 895 902 966 
791 63 170 275 466 473 478 525 626 727 750 853 922 
792 326 642 643 672 789 
793 46 377 498 654 659 856 881 
794 53 141 207 211 371 425 462 592 659 787 
795 147 355 415 722 809 987 
796 33 299 486 487 686 982 
797 148 493 536 967 
798 467 522 583 636 841 864 
799 288 326 397 408 457 580 625 
800 209 244 246 416 
801 95 220 700 711 992 
802 74 177 346 647 916 
803 227 382 434 479 
804 0 4 609 767 
805 291 402 479 601 606 781 
806 24 98 381 523 636 671 708 715 823 905 939 
807 153 167 240 580 666 773 816 905 
808 60 224 230 330 360 417 550 601 965 
809 131 275 276 663 708 795 929 980 982 
810 40 181 398 713 
811 295 361 472 500 844 898 926 
812 172 237 298 700 873 
813 143 707 861 911 
814 432 762 
815 574 618 656 725 
816 439 542 690 698 711 807 975 
817 138 365 941 
818 658 713 976 
819 92 758 830 
820 396 592 823 920 
821 38 177 427 532 754 839 
822 113 230 231 353 556 856 982 
823 149 209 242 280 594 630 683 710 747 763 806 820 828 889 915 940 
824 217 384 543 588 611 749 
825 223 289 352 427 433 525 754 765 783 
826 277 283 388 563 992 
827 209 521 578 888 925 
828 418 575 621 774 789 823 
829 51 150 506 616 699 
830 48 79 253 407 819 860 897 
831 548 712 755 
832 81 422 703 887 964 
833 38 229 460 671 755 899 946 
834 99 159 446 512 559 740 850 874 890 939 
835 295 409 603 660 777 901 
836 110 336 445 697 852 861 877 997 
837 86 439 458 607 675 728 
838 6 203 392 698 783 902 
839 42 281 741 821 
840 159 279 286 785 940 
841 96 209 475 586 714 744 798 857 
842 21 153 271 702 706 961 
843 18 88 233 265 369 400 559 679 688 858 909 
844 46 319 325 361 626 665 811 
845 164 226 407 435 515 720 
846 470 476 547 577 
847 38 46 64 77 117 176 514 
848 69 152 245 295 790 900 912 
849 69 130 219 243 277 304 524 765 938 944 
850 31 33 173 315 468 834 900 952 982 
851 217 257 272 312 456 585 599 702 854 
852 226 372 538 730 836 988 
853 49 109 122 369 382 394 408 494 589 609 614 791 
854 28 84 91 851 
855 84 90 191 583 706 
856 92 115 215 264 748 765 793 822 
857 124 165 225 238 396 698 737 841 
858 126 313 338 352 406 591 640 719 749 754 843 886 920 
859 144 159 
860 89 144 402 668 830 
861 185 231 784 813 836 882 940 
862 147 223 
863 97 143 274 422 557 
864 21 389 436 460 468 776 798 898 999 
865 294 580 725 927 
866 48 400 483 551 722 728 757 872 
867 247 511 644 702 
868 68 
869 94 189 236 313 469 578 644 885 895 
870 210 548 687 973 
871 8 220 297 502 521 655 991 
872 5 14 67 285 371 407 434 594 605 751 866 
873 24 92 135 812 
874 572 834 972 
875 205 668 
876 110 661 727 
877 248 292 393 836 
878 140 247 254 262 298 349 399 419 666 676 
879 382 
880 149 262 292 321 326 362 
881 171 318 334 608 631 645 793 905 972 
882 120 326 513 674 719 759 861 973 
883 265 719 778 
884 81 91 267 458 518 656 705 749 
885 248 302 462 705 869 939 958 960 
886 19 119 396 668 770 858 
887 195 309 325 503 832 
888 35 70 196 789 827 997 
889 58 77 332 407 708 823 
890 105 245 497 554 678 834 
891 102 620 683 939 
892 195 218 751 
893 538 949 
894 255 325 358 418 586 
895 5 173 302 426 706 790 869 
896 46 230 616 
897 7 165 176 488 495 542 578 715 830 934 
898 55 172 182 187 616 758 811 864 921 
899 22 72 99 153 262 349 414 493 833 
900 69 294 342 497 517 697 848 850 
901 63 96 362 367 475 533 727 835 925 
902 65 221 222 331 420 701 790 838 
903 433 537 591 737 
904 62 88 122 236 535 600 787 
905 262 421 560 590 645 806 807 881 
906 159 545 553 730 761 775 
907 58 620 775 
908 541 586 
909 197 235 273 408 409 727 843 931 
910 130 378 389 
911 5 250 492 700 813 958 
912 158 160 254 457 631 848 
913 150 196 478 632 
914 192 299 325 345 372 507 589 
915 184 202 253 437 577 585 823 
916 236 253 439 641 704 802 
917 469 493 759 
918 127 197 726 970 
919 395 488 579 694 959 
920 184 212 246 326 527 820 858 976 986 
921 128 443 898 
922 44 46 247 438 791 
923 143 270 465 639 690 948 993 
924 358 524 581 733 956 
925 234 527 706 745 827 901 
926 292 400 720 811 
927 184 207 537 648 659 690 788 865 
928 261 285 738 961 969 
929 105 149 373 542 700 809 
930 39 227 459 465 540 544 
931 121 495 571 909 
932 136 288 311 319 325 330 522 
933 24 171 212 213 543 
934 45 151 239 614 897 
935 6 115 279 299 305 775 
936 178 258 293 343 378 465 567 787 
937 17 18 708 778 
938 135 313 650 849 
939 46 98 256 473 604 661 806 834 885 891 979 
940 307 314 340 359 530 613 684 823 840 861 
941 149 379 644 667 817 
942 491 513 623 634 684 983 992 
943 78 360 445 644 690 988 
944 119 152 164 258 458 643 647 680 849 
945 200 413 751 957 
946 139 295 308 466 481 602 709 833 
947 78 250 789 982 
948 39 291 680 719 766 923 954 968 993 
949 126 132 539 893 
950 26 276 635 
951 60 428 566 683 700 747 976 
952 48 155 309 346 479 850 
953 24 187 374 761 
954 125 336 948 957 968 
955 553 582 
956 180 268 391 494 661 924 973 
957 60 179 226 331 387 477 520 596 598 626 687 783 945 954 
958 239 355 395 671 885 911 
959 68 248 347 617 717 919 
960 125 410 614 770 885 
961 21 388 760 842 928 
962 314 382 383 437 663 
963 57 105 232 499 664 757 991 
964 364 440 529 618 673 832 
965 230 364 625 808 984 987 
966 262 304 468 546 560 714 743 790 
967 36 125 211 657 711 797 
968 479 579 948 954 
969 30 54 208 219 310 486 527 928 
970 124 569 673 918 
971 233 686 714 
972 170 450 455 874 881 981 
973 182 322 425 448 501 505 521 536 870 882 956 
974 101 252 327 
975 219 221 622 646 816 
976 154 235 818 920 951 
977 8 62 190 356 386 389 454 676 680 
978 67 94 317 668 693 
979 28 58 368 721 939 
980 18 183 420 490 809 
981 134 466 529 972 
982 86 221 246 731 736 738 796 809 822 850 947 
983 19 81 241 624 942 
984 400 440 518 526 724 965 
985 341 518 604 706 748 
986 189 324 392 459 748 920 
987 33 186 202 242 458 471 749 795 965 
988 302 509 537 653 852 943 
989 61 225 308 459 589 741 
990 630 638 740 
991 330 344 512 871 963 
992 32 334 401 801 826 942 
993 58 166 180 285 483 923 948 
994 
995 264 266 310 378 401 537 647 658 
996 76 151 549 
997 98 147 256 630 836 888 
998 51 188 214 365 397 521 570 623 774 
999 167 214 228 270 322 391 717 864 
