0 251 189 82 138 46 153 38 
1 77 244 221 
2 204 280 187 
3 264 235 244 
4 171 145 72 46 203 
5 41 253 93 
6 293 47 7 211 274 110 
7 149 92 284 67 6 227 214 
8 13 67 186 
9 146 14 299 188 
10 242 149 39 187 
11 164 237 50 
12 149 261 22 51 
13 297 51 8 203 
14 278 90 9 203 101 
15 270 185 77 
16 39 100 290 216 104 220 
17 282 35 167 197 135 215 76 
18 140 246 143 
19 187 239 153 
20 258 254 138 
21 166 82 146 
22 61 12 275 
23 224 179 91 173 211 78 217 
24 25 143 102 
25 24 116 256 86 28 
26 68 147 92 
27 220 60 119 87 
28 157 216 203 25 
29 173 229 49 123 64 170 
30 149 50 278 
31 240 182 124 
32 264 261 103 84 70 
33 83 275 152 271 231 101 278 
34 298 242 192 
35 85 235 92 17 48 216 124 
36 119 188 197 106 205 199 123 43 153 295 122 
37 62 107 248 158 123 214 153 188 
38 220 258 0 
39 204 299 16 10 88 100 69 78 51 282 
40 210 92 255 
41 5 289 264 
42 168 273 231 
43 123 192 36 
44 60 174 90 281 92 205 117 98 
45 94 265 102 
46 51 136 182 0 99 4 
47 6 94 215 62 92 241 226 58 125 
48 205 287 218 261 268 35 129 93 173 77 
49 271 52 29 120 168 
50 272 11 30 
51 103 205 220 92 167 46 295 73 149 13 12 163 39 188 263 
52 204 56 49 223 107 67 
53 243 106 74 207 
54 249 73 252 
55 102 210 291 197 128 111 205 
56 52 141 176 
57 112 257 142 
58 155 218 47 
59 256 140 167 95 68 138 
60 295 150 81 44 171 175 159 27 82 179 237 279 222 
61 22 173 292 152 
62 37 47 216 
63 172 284 243 67 
64 296 95 29 
65 102 276 88 
66 132 102 219 146 128 
67 191 214 71 142 63 187 149 7 125 227 232 52 226 123 92 8 275 
68 297 247 26 188 59 173 235 201 149 280 
69 96 39 138 
70 242 234 102 282 32 220 
71 130 67 149 115 188 183 
72 154 4 275 
73 54 175 257 51 100 
74 275 53 285 
75 104 243 182 241 269 78 
76 114 204 17 
77 167 132 222 162 1 295 111 15 48 
78 137 204 102 217 138 87 39 23 255 75 
79 207 148 141 250 287 
80 229 257 194 102 
81 60 157 142 
82 0 60 21 
83 33 187 191 104 97 258 
84 173 291 214 32 
85 35 168 150 149 
86 164 197 134 279 25 145 
87 78 228 284 27 216 
88 219 39 278 294 65 265 261 
89 101 209 216 
90 208 14 44 
91 295 23 232 
92 35 245 51 130 47 7 297 291 40 262 217 44 147 219 67 26 
93 250 266 5 48 
94 264 45 102 47 229 
95 202 59 64 262 
96 220 69 198 
97 138 83 249 
98 287 111 44 
99 151 46 254 
100 272 16 39 73 270 
101 33 89 14 
102 172 55 65 193 78 94 263 292 70 139 125 80 66 169 24 45 168 
103 51 32 255 
104 253 75 83 16 
105 289 174 216 
106 53 288 36 
107 37 173 143 238 271 52 269 
108 243 143 204 229 
109 119 132 239 
110 144 223 6 
111 275 227 188 98 171 170 229 77 264 55 123 
112 57 149 179 
113 168 161 269 
114 76 271 239 
115 179 158 71 286 190 181 
116 171 25 157 
117 173 280 44 
118 273 241 144 134 
119 36 203 109 124 210 262 27 223 151 216 
120 121 261 190 49 266 297 
121 120 169 203 244 130 
122 296 130 228 293 36 166 
123 214 43 213 299 37 29 36 274 67 131 111 
124 225 119 31 139 224 35 
125 102 67 217 47 
126 199 156 238 222 293 136 230 
127 209 204 132 
128 217 55 66 
129 229 222 48 
130 217 71 92 122 248 200 121 
131 228 276 211 123 163 
132 77 66 204 215 109 127 
133 270 188 194 
134 264 86 118 
135 146 138 17 152 
136 46 126 273 
137 165 78 238 196 
138 135 260 264 0 97 78 20 59 222 247 69 245 159 
139 288 102 124 
140 59 18 278 161 178 
141 194 79 56 192 
142 67 81 57 189 225 
143 177 107 201 280 24 108 18 
144 298 110 118 
145 4 287 86 
146 135 9 264 66 245 21 
147 271 92 26 
148 79 294 188 156 
149 10 12 7 71 51 30 67 174 193 112 215 85 165 68 285 207 
150 60 151 85 
151 99 150 119 220 
152 33 135 61 
153 19 36 0 37 
154 183 72 181 
155 224 280 58 
156 126 148 234 
157 28 81 116 
158 115 37 204 
159 60 203 138 
160 290 205 254 
161 113 140 163 
162 218 77 210 
163 51 161 131 
164 251 86 11 
165 137 222 241 149 
166 21 275 238 122 
167 267 77 51 59 17 222 192 
168 42 113 85 49 235 102 206 259 
169 121 102 263 
170 215 111 29 
171 4 116 60 204 111 191 258 
172 102 63 286 187 
173 271 235 203 237 29 240 107 281 117 84 222 241 61 68 23 48 
174 44 203 105 149 
175 60 73 268 
176 194 188 56 
177 143 208 236 
178 187 185 140 
179 115 190 23 188 279 60 274 112 
180 218 245 264 247 
181 217 115 154 
182 31 195 46 75 
183 154 200 71 
184 198 246 251 
185 218 211 15 178 
186 264 233 8 
187 178 172 237 83 67 19 257 10 231 2 
188 265 298 209 133 235 148 295 68 36 111 179 71 9 176 297 51 37 
189 0 257 253 142 
190 238 179 115 272 120 
191 67 83 171 
192 141 43 167 34 
193 102 149 196 259 277 
194 141 176 254 80 133 
195 202 182 207 277 
196 225 257 137 224 254 295 193 
197 36 17 86 259 55 
198 184 229 96 
199 126 36 205 262 
200 183 257 130 
201 143 68 249 
202 195 95 265 
203 173 119 214 267 121 174 14 283 159 13 246 28 4 245 
204 39 52 78 171 2 76 277 132 127 108 158 
205 48 51 36 160 44 199 55 
206 262 250 168 
207 79 195 53 149 
208 90 212 177 
209 188 127 229 89 
210 40 55 230 119 270 266 162 
211 296 185 237 6 131 23 
212 222 208 213 
213 123 296 212 
214 123 67 217 203 84 234 37 289 7 
215 170 47 132 17 149 
216 260 62 16 105 28 35 119 87 89 
217 130 181 78 214 128 92 23 125 
218 162 185 48 180 58 270 
219 88 66 92 
220 27 38 96 51 248 237 151 16 70 
221 267 286 1 
222 212 126 77 165 173 129 167 138 60 
223 52 110 119 
224 23 155 196 124 
225 196 124 263 142 
226 227 67 47 
227 226 111 67 7 
228 131 87 122 
229 198 80 129 209 29 268 237 111 271 94 108 
230 237 272 210 262 126 
231 33 42 187 
232 296 91 67 
233 294 275 186 
234 236 70 156 214 
235 267 173 35 188 3 68 168 243 
236 234 282 177 
237 173 292 230 11 211 187 229 220 60 278 
238 190 126 107 137 166 
239 19 114 109 
240 31 173 257 
241 173 118 165 75 47 
242 10 34 70 
243 75 53 63 264 108 235 
244 1 3 121 
245 92 180 138 146 282 203 
246 184 18 203 
247 68 138 180 
248 37 220 130 
249 54 97 201 
250 93 260 79 206 
251 164 0 295 291 184 
252 54 262 280 
253 104 5 189 
254 20 194 196 99 160 
255 40 78 103 
256 59 25 282 
257 57 80 196 73 189 200 240 187 290 
258 20 38 83 171 
259 197 193 168 
260 216 138 250 
261 12 120 48 32 88 
262 264 119 92 252 206 230 95 199 
263 264 102 225 169 51 
264 32 186 263 94 138 3 262 134 243 41 146 180 111 
265 188 202 45 88 
266 93 120 210 
267 235 167 221 203 
268 229 48 175 
269 107 75 113 
270 133 15 276 210 100 218 
271 49 173 33 114 107 288 147 229 
272 100 230 50 190 
273 42 118 283 136 
274 123 6 179 
275 111 33 166 233 74 72 22 67 
276 65 270 131 
277 204 195 193 
278 14 288 33 140 88 30 237 
279 179 60 86 
280 155 143 117 68 2 252 
281 295 173 44 
282 17 236 39 70 256 245 
283 285 273 203 
284 63 7 87 
285 283 74 149 
286 172 115 221 
287 98 48 145 79 
288 295 139 278 106 271 
289 105 41 214 
290 160 16 257 
291 251 84 92 55 
292 237 102 61 
293 6 126 122 
294 148 233 88 
295 60 281 91 288 251 188 51 196 77 36 
296 64 211 213 122 232 
297 68 92 13 188 120 
298 188 34 144 
299 39 123 9 
