# Node_nr = 60
# K <r> sigma_r(sig not of average! divide by sqrt(n))
0 -0.0166667 0.111627 0.0573182 
0.01 -0.0166667 0.123258 0.057921 
0.02 0.0333333 0.114656 0.0597569 
0.03 0.0333333 0.128523 0.0673339 
0.04 0.0333333 0.114818 0.0668305 
0.05 0.0333333 0.113169 0.0552656 
0.06 0.0333333 0.116967 0.0646999 
0.07 0.0333333 0.115068 0.0658015 
0.08 0.0333333 0.114497 0.063402 
0.09 0.05 0.118604 0.0599 
0.1 0.05 0.107118 0.0503166 
0.11 0.05 0.125717 0.0540185 
0.12 0.05 0.113027 0.0592185 
0.13 0.05 0.131528 0.0681532 
0.14 0.05 0.122323 0.062019 
0.15 0.05 0.112882 0.0591244 
0.16 0.0666667 0.136863 0.0705342 
0.17 0.0666667 0.115098 0.0684033 
0.18 0.0666667 0.127399 0.0591614 
0.19 0.0666667 0.137178 0.0696541 
0.2 0.0666667 0.138026 0.0677252 
0.21 0.0666667 0.129871 0.0676496 
0.22 0.0666667 0.148061 0.0726239 
0.23 0.0666667 0.137607 0.0751325 
0.24 0.0666667 0.135567 0.0662818 
0.25 0.0666667 0.133498 0.0640039 
0.26 0.0666667 0.140367 0.0711533 
0.27 0.0666667 0.143348 0.0744428 
0.28 0.0666667 0.134793 0.0667086 
0.29 0.0833333 0.147118 0.0590666 
0.3 0.0833333 0.127406 0.0748344 
0.31 0.0833333 0.128529 0.0684728 
0.32 0.0833333 0.132282 0.0682978 
0.33 0.0833333 0.148231 0.0704292 
0.34 0.1 0.145668 0.0656007 
0.35 0.1 0.122685 0.0635623 
0.36 0.1 0.120441 0.0726841 
0.37 0.1 0.147857 0.0736932 
0.38 0.1 0.146961 0.0708832 
0.39 0.1 0.129238 0.0525692 
0.4 0.116667 0.14636 0.0720762 
0.41 0.116667 0.13589 0.0782366 
0.42 0.116667 0.151528 0.0651527 
0.43 0.116667 0.147694 0.0779904 
0.44 0.15 0.134218 0.0797567 
0.45 0.15 0.142015 0.0695414 
0.46 0.15 0.151279 0.0714275 
0.47 0.15 0.146227 0.0737724 
0.48 0.15 0.13191 0.0623226 
0.49 0.166667 0.15976 0.0723074 
0.5 0.166667 0.163721 0.0818737 
0.51 0.166667 0.139621 0.0649657 
0.52 0.2 0.177252 0.091985 
0.53 0.2 0.182209 0.0765086 
0.54 0.233333 0.157504 0.0812389 
0.55 0.25 0.152995 0.0749465 
0.56 0.25 0.152569 0.0789301 
0.57 0.266667 0.172266 0.0903039 
0.58 0.266667 0.176223 0.0759271 
0.59 0.316667 0.187564 0.0904038 
0.6 0.316667 0.196735 0.0932055 
0.61 0.316667 0.182469 0.0866167 
0.62 0.316667 0.16902 0.0860837 
0.63 0.316667 0.17511 0.0792664 
0.64 0.6 0.171167 0.0889522 
0.65 0.616667 0.1801 0.0668002 
0.66 0.616667 0.182397 0.074801 
0.67 0.633333 0.175196 0.0720472 
0.68 0.633333 0.187631 0.0692869 
0.69 0.65 0.229889 0.0773675 
0.7 0.666667 0.167946 0.0868282 
0.71 0.666667 0.19343 0.0827443 
0.72 0.7 0.170884 0.0724622 
0.73 0.7 0.170249 0.08908 
0.74 0.716667 0.163522 0.079064 
0.75 0.766667 0.174124 0.0959201 
0.76 0.766667 0.199712 0.0906435 
0.77 0.783333 0.182832 0.0923721 
0.78 0.783333 0.187947 0.0876382 
0.79 0.8 0.223421 0.0988009 
0.8 0.816667 0.168816 0.0820937 
0.81 0.816667 0.176132 0.100041 
0.82 0.833333 0.196549 0.0737736 
0.83 0.833333 0.186826 0.0977799 
0.84 0.85 0.191841 0.0906521 
0.85 0.866667 0.190331 0.0940668 
0.86 0.866667 0.19521 0.0894851 
0.87 0.883333 0.200229 0.0992733 
0.88 0.883333 0.171969 0.0883782 
0.89 0.9 0.178385 0.0891884 
0.9 0.916667 0.229342 0.111888 
0.91 0.916667 0.246732 0.0907343 
0.92 0.933333 0.204972 0.0878181 
0.93 0.933333 0.19054 0.101699 
0.94 0.95 0.209878 0.0968191 
0.95 0.966667 0.18162 0.112028 
0.96 0.966667 0.23197 0.11364 
0.97 0.983333 0.201232 0.0965087 
0.98 0.983333 0.184626 0.0817554 
0.99 1 0.214503 0.0813272 
