# Node_nr = 500
# K <r> sigma_r(sig not of average! divide by sqrt(n))
0 -0.002 0.0398012 0.0216906 0
0.017 0.004 0.0409792 0.019319 0
0.034 0.004 0.0438391 0.020505 0
0.051 0.004 0.0422468 0.0223411 0
0.068 0.006 0.0467278 0.0222249 0
0.085 0.006 0.0478069 0.0248587 0
0.102 0.006 0.0415421 0.0198619 0
0.119 0.006 0.0451517 0.0212804 0
0.136 0.006 0.0423227 0.0202767 0
0.153 0.006 0.0508977 0.0233121 0
0.17 0.008 0.0423798 0.0233981 0
0.187 0.008 0.045674 0.0233333 0
0.204 0.008 0.0500676 0.0276018 0
0.221 0.008 0.0500379 0.0259381 0
0.238 0.008 0.0455541 0.02541 0
0.255 0.008 0.0579532 0.0274036 0
0.272 0.008 0.0510528 0.0237214 0
0.289 0.01 0.053413 0.0267123 0
0.306 0.01 0.0568683 0.032073 0
0.323 0.012 0.0514784 0.0259662 0
0.34 0.012 0.0527399 0.0278916 0
0.357 0.012 0.0544843 0.0266891 0
0.374 0.012 0.0567111 0.0298423 0
0.391 0.012 0.0583971 0.0305969 0
0.408 0.014 0.0585289 0.0291801 0
0.425 0.014 0.0600589 0.0350492 0
0.442 0.018 0.056178 0.0284733 0
0.459 0.018 0.065394 0.0387339 0
0.476 0.018 0.0637441 0.0349669 0
0.493 0.018 0.0579371 0.0323728 0
0.51 0.018 0.0615955 0.0334358 0
0.527 0.018 0.0625571 0.0331259 0
0.544 0.018 0.065471 0.035844 0
0.561 0.02 0.0731335 0.0336256 0
0.578 0.02 0.0740994 0.0337844 0
0.595 0.024 0.0718507 0.0352982 0
0.612 0.024 0.0790261 0.0496039 0
0.629 0.028 0.0759786 0.0424258 0
0.646 0.028 0.0755825 0.038941 0
0.663 0.028 0.0682739 0.0371017 0
0.68 0.034 0.0803925 0.0412917 0
0.697 0.034 0.0756817 0.0378103 0
0.714 0.034 0.0786434 0.0473814 0
0.731 0.042 0.0871923 0.0429292 0
0.748 0.05 0.0751985 0.042478 0
0.765 0.05 0.0791733 0.0388801 0
0.782 0.07 0.102685 0.0598104 0
0.799 0.074 0.0786656 0.0399044 0
0.816 0.08 0.0917123 0.0465082 0
0.833 0.084 0.090259 0.0491381 0
0.85 0.13 0.0790243 0.0391062 0
0.867 0.142 0.114728 0.0795169 0
0.884 0.154 0.0987633 0.0512202 0
0.901 0.202 0.0834868 0.0362174 0
0.918 0.21 0.0676253 0.0447371 0
0.935 0.388 0.0897687 0.0418065 0
0.952 0.39 0.0990152 0.0569421 0
0.969 0.834 0.113297 0.0798484 0
0.986 0.834 0.0846585 0.0463964 0
1.003 0.834 0.118123 0.062252 0
1.02 0.834 0.115225 0.0432806 0
1.037 0.838 0.149742 0.0452571 0
1.054 0.84 0.279501 0.0317182 0
1.071 0.84 0.353584 0.0407966 0
1.088 0.84 0.367343 0.0427814 0
1.105 0.85 0.398569 0.0294455 0
1.122 0.85 0.406196 0.0308694 0
1.139 0.85 0.495933 0.0199399 0
1.156 0.858 0.552906 0.0162866 0
1.173 0.858 0.572777 0.0230297 0
1.19 0.858 0.598309 0.0249061 0
1.207 0.858 0.683274 0.0286549 0
1.224 0.858 0.716381 0.0183186 0
1.241 0.858 0.713044 0.0253784 0
1.258 0.86 0.735005 0.022707 0
1.275 0.86 0.745845 0.0199276 0
1.292 0.862 0.744872 0.0244974 0
1.309 0.862 0.770942 0.0217939 0
1.326 0.862 0.769687 0.0227432 0
1.343 0.87 0.787494 0.0242087 0
1.36 0.87 0.805011 0.0167233 0
1.377 0.87 0.794205 0.0214965 0
1.394 0.87 0.812303 0.0252146 0
1.411 0.878 0.820388 0.0232253 0
1.428 0.88 0.825474 0.0221718 0
1.445 0.88 0.830356 0.0229974 0
1.462 0.892 0.833162 0.0220229 0
1.479 0.892 0.84165 0.0220995 0
1.496 0.892 0.838212 0.0205111 0
1.513 0.892 0.836595 0.0220684 0
1.53 0.894 0.847531 0.0218499 0
1.547 0.894 0.849082 0.0233619 0
1.564 0.894 0.848568 0.0204661 0
1.581 0.894 0.854302 0.0204412 0
1.598 0.92 0.866295 0.0181925 0
1.615 0.92 0.868228 0.0160492 0
1.632 0.92 0.870348 0.0196542 0
1.649 0.92 0.871533 0.0171492 0
1.666 0.92 0.87371 0.0151039 0
1.683 0.92 0.874158 0.0156519 0
1.7 0.92 0.885881 0.0190048 0
