# Node_nr = 1000
# K <r> sigma_r(sig not of average! divide by sqrt(n))
0 -0.001 0.0269068 0.0138256 0
0.04 0.003 0.0350781 0.00937571 0
0.08 0.003 0.0178375 0.00709128 0
0.12 0.003 0.0319448 0.0115849 0
0.16 0.004 0.0414804 0.0175716 0
0.2 0.004 0.0252084 0.00909126 0
0.24 0.005 0.0370286 0.0139792 0
0.28 0.005 0.0499492 0.0219658 0
0.32 0.005 0.0287969 0.0137165 0
0.36 0.006 0.0463518 0.0232204 0
0.4 0.006 0.0408573 0.0187668 0
0.44 0.008 0.0293776 0.0150343 0
0.48 0.009 0.0424565 0.0230747 0
0.52 0.009 0.0417414 0.0206687 0
0.56 0.013 0.0549551 0.0320001 0
0.6 0.014 0.0391985 0.0167671 0
0.64 0.016 0.0629362 0.0261795 0
0.68 0.018 0.0935626 0.0345125 0
0.72 0.025 0.0974349 0.043253 0
0.76 0.035 0.114509 0.0432992 0
0.8 0.036 0.134811 0.0523685 0
0.84 0.11 0.10494 0.0432217 0
0.88 0.155 0.178437 0.0498084 0
0.92 0.456 0.187326 0.0425415 0
0.96 0.795 0.148107 0.0384922 0
1 0.817 0.178063 0.0288773 0
1.04 0.824 0.062399 0.0290993 0
1.08 0.826 0.517802 0.0976447 0
1.12 0.841 0.186523 0.0207985 0
1.16 0.849 0.65244 0.0711406 0
1.2 0.854 0.636668 0.0906364 0
1.24 0.858 0.706938 0.0642905 0
1.28 0.877 0.694978 0.105618 0
1.32 0.892 0.718835 0.0954757 0
1.36 0.892 0.729714 0.0583735 0
1.4 0.893 0.726682 0.095247 0
1.44 0.903 0.734792 0.106697 0
1.48 0.903 0.764464 0.071849 0
1.52 0.903 0.765173 0.0809331 0
1.56 0.904 0.759038 0.110855 0
1.6 0.904 0.774615 0.0810372 0
1.64 0.904 0.755084 0.127668 0
1.68 0.906 0.779034 0.086749 0
1.72 0.906 0.764391 0.123062 0
1.76 0.91 0.787331 0.0622265 0
1.8 0.912 0.785404 0.0929804 0
1.84 0.912 0.787197 0.0590194 0
1.88 0.912 0.781491 0.0871604 0
1.92 0.912 0.777528 0.0949621 0
1.96 0.913 0.78743 0.0428871 0
