# Node_nr = 100
# K <r> sigma_r(sig not of average! divide by sqrt(n))
0 -0.01 0.0836662 0.0449882 0
0.04 0.02 0.0593566 0.0285336 0
0.08 0.02 0.112226 0.0367182 0
0.12 0.02 0.137078 0.0614995 0
0.16 0.02 0.183049 0.072028 0
0.2 0.03 0.0743928 0.0339797 0
0.24 0.03 0.143698 0.0381253 0
0.28 0.03 0.0554225 0.00831451 0
0.32 0.05 0.11272 0.0497683 0
0.36 0.05 0.121429 0.0596138 0
0.4 0.05 0.108673 0.0505308 0
0.44 0.05 0.136737 0.0663125 0
0.48 0.05 0.11345 0.0541987 0
0.52 0.06 0.221452 0.108005 0
0.56 0.06 0.224865 0.110057 0
0.6 0.08 0.167489 0.0855253 0
0.64 0.1 0.201663 0.077462 0
0.68 0.16 0.206221 0.0977738 0
0.72 0.17 0.248503 0.114594 0
0.76 0.23 0.25596 0.129084 0
0.8 0.34 0.300187 0.150261 0
0.84 0.36 0.326797 0.102065 0
0.88 0.36 0.170189 0.0586163 0
0.92 0.36 0.348614 0.138116 0
0.96 0.5 0.336089 0.132473 0
1 0.63 0.330158 0.150399 0
1.04 0.65 0.187681 0.0572191 0
1.08 0.65 0.357289 0.13107 0
1.12 0.66 0.387679 0.143535 0
1.16 0.66 0.376669 0.152309 0
1.2 0.66 0.399539 0.173564 0
1.24 0.9 0.404837 0.159477 0
1.28 0.9 0.617483 0.0583333 0
1.32 0.9 0.6694 0.0679977 0
1.36 0.9 0.677853 0.0658191 0
1.4 0.9 0.700046 0.0749948 0
1.44 0.9 0.690846 0.077959 0
1.48 0.9 0.693096 0.0520339 0
1.52 0.9 0.682322 0.0737536 0
1.56 0.9 0.69585 0.0610676 0
1.6 0.9 0.683925 0.0915039 0
1.64 0.9 0.696742 0.0910769 0
1.68 0.9 0.692764 0.0533608 0
1.72 0.9 0.684397 0.0615174 0
1.76 0.9 0.720485 0.0656501 0
1.8 0.9 0.715396 0.0572227 0
1.84 0.9 0.722164 0.0737607 0
1.88 0.9 0.763436 0.0614243 0
1.92 0.9 0.778395 0.0655371 0
1.96 0.9 0.7972 0.0631012 0
