# Node_nr = 30
# K <r> sigma_r(sig not of average! divide by sqrt(n))
0 -0.0333333 0.0477685 -nan 
0.01 -0.0333333 0.0477685 -nan 
0.02 -0.0333333 0.0477685 -nan 
0.03 -0.0333333 0.0477685 -nan 
0.04 0.0666667 0.0754281 2.06302e-06 
0.05 0.0666667 0.0754283 -nan 
0.06 0.0666667 0.0754283 -nan 
0.07 0.0666667 0.0851999 2.40815e-07 
0.08 0.0666667 0.0851999 2.09496e-08 
0.09 0.0666667 0.0851999 2.09496e-08 
0.1 0.0666667 0.0851999 2.09496e-08 
0.11 0.0666667 0.0889943 1.74384e-07 
0.12 0.0666667 0.0889944 -nan 
0.13 0.0666667 0.0889944 -nan 
0.14 0.0666667 0.0890234 9.21962e-09 
0.15 0.0666667 0.0890234 9.31323e-09 
0.16 0.0666667 0.0890234 9.31323e-09 
0.17 0.0666667 0.0689418 8.53193e-07 
0.18 0.0666667 0.0689417 7.50856e-09 
0.19 0.0666667 0.0689417 7.50856e-09 
0.2 0.0666667 0.0665688 4.39304e-08 
0.21 0.0666667 0.0665688 -nan 
0.22 0.0666667 0.0665688 -nan 
0.23 0.0666667 0.0665688 -nan 
0.24 0.0666667 0.0230859 4.83078e-06 
0.25 0.0666667 0.0230854 -nan 
0.26 0.0666667 0.0230854 -nan 
0.27 0.1 0.039133 9.45134e-05 
0.28 0.1 0.0391459 6.60189e-09 
0.29 0.1 0.0391459 6.60189e-09 
0.3 0.1 0.0237148 2.81353e-06 
0.31 0.1 0.0237151 -nan 
0.32 0.1 0.0237151 -nan 
0.33 0.1 0.0237151 -nan 
0.34 0.1 0.0225219 1.73455e-08 
0.35 0.1 0.0225219 1.948e-09 
0.36 0.1 0.0225219 1.948e-09 
0.37 0.1 0.0702757 5.22926e-05 
0.38 0.1 0.0702807 -nan 
0.39 0.1 0.0702807 -nan 
0.4 0.133333 0.0765712 4.83485e-05 
0.41 0.133333 0.0765798 -nan 
0.42 0.133333 0.0765798 -nan 
0.43 0.133333 0.0765798 -nan 
0.44 0.133333 0.0679706 1.86092e-07 
0.45 0.133333 0.0679706 1.0861e-08 
0.46 0.133333 0.0679706 1.0861e-08 
0.47 0.133333 0.0837327 0.000275889 
0.48 0.133333 0.0837706 6.31654e-09 
0.49 0.133333 0.0837706 6.31654e-09 
0.5 0.133333 0.104986 0.000545498 
0.51 0.133333 0.105086 2.07833e-08 
0.52 0.133333 0.105086 2.07833e-08 
0.53 0.133333 0.105086 2.07833e-08 
0.54 0.133333 0.113256 9.23898e-06 
0.55 0.133333 0.113257 3.14175e-08 
0.56 0.133333 0.113257 3.14175e-08 
0.57 0.166667 0.113575 1.13851e-06 
0.58 0.166667 0.113575 1.94019e-08 
0.59 0.166667 0.113575 1.94019e-08 
0.6 0.166667 0.108726 0.000188619 
0.61 0.166667 0.108752 9.58855e-09 
0.62 0.166667 0.108752 9.58855e-09 
0.63 0.166667 0.108752 9.58855e-09 
0.64 0.166667 0.10486 0.00111857 
0.65 0.166667 0.105122 -nan 
0.66 0.166667 0.105122 -nan 
0.67 0.2 0.0297294 0.00158993 
0.68 0.2 0.0302551 -nan 
0.69 0.2 0.0302551 8.05204e-09 
0.7 0.2 0.0188505 4.58429e-05 
0.71 0.2 0.018843 9.31323e-10 
0.72 0.2 0.018843 9.31323e-10 
0.73 0.2 0.018843 9.31323e-10 
0.74 0.3 0.149726 0.00846445 
0.75 0.3 0.152378 1.03708e-08 
0.76 0.3 0.152378 -nan 
0.77 0.3 0.137764 0.00116507 
0.78 0.3 0.137315 9.85619e-09 
0.79 0.3 0.137315 -nan 
0.8 0.466667 0.283605 0.0266153 
0.81 0.466667 0.300527 1.79303e-05 
0.82 0.466667 0.300539 1.53598e-08 
0.83 0.466667 0.300539 5.26836e-09 
0.84 0.466667 0.256153 0.00258271 
0.85 0.466667 0.25514 -nan 
0.86 0.466667 0.25514 2.86145e-08 
0.87 0.5 0.339241 0.00417828 
0.88 0.5 0.341619 4.49311e-06 
0.89 0.5 0.341622 -nan 
0.9 0.6 0.344169 0.000224802 
0.91 0.6 0.344264 3.49463e-08 
0.92 0.6 0.344264 1.23554e-08 
0.93 0.6 0.344264 -nan 
0.94 0.666667 0.363377 0.000777737 
0.95 1 0.821203 0.1488 
0.96 1 0.992803 0.00604411 
0.97 1 0.999719 0.000236845 
0.98 1 0.999989 9.23231e-06 
0.99 1 1 3.62714e-07 
