# Node_nr = 100
# K <r> sigma_r(sig not of average! divide by sqrt(n))
0 -0.01 0.080687 0.048013 0
0.017 0.02 0.0927487 0.0442047 0
0.034 0.02 0.0935019 0.0504077 0
0.051 0.02 0.10253 0.0507197 0
0.068 0.02 0.101718 0.0487161 0
0.085 0.02 0.0869598 0.0502683 0
0.102 0.02 0.0934009 0.0480121 0
0.119 0.02 0.100352 0.0466176 0
0.136 0.03 0.0960046 0.0516007 0
0.153 0.03 0.103408 0.0586617 0
0.17 0.03 0.109671 0.0568233 0
0.187 0.03 0.093734 0.0413905 0
0.204 0.03 0.111491 0.0527094 0
0.221 0.03 0.123249 0.0572355 0
0.238 0.03 0.10667 0.0564216 0
0.255 0.03 0.108376 0.0541467 0
0.272 0.03 0.0948395 0.0507615 0
0.289 0.03 0.127838 0.0667935 0
0.306 0.03 0.117987 0.0543769 0
0.323 0.03 0.117563 0.0597343 0
0.34 0.03 0.126479 0.0563203 0
0.357 0.03 0.118263 0.0606019 0
0.374 0.04 0.140039 0.0663086 0
0.391 0.04 0.143701 0.0659547 0
0.408 0.04 0.125727 0.065661 0
0.425 0.05 0.12823 0.0725092 0
0.442 0.05 0.128606 0.0614441 0
0.459 0.05 0.121714 0.0565313 0
0.476 0.05 0.139329 0.0778054 0
0.493 0.05 0.146527 0.0950907 0
0.51 0.05 0.122789 0.0620235 0
0.527 0.05 0.103792 0.0501938 0
0.544 0.06 0.13492 0.0660446 0
0.561 0.06 0.177231 0.0835421 0
0.578 0.06 0.173282 0.0773492 0
