# Node_nr = 10
# K <r> sigma_r(sig not of average! divide by sqrt(n))
0 -0.1 0.293625 0.155777 0
0.017 -0.1 0.255952 0.150665 0
0.034 -0.1 0.290626 0.151439 0
0.051 -0.1 0.267185 0.144161 0
0.068 -0.1 0.282417 0.155268 0
0.085 -0.1 0.287979 0.144024 0
0.102 0.2 0.309692 0.164317 0
0.119 0.2 0.328185 0.143591 0
0.136 0.2 0.302878 0.150906 0
0.153 0.2 0.313986 0.158584 0
0.17 0.2 0.32247 0.166401 0
0.187 0.2 0.307932 0.157736 0
0.204 0.2 0.281393 0.133621 0
0.221 0.2 0.373504 0.168806 0
0.238 0.2 0.442104 0.1621 0
0.255 0.2 0.385293 0.156129 0
0.272 0.2 0.264258 0.128284 0
0.289 0.2 0.226134 0.134479 0
0.306 0.2 0.344168 0.155243 0
0.323 0.2 0.44937 0.132324 0
0.34 0.2 0.456601 0.155575 0
0.357 0.2 0.357485 0.158761 0
0.374 0.2 0.267705 0.130536 0
0.391 0.2 0.294113 0.147229 0
0.408 0.3 0.435826 0.185053 0
0.425 0.3 0.379573 0.183657 0
0.442 0.3 0.402184 0.193222 0
0.459 0.3 0.424024 0.190563 0
0.476 0.3 0.379627 0.183545 0
0.493 0.3 0.429619 0.195421 0
0.51 0.3 0.431038 0.18878 0
0.527 0.3 0.436749 0.176147 0
0.544 0.3 0.461069 0.24313 0
0.561 0.3 0.413029 0.203206 0
0.578 0.3 0.472671 0.180565 0
0.595 0.3 0.420283 0.2085 0
0.612 0.5 0.542673 0.216114 0
0.629 0.5 0.561944 0.20385 0
0.646 0.5 0.559051 0.21294 0
0.663 0.5 0.549225 0.218878 0
0.68 0.5 0.561126 0.208147 0
0.697 0.5 0.553274 0.21447 0
0.714 0.8 0.800289 0.0983929 0
0.731 0.8 0.789478 0.099344 0
0.748 0.8 0.795063 0.100699 0
0.765 0.8 0.79744 0.0993627 0
0.782 0.8 0.788143 0.0994998 0
0.799 0.8 0.800787 0.0985549 0
0.816 0.9 0.875678 0.0709332 0
0.833