# Node_nr = 50
# K <r> sigma_r(sig not of average! divide by sqrt(n))
0 -0.02 0.132797 0.0704093 0
0.017 -0.02 0.143899 0.0650793 0
0.034 0.04 0.131718 0.0616856 0
0.051 0.04 0.121106 0.0658238 0
0.068 0.04 0.120738 0.0718933 0
0.085 0.04 0.137929 0.0688971 0
0.102 0.04 0.13849 0.0628891 0
0.119 0.04 0.15216 0.0711214 0
0.136 0.04 0.157865 0.0917567 0
0.153 0.04 0.13877 0.0775028 0
0.17 0.04 0.140103 0.0685608 0
0.187 0.06 0.136787 0.0746556 0
0.204 0.06 0.145431 0.0760747 0
0.221 0.06 0.149908 0.0863217 0
0.238 0.06 0.143946 0.0678921 0
0.255 0.06 0.131514 0.0719818 0
0.272 0.06 0.169493 0.0783298 0
0.289 0.06 0.153283 0.0853889 0
0.306 0.06 0.159317 0.0767023 0
0.323 0.06 0.169681 0.0780259 0
0.34 0.06 0.150267 0.0809208 0
0.357 0.06 0.158118 0.0707766 0
0.374 0.06 0.196392 0.103184 0
0.391 0.06 0.154852 0.0868829 0
0.408 0.06 0.185455 0.0881851 0
0.425 0.06 0.179399 0.0955208 0
0.442 0.06 0.135557 0.0647341 0
0.459 0.06 0.200136 0.099026 0
0.476 0.1 0.193837 0.0906055 0
0.493 0.1 0.197748 0.0933126 0
