# Node_nr = 2000
# K <r> sigma_r(sig not of average! divide by sqrt(n))
0 0.0005 0.0193519 0.00945796 0
0.017 0.001 0.0212132 0.0105144 0
0.034 0.001 0.0193645 0.0113595 0
0.051 0.0015 0.0214522 0.0113405 0
0.068 0.0015 0.0228958 0.0127726 0
0.085 0.0015 0.0212375 0.0105785 0
0.102 0.0015 0.0234287 0.0116876 0
0.119 0.002 0.0206145 0.0119021 0
0.136 0.002 0.0208881 0.0116097 0
0.153 0.002 0.0224675 0.0113182 0
0.17 0.002 0.0210179 0.0112339 0
0.187 0.002 0.0232232 0.0122271 0
0.204 0.002 0.0220927 0.00994215 0
0.221 0.002 0.0213636 0.0104856 0
0.238 0.002 0.0198469 0.0105577 0
0.255 0.002 0.021425 0.00951322 0
0.272 0.0025 0.0239242 0.0128733 0
0.289 0.0025 0.0212142 0.0125952 0
0.306 0.0025 0.0220741 0.0125746 0
0.323 0.0025 0.0204219 0.0111726 0
0.34 0.0025 0.0244899 0.0119348 0
0.357 0.0025 0.0227886 0.0120742 0
0.374 0.003 0.0199904 0.0120894 0
0.391 0.003 0.0199578 0.00985355 0
0.408 0.004 0.0243068 0.012048 0
0.425 0.004 0.0207894 0.0108262 0
0.442 0.004 0.0219194 0.01314 0
0.459 0.004 0.0240215 0.0117696 0
0.476 0.004 0.0270698 0.0112776 0
0.493 0.004 0.0225366 0.0132273 0
0.51 0.004 0.025984 0.013789 0
0.527 0.004 0.0251596 0.0143019 0
0.544 0.004 0.0232353 0.0122394 0
0.561 0.004 0.0253025 0.0124643 0
0.578 0.004 0.0243365 0.0139444 0
0.595 0.005 0.0244874 0.0123325 0
0.612 0.005 0.0272091 0.0127787 0
0.629 0.0055 0.0235055 0.0133164 0
0.646 0.006 0.0251284 0.0130253 0
0.663 0.006 0.0221924 0.011426 0
0.68 0.006 0.0234718 0.0119081 0
0.697 0.006 0.0218732 0.0115145 0
0.714 0.006 0.0300375 0.0138736 0
0.731 0.006 0.0303718 0.015545 0
0.748 0.006 0.026046 0.0138649 0
0.765 0.006 0.0260232 0.015301 0
0.782 0.006 0.02826 0.0147958 0
0.799 0.006 0.0264425 0.0121275 0
0.816 0.006 0.0274093 0.0133312 0
0.833 0.006 0.0285353 0.0144671 0
0.85 0.006 0.0284752 0.0157447 0
0.867 0.006 0.0266787 0.0134688 0
0.884 0.006 0.0285092 0.0156274 0
0.901 0.006 0.0248894 0.0138709 0
0.918 0.006 0.0279914 0.0136238 0
0.935 0.006 0.0298941 0.0160951 0
0.952 0.006 0.0340403 0.0176692 0
0.969 0.006 0.0332257 0.0159339 0
0.986 0.006 0.0318001 0.0160284 0
1.003 0.007 0.0267636 0.0122742 0
1.02 0.007 0.0310119 0.014534 0
1.037 0.007 0.0281935 0.0120296 0
1.054 0.007 0.0315807 0.0169422 0
1.071 0.008 0.0303574 0.0161555 0
1.088 0.008 0.03315 0.0142027 0
1.105 0.008 0.0355971 0.0180948 0
1.122 0.008 0.0304453 0.0185526 0
1.139 0.008 0.0363445 0.0206881 0
1.156 0.008 0.0301156 0.0165631 0
1.173 0.0085 0.0291343 0.0174551 0
1.19 0.0085 0.0343379 0.0176329 0
1.207 0.0085 0.033125 0.017674 0
1.224 0.0085 0.0324928 0.0179163 0
1.241 0.0085 0.0334718 0.0146583 0
1.258 0.0085 0.032396 0.0181657 0
1.275 0.0085 0.0392286 0.0195927 0
1.292 0.0095 0.0403917 0.0218548 0
1.309 0.0095 0.0356663 0.019843 0
1.326 0.0095 0.02954 0.0165639 0
1.343 0.0095 0.0344487 0.0217199 0
1.36 0.0095 0.0345198 0.0175765 0
1.377 0.0095 0.0437707 0.0198299 0
1.394 0.0095 0.0366959 0.0163103 0
1.411 0.0095 0.0393785 0.0180193 0
1.428 0.01 0.0387391 0.0215377 0
1.445 0.01 0.0429328 0.0251873 0
1.462 0.01 0.0371497 0.0167682 0
1.479 0.01 0.0395207 0.0176611 0
1.496 0.01 0.0367291 0.0146958 0
1.513 0.01 0.0362441 0.0187298 0
1.53 0.01 0.0354421 0.0164231 0
1.547 0.01 0.0370633 0.018827 0
1.564 0.01 0.0393033 0.0167957 0
1.581 0.011 0.0352625 0.0192253 0
1.598 0.011 0.0444247 0.0202013 0
1.615 0.011 0.0382212 0.0188914 0
1.632 0.011 0.0466734 0.0204094 0
1.649 0.011 0.0357549 0.0199053 0
1.666 0.011 0.0356574 0.0240299 0
1.683 0.011 0.0481023 0.0242167 0
1.7 0.011 0.0487103 0.0273921 0
