# Node_nr = 1000
# K <r> sigma_r(sig not of average! divide by sqrt(n))
0 0.001 0.0267064 0.0147071 0
0.11 0.003 0.0303718 0.0160828 0
0.22 0.004 0.0347467 0.0181494 0
0.33 0.007 0.0354962 0.0190486 0
0.44 0.007 0.0397742 0.021732 0
0.55 0.009 0.0422318 0.022295 0
0.66 0.01 0.0530477 0.027617 0
0.77 0.013 0.0590738 0.0317416 0
0.88 0.015 0.0642654 0.0345462 0
0.99 0.015 0.064247 0.0307537 0
1.1 0.015 0.0655178 0.0362495 0
1.21 0.015 0.0652398 0.0374927 0
1.32 0.017 0.069738 0.0379265 0
1.43 0.025 0.0814099 0.0398624 0
1.54 0.025 0.0789701 0.0431956 0
1.65 0.033 0.098527 0.0496026 0
1.76 0.062 0.0932544 0.0439153 0
1.87 0.864 0.108761 0.0534931 0
1.98 0.968 0.132983 0.0716343 0
2.09 0.987 0.168813 0.0794403 0
2.2 0.995 0.254526 0.0826205 0
2.31 0.996 0.371307 0.0929018 0
2.42 0.996 0.523161 0.053238 0
2.53 0.998 0.659666 0.0268646 0
2.64 0.999 0.783295 0.0120945 0
2.75 0.999 0.827665 0.00463362 0
2.86 1 0.854105 0.00422411 0
2.97 1 0.870362 0.00381085 0
3.08 1 0.88143 0.00237872 0
3.19 1 0.892814 0.000211246 0