# Node_nr = 10000
# K <r> sigma_r(sig not of average! divide by sqrt(n))
0 -0.0001 0.00736724 0.00339324 0
0.017 0.0002 0.00897412 0.00431315 0
0.034 0.0003 0.00872768 0.00438461 0
0.051 0.0003 0.00905385 0.00430359 0
0.068 0.0003 0.0104375 0.00564302 0
0.085 0.0003 0.00967756 0.00507416 0
0.102 0.0003 0.0089195 0.00386818 0
0.119 0.0003 0.0095488 0.00540528 0
0.136 0.0004 0.0112296 0.00598593 0
0.153 0.0005 0.0107132 0.0051255 0
0.17 0.0005 0.0110486 0.00555334 0
0.187 0.0005 0.0101138 0.00505446 0
0.204 0.0005 0.00918315 0.00615128 0
0.221 0.0005 0.0109443 0.00498145 0
0.238 0.0005 0.0106615 0.00525313 0
0.255 0.0005 0.0100791 0.00593199 0
0.272 0.0005 0.0107293 0.00592689 0
0.289 0.0005 0.01088 0.0057362 0
0.306 0.0007 0.0115073 0.00671338 0
0.323 0.0007 0.0136686 0.0061853 0
0.34 0.0007 0.0135995 0.00642631 0
0.357 0.0008 0.0113763 0.00672053 0
0.374 0.0008 0.0145493 0.00719674 0
0.391 0.0008 0.013215 0.00613904 0
0.408 0.0008 0.011803 0.00673594 0
0.425 0.0008 0.0126593 0.00847843 0
0.442 0.0011 0.0148174 0.00722303 0
0.459 0.0011 0.0143592 0.00748702 0
0.476 0.0011 0.0141728 0.00746966 0
0.493 0.0011 0.0148084 0.00730397 0
0.51 0.0012 0.0144959 0.00706612 0
0.527 0.0012 0.0175141 0.00931812 0
0.544 0.0014 0.0186914 0.00948343 0
0.561 0.0014 0.0152577 0.00794704 0
0.578 0.0017 0.0179233 0.00920052 0
0.595 0.0018 0.0149186 0.00873953 0
0.612 0.0022 0.0170345 0.00770672 0
0.629 0.0024 0.0137425 0.00629406 0
0.646 0.0025 0.0226469 0.00953971 0
0.663 0.0025 0.0159796 0.0101784 0
0.68 0.0026 0.0181918 0.00824965 0
0.697 0.0032 0.0216759 0.012543 0
0.714 0.0034 0.0218595 0.0120802 0
0.731 0.0039 0.0185768 0.0083533 0
0.748 0.0054 0.0152419 0.00730556 0
0.765 0.0059 0.0241537 0.0100149 0
0.782 0.0065 0.0273789 0.0145081 0
0.799 0.007 0.0177657 0.00934573 0
0.816 0.0103 0.0179359 0.00932338 0
0.833 0.0132 0.0206259 0.0100209 0
0.85 0.0227 0.0202204 0.0138724 0
0.867 0.0558 0.0210808 0.00966428 0
0.884 0.3361 0.0243532 0.0109534 0
0.901 0.7922 0.0256535 0.0113034 0
0.918 0.8368 0.0283434 0.0144185 0
0.935 0.8667 0.0220578 0.0110547 0
0.952 0.8816 0.0239025 0.0125151 0
0.969 0.8925 0.0297528 0.0231197 0
0.986 0.9059 0.0317779 0.0104009 0
1.003 0.9151 0.0312643 0.0147734 0
1.02 0.9221 0.0389677 0.0142185 0
1.037 0.9298 0.0339847 0.0138208 0
1.054 0.9365 0.0654651 0.0296037 0
1.071 0.9409 0.13636 0.0153863 0
1.088 0.9471 0.166868 0.0260884 0
1.105 0.951 0.215031 0.0411979 0
1.122 0.9556 0.305961 0.0221826 0
1.139 0.9593 0.399309 0.0179803 0
1.156 0.9625 0.459499 0.0117166 0
1.173 0.9666 0.506891 0.00712944 0
1.19 0.9684 0.581121 0.0182496 0
1.207 0.9703 0.638429 0.008067 0
1.224 0.973 0.671704 0.00435263 0
1.241 0.975 0.700916 0.00417553 0
1.258 0.9763 0.720767 0.00308725 0
1.275 0.9782 0.746476 0.00353864 0
1.292 0.9791 0.762291 0.00242879 0
1.309 0.9802 0.775578 0.00257097 0
1.326 0.9814 0.789795 0.00191875 0
1.343 0.9824 0.809819 0.00214403 0
1.36 0.9838 0.820313 0.00145384 0
1.377 0.985 0.830101 0.00174182 0
1.394 0.9862 0.841942 0.00144228 0
1.411 0.987 0.853817 0.00146929 0
1.428 0.9879 0.862468 0.00131464 0
1.445 0.989 0.869617 0.00113423 0
1.462 0.9897 0.877611 0.00147407 0
1.479 0.9904 0.884013 0.00111085 0
1.496 0.991 0.888833 0.00104345 0
1.513 0.9916 0.89539 0.00114492 0
1.53 0.9924 0.900891 0.00102463 0
1.547 0.9929 0.905749 0.000913631 0
1.564 0.9931 0.909958 0.000999117 0
1.581 0.9935 0.913507 0.000907324 0
1.598 0.994 0.918164 0.00101497 0
1.615 0.9944 0.923876 0.000889541 0
1.632 0.9945 0.927245 0.000905906 0
1.649 0.9948 0.930401 0.000723248 0
1.666 0.9949 0.933674 0.000679158 0
1.683 0.9952 0.93689 0.000735111 0
1.7 0.9956 0.939503 0.000667817 0
