0 0.0001 3.14391e-013
0.01 0.000204 2.77128e-006
0.02 0.000232 6.59697e-006
0.03 0.00028 5.65685e-006
0.04 0.0003 1.48665e-013
0.05 0.000302 1.9799e-006
0.06 0.000304 2.77128e-006
0.07 0.000312 4.59565e-006
0.08 0.00032 5.65685e-006
0.09 0.000342 6.97997e-006
0.1 0.000358 6.97997e-006
0.11 0.000382 5.43323e-006
0.12 0.000392 3.83667e-006
0.13 0.000404 2.77128e-006
0.14 0.000408 3.83667e-006
0.15 0.000414 4.90714e-006
0.16 0.000418 5.43323e-006
0.17 0.000428 6.3498e-006
0.18 0.000444 7.56836e-006
0.19 0.000468 7.17774e-006
0.2 0.000484 6.54828e-006
0.21 0.000492 6.8352e-006
0.22 0.000508 7.9196e-006
0.23 0.000526 7.38106e-006
0.24 0.000538 7.42428e-006
0.25 0.00055 7.61577e-006
0.26 0.000562 7.42428e-006
0.27 0.000574 8.39524e-006
0.28 0.000588 7.81793e-006
0.29 0.000602 7.7408e-006
0.3 0.000618 7.84347e-006
0.31 0.00063 9.05539e-006
0.32 0.000648 8.11911e-006
0.33 0.00067 8.60233e-006
0.34 0.000688 8.31384e-006
0.35 0.000708 8.40952e-006
0.36 0.000734 8.2994e-006
0.37 0.000752 9.48262e-006
0.38 0.000778 9.07304e-006
0.39 0.000794 8.6764e-006
0.4 0.000832 9.13893e-006
0.41 0.000848 1.02917e-005
0.42 0.000884 1.03383e-005
0.43 0.000898 9.996e-006
0.44 0.000926 1.05109e-005
0.45 0.000956 1.20532e-005
0.46 0.000984 1.14403e-005
0.47 0.001008 1.1257e-005
0.48 0.001028 1.13278e-005
0.49 0.001072 1.20133e-005
0.5 0.001106 1.33895e-005
0.51 0.001148 1.39255e-005
0.52 0.001192 1.38101e-005
0.53 0.00124 1.64924e-005
0.54 0.00129 1.79444e-005
0.55 0.001332 1.65988e-005
0.56 0.001394 1.798e-005
0.57 0.001462 1.71791e-005
0.58 0.001486 1.67356e-005
0.59 0.00159 2.62679e-005
0.6 0.001674 2.82574e-005
0.61 0.001758 2.92698e-005
0.62 0.001826 2.89565e-005
0.63 0.001902 2.69058e-005
0.64 0.002004 2.84197e-005
0.65 0.002112 2.58674e-005
0.66 0.002216 3.2045e-005
0.67 0.002344 2.90048e-005
0.68 0.002512 3.62921e-005
0.69 0.00269 4.86826e-005
0.7 0.002864 4.41597e-005
0.71 0.00306 4.96387e-005
0.72 0.003188 4.82195e-005
0.73 0.003458 6.08007e-005
0.74 0.003822 7.92611e-005
0.75 0.00409 7.19027e-005
0.76 0.00439 7.45252e-005
0.77 0.004894 8.7563e-005
0.78 0.00533 7.11758e-005
0.79 0.00589 8.33427e-005
0.8 0.00687 0.000109772
0.81 0.007758 0.000120336
0.82 0.008936 0.000160966
0.83 0.010662 0.000177108
0.84 0.013424 0.000300381
0.85 0.017262 0.000471702
0.86 0.024328 0.00084401
0.87 0.036884 0.00195836
0.88 0.082206 0.00623235
0.89 0.309704 0.0207621
0.9 0.49411 0.0109852
0.91 0.535364 0.010413
0.92 0.557564 0.0106685
0.93 0.574442 0.0109897
0.94 0.58812 0.0112089
0.95 0.599406 0.0114462
0.96 0.609954 0.0116354
0.97 0.619216 0.0117827
0.98 0.627268 0.0119225
0.99 0.634716 0.0120519
