# Node_nr = 100
# SCALE FREE GAMMA=2.08422 K_MIN=2 K_MAX=100 <k>=4.5 <k^2>=3.45 
# K <r> sigma_r(sig not of average! divide by sqrt(n))
0 0.100934 0.055947 
5 0.09439 0.047503 
10 0.111604 0.0748361 
15 0.14931 0.0622953 
20 0.160711 0.0751346 
25 0.149117 0.0779609 
30 0.201413 0.121025 
35 0.201369 0.0983723 
40 0.212132 0.106553 
45 0.325441 0.185941 
50 0.517621 0.083986 
55 0.519791 0.0985665 
60 0.688428 0.0318799 
65 0.737362 0.0192648 
70 0.777104 0.0191788 
75 0.809261 0.0104427 
80 0.834737 0.0117101 
85 0.852749 0.00991958 
90 0.869561 0.00590654 
95 0.884726 0.00508216 
