# Node_nr = 100
# SCALE FREE p=0.06 K_MIN=2 K_MAX=100 <k>=5.88 <k^2>=5.1656 
# K <r> sigma_r(sig not of average! divide by sqrt(n))
0 0.0913772 0.0427001 
5 0.104405 0.0643551 
10 0.140751 0.0727628 
15 0.189885 0.0964502 
20 0.199023 0.11542 
25 0.275154 0.103767 
30 0.269603 0.123948 
35 0.491504 0.129131 
40 0.661664 0.0315893 
45 0.747995 0.0261121 
50 0.792952 0.0235953 
55 0.830095 0.0196799 
60 0.85713 0.0107911 
65 0.875593 0.00872877 
70 0.894162 0.0069077 
75 0.909438 0.00683331 
80 0.920399 0.00680097 
85 0.928905 0.00646261 
90 0.936218 0.00631236 
95 0.941899 0.00608549 
