# Relevant parameters to reproduce this network:
# node_nr=500	 k_max=300
# initial_seed=10	 delta_t=1	 max_steps=10	 in_between=2
# fg_m=1	 fg_alpha=5	 fg_t_min=0	 fg_t_max=4	 fg_t_number=2000	 fg_weff_lower_frequency=-1e+08	 fg_weff_max_steps=10	 fg_weff_in_between=2
# K Giant_component <r> sigma_r*sqrt(NODE_NR) clustering
0 0.004 0.0528967 0.0237367 0
0.002 0.004 0.032792 0.0132701 0
0.004 0.004 0.0485647 0.0188953 0
0.006 0.004 0.0274966 0.0138749 0
0.008 0.004 0.0484727 0.026257 0
0.01 0.004 0.0476766 0.0187013 0
0.012 0.004 0.0449225 0.0121514 0
0.014 0.004 0.0401631 0.0204745 0
0.016 0.004 0.0400854 0.0170825 0
0.018 0.004 0.0346831 0.00914998 0
0.02 0.004 0.0455351 0.0196112 0
0.022 0.006 0.0398576 0.0148223 0
0.024 0.006 0.0352829 0.0159136 0
0.026 0.006 0.0490341 0.0287187 0
0.028 0.006 0.0399217 0.0259262 0
0.03 0.006 0.0382025 0.013596 0
0.032 0.006 0.0443447 0.0186322 0
0.034 0.006 0.040627 0.0114317 0
0.036 0.006 0.0465298 0.0306767 0
0.038 0.008 0.044939 0.0288929 0
0.04 0.008 0.0337144 0.0147861 0
0.042 0.008 0.0332378 0.0160693 0
0.044 0.008 0.0461009 0.022131 0
0.046 0.008 0.0361069 0.0222132 0
0.048 0.008 0.0448595 0.0219674 0
0.05 0.008 0.0434533 0.0169356 0
0.052 0.008 0.0316554 0.0140767 0
0.054 0.008 0.0490993 0.0224762 0
0.056 0.008 0.0352154 0.0170261 0
0.058 0.008 0.0543763 0.0234086 0
0.06 0.01 0.0352351 0.0206551 0
0.062 0.01 0.0455672 0.0198807 0
0.064 0.01 0.0476532 0.0145245 0
0.066 0.01 0.0510972 0.0308168 0
0.068 0.01 0.0220357 0.0106149 0
0.07 0.01 0.0549071 0.0182862 0
0.072 0.01 0.0360539 0.0143224 0
0.074 0.01 0.0383101 0.0173306 0
0.076 0.01 0.0418328 0.0240447 0
0.078 0.01 0.0389397 0.0186345 0
0.08 0.01 0.045519 0.0180512 0
0.082 0.012 0.0543082 0.0197099 0
0.084 0.012 0.0274451 0.0148277 0
0.086 0.012 0.0389124 0.0269802 0
0.088 0.012 0.0429963 0.0187573 0
0.09 0.012 0.0339766 0.0107412 0
0.092 0.012 0.0436439 0.0156168 0
0.094 0.012 0.0494988 0.019607 0
0.096 0.012 0.0416614 0.0139881 0
0.098 0.012 0.047719 0.0218189 0
0.1 0.012 0.0288342 0.0124965 0
0.102 0.012 0.0247563 0.0135785 0
0.104 0.012 0.0451043 0.0160867 0
0.106 0.012 0.0298301 0.0085473 0
0.108 0.012 0.0456126 0.0238458 0
0.11 0.012 0.0402103 0.0187041 0
0.112 0.012 0.0394871 0.0197732 0
0.114 0.012 0.0322337 0.0143134 0
0.116 0.012 0.0268711 0.0175092 0
0.118 0.012 0.0385245 0.0138538 0
0.12 0.022 0.0402979 0.0168309 0
0.122 0.022 0.035971 0.00787018 0
0.124 0.022 0.0339327 0.0151954 0
0.126 0.022 0.0465293 0.0162361 0
0.128 0.022 0.0517904 0.0155783 0
0.13 0.022 0.0485671 0.0137311 0
0.132 0.022 0.0283201 0.0154787 0
0.134 0.022 0.0443757 0.0203327 0
0.136 0.022 0.0478095 0.026311 0
0.138 0.022 0.0313753 0.0195704 0
0.14 0.022 0.0372726 0.0147196 0
0.142 0.022 0.0483587 0.0159551 0
0.144 0.024 0.0402962 0.0176467 0
0.146 0.024 0.0355111 0.0184816 0
0.148 0.028 0.033619 0.0150273 0
0.15 0.028 0.0745047 0.0241419 0
0.152 0.032 0.0337884 0.0185886 0
0.154 0.032 0.0417764 0.0189038 0
0.156 0.032 0.0229594 0.0103422 0
0.158 0.032 0.0403326 0.0125243 0
0.16 0.032 0.0335359 0.0132374 0
0.162 0.032 0.0589855 0.0165266 0
0.164 0.034 0.0278408 0.0137681 0
0.166 0.034 0.0298682 0.0115051 0
0.168 0.034 0.044194 0.0274233 0
0.17 0.036 0.0466602 0.0176444 0
0.172 0.036 0.0338258 0.0103475 0
0.174 0.036 0.0535905 0.0307655 0
0.176 0.036 0.034924 0.0140917 0
0.178 0.036 0.0455102 0.0238985 0
0.18 0.036 0.0270999 0.0142559 0
0.182 0.036 0.046837 0.0195496 0
0.184 0.036 0.0338702 0.0131517 0
0.186 0.036 0.041074 0.0114913 0
0.188 0.036 0.0446559 0.0215385 0
0.19 0.036 0.0403411 0.0145973 0
0.192 0.036 0.056977 0.024866 0
0.194 0.036 0.0354256 0.0156465 0
0.196 0.036 0.0388728 0.0159573 0
0.198 0.036 0.0447196 0.0204685 0
0.2 0.036 0.0431855 0.0202607 0
0.202 0.036 0.027347 0.0106618 0
0.204 0.036 0.0439769 0.0176719 0
0.206 0.036 0.0379069 0.0186451 0
0.208 0.036 0.0280161 0.015405 0
0.21 0.036 0.0394459 0.0251738 0
0.212 0.036 0.0381906 0.0116463 0
0.214 0.036 0.0404729 0.0166256 0
0.216 0.036 0.0258378 0.0153975 0
0.218 0.036 0.0544108 0.0157351 0
0.22 0.036 0.0452484 0.0206305 0
0.222 0.036 0.0459334 0.0304343 0
0.224 0.036 0.037842 0.014444 0
0.226 0.036 0.0336875 0.0185811 0
0.228 0.036 0.0333222 0.0190879 0
0.23 0.036 0.0386522 0.0227529 0
0.232 0.036 0.026768 0.0115969 0
0.234 0.036 0.0499621 0.0216445 0
0.236 0.036 0.0376461 0.0168397 0
0.238 0.036 0.0311074 0.01381 0
0.24 0.05 0.0275922 0.0170033 0
0.242 0.05 0.041612 0.0131892 0
0.244 0.05 0.0391524 0.0186316 0
0.246 0.052 0.0338916 0.0231214 0
0.248 0.052 0.0443721 0.0182448 0
0.25 0.052 0.0381898 0.0146073 0
0.252 0.052 0.030468 0.0165798 0
0.254 0.052 0.044502 0.0203499 0
0.256 0.052 0.0309181 0.0129547 0
0.258 0.052 0.034828 0.016085 0
0.26 0.052 0.0361119 0.0164693 0
0.262 0.052 0.041738 0.0242141 0
0.264 0.052 0.0613383 0.0248206 0
0.266 0.052 0.0293229 0.015037 0
0.268 0.052 0.0589725 0.0278823 0
0.27 0.052 0.0320796 0.0148351 0
0.272 0.052 0.0408581 0.0107496 0
0.274 0.052 0.0472145 0.0240483 0
0.276 0.052 0.047784 0.0155107 0
0.278 0.052 0.0405667 0.0205294 0
0.28 0.052 0.026368 0.0107578 0
0.282 0.052 0.0445508 0.0251054 0
0.284 0.052 0.0376517 0.017212 0
0.286 0.052 0.0424575 0.0225763 0
0.288 0.056 0.0480579 0.015116 0
0.29 0.056 0.0338833 0.0147376 0
0.292 0.056 0.0358635 0.0218347 0
0.294 0.056 0.0518348 0.0301334 0
0.296 0.056 0.0554011 0.0322939 0
0.298 0.056 0.0472957 0.0207345 0
0.3 0.056 0.0409869 0.0146802 0
0.302 0.056 0.043208 0.0195078 0
0.304 0.056 0.0350267 0.0118704 0
0.306 0.058 0.0373368 0.0132917 0
0.308 0.058 0.0552196 0.0194006 0
0.31 0.058 0.0486649 0.0241307 0
0.312 0.058 0.0514104 0.0224103 0
0.314 0.062 0.0262957 0.0176112 0
0.316 0.062 0.035328 0.0162818 0
0.318 0.062 0.0409234 0.0189614 0
0.32 0.062 0.0346622 0.0173424 0
0.322 0.062 0.040716 0.0217822 0
0.324 0.062 0.0501851 0.0251622 0
0.326 0.062 0.0484056 0.0181694 0
0.328 0.088 0.0514397 0.0128397 0
0.33 0.088 0.0337708 0.0178285 0
0.332 0.088 0.0499819 0.023235 0
0.334 0.088 0.0302511 0.0136365 0
0.336 0.092 0.0356413 0.021549 0
0.338 0.092 0.0296995 0.0190514 0
0.34 0.092 0.0301144 0.0135558 0
0.342 0.092 0.0321829 0.0165731 0
0.344 0.092 0.0438743 0.0253601 0
0.346 0.092 0.043043 0.0200672 0
0.348 0.092 0.0399815 0.0179677 0
0.35 0.092 0.0485526 0.0235907 0
0.352 0.094 0.0323881 0.015392 0
0.354 0.094 0.0392736 0.0113595 0
0.356 0.094 0.0536753 0.0182621 0
0.358 0.094 0.0349039 0.0201216 0
0.36 0.096 0.0451663 0.0176682 0
0.362 0.096 0.039358 0.0170458 0
0.364 0.096 0.0417353 0.00911737 0
0.366 0.14 0.040258 0.0208962 0
0.368 0.14 0.0387647 0.019739 0
0.37 0.14 0.0363287 0.0100379 0
0.372 0.14 0.0425983 0.0263334 0
0.374 0.142 0.0333725 0.0198155 0
0.376 0.142 0.0432337 0.021717 0
0.378 0.144 0.0363166 0.016724 0
0.38 0.172 0.0393413 0.0202169 0
0.382 0.174 0.0313781 0.0137178 0
0.384 0.174 0.0479982 0.0273874 0
0.386 0.174 0.0397849 0.0206129 0
0.388 0.176 0.0308387 0.0206142 0
0.39 0.18 0.038274 0.0144758 0
0.392 0.18 0.0425616 0.0186567 0
0.394 0.182 0.0436066 0.0245383 0
0.396 0.182 0.0372596 0.0200749 0
0.398 0.182 0.0619558 0.030938 0
0.4 0.184 0.0422676 0.015085 0
0.402 0.184 0.052581 0.023996 0
0.404 0.186 0.033595 0.0199247 0
0.406 0.186 0.0421674 0.0201689 0
0.408 0.186 0.024932 0.0119403 0
0.41 0.186 0.0412502 0.0205418 0
0.412 0.196 0.0527257 0.0171112 0
0.414 0.198 0.036449 0.021826 0
0.416 0.198 0.0528147 0.0256058 0
0.418 0.198 0.0363872 0.0231029 0
0.42 0.198 0.052149 0.0227854 0
0.422 0.198 0.0437829 0.0178489 0
0.424 0.198 0.0450338 0.0186962 0
0.426 0.198 0.0624416 0.0159121 0
0.428 0.202 0.0395242 0.0176837 0
0.43 0.202 0.0552574 0.0190498 0
0.432 0.206 0.0436881 0.0193563 0
0.434 0.206 0.0532711 0.0205637 0
0.436 0.206 0.0540592 0.0238242 0
0.438 0.206 0.0328721 0.0172346 0
0.44 0.208 0.0307884 0.0146391 0
0.442 0.212 0.0420236 0.0239067 0
0.444 0.212 0.0424548 0.0205345 0
0.446 0.214 0.0427507 0.0254719 0
0.448 0.216 0.0365696 0.012692 0
0.45 0.22 0.0380626 0.016891 0
0.452 0.232 0.0469362 0.023705 0
0.454 0.232 0.0262212 0.0105761 0
0.456 0.232 0.0404812 0.0188648 0
0.458 0.232 0.0382561 0.0132571 0
0.46 0.234 0.0418232 0.0219194 0
0.462 0.234 0.0315698 0.0179048 0
0.464 0.234 0.0495793 0.0173183 0
0.466 0.234 0.0369315 0.0155045 0
0.468 0.238 0.0466983 0.0155192 0
0.47 0.238 0.0347911 0.0150783 0
0.472 0.238 0.0375465 0.0149331 0
0.474 0.238 0.0440272 0.0199575 0
0.476 0.238 0.0294684 0.0139948 0
0.478 0.238 0.0327227 0.0110885 0
0.48 0.242 0.0343437 0.0200692 0
0.482 0.242 0.0522978 0.0216689 0
0.484 0.242 0.0541211 0.02093 0
0.486 0.254 0.0190369 0.00927529 0
0.488 0.262 0.0235481 0.00913434 0
0.49 0.272 0.0373839 0.0170376 0
0.492 0.274 0.0480229 0.0171783 0
0.494 0.274 0.0575015 0.0260549 0
0.496 0.278 0.0311636 0.0132535 0
0.498 0.28 0.0383159 0.0148982 0
0.5 0.294 0.0391878 0.0212012 0
0.502 0.294 0.0445366 0.022203 0
0.504 0.296 0.0439794 0.0167805 0
0.506 0.298 0.0381064 0.0108216 0
0.508 0.298 0.0484047 0.0219497 0
0.51 0.298 0.0353931 0.0134972 0
0.512 0.298 0.0362617 0.0213793 0
0.514 0.3 0.0533391 0.0158076 0
0.516 0.31 0.0484865 0.0248667 0
0.518 0.31 0.0408675 0.0147941 0
0.52 0.31 0.0600526 0.0209084 0
0.522 0.31 0.0287228 0.0129376 0
0.524 0.32 0.0336671 0.0216104 0
0.526 0.322 0.0328397 0.0146074 0
0.528 0.322 0.0258661 0.0153268 0
0.53 0.322 0.0376947 0.016883 0
0.532 0.348 0.0225245 0.0126499 0
0.534 0.348 0.0289981 0.0124802 0
0.536 0.348 0.0363291 0.0214501 0
0.538 0.348 0.0364263 0.00747708 0
0.54 0.348 0.0368875 0.0256368 0
0.542 0.35 0.0402561 0.0170439 0
0.544 0.354 0.0537112 0.0232046 0
0.546 0.354 0.0356269 0.00814978 0
0.548 0.356 0.0340315 0.00942877 0
0.55 0.38 0.0272839 0.0140296 0
0.552 0.38 0.0246821 0.0154649 0
0.554 0.38 0.0265562 0.0143262 0
0.556 0.384 0.0398842 0.0224276 0
0.558 0.384 0.0387089 0.0213529 0
0.56 0.386 0.0381091 0.0233502 0
0.562 0.388 0.0232617 0.0131655 0
0.564 0.42 0.0423832 0.019556 0
0.566 0.42 0.0442725 0.0232703 0
0.568 0.42 0.0394924 0.0142179 0
0.57 0.428 0.0403195 0.0165394 0
0.572 0.434 0.0269281 0.0143798 0
0.574 0.436 0.0436282 0.0146315 0
0.576 0.438 0.0354225 0.0150396 0
0.578 0.438 0.0284844 0.00781132 0
0.58 0.438 0.0325824 0.0142282 0
0.582 0.44 0.0315929 0.02084 0
0.584 0.44 0.0313237 0.013691 0
0.586 0.442 0.0484089 0.0258239 0
0.588 0.442 0.0350184 0.0190707 0
0.59 0.444 0.0285659 0.0102303 0
0.592 0.448 0.0282203 0.0141608 0
0.594 0.448 0.0250727 0.00882014 0
0.596 0.45 0.025996 0.0128206 0
0.598 0.45 0.042899 0.0193559 0
0.6 0.472 0.0373766 0.0229016 0
0.602 0.472 0.0252966 0.0191815 0
0.604 0.472 0.0471113 0.0212574 0
0.606 0.472 0.041623 0.0187837 0
0.608 0.482 0.0474996 0.0105379 0
0.61 0.482 0.0355421 0.018041 0
0.612 0.482 0.0309781 0.0195266 0
0.614 0.482 0.0351012 0.0205601 0
0.616 0.486 0.0392961 0.0187844 0
0.618 0.486 0.0433184 0.0231809 0
0.62 0.49 0.030261 0.013645 0
0.622 0.49 0.0337689 0.0194818 0
0.624 0.492 0.039943 0.0151156 0
0.626 0.492 0.0454267 0.0213739 0
0.628 0.494 0.0419325 0.0177302 0
0.63 0.494 0.0591638 0.0195844 0
0.632 0.494 0.0317283 0.0138067 0
0.634 0.496 0.0455659 0.0200007 0
0.636 0.496 0.036353 0.0143755 0
0.638 0.496 0.0296529 0.0130148 0
0.64 0.502 0.045045 0.0189075 0
0.642 0.506 0.0352482 0.0133278 0
0.644 0.508 0.0241899 0.0128969 0
0.646 0.508 0.0447718 0.0150771 0
0.648 0.508 0.0548178 0.0275082 0
0.65 0.51 0.0370172 0.0207764 0
0.652 0.51 0.0582058 0.0278299 0
0.654 0.512 0.0735865 0.0315672 0
0.656 0.512 0.0584175 0.0204439 0
0.658 0.512 0.0385224 0.0208321 0
0.66 0.512 0.0293347 0.0136814 0
0.662 0.512 0.0336206 0.0136604 0
0.664 0.516 0.0520792 0.0162857 0
0.666 0.516 0.0391867 0.0142594 0
0.668 0.516 0.035582 0.0249864 0
0.67 0.516 0.0228861 0.0102351 0
0.672 0.518 0.0424849 0.0167436 0
0.674 0.526 0.0311663 0.0170475 0
0.676 0.526 0.0375174 0.0186532 0
0.678 0.54 0.052789 0.0197561 0
0.68 0.54 0.0539325 0.0170777 0
0.682 0.54 0.0507917 0.0305251 0
0.684 0.542 0.0299557 0.0106852 0
0.686 0.544 0.0467931 0.0149146 0
0.688 0.544 0.0508081 0.0267767 0
0.69 0.544 0.0448381 0.0179394 0
0.692 0.544 0.047578 0.015265 0
0.694 0.544 0.0398618 0.0128383 0
0.696 0.544 0.0407959 0.0209096 0
0.698 0.544 0.0437296 0.0214408 0
0.7 0.544 0.0360375 0.018101 0
0.702 0.544 0.0315433 0.0255721 0
0.704 0.544 0.0382748 0.0155244 0
0.706 0.552 0.069015 0.0298997 0
0.708 0.554 0.0509876 0.0165928 0
0.71 0.556 0.0369387 0.0148076 0
0.712 0.556 0.0505643 0.020099 0
0.714 0.558 0.0306252 0.013116 0
0.716 0.558 0.0363076 0.0135142 0
0.718 0.56 0.0368706 0.0116976 0
0.72 0.562 0.0401551 0.0266809 0
0.722 0.564 0.0532852 0.0296523 0
0.724 0.574 0.0465929 0.0182357 0
0.726 0.574 0.0347431 0.0231926 0
0.728 0.574 0.0345163 0.0192678 0
0.73 0.574 0.0384151 0.0120041 0
0.732 0.576 0.0322426 0.0138139 0
0.734 0.588 0.0271227 0.0119124 0
0.736 0.592 0.0456311 0.0210569 0
0.738 0.592 0.0562312 0.0183977 0
0.74 0.596 0.0430853 0.0189869 0
0.742 0.596 0.0493406 0.0209599 0
0.744 0.596 0.0469557 0.0241664 0
0.746 0.596 0.0628953 0.0203963 0
0.748 0.598 0.0297931 0.0190669 0
0.75 0.598 0.0355958 0.0240539 0
0.752 0.6 0.0473347 0.0184466 0
0.754 0.6 0.0343981 0.0172452 0
0.756 0.604 0.0445072 0.0211005 0
0.758 0.608 0.034503 0.012709 0
0.76 0.614 0.0397288 0.0218288 0
0.762 0.614 0.0350012 0.0177613 0
0.764 0.614 0.0343744 0.026637 0
0.766 0.614 0.0433757 0.0176607 0
0.768 0.614 0.0323343 0.0162671 0
0.77 0.614 0.0512694 0.018334 0
0.772 0.614 0.0382079 0.00981416 0
0.774 0.614 0.0459736 0.020163 0
0.776 0.614 0.0459209 0.0229726 0
0.778 0.614 0.0379593 0.021035 0
0.78 0.614 0.0411885 0.0163741 0
0.782 0.614 0.0266785 0.013902 0
0.784 0.614 0.045527 0.0169636 0
0.786 0.616 0.0383753 0.0191176 0
0.788 0.618 0.0463573 0.0223844 0
0.79 0.618 0.037788 0.0244607 0
0.792 0.62 0.0341622 0.0179999 0
0.794 0.62 0.0426705 0.0137106 0
0.796 0.622 0.0411933 0.0266512 0
0.798 0.624 0.0425866 0.0230001 0
0.8 0.624 0.0508294 0.0188757 0
0.802 0.624 0.0388652 0.0188515 0
0.804 0.626 0.0395485 0.0212041 0
0.806 0.628 0.0200799 0.00906964 0
0.808 0.628 0.0339473 0.015112 0
0.81 0.63 0.0479964 0.0114339 0
0.812 0.632 0.0367849 0.0143777 0
0.814 0.634 0.0402089 0.0185966 0
0.816 0.634 0.0441365 0.0327528 0
0.818 0.634 0.0297751 0.0153272 0
0.82 0.636 0.0394061 0.0189826 0
0.822 0.636 0.0601371 0.0227797 0
0.824 0.636 0.0396631 0.0149611 0
0.826 0.636 0.0525809 0.0186165 0
0.828 0.636 0.0431746 0.0213901 0
0.83 0.64 0.0357494 0.0232226 0
0.832 0.642 0.0567473 0.0187081 0
0.834 0.642 0.0372858 0.0203262 0
0.836 0.646 0.0444733 0.0197338 0
0.838 0.646 0.0254314 0.0104353 0
0.84 0.646 0.0360721 0.0158575 0
0.842 0.648 0.0438035 0.0199262 0
0.844 0.648 0.0216708 0.0107629 0
0.846 0.648 0.0273896 0.0107896 0
0.848 0.65 0.0366104 0.0151225 0
0.85 0.652 0.0295865 0.021045 0
0.852 0.652 0.0319066 0.0184879 0
0.854 0.652 0.0334104 0.00795982 0
0.856 0.652 0.0431188 0.0187037 0
0.858 0.652 0.0557782 0.0206167 0
0.86 0.654 0.0532221 0.0259354 0
0.862 0.654 0.0368183 0.0184955 0
0.864 0.654 0.0189009 0.00559755 0
0.866 0.666 0.0374562 0.0234803 0
0.868 0.666 0.0495936 0.0190946 0
0.87 0.666 0.0325624 0.0121437 0
0.872 0.666 0.0372974 0.0220318 0
0.874 0.666 0.0464197 0.0263666 0
0.876 0.668 0.0323174 0.0144031 0
0.878 0.668 0.0474887 0.0209866 0
0.88 0.668 0.0252308 0.00936948 0
0.882 0.668 0.0511136 0.0216067 0
0.884 0.67 0.0264801 0.00919003 0
0.886 0.67 0.0371611 0.0236567 0
0.888 0.67 0.0320603 0.0123967 0
0.89 0.67 0.0739019 0.0327862 0
0.892 0.67 0.0311848 0.0087913 0
0.894 0.67 0.0324173 0.00979087 0
0.896 0.672 0.036766 0.0125467 0
0.898 0.672 0.0397326 0.0207999 0
0.9 0.672 0.0342274 0.0192868 0
0.902 0.672 0.0366146 0.0219442 0
0.904 0.672 0.042493 0.0234887 0
0.906 0.672 0.0433463 0.022475 0
0.908 0.672 0.0456887 0.019901 0
0.91 0.672 0.0407802 0.0170149 0
0.912 0.672 0.0485114 0.0165036 0
0.914 0.672 0.0402319 0.0139471 0
0.916 0.674 0.0472071 0.0133997 0
0.918 0.674 0.0314668 0.0169557 0
0.92 0.674 0.0244176 0.0151509 0
0.922 0.676 0.0281329 0.0155763 0
0.924 0.676 0.0401758 0.0218201 0
0.926 0.676 0.0395187 0.0194715 0
0.928 0.676 0.0546365 0.0234236 0
0.93 0.676 0.0274686 0.0141984 0
0.932 0.68 0.0337532 0.0136533 0
0.934 0.68 0.0386726 0.0182769 0
0.936 0.68 0.0370754 0.0203801 0
0.938 0.68 0.0308543 0.00847823 0
0.94 0.682 0.0338934 0.0203163 0
0.942 0.682 0.0428096 0.0204784 0
0.944 0.682 0.0442259 0.0211775 0
0.946 0.682 0.0534497 0.0157569 0
0.948 0.684 0.0293335 0.0146745 0
0.95 0.686 0.0389122 0.0215977 0
0.952 0.686 0.0291203 0.0167122 0
0.954 0.686 0.0332309 0.0165047 0
0.956 0.688 0.0439061 0.0304079 0
0.958 0.688 0.0363523 0.00932505 0
0.96 0.688 0.0578826 0.0240847 0
0.962 0.688 0.0603058 0.0310828 0
0.964 0.688 0.0420362 0.0217122 0
0.966 0.688 0.0312721 0.0113273 0
0.968 0.688 0.0214581 0.0107387 0
0.97 0.688 0.0450835 0.0201551 0
0.972 0.688 0.0472238 0.0192334 0
0.974 0.688 0.0448752 0.0217633 0
0.976 0.69 0.0367772 0.0194721 0
0.978 0.69 0.0366841 0.0131109 0
0.98 0.692 0.027388 0.00931655 0
0.982 0.692 0.0427102 0.0150677 0
0.984 0.692 0.0370246 0.00864026 0
0.986 0.692 0.0247048 0.00959253 0
0.988 0.694 0.0330215 0.0136979 0
0.99 0.694 0.0386441 0.0204499 0
0.992 0.696 0.0344649 0.0171953 0
0.994 0.698 0.0497763 0.0268526 0
0.996 0.698 0.0373181 0.012547 0
0.998 0.698 0.0417061 0.021455 0
1 0.7 0.0465475 0.00710604 0
1.002 0.7 0.0604837 0.0247928 0
1.004 0.702 0.0449604 0.0155251 0
1.006 0.702 0.0349332 0.0219228 0
1.008 0.702 0.0445258 0.034781 0
1.01 0.704 0.0402695 0.0157205 0
1.012 0.71 0.0425565 0.0130517 0
1.014 0.71 0.0482485 0.0203316 0
1.016 0.71 0.0489876 0.0291698 0
1.018 0.71 0.0426217 0.0261698 0
1.02 0.71 0.0365026 0.0239058 0
1.022 0.71 0.0459578 0.0246079 0
1.024 0.716 0.0547103 0.0392575 0
1.026 0.716 0.0370206 0.0199062 0
1.028 0.716 0.0496968 0.0145675 0
1.03 0.718 0.0422738 0.0182984 0
1.032 0.718 0.0270311 0.0125199 0
1.034 0.718 0.0397027 0.0200796 0
1.036 0.718 0.0348903 0.0174825 0
1.038 0.72 0.0304606 0.00844591 0
1.04 0.722 0.0219323 0.0165145 0
1.042 0.722 0.0459723 0.0321775 0
1.044 0.724 0.0398644 0.0166315 0
1.046 0.724 0.0495159 0.0212888 0
1.048 0.724 0.0436304 0.0267181 0
1.05 0.724 0.0449138 0.0222394 0
1.052 0.724 0.0463748 0.0221875 0
1.054 0.724 0.0480128 0.0241201 0
1.056 0.726 0.0485258 0.0182718 0
1.058 0.728 0.0514822 0.0118019 0
1.06 0.728 0.0561926 0.0270534 0
1.062 0.728 0.0298593 0.0123946 0
1.064 0.728 0.0230296 0.0106572 0
1.066 0.728 0.0318918 0.0117657 0
1.068 0.728 0.0336621 0.0160102 0
1.07 0.728 0.0463624 0.0215483 0
1.072 0.728 0.045432 0.0162126 0
1.074 0.728 0.0466955 0.0252929 0
1.076 0.728 0.0663039 0.0207298 0
1.078 0.728 0.032619 0.00762605 0
1.08 0.732 0.0348838 0.017306 0
1.082 0.732 0.0565914 0.0213187 0
1.084 0.732 0.0404512 0.0218431 0
1.086 0.732 0.0270778 0.0121105 0
1.088 0.734 0.0209361 0.0190128 0
1.09 0.734 0.0369415 0.0158637 0
1.092 0.736 0.0376337 0.0178205 0
1.094 0.738 0.0306474 0.0136037 0
1.096 0.738 0.032283 0.0100263 0
1.098 0.738 0.0370074 0.0160895 0
1.1 0.738 0.0580456 0.0317468 0
1.102 0.738 0.0289503 0.0130466 0
1.104 0.74 0.043681 0.0173148 0
1.106 0.74 0.0434552 0.0204992 0
1.108 0.74 0.025232 0.0112104 0
1.11 0.742 0.0283814 0.0111352 0
1.112 0.742 0.0481031 0.0132492 0
1.114 0.744 0.0170804 0.0103856 0
1.116 0.744 0.060835 0.0220365 0
1.118 0.744 0.0354457 0.0101177 0
1.12 0.744 0.0477976 0.0176807 0
1.122 0.744 0.0285238 0.0178209 0
1.124 0.744 0.0347247 0.00879227 0
1.126 0.746 0.0361532 0.0209323 0
1.128 0.746 0.0476683 0.0267618 0
1.13 0.746 0.0557568 0.0204991 0
1.132 0.748 0.0664714 0.0206791 0
1.134 0.748 0.0291949 0.0148357 0
1.136 0.748 0.0340299 0.0146898 0
1.138 0.748 0.0510505 0.0209084 0
1.14 0.748 0.0423491 0.0112756 0
1.142 0.748 0.0395946 0.0119873 0
1.144 0.75 0.0398241 0.0131967 0
1.146 0.75 0.0313015 0.0112798 0
1.148 0.75 0.0358084 0.0189449 0
1.15 0.75 0.0395893 0.0146484 0
1.152 0.752 0.0539341 0.0185389 0
1.154 0.752 0.0449271 0.0216611 0
1.156 0.754 0.0522479 0.0217859 0
1.158 0.754 0.0281006 0.00742166 0
1.16 0.754 0.0489271 0.0201557 0
1.162 0.758 0.0366004 0.0139401 0
1.164 0.758 0.0404076 0.0152775 0
1.166 0.758 0.0375844 0.0176208 0
1.168 0.758 0.0487841 0.0113325 0
1.17 0.758 0.0422152 0.0200373 0
1.172 0.758 0.0511509 0.0235727 0
1.174 0.758 0.0365657 0.0172419 0
1.176 0.758 0.0485465 0.0172072 0
1.178 0.76 0.0425013 0.0186501 0
1.18 0.766 0.0349062 0.0119218 0
1.182 0.766 0.043078 0.0214319 0
1.184 0.766 0.0445581 0.0185886 0
1.186 0.768 0.0506278 0.0251008 0
1.188 0.768 0.0351542 0.0145257 0
1.19 0.768 0.0437186 0.0212172 0
1.192 0.768 0.0339348 0.00873754 0
1.194 0.768 0.0334544 0.0251052 0
1.196 0.768 0.0345832 0.0154277 0
1.198 0.77 0.0351241 0.00727996 0
1.2 0.772 0.0457443 0.0224325 0
1.202 0.772 0.0225542 0.0115814 0
1.204 0.772 0.0375481 0.0161178 0
1.206 0.772 0.0272325 0.0173963 0
1.208 0.774 0.0350019 0.0115738 0
1.21 0.774 0.0440816 0.015536 0
1.212 0.776 0.0343825 0.0103344 0
1.214 0.778 0.0491451 0.0176637 0
1.216 0.778 0.0448166 0.0170898 0
1.218 0.78 0.0344882 0.0173447 0
1.22 0.782 0.0675659 0.0266115 0
1.222 0.782 0.0391661 0.0104184 0
1.224 0.782 0.0306191 0.0146251 0
1.226 0.782 0.0404731 0.0148783 0
1.228 0.782 0.0482734 0.0215679 0
1.23 0.782 0.0407642 0.0140901 0
1.232 0.786 0.0425715 0.025344 0
1.234 0.788 0.0385586 0.0119029 0
1.236 0.788 0.0456215 0.0152544 0
1.238 0.788 0.0277588 0.0128182 0
1.24 0.796 0.0295751 0.0127132 0
1.242 0.796 0.0302509 0.0150504 0
1.244 0.796 0.0491535 0.0258782 0
1.246 0.798 0.0450463 0.0230086 0
1.248 0.8 0.0445934 0.0199191 0
1.25 0.8 0.0253219 0.011344 0
1.252 0.8 0.0407591 0.0154447 0
1.254 0.8 0.0356862 0.0183216 0
1.256 0.8 0.0450749 0.0195746 0
1.258 0.8 0.0299614 0.0153704 0
1.26 0.8 0.0305853 0.0174126 0
1.262 0.8 0.0429873 0.021265 0
1.264 0.8 0.0240033 0.0118301 0
1.266 0.8 0.0291234 0.0177295 0
1.268 0.8 0.0324034 0.0124173 0
1.27 0.8 0.0538242 0.0179396 0
1.272 0.8 0.0351208 0.0149423 0
1.274 0.8 0.0438801 0.0132984 0
1.276 0.804 0.0370452 0.0188589 0
1.278 0.806 0.0504762 0.0206304 0
1.28 0.806 0.0268718 0.0138422 0
1.282 0.806 0.0427652 0.0190568 0
1.284 0.806 0.0273631 0.0105994 0
1.286 0.806 0.0599692 0.0234302 0
1.288 0.806 0.046567 0.0286929 0
1.29 0.806 0.0430523 0.0159743 0
1.292 0.808 0.0300025 0.0114996 0
1.294 0.808 0.0584862 0.0307341 0
1.296 0.808 0.0448819 0.0267509 0
1.298 0.808 0.0348474 0.0156137 0
1.3 0.808 0.0289395 0.0183785 0
1.302 0.81 0.0277585 0.012412 0
1.304 0.812 0.0413402 0.0139224 0
1.306 0.812 0.0350569 0.0131633 0
1.308 0.814 0.0374733 0.0133182 0
1.31 0.814 0.0390228 0.0213191 0
1.312 0.814 0.0600645 0.0170065 0
1.314 0.814 0.0423291 0.0207864 0
1.316 0.814 0.0339469 0.0116983 0
1.318 0.818 0.0427747 0.0148448 0
1.32 0.818 0.0350797 0.00864584 0
1.322 0.818 0.0501559 0.0318706 0
1.324 0.82 0.045836 0.0309108 0
1.326 0.82 0.0464751 0.017879 0
1.328 0.82 0.0469383 0.0215644 0
1.33 0.82 0.0344418 0.0184725 0
1.332 0.822 0.0417646 0.0180057 0
1.334 0.824 0.0354175 0.0202875 0
1.336 0.824 0.0431724 0.0165582 0
1.338 0.826 0.0610282 0.0227686 0
1.34 0.834 0.0510112 0.0256078 0
1.342 0.836 0.0482811 0.0254045 0
1.344 0.84 0.0351565 0.0185536 0
1.346 0.84 0.0464259 0.0241805 0
1.348 0.84 0.045622 0.015774 0
1.35 0.84 0.0283448 0.0116896 0
1.352 0.84 0.0495136 0.020804 0
1.354 0.844 0.0310952 0.0142353 0
1.356 0.844 0.0372049 0.0164184 0
1.358 0.844 0.0300412 0.0124733 0
1.36 0.844 0.0511077 0.0245612 0
1.362 0.844 0.036122 0.0113841 0
1.364 0.844 0.0456624 0.0190076 0
1.366 0.844 0.0455131 0.0196484 0
1.368 0.844 0.027481 0.0170564 0
1.37 0.844 0.055189 0.0158387 0
1.372 0.844 0.0567336 0.0281069 0
1.374 0.846 0.0483108 0.0169552 0
1.376 0.848 0.0239045 0.0102932 0
1.378 0.848 0.0252735 0.0160284 0
1.38 0.848 0.0375243 0.0119333 0
1.382 0.848 0.0500771 0.0236339 0
1.384 0.848 0.0375531 0.0146684 0
1.386 0.848 0.0332794 0.0184229 0
1.388 0.848 0.0510955 0.028391 0
1.39 0.848 0.0456302 0.0230874 0
1.392 0.848 0.0440749 0.0139994 0
1.394 0.848 0.0326964 0.0129909 0
1.396 0.848 0.0353896 0.015005 0
1.398 0.848 0.051713 0.0178532 0
1.4 0.848 0.0295085 0.0143845 0
1.402 0.848 0.0290373 0.0160572 0
1.404 0.848 0.0342854 0.0175715 0
1.406 0.848 0.0271612 0.0132268 0
1.408 0.848 0.0291841 0.0144048 0
1.41 0.848 0.0363547 0.0214814 0
1.412 0.848 0.043565 0.0204248 0
1.414 0.848 0.0553917 0.0257448 0
1.416 0.848 0.0504948 0.0272385 0
1.418 0.848 0.037279 0.0192302 0
1.42 0.848 0.0374407 0.0231741 0
1.422 0.85 0.0626537 0.0248935 0
1.424 0.85 0.0569359 0.018682 0
1.426 0.85 0.0364731 0.0147871 0
1.428 0.85 0.0372513 0.0166171 0
1.43 0.85 0.0324836 0.0143623 0
1.432 0.85 0.0311908 0.0163769 0
1.434 0.85 0.026683 0.0136137 0
1.436 0.85 0.0672687 0.0246281 0
1.438 0.85 0.0399314 0.0175588 0
1.44 0.85 0.0397538 0.0155993 0
1.442 0.852 0.0410441 0.0196051 0
1.444 0.852 0.0377638 0.0208297 0
1.446 0.852 0.0470392 0.023654 0
1.448 0.852 0.0309286 0.0171822 0
1.45 0.852 0.0489063 0.0179949 0
1.452 0.852 0.0414179 0.0213057 0
1.454 0.852 0.0374981 0.020683 0
1.456 0.852 0.038086 0.0204655 0
1.458 0.852 0.0561572 0.0204381 0
1.46 0.852 0.0423254 0.0218152 0
1.462 0.852 0.0303374 0.0132659 0
1.464 0.852 0.0529435 0.0186704 0
1.466 0.852 0.0509016 0.0138881 0
1.468 0.852 0.0356984 0.0174868 0
1.47 0.852 0.0486835 0.0209529 0
1.472 0.852 0.0349439 0.0182781 0
1.474 0.852 0.0276419 0.0153499 0
1.476 0.854 0.0347547 0.020166 0
1.478 0.854 0.0342979 0.0175805 0
1.48 0.856 0.047503 0.025494 0
1.482 0.856 0.0485308 0.0231992 0
1.484 0.856 0.0578703 0.0242516 0
1.486 0.856 0.0314338 0.0163685 0
1.488 0.856 0.0364458 0.0182037 0
1.49 0.858 0.04664 0.0189946 0
1.492 0.858 0.049249 0.0237447 0
1.494 0.858 0.0459968 0.0284047 0
1.496 0.858 0.0523851 0.0176119 0
1.498 0.858 0.0449865 0.0148097 0
1.5 0.866 0.0354877 0.0182035 0
1.502 0.866 0.0299661 0.013714 0
1.504 0.866 0.0363821 0.017111 0
1.506 0.866 0.0323947 0.0161699 0
1.508 0.866 0.0530689 0.0266189 0
1.51 0.866 0.0561742 0.0308632 0
1.512 0.866 0.0575571 0.030487 0
1.514 0.866 0.0535188 0.0222011 0
1.516 0.866 0.0515091 0.0257653 0
1.518 0.866 0.03414 0.0138922 0
1.52 0.866 0.0394207 0.0271185 0
1.522 0.866 0.0434569 0.0188518 0
1.524 0.868 0.0282625 0.0114965 0
1.526 0.868 0.0429476 0.0201958 0
1.528 0.868 0.0245373 0.0102177 0
1.53 0.868 0.0452561 0.0180534 0
1.532 0.868 0.0440573 0.0245897 0
1.534 0.868 0.041262 0.0187803 0
1.536 0.868 0.045714 0.0195474 0
1.538 0.868 0.0387498 0.0160968 0
1.54 0.868 0.0435552 0.0233376 0
1.542 0.868 0.0276511 0.0098723 0
1.544 0.868 0.0479982 0.0222092 0
1.546 0.868 0.0474296 0.0205542 0
1.548 0.868 0.0509301 0.0298427 0
1.55 0.868 0.0525116 0.0157403 0
1.552 0.868 0.0387345 0.0214584 0
1.554 0.87 0.0351636 0.012605 0
1.556 0.87 0.0357724 0.0192564 0
1.558 0.87 0.0533845 0.0223593 0
1.56 0.87 0.0476731 0.0194809 0
1.562 0.87 0.0479479 0.0210616 0
1.564 0.87 0.0425463 0.0229552 0
1.566 0.87 0.040019 0.0192885 0
1.568 0.87 0.0630308 0.0208315 0
1.57 0.872 0.0308796 0.0140416 0
1.572 0.872 0.0256653 0.0102278 0
1.574 0.872 0.0524689 0.0272513 0
1.576 0.874 0.0405436 0.0155014 0
1.578 0.874 0.0402164 0.0149976 0
1.58 0.874 0.0467054 0.0267973 0
1.582 0.874 0.0385346 0.0195311 0
1.584 0.874 0.0468517 0.0187118 0
1.586 0.874 0.0336461 0.0122828 0
1.588 0.874 0.0534837 0.0234714 0
1.59 0.874 0.0518362 0.0193571 0
1.592 0.876 0.0466474 0.029373 0
1.594 0.876 0.0550793 0.0289934 0
1.596 0.876 0.0340835 0.019964 0
1.598 0.876 0.0587615 0.0232907 0
1.6 0.876 0.0396447 0.0217924 0
1.602 0.876 0.0436239 0.015621 0
1.604 0.876 0.0287657 0.0151336 0
1.606 0.876 0.0500585 0.019964 0
1.608 0.88 0.0455328 0.0211953 0
1.61 0.88 0.0349543 0.00944698 0
1.612 0.88 0.0397439 0.0167168 0
1.614 0.882 0.0390498 0.0166455 0
1.616 0.882 0.052469 0.0255386 0
1.618 0.882 0.039422 0.0162057 0
1.62 0.882 0.0463117 0.0184805 0
1.622 0.882 0.0364055 0.0104209 0
1.624 0.882 0.0385386 0.0185104 0
1.626 0.882 0.0476983 0.0247434 0
1.628 0.882 0.0559805 0.0304558 0
1.63 0.882 0.0536592 0.0178003 0
1.632 0.882 0.038359 0.0161267 0
1.634 0.882 0.0309344 0.0171967 0
1.636 0.882 0.0399232 0.0190313 0
1.638 0.882 0.037565 0.0242745 0
1.64 0.882 0.0454064 0.0145873 0
1.642 0.882 0.0507274 0.0305875 0
1.644 0.882 0.0269076 0.0132783 0
1.646 0.882 0.0465443 0.0211321 0
1.648 0.882 0.0443304 0.0101287 0
1.65 0.882 0.0316804 0.0220478 0
1.652 0.882 0.0375004 0.0225007 0
1.654 0.882 0.0505091 0.0229254 0
1.656 0.882 0.0633585 0.0170318 0
1.658 0.884 0.0383971 0.0210114 0
1.66 0.884 0.0489666 0.023946 0
1.662 0.884 0.0502103 0.0204945 0
1.664 0.884 0.0295951 0.0119162 0
1.666 0.884 0.0217489 0.0110283 0
1.668 0.884 0.0336957 0.018056 0
1.67 0.884 0.0445617 0.0170046 0
1.672 0.884 0.0416853 0.0155172 0
1.674 0.884 0.0256851 0.00905775 0
1.676 0.884 0.0450901 0.0204972 0
1.678 0.884 0.0344767 0.0173524 0
1.68 0.886 0.0450108 0.0222762 0
1.682 0.886 0.0379512 0.0190737 0
1.684 0.886 0.0432543 0.0159579 0
1.686 0.886 0.0417293 0.0130184 0
1.688 0.886 0.024914 0.0114453 0
1.69 0.886 0.0535611 0.0312707 0
1.692 0.886 0.0360474 0.0174515 0
1.694 0.89 0.03986 0.0192679 0
1.696 0.89 0.0497065 0.025697 0
1.698 0.89 0.0437659 0.0151539 0
1.7 0.89 0.040523 0.0155721 0
1.702 0.892 0.0480864 0.0283602 0
1.704 0.892 0.0448635 0.0191576 0
1.706 0.892 0.0500826 0.0231296 0
1.708 0.892 0.0476918 0.0186518 0
1.71 0.892 0.0411233 0.0181737 0
1.712 0.892 0.0539657 0.0224881 0
1.714 0.892 0.0426873 0.0232817 0
1.716 0.892 0.035014 0.0112815 0
1.718 0.894 0.0381717 0.0218011 0
1.72 0.894 0.0280289 0.009936 0
1.722 0.894 0.0314891 0.0216463 0
1.724 0.894 0.0235424 0.00977073 0
1.726 0.894 0.0383992 0.0217959 0
1.728 0.894 0.0453873 0.0234851 0
1.73 0.894 0.048786 0.0223204 0
1.732 0.894 0.0612231 0.0358887 0
1.734 0.894 0.0411967 0.0179716 0
1.736 0.894 0.0387183 0.0119885 0
1.738 0.894 0.0389549 0.0164116 0
1.74 0.894 0.0385959 0.010304 0
1.742 0.894 0.044933 0.0302609 0
1.744 0.894 0.035394 0.0230361 0
1.746 0.894 0.0474191 0.0154831 0
1.748 0.894 0.0592164 0.0271675 0
1.75 0.894 0.0488707 0.0190116 0
1.752 0.894 0.035731 0.0128825 0
1.754 0.894 0.060815 0.0244286 0
1.756 0.894 0.0717008 0.0198632 0
1.758 0.894 0.0424084 0.02702 0
1.76 0.894 0.0341032 0.016929 0
1.762 0.894 0.0539042 0.0230358 0
1.764 0.894 0.0362795 0.0184956 0
1.766 0.896 0.0387237 0.016602 0
1.768 0.896 0.0304297 0.0104977 0
1.77 0.896 0.0381722 0.019862 0
1.772 0.896 0.0388885 0.0157576 0
1.774 0.896 0.0359792 0.0172217 0
1.776 0.896 0.0427979 0.0186923 0
1.778 0.896 0.0251607 0.0140352 0
1.78 0.896 0.0518273 0.020796 0
1.782 0.896 0.0414941 0.0107467 0
1.784 0.898 0.0302925 0.0126753 0
1.786 0.898 0.0281132 0.0105022 0
1.788 0.898 0.0456698 0.0233101 0
1.79 0.898 0.0357434 0.0180459 0
1.792 0.9 0.029153 0.0127407 0
1.794 0.9 0.0333078 0.0179027 0
1.796 0.9 0.0635997 0.0243001 0
1.798 0.9 0.0359296 0.0116673 0
1.8 0.902 0.0380598 0.025078 0
1.802 0.902 0.0411494 0.0139486 0
1.804 0.902 0.0367621 0.0150502 0
1.806 0.902 0.0374193 0.0154205 0
1.808 0.902 0.0405852 0.0200266 0
1.81 0.902 0.0379887 0.015221 0
1.812 0.902 0.0346588 0.0156971 0
1.814 0.902 0.0347346 0.0141608 0
1.816 0.902 0.0505543 0.0297977 0
1.818 0.902 0.0268493 0.00909032 0
1.82 0.902 0.0403942 0.0166076 0
1.822 0.902 0.0485757 0.0131518 0
1.824 0.904 0.0541255 0.0215973 0
1.826 0.904 0.0485498 0.0142099 0
1.828 0.904 0.0443381 0.0246218 0
1.83 0.904 0.0637489 0.0278565 0
1.832 0.904 0.0389493 0.0157085 0
1.834 0.904 0.0378646 0.0134335 0
1.836 0.904 0.0426065 0.0215812 0
1.838 0.904 0.0389906 0.0190443 0
1.84 0.904 0.052311 0.0110883 0
1.842 0.906 0.0290677 0.00879788 0
1.844 0.908 0.0338812 0.0229048 0
1.846 0.908 0.0455949 0.0304272 0
1.848 0.908 0.0340866 0.0156229 0
1.85 0.908 0.0289342 0.0112356 0
1.852 0.908 0.0350002 0.0109145 0
1.854 0.908 0.0407155 0.0134354 0
1.856 0.908 0.0340721 0.0151047 0
1.858 0.908 0.0354278 0.0141263 0
1.86 0.908 0.0568135 0.0123437 0
1.862 0.91 0.0393856 0.0145347 0
1.864 0.91 0.0311885 0.0151255 0
1.866 0.91 0.0265458 0.0126998 0
1.868 0.91 0.0353444 0.0149012 0
1.87 0.91 0.0460338 0.0195249 0
1.872 0.91 0.0322461 0.00937011 0
1.874 0.91 0.0359892 0.0165656 0
1.876 0.91 0.0404113 0.0228196 0
1.878 0.91 0.0365097 0.0179314 0
1.88 0.91 0.0337176 0.0165972 0
1.882 0.91 0.0569425 0.0235563 0
1.884 0.91 0.049112 0.0173302 0
1.886 0.91 0.0390296 0.0132376 0
1.888 0.912 0.0349828 0.0103393 0
1.89 0.912 0.0479218 0.0175271 0
1.892 0.912 0.0395088 0.0230378 0
1.894 0.912 0.0495805 0.0167 0
1.896 0.912 0.0409345 0.0317263 0
1.898 0.914 0.0327516 0.0198473 0
1.9 0.914 0.0432303 0.0118928 0
1.902 0.914 0.0439467 0.0175053 0
1.904 0.914 0.0323113 0.012417 0
1.906 0.914 0.0392336 0.0153809 0
1.908 0.914 0.0513191 0.0213244 0
1.91 0.914 0.035126 0.0205256 0
1.912 0.914 0.0526059 0.0306971 0
1.914 0.914 0.0280684 0.0170451 0
1.916 0.914 0.0495287 0.0231542 0
1.918 0.914 0.0404013 0.0145473 0
1.92 0.914 0.0404767 0.0179031 0
1.922 0.914 0.0615513 0.0165292 0
1.924 0.914 0.0393461 0.0179317 0
1.926 0.914 0.0561682 0.0212843 0
1.928 0.914 0.0361223 0.0165381 0
1.93 0.914 0.0253894 0.00981876 0
1.932 0.914 0.0371534 0.0111651 0
1.934 0.914 0.0347855 0.0183915 0
1.936 0.914 0.0471954 0.0145526 0
1.938 0.914 0.0301229 0.0181348 0
1.94 0.914 0.0488764 0.0300354 0
1.942 0.918 0.0471114 0.0162462 0
1.944 0.918 0.0496936 0.0289399 0
1.946 0.918 0.0385507 0.0193166 0
1.948 0.918 0.0549321 0.0258142 0
1.95 0.918 0.0503665 0.0177986 0
1.952 0.918 0.0460366 0.00902392 0
1.954 0.92 0.0412766 0.015506 0
1.956 0.92 0.04142 0.0134612 0
1.958 0.92 0.0289171 0.0182723 0
1.96 0.92 0.0422317 0.0142591 0
1.962 0.92 0.0543072 0.0373629 0
1.964 0.92 0.0266902 0.0151198 0
1.966 0.92 0.0336592 0.00874678 0
1.968 0.92 0.0535801 0.0204378 0
1.97 0.92 0.0632158 0.0371467 0
1.972 0.92 0.0316279 0.0114325 0
1.974 0.92 0.0432927 0.0199893 0
1.976 0.92 0.0529402 0.0105426 0
1.978 0.92 0.0581125 0.0231057 0
1.98 0.922 0.0613228 0.0156638 0
1.982 0.922 0.0551068 0.02459 0
1.984 0.922 0.0483936 0.0203973 0
1.986 0.922 0.0561835 0.0205523 0
1.988 0.922 0.0493603 0.0286618 0
1.99 0.922 0.0402074 0.0257139 0
1.992 0.924 0.050795 0.0293379 0
1.994 0.924 0.0588692 0.0228672 0
1.996 0.924 0.0498391 0.0269082 0
1.998 0.924 0.0230436 0.0100804 0
2 0.924 0.0561436 0.0216079 0
2.002 0.924 0.0551023 0.0288313 0
2.004 0.924 0.0456444 0.0198592 0
2.006 0.924 0.0377413 0.020308 0
2.008 0.924 0.0612305 0.0307347 0
2.01 0.924 0.0471807 0.0273319 0
2.012 0.924 0.0405774 0.0171383 0
2.014 0.924 0.0422808 0.0120296 0
2.016 0.924 0.0474848 0.0206688 0
2.018 0.924 0.0504756 0.0248146 0
2.02 0.924 0.0401009 0.0155586 0
2.022 0.924 0.0476716 0.0174642 0
2.024 0.924 0.0486174 0.0237394 0
2.026 0.924 0.0363011 0.0223587 0
2.028 0.924 0.0407242 0.0286665 0
2.03 0.926 0.0421972 0.0228865 0
2.032 0.926 0.0524177 0.0209993 0
2.034 0.926 0.0312876 0.0144379 0
2.036 0.926 0.0450153 0.0168928 0
2.038 0.926 0.0423467 0.0156812 0
2.04 0.928 0.0386007 0.0201083 0
2.042 0.928 0.0269217 0.0124373 0
2.044 0.928 0.0365257 0.0119905 0
2.046 0.928 0.0390765 0.0203503 0
2.048 0.928 0.052356 0.0188688 0
2.05 0.928 0.0362734 0.0265659 0
2.052 0.928 0.0505758 0.0171152 0
2.054 0.928 0.0537856 0.0114941 0
2.056 0.928 0.0452217 0.0313713 0
2.058 0.928 0.0585203 0.0261331 0
2.06 0.928 0.0420071 0.021142 0
2.062 0.928 0.0367659 0.0133087 0
2.064 0.928 0.0348813 0.0134566 0
2.066 0.928 0.0402989 0.0272892 0
2.068 0.928 0.0313891 0.016649 0
2.07 0.928 0.0485299 0.0170153 0
2.072 0.928 0.0404802 0.0143944 0
2.074 0.928 0.0321879 0.0193991 0
2.076 0.928 0.0397779 0.0236796 0
2.078 0.928 0.0406486 0.0183375 0
2.08 0.928 0.0474206 0.0245213 0
2.082 0.928 0.0459083 0.0162285 0
2.084 0.928 0.0460278 0.0293505 0
2.086 0.928 0.047365 0.0193113 0
2.088 0.928 0.0467633 0.0180574 0
2.09 0.928 0.0363002 0.0155714 0
2.092 0.928 0.0451298 0.0214517 0
2.094 0.928 0.0478441 0.019719 0
2.096 0.928 0.0501944 0.0184951 0
2.098 0.928 0.0454361 0.0228186 0
2.1 0.928 0.0488293 0.0176005 0
2.102 0.928 0.042756 0.0209339 0
2.104 0.928 0.0304691 0.00837199 0
2.106 0.928 0.0590278 0.0263571 0
2.108 0.928 0.0396333 0.0148634 0
2.11 0.928 0.0342299 0.0181107 0
2.112 0.928 0.0526338 0.020147 0
2.114 0.928 0.058514 0.0120896 0
2.116 0.928 0.0303688 0.0112364 0
2.118 0.928 0.0641556 0.0201118 0
2.12 0.928 0.0516666 0.0161566 0
2.122 0.93 0.0442654 0.0176168 0
2.124 0.93 0.0529297 0.0162993 0
2.126 0.93 0.0207683 0.00912106 0
2.128 0.93 0.0394625 0.0161962 0
2.13 0.93 0.0369861 0.022695 0
2.132 0.93 0.0485679 0.0249405 0
2.134 0.93 0.0369535 0.0218514 0
2.136 0.93 0.0371002 0.0280746 0
2.138 0.93 0.0338759 0.00779088 0
2.14 0.93 0.0516876 0.0216222 0
2.142 0.93 0.0392409 0.0200592 0
2.144 0.93 0.0551826 0.0339157 0
2.146 0.93 0.0498508 0.0184364 0
2.148 0.93 0.0285222 0.0200782 0
2.15 0.93 0.0516364 0.0339834 0
2.152 0.93 0.0523383 0.0172884 0
2.154 0.93 0.0315429 0.0174103 0
2.156 0.93 0.0521464 0.0280586 0
2.158 0.93 0.0584538 0.0298364 0
2.16 0.93 0.0550907 0.0196961 0
2.162 0.932 0.0411216 0.0138337 0
2.164 0.932 0.0364314 0.0156527 0
2.166 0.934 0.0319467 0.0172799 0
2.168 0.934 0.0537818 0.0248743 0
2.17 0.936 0.0597515 0.0128384 0
2.172 0.936 0.0367501 0.0128147 0
2.174 0.936 0.0312951 0.0175157 0
2.176 0.936 0.0215134 0.0119264 0
2.178 0.936 0.0328323 0.0212648 0
2.18 0.936 0.0516685 0.0334336 0
2.182 0.936 0.0331954 0.0166038 0
2.184 0.936 0.0430393 0.0132279 0
2.186 0.938 0.0285115 0.0103504 0
2.188 0.94 0.0667104 0.0294656 0
2.19 0.94 0.0663124 0.0304018 0
2.192 0.94 0.0321012 0.0150291 0
2.194 0.94 0.0516454 0.0161974 0
2.196 0.94 0.0373991 0.012338 0
2.198 0.94 0.0411761 0.0267411 0
2.2 0.94 0.0379061 0.0190447 0
2.202 0.94 0.030785 0.0124052 0
2.204 0.94 0.0374468 0.0199132 0
2.206 0.94 0.0551446 0.0196005 0
2.208 0.94 0.0418199 0.0145163 0
2.21 0.94 0.0470695 0.0193696 0
2.212 0.94 0.0430638 0.0195664 0
2.214 0.94 0.0467647 0.0174389 0
2.216 0.94 0.0388906 0.0133983 0
2.218 0.94 0.0385654 0.013358 0
2.22 0.94 0.0367448 0.0179766 0
2.222 0.94 0.0527665 0.0180464 0
2.224 0.94 0.0819815 0.0471267 0
2.226 0.94 0.0504731 0.0188009 0
2.228 0.94 0.0423326 0.0215458 0
2.23 0.942 0.034673 0.0164167 0
2.232 0.942 0.0381824 0.0121962 0
2.234 0.942 0.03916 0.0200858 0
2.236 0.942 0.0457877 0.0216665 0
2.238 0.942 0.0292145 0.0130837 0
2.24 0.942 0.0430678 0.0191107 0
2.242 0.942 0.0311068 0.0115093 0
2.244 0.942 0.0500911 0.0145418 0
2.246 0.942 0.0373669 0.021893 0
2.248 0.942 0.0328344 0.0142867 0
2.25 0.942 0.0539759 0.0284727 0
2.252 0.942 0.0389655 0.0138262 0
2.254 0.942 0.0354633 0.014887 0
2.256 0.942 0.0531016 0.0233405 0
2.258 0.942 0.0669207 0.020479 0
2.26 0.942 0.0427648 0.0266348 0
2.262 0.942 0.0526176 0.0167589 0
2.264 0.942 0.0404529 0.0136372 0
2.266 0.942 0.052899 0.0165228 0
2.268 0.944 0.0368281 0.0148826 0
2.27 0.944 0.0401992 0.0159916 0
2.272 0.944 0.047539 0.0210658 0
2.274 0.944 0.0596694 0.0167244 0
2.276 0.944 0.0250457 0.00862 0
2.278 0.944 0.0356064 0.017734 0
2.28 0.944 0.0472478 0.0284543 0
2.282 0.944 0.048801 0.0171844 0
2.284 0.944 0.0376343 0.0131194 0
2.286 0.944 0.0339108 0.0192886 0
2.288 0.944 0.0389678 0.0217007 0
2.29 0.944 0.0566739 0.0182997 0
2.292 0.944 0.0356493 0.0152488 0
2.294 0.944 0.0497641 0.0217525 0
2.296 0.944 0.0366135 0.0230779 0
2.298 0.944 0.0396198 0.01767 0
2.3 0.944 0.0601905 0.0132385 0
2.302 0.944 0.0312353 0.00994115 0
2.304 0.944 0.0537126 0.0215351 0
2.306 0.944 0.048686 0.0255469 0
2.308 0.944 0.0484313 0.0253938 0
2.31 0.944 0.0362159 0.0180132 0
2.312 0.944 0.0400248 0.0238043 0
2.314 0.944 0.0495819 0.0200944 0
2.316 0.944 0.0519073 0.032675 0
2.318 0.944 0.0590191 0.0214135 0
2.32 0.944 0.0598213 0.0261306 0
2.322 0.944 0.0488301 0.0206037 0
2.324 0.944 0.0415104 0.0157865 0
2.326 0.946 0.0617677 0.0176693 0
2.328 0.946 0.0368172 0.0170108 0
2.33 0.946 0.0445368 0.0237234 0
2.332 0.946 0.032326 0.0239459 0
2.334 0.946 0.034491 0.0148212 0
2.336 0.946 0.0326815 0.0208131 0
2.338 0.946 0.0535254 0.0188602 0
2.34 0.946 0.0564707 0.0379866 0
2.342 0.946 0.0477257 0.0149176 0
2.344 0.946 0.0435652 0.0233953 0
2.346 0.946 0.0395898 0.0235024 0
2.348 0.946 0.0391799 0.019087 0
2.35 0.946 0.0683248 0.0374479 0
2.352 0.946 0.0406729 0.0224435 0
2.354 0.946 0.0451842 0.0177542 0
2.356 0.946 0.039968 0.0192519 0
2.358 0.946 0.032906 0.0179097 0
2.36 0.946 0.0332427 0.0126376 0
2.362 0.946 0.0396898 0.016762 0
2.364 0.946 0.0408647 0.01633 0
2.366 0.948 0.0351355 0.0155272 0
2.368 0.948 0.0330923 0.0127793 0
2.37 0.948 0.0470497 0.0189065 0
2.372 0.948 0.0374772 0.0224671 0
2.374 0.948 0.0551487 0.0282568 0
2.376 0.948 0.0518048 0.0149656 0
2.378 0.948 0.0469273 0.026945 0
2.38 0.948 0.0659881 0.0193366 0
2.382 0.948 0.0312844 0.0185409 0
2.384 0.948 0.0383064 0.0161109 0
2.386 0.948 0.0636652 0.0370424 0
2.388 0.948 0.0338486 0.0163214 0
2.39 0.948 0.0389366 0.0121313 0
2.392 0.948 0.0447671 0.0146964 0
2.394 0.95 0.0407845 0.0282959 0
2.396 0.95 0.0479844 0.0174212 0
2.398 0.95 0.045445 0.0277469 0
2.4 0.95 0.0474107 0.0204832 0
2.402 0.95 0.0258184 0.016673 0
2.404 0.95 0.0409691 0.0245217 0
2.406 0.95 0.0586887 0.0211519 0
2.408 0.95 0.0391766 0.0294882 0
2.41 0.95 0.0664122 0.0246099 0
2.412 0.95 0.0340086 0.0155974 0
2.414 0.95 0.0369275 0.0133917 0
2.416 0.95 0.0483727 0.0154623 0
2.418 0.95 0.0574977 0.0166531 0
2.42 0.95 0.0380253 0.0164053 0
2.422 0.95 0.0412913 0.0289047 0
2.424 0.952 0.0295922 0.0117285 0
2.426 0.952 0.0511296 0.0176207 0
2.428 0.952 0.032993 0.0169669 0
2.43 0.952 0.0355561 0.011853 0
2.432 0.952 0.031567 0.0121227 0
2.434 0.952 0.0375533 0.0177763 0
2.436 0.952 0.0509992 0.0262003 0
2.438 0.952 0.050784 0.0191831 0
2.44 0.952 0.0486662 0.0195185 0
2.442 0.952 0.049671 0.0287537 0
2.444 0.952 0.0436203 0.015961 0
2.446 0.952 0.0547962 0.0279211 0
2.448 0.952 0.057348 0.0304856 0
2.45 0.952 0.0630336 0.0276184 0
2.452 0.952 0.0353695 0.0139662 0
2.454 0.952 0.0334452 0.0220571 0
2.456 0.952 0.0531952 0.0170747 0
2.458 0.952 0.044691 0.0171925 0
2.46 0.952 0.0498916 0.0175132 0
2.462 0.952 0.0377845 0.0275679 0
2.464 0.952 0.0521676 0.0163341 0
2.466 0.952 0.0491629 0.0213792 0
2.468 0.952 0.059761 0.0231553 0
2.47 0.952 0.0702776 0.0260996 0
2.472 0.952 0.0388326 0.0153201 0
2.474 0.952 0.0504437 0.0252995 0
2.476 0.952 0.0419857 0.0157799 0
2.478 0.952 0.0414256 0.0220496 0
2.48 0.952 0.0542048 0.0216809 0
2.482 0.952 0.0290628 0.0134755 0
2.484 0.952 0.0533452 0.0202713 0
2.486 0.952 0.0540844 0.0277163 0
2.488 0.954 0.0390831 0.0223119 0
2.49 0.954 0.0373969 0.021927 0
2.492 0.954 0.0358686 0.01189 0
2.494 0.954 0.0650071 0.0184343 0
2.496 0.954 0.0450122 0.0191401 0
2.498 0.954 0.0584398 0.0252403 0
2.5 0.954 0.0359102 0.0128699 0
2.502 0.954 0.0430665 0.0339929 0
2.504 0.954 0.0482092 0.0185349 0
2.506 0.954 0.0354037 0.0174529 0
2.508 0.954 0.04394 0.0171608 0
2.51 0.954 0.041517 0.016886 0
2.512 0.954 0.0573754 0.023555 0
2.514 0.954 0.0472687 0.024603 0
2.516 0.956 0.0391938 0.0238424 0
2.518 0.956 0.038101 0.016308 0
2.52 0.956 0.0471877 0.0196895 0
2.522 0.956 0.0655184 0.0179065 0
2.524 0.956 0.0470751 0.0259222 0
2.526 0.956 0.0470963 0.0204869 0
2.528 0.956 0.0500605 0.021586 0
2.53 0.956 0.0591924 0.0281513 0
2.532 0.956 0.0460006 0.0214539 0
2.534 0.956 0.062496 0.0168886 0
2.536 0.956 0.0494432 0.0242385 0
2.538 0.956 0.0520736 0.0208183 0
2.54 0.956 0.0352392 0.017687 0
2.542 0.956 0.0630114 0.0147199 0
2.544 0.958 0.0490669 0.0159272 0
2.546 0.958 0.0413132 0.0135966 0
2.548 0.958 0.0349682 0.00832828 0
2.55 0.958 0.0417676 0.0241333 0
2.552 0.96 0.052582 0.0175042 0
2.554 0.96 0.0637733 0.0281895 0
2.556 0.96 0.0410847 0.0247661 0
2.558 0.96 0.029767 0.0124324 0
2.56 0.96 0.0530642 0.0190975 0
2.562 0.96 0.047019 0.0225664 0
2.564 0.96 0.047616 0.0317128 0
2.566 0.96 0.0575525 0.0349313 0
2.568 0.96 0.0490421 0.0257063 0
2.57 0.96 0.0492579 0.0249674 0
2.572 0.96 0.0517699 0.0238004 0
2.574 0.96 0.0331061 0.0196591 0
2.576 0.96 0.0502652 0.0285883 0
2.578 0.96 0.046281 0.0275754 0
2.58 0.96 0.0423593 0.0184631 0
2.582 0.96 0.057806 0.0198581 0
2.584 0.96 0.0410263 0.0175798 0
2.586 0.96 0.0397027 0.0155674 0
2.588 0.96 0.0478698 0.0199526 0
2.59 0.96 0.0475534 0.0230329 0
2.592 0.96 0.0467486 0.011563 0
2.594 0.96 0.0346556 0.0159154 0
2.596 0.96 0.0456426 0.0247672 0
2.598 0.96 0.0546138 0.0196828 0
2.6 0.96 0.0411412 0.010978 0
2.602 0.96 0.046475 0.0223948 0
2.604 0.96 0.0329942 0.0111263 0
2.606 0.962 0.0388543 0.017329 0
2.608 0.962 0.0436554 0.0132151 0
2.61 0.962 0.0574819 0.0202545 0
2.612 0.962 0.0599714 0.0206839 0
2.614 0.962 0.0199127 0.00743575 0
2.616 0.962 0.0334815 0.0132455 0
2.618 0.962 0.0543315 0.0206189 0
2.62 0.962 0.0411546 0.0149968 0
2.622 0.962 0.0466817 0.00924547 0
2.624 0.962 0.0498629 0.015847 0
2.626 0.962 0.031079 0.013619 0
2.628 0.962 0.0340935 0.0127318 0
2.63 0.962 0.0542844 0.0282114 0
2.632 0.962 0.0766141 0.0293064 0
2.634 0.962 0.0511445 0.0215181 0
2.636 0.962 0.0301859 0.0158568 0
2.638 0.962 0.0328628 0.0101132 0
2.64 0.962 0.0703368 0.0294674 0
2.642 0.962 0.0448062 0.0199998 0
2.644 0.964 0.0636561 0.022515 0
2.646 0.964 0.0442245 0.0306603 0
2.648 0.964 0.0613411 0.0257827 0
2.65 0.964 0.03976 0.0251931 0
2.652 0.964 0.043063 0.0143416 0
2.654 0.964 0.0387857 0.0198991 0
2.656 0.964 0.0245708 0.0102354 0
2.658 0.964 0.0675778 0.0267575 0
2.66 0.964 0.047149 0.0270979 0
2.662 0.964 0.0568694 0.0256414 0
2.664 0.966 0.0433544 0.0161596 0
2.666 0.966 0.0342648 0.0172998 0
2.668 0.966 0.0419983 0.0193733 0
2.67 0.966 0.0586681 0.0443348 0
2.672 0.966 0.048861 0.032203 0
2.674 0.966 0.0368789 0.0220949 0
2.676 0.966 0.0577031 0.0152574 0
2.678 0.966 0.0650406 0.0154549 0
2.68 0.966 0.0405928 0.0148149 0
2.682 0.966 0.0542301 0.0170963 0
2.684 0.966 0.0660543 0.0241579 0
2.686 0.966 0.0377926 0.0112496 0
2.688 0.966 0.0593476 0.0385741 0
2.69 0.966 0.0366224 0.0169505 0
2.692 0.966 0.0416776 0.017934 0
2.694 0.966 0.0544122 0.0274766 0
2.696 0.966 0.0621019 0.0271814 0
2.698 0.966 0.0329653 0.0168216 0
2.7 0.966 0.0391581 0.0143445 0
2.702 0.966 0.0539625 0.0203341 0
2.704 0.968 0.0488238 0.0352224 0
2.706 0.968 0.0537931 0.00936077 0
2.708 0.97 0.0686525 0.0252408 0
2.71 0.97 0.0636856 0.0266049 0
2.712 0.97 0.0252797 0.00957757 0
2.714 0.97 0.0252664 0.0115156 0
2.716 0.972 0.0321631 0.0121461 0
2.718 0.972 0.0436856 0.0242813 0
2.72 0.972 0.0487292 0.018502 0
2.722 0.972 0.0746701 0.0278317 0
2.724 0.972 0.0398912 0.0176204 0
2.726 0.972 0.0445782 0.0227822 0
2.728 0.972 0.0636003 0.0343707 0
2.73 0.972 0.0640472 0.0374656 0
2.732 0.972 0.0506773 0.0206497 0
2.734 0.972 0.0492981 0.020818 0
2.736 0.972 0.0402709 0.0226995 0
2.738 0.972 0.0426177 0.0108398 0
2.74 0.972 0.0518953 0.0236271 0
2.742 0.972 0.0446074 0.0119015 0
2.744 0.972 0.0372798 0.0152224 0
2.746 0.972 0.0548557 0.0272728 0
2.748 0.972 0.0538567 0.0155793 0
2.75 0.972 0.0565174 0.0195909 0
2.752 0.972 0.0459882 0.0121468 0
2.754 0.972 0.0324468 0.0151124 0
2.756 0.972 0.0542698 0.0247831 0
2.758 0.972 0.0615503 0.020037 0
2.76 0.972 0.0434813 0.0181663 0
2.762 0.972 0.0439602 0.0192246 0
2.764 0.972 0.041444 0.025392 0
2.766 0.972 0.0653527 0.0288121 0
2.768 0.972 0.0385569 0.0252839 0
2.77 0.972 0.0527029 0.0277298 0
2.772 0.972 0.047885 0.0151539 0
2.774 0.972 0.0726038 0.0242744 0
2.776 0.972 0.0329035 0.0112319 0
2.778 0.972 0.0608366 0.0189091 0
2.78 0.972 0.0297935 0.0139719 0
2.782 0.972 0.0357707 0.0166659 0
2.784 0.972 0.0270476 0.0154195 0
2.786 0.972 0.0462168 0.0185096 0
2.788 0.972 0.0699791 0.0485573 0
2.79 0.972 0.0414841 0.0185619 0
2.792 0.972 0.041503 0.00742894 0
2.794 0.976 0.0459085 0.0215623 0
2.796 0.976 0.0502918 0.016811 0
2.798 0.976 0.035218 0.0182182 0
2.8 0.976 0.045931 0.0122536 0
2.802 0.976 0.048479 0.0203185 0
2.804 0.976 0.0613007 0.0248185 0
2.806 0.976 0.0549308 0.0186481 0
2.808 0.976 0.0462105 0.0187987 0
2.81 0.976 0.0477464 0.0196361 0
2.812 0.976 0.0576084 0.0216447 0
2.814 0.976 0.0547016 0.0177137 0
2.816 0.976 0.0480479 0.0270162 0
2.818 0.976 0.0295263 0.0190324 0
2.82 0.976 0.0472542 0.0194095 0
2.822 0.976 0.0450975 0.025657 0
2.824 0.976 0.0365546 0.0148393 0
2.826 0.976 0.0531913 0.0105387 0
2.828 0.976 0.0425054 0.0167727 0
2.83 0.976 0.037924 0.0253644 0
2.832 0.976 0.0467414 0.0324361 0
2.834 0.978 0.0613679 0.0256263 0
2.836 0.978 0.0485662 0.0323845 0
2.838 0.978 0.0384592 0.019247 0
2.84 0.978 0.0539772 0.022307 0
2.842 0.978 0.0363194 0.0139815 0
2.844 0.978 0.0319172 0.0192347 0
2.846 0.978 0.0678519 0.0305725 0
2.848 0.978 0.0375159 0.00750753 0
2.85 0.978 0.0366647 0.020658 0
2.852 0.978 0.024545 0.00818347 0
2.854 0.978 0.0329785 0.0304311 0
2.856 0.978 0.0621965 0.0261485 0
2.858 0.978 0.035474 0.0167531 0
2.86 0.978 0.0528405 0.020469 0
2.862 0.978 0.0495416 0.0198444 0
2.864 0.978 0.0488996 0.0282119 0
2.866 0.978 0.0446924 0.01785 0
2.868 0.978 0.0583312 0.037263 0
2.87 0.978 0.0635248 0.0199581 0
2.872 0.978 0.0308765 0.0163322 0
2.874 0.978 0.0504146 0.0314705 0
2.876 0.978 0.0472552 0.0140075 0
2.878 0.978 0.0628766 0.0195483 0
2.88 0.978 0.0393356 0.0128198 0
2.882 0.978 0.0475758 0.0213507 0
2.884 0.978 0.0349791 0.00922881 0
2.886 0.978 0.0611165 0.0339407 0
2.888 0.978 0.0406418 0.0146895 0
2.89 0.978 0.0368603 0.0218175 0
2.892 0.978 0.0496875 0.027618 0
2.894 0.978 0.0407956 0.0161958 0
2.896 0.978 0.0443876 0.0189075 0
2.898 0.978 0.0545937 0.0107137 0
2.9 0.978 0.0571164 0.0356491 0
2.902 0.978 0.0468009 0.0212384 0
2.904 0.978 0.0304955 0.0110567 0
2.906 0.978 0.0580139 0.0249582 0
2.908 0.978 0.0428024 0.0214993 0
2.91 0.978 0.0491569 0.0199193 0
2.912 0.978 0.0662187 0.0176421 0
2.914 0.978 0.040171 0.0176854 0
2.916 0.978 0.0435694 0.0136549 0
2.918 0.978 0.0428909 0.0292268 0
2.92 0.978 0.0342371 0.0148969 0
2.922 0.978 0.076687 0.0364227 0
2.924 0.978 0.0440794 0.0256428 0
2.926 0.978 0.0510849 0.0209993 0
2.928 0.978 0.0305327 0.0149171 0
2.93 0.978 0.0342335 0.00992815 0
2.932 0.978 0.0320749 0.0119051 0
2.934 0.978 0.0381731 0.0186073 0
2.936 0.978 0.0293192 0.0133123 0
2.938 0.978 0.0632452 0.034498 0
2.94 0.978 0.0398218 0.0145898 0
2.942 0.978 0.032532 0.0177183 0
2.944 0.978 0.0551208 0.0278359 0
2.946 0.978 0.0334026 0.0154579 0
2.948 0.978 0.0255739 0.0167512 0
2.95 0.978 0.0303874 0.00766382 0
2.952 0.978 0.0466996 0.0209364 0
2.954 0.978 0.0427354 0.027352 0
2.956 0.978 0.0540304 0.0345338 0
2.958 0.978 0.0386138 0.0142517 0
2.96 0.978 0.0399319 0.0135966 0
2.962 0.978 0.0342478 0.0133338 0
2.964 0.978 0.0578725 0.0388991 0
2.966 0.978 0.0403715 0.0131907 0
2.968 0.978 0.047751 0.0208168 0
2.97 0.978 0.042524 0.0248288 0
2.972 0.978 0.0418467 0.0170198 0
2.974 0.978 0.0467139 0.0256191 0
2.976 0.978 0.0483458 0.0152448 0
2.978 0.978 0.056292 0.0248644 0
2.98 0.978 0.0568894 0.0362414 0
2.982 0.978 0.0679364 0.014774 0
2.984 0.978 0.0439057 0.0235383 0
2.986 0.978 0.0213049 0.0108882 0
2.988 0.978 0.0531486 0.0307913 0
2.99 0.978 0.0573075 0.0251623 0
2.992 0.978 0.0375718 0.0208367 0
2.994 0.978 0.0393665 0.0226429 0
2.996 0.978 0.0687081 0.0393698 0
2.998 0.978 0.0490038 0.0291878 0
3 0.978 0.0403376 0.019918 0
3.002 0.978 0.0459878 0.02227 0
3.004 0.978 0.0529522 0.00934424 0
3.006 0.978 0.0475213 0.0289029 0
3.008 0.978 0.0477119 0.0182856 0
3.01 0.978 0.0465505 0.0257401 0
3.012 0.98 0.0500279 0.0112831 0
3.014 0.98 0.0667918 0.012348 0
3.016 0.98 0.0578548 0.0291514 0
3.018 0.98 0.0668839 0.0329007 0
3.02 0.98 0.0334524 0.00952215 0
3.022 0.98 0.0737526 0.0206697 0
3.024 0.98 0.0495527 0.0241936 0
3.026 0.982 0.0555925 0.0235778 0
3.028 0.982 0.038749 0.0243387 0
3.03 0.982 0.0482747 0.0142321 0
3.032 0.982 0.0361301 0.0100299 0
3.034 0.982 0.0645901 0.0151291 0
3.036 0.982 0.0837787 0.0319668 0
3.038 0.982 0.0714798 0.0246767 0
3.04 0.982 0.0406635 0.0234492 0
3.042 0.982 0.0521892 0.0119635 0
3.044 0.982 0.0420077 0.0282885 0
3.046 0.982 0.0560148 0.0197884 0
3.048 0.982 0.0499274 0.0196631 0
3.05 0.982 0.0421216 0.0294794 0
3.052 0.982 0.0589133 0.0262298 0
3.054 0.982 0.0545899 0.0220549 0
3.056 0.982 0.037195 0.0215088 0
3.058 0.982 0.0433576 0.0138575 0
3.06 0.982 0.0624918 0.0144777 0
3.062 0.982 0.0485702 0.0206064 0
3.064 0.982 0.0565669 0.023674 0
3.066 0.982 0.0378605 0.0133692 0
3.068 0.982 0.0317041 0.0178862 0
3.07 0.982 0.0607802 0.0392057 0
3.072 0.982 0.0478503 0.0228171 0
3.074 0.982 0.0456426 0.0199242 0
3.076 0.982 0.0592276 0.0152942 0
3.078 0.982 0.05753 0.0268567 0
3.08 0.982 0.0430473 0.0108474 0
3.082 0.982 0.0529301 0.023917 0
3.084 0.982 0.0435546 0.0141174 0
3.086 0.982 0.0490028 0.0197224 0
3.088 0.982 0.0413155 0.0235153 0
3.09 0.982 0.0475721 0.0224506 0
3.092 0.982 0.0377164 0.0207627 0
3.094 0.982 0.0635573 0.0170547 0
3.096 0.982 0.0664657 0.0221092 0
3.098 0.982 0.0617407 0.0400535 0
3.1 0.982 0.0794423 0.0325757 0
3.102 0.982 0.0333885 0.0190225 0
3.104 0.982 0.049481 0.0235456 0
3.106 0.982 0.0392192 0.0151363 0
3.108 0.982 0.0503878 0.0284864 0
3.11 0.982 0.041833 0.0188933 0
3.112 0.982 0.0597004 0.017591 0
3.114 0.982 0.0370876 0.0127223 0
3.116 0.982 0.0349425 0.0158678 0
3.118 0.982 0.0667398 0.0194579 0
3.12 0.982 0.0728828 0.0330265 0
3.122 0.982 0.0362148 0.0128545 0
3.124 0.982 0.078149 0.0278997 0
3.126 0.982 0.0251734 0.00930954 0
3.128 0.982 0.0552337 0.0218204 0
3.13 0.982 0.0483839 0.0309606 0
3.132 0.982 0.0542676 0.0110341 0
3.134 0.982 0.0529836 0.0177965 0
3.136 0.982 0.0405511 0.0155241 0
3.138 0.982 0.0449565 0.00770924 0
3.14 0.982 0.0213574 0.00585156 0
3.142 0.982 0.0570182 0.0281807 0
3.144 0.982 0.0507089 0.018409 0
3.146 0.982 0.0801039 0.0447886 0
3.148 0.982 0.0408066 0.0189888 0
3.15 0.982 0.0613617 0.0231232 0
3.152 0.982 0.0749268 0.0278754 0
3.154 0.982 0.0424249 0.0160627 0
3.156 0.982 0.0498501 0.0170675 0
3.158 0.982 0.0605309 0.0149754 0
3.16 0.982 0.0491613 0.0173359 0
3.162 0.982 0.0564592 0.0199005 0
3.164 0.982 0.0440554 0.0231142 0
3.166 0.982 0.0382853 0.0266607 0
3.168 0.982 0.0784833 0.00836877 0
3.17 0.982 0.0729154 0.0246385 0
3.172 0.982 0.0312722 0.0147284 0
3.174 0.982 0.0542829 0.0138973 0
3.176 0.982 0.038765 0.0132268 0
3.178 0.982 0.0278622 0.0127197 0
3.18 0.982 0.0267349 0.00966368 0
3.182 0.982 0.0436469 0.016874 0
3.184 0.982 0.04579 0.015773 0
3.186 0.982 0.0499661 0.0130139 0
3.188 0.982 0.0427488 0.0194503 0
3.19 0.982 0.0381178 0.0161426 0
3.192 0.982 0.0316943 0.0162523 0
3.194 0.982 0.0761996 0.0323291 0
3.196 0.982 0.0439081 0.0238037 0
3.198 0.982 0.0399127 0.0296306 0
3.2 0.982 0.0548028 0.017323 0
3.202 0.982 0.0790643 0.024913 0
3.204 0.982 0.062055 0.0316442 0
3.206 0.982 0.0629371 0.0258462 0
3.208 0.982 0.0584873 0.0209191 0
3.21 0.982 0.0431494 0.0204157 0
3.212 0.982 0.038158 0.0121712 0
3.214 0.982 0.0454155 0.028743 0
3.216 0.982 0.0603311 0.0169194 0
3.218 0.982 0.0311494 0.0170338 0
3.22 0.982 0.0406215 0.019493 0
3.222 0.982 0.0534691 0.0211997 0
3.224 0.982 0.034784 0.0116373 0
3.226 0.982 0.0438123 0.0172833 0
3.228 0.982 0.0414287 0.0251173 0
3.23 0.982 0.0597039 0.0258523 0
3.232 0.982 0.0592115 0.016181 0
3.234 0.982 0.0546232 0.0328262 0
3.236 0.982 0.0686064 0.0243916 0
3.238 0.982 0.0477146 0.0148602 0
3.24 0.982 0.042288 0.0146894 0
3.242 0.982 0.0450855 0.0271431 0
3.244 0.982 0.0716841 0.0221301 0
3.246 0.982 0.0461738 0.0240205 0
3.248 0.982 0.0571805 0.0295101 0
3.25 0.982 0.0706864 0.0187885 0
3.252 0.982 0.0811428 0.0264986 0
3.254 0.982 0.076509 0.0288328 0
3.256 0.982 0.0543458 0.0225501 0
3.258 0.982 0.0449516 0.0157482 0
3.26 0.982 0.0535715 0.0153014 0
3.262 0.982 0.0301145 0.0176026 0
3.264 0.982 0.048522 0.0327214 0
3.266 0.982 0.04704 0.0135975 0
3.268 0.982 0.0365949 0.0141453 0
3.27 0.982 0.0580964 0.0377335 0
3.272 0.982 0.0765707 0.0364047 0
3.274 0.982 0.0350544 0.0173117 0
3.276 0.982 0.0716765 0.0289356 0
3.278 0.982 0.0284459 0.0168612 0
3.28 0.982 0.057017 0.0144756 0
3.282 0.982 0.080739 0.0278978 0
3.284 0.982 0.0446387 0.0183698 0
3.286 0.982 0.0557623 0.0347662 0
3.288 0.982 0.0346838 0.0176612 0
3.29 0.982 0.0285972 0.0139652 0
3.292 0.982 0.0402865 0.0234374 0
3.294 0.982 0.0516566 0.0175405 0
3.296 0.982 0.0486146 0.0271814 0
3.298 0.982 0.0698617 0.0267061 0
3.3 0.982 0.0341745 0.02004 0
3.302 0.982 0.04844 0.0248393 0
3.304 0.982 0.0525845 0.01978 0
3.306 0.982 0.037368 0.012912 0
3.308 0.982 0.110197 0.0274684 0
3.31 0.982 0.0614442 0.0312008 0
3.312 0.982 0.0554549 0.0183605 0
3.314 0.982 0.0425634 0.0208961 0
3.316 0.984 0.0462666 0.0334992 0
3.318 0.984 0.0308558 0.0155836 0
3.32 0.984 0.0558913 0.0148048 0
3.322 0.984 0.0516896 0.0226694 0
3.324 0.984 0.0383164 0.0199682 0
3.326 0.984 0.0470994 0.0194096 0
3.328 0.984 0.0694961 0.020897 0
3.33 0.984 0.0434042 0.0155456 0
3.332 0.984 0.0905317 0.0248218 0
3.334 0.984 0.0699516 0.0218805 0
3.336 0.984 0.0432893 0.0275911 0
3.338 0.984 0.0478058 0.0222045 0
3.34 0.984 0.0478276 0.0147494 0
3.342 0.984 0.0596105 0.0332373 0
3.344 0.984 0.0924281 0.0206255 0
3.346 0.984 0.0537435 0.0253423 0
3.348 0.984 0.0520213 0.0215893 0
3.35 0.984 0.0466071 0.0220353 0
3.352 0.984 0.032654 0.0168693 0
3.354 0.984 0.0361709 0.0170879 0
3.356 0.984 0.0659492 0.0333608 0
3.358 0.984 0.0479904 0.0144161 0
3.36 0.984 0.05866 0.024105 0
3.362 0.984 0.0665113 0.0263187 0
3.364 0.984 0.0605543 0.0283479 0
3.366 0.984 0.0477376 0.0247389 0
3.368 0.984 0.0474399 0.0178234 0
3.37 0.984 0.0395793 0.0197825 0
3.372 0.984 0.0666873 0.0205761 0
3.374 0.984 0.0457683 0.0274601 0
3.376 0.984 0.0564214 0.0241643 0
3.378 0.984 0.0836529 0.0320266 0
3.38 0.984 0.0602733 0.019958 0
3.382 0.984 0.0403211 0.0127262 0
3.384 0.984 0.0465916 0.0113312 0
3.386 0.984 0.0789555 0.0326584 0
3.388 0.984 0.0274931 0.0138351 0
3.39 0.984 0.0460535 0.0274829 0
3.392 0.984 0.0655106 0.030346 0
3.394 0.984 0.0450155 0.0279344 0
3.396 0.984 0.0510524 0.0193659 0
3.398 0.984 0.0711459 0.0321629 0
3.4 0.984 0.0660586 0.0300517 0
3.402 0.984 0.0292559 0.0223736 0
3.404 0.984 0.0276311 0.0100892 0
3.406 0.984 0.0289003 0.0178493 0
3.408 0.984 0.0873143 0.0289202 0
3.41 0.984 0.0631045 0.0231887 0
3.412 0.984 0.0456313 0.0225817 0
3.414 0.984 0.0360089 0.0175611 0
3.416 0.984 0.0458772 0.0146378 0
3.418 0.984 0.0488 0.0169309 0
3.42 0.984 0.0681102 0.0225628 0
3.422 0.984 0.0672899 0.0214109 0
3.424 0.984 0.0533681 0.0130995 0
3.426 0.984 0.054793 0.0204969 0
3.428 0.984 0.0946403 0.030304 0
3.43 0.984 0.0522873 0.0146216 0
3.432 0.984 0.0651424 0.0216312 0
3.434 0.984 0.0603369 0.0302774 0
3.436 0.984 0.0413776 0.0358845 0
3.438 0.984 0.0370542 0.0296192 0
3.44 0.984 0.0780929 0.0327884 0
3.442 0.984 0.0351963 0.018284 0
3.444 0.984 0.0615124 0.0213486 0
3.446 0.984 0.0556355 0.0229098 0
3.448 0.984 0.0335578 0.0112841 0
3.45 0.984 0.0230853 0.0130535 0
3.452 0.984 0.0328153 0.0191254 0
3.454 0.984 0.0557552 0.0276439 0
3.456 0.984 0.0608214 0.0230785 0
3.458 0.984 0.0632116 0.0251045 0
3.46 0.984 0.0821336 0.0232373 0
3.462 0.984 0.0413028 0.0122692 0
3.464 0.984 0.0598152 0.0251797 0
3.466 0.984 0.0582799 0.0267309 0
3.468 0.984 0.0381467 0.0176211 0
3.47 0.984 0.073703 0.0418125 0
3.472 0.984 0.0604181 0.0195082 0
3.474 0.984 0.0465799 0.0174792 0
3.476 0.984 0.0543084 0.029396 0
3.478 0.984 0.0397891 0.0165086 0
3.48 0.984 0.0792631 0.0239285 0
3.482 0.984 0.0607397 0.01519 0
3.484 0.984 0.0544545 0.018848 0
3.486 0.984 0.0388401 0.0229553 0
3.488 0.984 0.0718213 0.0255731 0
3.49 0.984 0.0752924 0.0378735 0
3.492 0.984 0.050132 0.0347315 0
3.494 0.984 0.0641937 0.0284073 0
3.496 0.984 0.0475246 0.02 0
3.498 0.984 0.0463437 0.0163679 0
3.5 0.984 0.0571423 0.0214441 0
3.502 0.984 0.100501 0.0246973 0
3.504 0.984 0.0535699 0.0393432 0
3.506 0.984 0.0673688 0.0170356 0
3.508 0.984 0.0480169 0.0197636 0
3.51 0.984 0.0526655 0.0160829 0
3.512 0.984 0.0402661 0.0173203 0
3.514 0.984 0.0838333 0.0450475 0
3.516 0.984 0.0319452 0.0096165 0
3.518 0.984 0.0411683 0.0212737 0
3.52 0.984 0.0584045 0.0238322 0
3.522 0.984 0.0522817 0.0244685 0
3.524 0.984 0.0574767 0.0281179 0
3.526 0.984 0.0508055 0.0103753 0
3.528 0.984 0.0419359 0.0160375 0
3.53 0.984 0.0500006 0.0144895 0
3.532 0.984 0.0693138 0.0220137 0
3.534 0.984 0.0852934 0.0196062 0
3.536 0.984 0.0411188 0.0195903 0
3.538 0.984 0.0494391 0.0227972 0
3.54 0.984 0.0616938 0.0394514 0
3.542 0.984 0.058316 0.0191747 0
3.544 0.984 0.0513882 0.0177467 0
3.546 0.984 0.0749874 0.04022 0
3.548 0.984 0.0311486 0.0129634 0
3.55 0.984 0.0359788 0.0254143 0
3.552 0.984 0.0380511 0.0114794 0
3.554 0.984 0.0607971 0.0285555 0
3.556 0.984 0.0675392 0.0288374 0
3.558 0.984 0.0729583 0.0265019 0
3.56 0.984 0.0400333 0.0167045 0
3.562 0.984 0.0807754 0.0425695 0
3.564 0.984 0.0780798 0.0402544 0
3.566 0.984 0.0446849 0.0104341 0
3.568 0.984 0.0501613 0.0115149 0
3.57 0.984 0.0508638 0.0230276 0
3.572 0.984 0.0584718 0.0240008 0
3.574 0.984 0.0750925 0.0211813 0
3.576 0.984 0.051217 0.0221148 0
3.578 0.984 0.0617692 0.0177815 0
3.58 0.984 0.0583894 0.0179091 0
3.582 0.984 0.0757194 0.0330435 0
3.584 0.984 0.0478754 0.0118198 0
3.586 0.984 0.0420866 0.0200011 0
3.588 0.984 0.0532354 0.0269887 0
3.59 0.984 0.0650491 0.0266283 0
3.592 0.984 0.0506169 0.0222144 0
3.594 0.984 0.036248 0.00835787 0
3.596 0.984 0.0953026 0.0548125 0
3.598 0.984 0.0895044 0.0373442 0
3.6 0.984 0.0531099 0.0130014 0
3.602 0.984 0.0678564 0.0194231 0
3.604 0.984 0.060094 0.0148459 0
3.606 0.984 0.0314718 0.0129663 0
3.608 0.984 0.0876625 0.0196365 0
3.61 0.984 0.0438672 0.0100878 0
3.612 0.984 0.0708708 0.0191891 0
3.614 0.984 0.0745043 0.0289442 0
3.616 0.984 0.0739433 0.0307362 0
3.618 0.984 0.0643668 0.0231199 0
3.62 0.984 0.0467351 0.0273125 0
3.622 0.984 0.0841043 0.0348311 0
3.624 0.984 0.051745 0.0282902 0
3.626 0.984 0.0663831 0.023615 0
3.628 0.984 0.0595684 0.0213351 0
3.63 0.984 0.077206 0.0318085 0
3.632 0.984 0.0689987 0.0385011 0
3.634 0.984 0.0518128 0.0285512 0
3.636 0.984 0.0859179 0.0284331 0
3.638 0.984 0.0911308 0.0323884 0
3.64 0.984 0.0665085 0.0152042 0
3.642 0.984 0.08886 0.0219101 0
3.644 0.984 0.0448243 0.021068 0
3.646 0.984 0.0511124 0.0220851 0
3.648 0.984 0.0842241 0.037212 0
3.65 0.984 0.0708092 0.0275734 0
3.652 0.984 0.0816184 0.0173333 0
3.654 0.984 0.0646895 0.0152676 0
3.656 0.984 0.0732344 0.032814 0
3.658 0.984 0.0686175 0.0441931 0
3.66 0.984 0.0276389 0.0145451 0
3.662 0.984 0.105347 0.0171996 0
3.664 0.984 0.0726247 0.0230404 0
3.666 0.984 0.0577576 0.0266026 0
3.668 0.984 0.0731791 0.0270202 0
3.67 0.984 0.0498768 0.0206762 0
3.672 0.984 0.0638266 0.0190984 0
3.674 0.984 0.071687 0.0309364 0
3.676 0.984 0.040773 0.00886052 0
3.678 0.984 0.0460849 0.0137022 0
3.68 0.984 0.0584097 0.037945 0
3.682 0.984 0.0563206 0.0269862 0
3.684 0.984 0.0754483 0.0364866 0
3.686 0.984 0.0581865 0.0195955 0
3.688 0.984 0.101552 0.0239082 0
3.69 0.984 0.0577685 0.0219311 0
3.692 0.984 0.0792242 0.0272807 0
3.694 0.984 0.05599 0.0328837 0
3.696 0.984 0.0647788 0.0191602 0
3.698 0.984 0.0638648 0.0311716 0
3.7 0.984 0.0633413 0.0279897 0
3.702 0.984 0.0491984 0.0196905 0
3.704 0.984 0.0658823 0.025614 0
3.706 0.984 0.043603 0.0215639 0
3.708 0.984 0.0623588 0.0311647 0
3.71 0.984 0.079789 0.0302376 0
3.712 0.984 0.120882 0.0434234 0
3.714 0.984 0.053351 0.0229401 0
3.716 0.984 0.0281457 0.0138581 0
3.718 0.984 0.0581568 0.0360282 0
3.72 0.984 0.0553574 0.0329251 0
3.722 0.986 0.0384134 0.0122544 0
3.724 0.986 0.0686999 0.0214468 0
3.726 0.986 0.0470079 0.0217613 0
3.728 0.986 0.0605979 0.0209231 0
3.73 0.986 0.0354351 0.0157473 0
3.732 0.986 0.0441656 0.0234185 0
3.734 0.986 0.102759 0.0428018 0
3.736 0.986 0.0352859 0.0113194 0
3.738 0.986 0.0301197 0.0121686 0
3.74 0.986 0.0631462 0.0170326 0
3.742 0.986 0.0595021 0.0207161 0
3.744 0.986 0.0832664 0.036824 0
3.746 0.986 0.0511215 0.0316442 0
3.748 0.986 0.0454599 0.0241218 0
3.75 0.986 0.0789318 0.0158938 0
3.752 0.986 0.0767143 0.0191642 0
3.754 0.986 0.0400393 0.00883818 0
3.756 0.986 0.0502254 0.0180682 0
3.758 0.986 0.023883 0.0219479 0
3.76 0.988 0.0682816 0.0309076 0
3.762 0.988 0.0661687 0.0200443 0
3.764 0.988 0.0410395 0.0214169 0
3.766 0.988 0.0828304 0.0417071 0
3.768 0.99 0.0706288 0.0392651 0
3.77 0.99 0.0565303 0.0304457 0
3.772 0.99 0.0965758 0.0565003 0
3.774 0.99 0.0707586 0.0425281 0
3.776 0.99 0.0716371 0.0251246 0
3.778 0.99 0.0835329 0.0308836 0
3.78 0.99 0.0779121 0.0323849 0
3.782 0.99 0.065518 0.0305761 0
3.784 0.99 0.0661967 0.0241846 0
3.786 0.99 0.0975315 0.0150175 0
3.788 0.99 0.0699541 0.0222099 0
3.79 0.99 0.0873304 0.0195839 0
3.792 0.99 0.0647438 0.0179488 0
3.794 0.99 0.0691364 0.0404257 0
3.796 0.99 0.0590177 0.0223003 0
3.798 0.99 0.0381955 0.0151931 0
3.8 0.99 0.0844189 0.0366055 0
3.802 0.99 0.104495 0.0364328 0
3.804 0.99 0.125782 0.0566752 0
3.806 0.99 0.104313 0.0427598 0
3.808 0.99 0.0698899 0.0506552 0
3.81 0.99 0.080495 0.0139525 0
3.812 0.99 0.066745 0.0293579 0
3.814 0.99 0.0762336 0.0203627 0
3.816 0.99 0.106203 0.0367087 0
3.818 0.99 0.0918963 0.0219432 0
3.82 0.99 0.0780278 0.0169355 0
3.822 0.99 0.0388815 0.021426 0
3.824 0.99 0.0707093 0.010114 0
3.826 0.99 0.0845331 0.0251555 0
3.828 0.99 0.0603482 0.0266817 0
3.83 0.99 0.144468 0.0472991 0
3.832 0.99 0.0949936 0.0343387 0
3.834 0.99 0.102349 0.0219349 0
3.836 0.99 0.0836763 0.0433093 0
3.838 0.99 0.126712 0.0366486 0
3.84 0.99 0.0615883 0.0266483 0
3.842 0.99 0.113793 0.0360258 0
3.844 0.99 0.0638004 0.039125 0
3.846 0.99 0.0460021 0.030666 0
3.848 0.99 0.0588945 0.0333856 0
3.85 0.99 0.0591703 0.0258917 0
3.852 0.99 0.0652672 0.0263686 0
3.854 0.99 0.0575538 0.0167405 0
3.856 0.99 0.0983864 0.0386188 0
3.858 0.99 0.0950144 0.0373222 0
3.86 0.99 0.0643982 0.0157488 0
3.862 0.99 0.0884519 0.0334976 0
3.864 0.99 0.0403364 0.0227828 0
3.866 0.99 0.112484 0.0167647 0
3.868 0.99 0.077133 0.0170094 0
3.87 0.99 0.0310995 0.0189483 0
3.872 0.99 0.0786669 0.0237314 0
3.874 0.99 0.0771571 0.0156144 0
3.876 0.99 0.071459 0.0227268 0
3.878 0.99 0.144363 0.0207687 0
3.88 0.99 0.108943 0.048039 0
3.882 0.99 0.031673 0.0124075 0
3.884 0.99 0.100537 0.0357907 0
3.886 0.99 0.201637 0.0217571 0
3.888 0.99 0.228968 0.0464252 0
3.89 0.99 0.606891 0.0368836 0
3.892 0.99 0.622847 0.0278849 0
3.894 0.99 0.63221 0.00815389 0
3.896 0.99 0.627595 0.0150927 0
3.898 0.99 0.628113 0.0196981 0
3.9 0.99 0.643594 0.0155928 0
3.902 0.99 0.639734 0.0137299 0
3.904 0.99 0.632989 0.0210588 0
3.906 0.99 0.649186 0.00760319 0
3.908 0.99 0.617527 0.0172779 0
3.91 0.99 0.634615 0.0121679 0
3.912 0.99 0.642876 0.0135313 0
3.914 0.99 0.635197 0.0133638 0
3.916 0.99 0.662127 0.0123956 0
3.918 0.99 0.625471 0.00706703 0
3.92 0.99 0.647868 0.00981691 0
3.922 0.99 0.622076 0.00652619 0
3.924 0.99 0.624084 0.0106406 0
3.926 0.99 0.639446 0.0158645 0
3.928 0.99 0.626423 0.0135057 0
3.93 0.99 0.651741 0.00751645 0
3.932 0.99 0.656297 0.00949963 0
3.934 0.99 0.622655 0.0315358 0
3.936 0.99 0.660917 0.00359445 0
3.938 0.99 0.652749 0.00610173 0
3.94 0.99 0.643416 0.0133185 0
3.942 0.99 0.651051 0.0188038 0
3.944 0.99 0.678695 0.013843 0
3.946 0.99 0.639429 0.0104844 0
3.948 0.99 0.638349 0.0148357 0
3.95 0.99 0.665883 0.0140412 0
3.952 0.99 0.647769 0.00860057 0
3.954 0.99 0.656144 0.0128759 0
3.956 0.99 0.666876 0.0134416 0
3.958 0.99 0.639318 0.0170748 0
3.96 0.992 0.664969 0.0053137 0
3.962 0.992 0.674304 0.00491362 0
3.964 0.992 0.642483 0.0168988 0
3.966 0.992 0.663529 0.0127101 0
3.968 0.992 0.645133 0.0150109 0
3.97 0.992 0.678278 0.0114654 0
3.972 0.992 0.673972 0.0206516 0
3.974 0.992 0.671126 0.00891132 0
3.976 0.994 0.663044 0.0178625 0
3.978 0.994 0.65086 0.0151118 0
3.98 0.994 0.673602 0.0139365 0
3.982 0.994 0.674865 0.0161459 0
3.984 0.994 0.664613 0.0115796 0
3.986 0.994 0.682989 0.01277 0
3.988 0.994 0.662639 0.0262755 0
3.99 0.994 0.674757 0.0307201 0
3.992 0.994 0.677985 0.0132274 0
3.994 0.994 0.686994 0.00517618 0
3.996 0.994 0.663639 0.00987428 0
3.998 0.994 0.681589 0.0105666 0
4 0.994 0.666337 0.0190741 0
