# Relevant parameters to reproduce this network:
# node_nr=500	 k_max=500
# initial_seed=10	 delta_t=0.1	 max_steps=1000	 in_between=0
# fg_m=1	 fg_alpha=-20	 fg_t_min=0	 fg_t_max=4	 fg_t_number=2000	 fg_achlioptas_k=4	 fg_weff_lower_frequency=-1e+08	 fg_weff_max_steps=1000	 fg_weff_in_between=0
# K Giant_component <r> sigma_r*sqrt(NODE_NR) clustering
0 0.004 0.0387781 0.0200646 0
0.002 0.004 0.0386 0.0212938 0
0.004 0.004 0.0447447 0.0231673 0
0.006 0.004 0.048312 0.0226587 0
0.008 0.004 0.0383585 0.0203241 0
0.01 0.004 0.0440198 0.0247081 0
0.012 0.004 0.0382634 0.0226378 0
0.014 0.004 0.0386719 0.0276236 0
0.016 0.004 0.0414199 0.0163595 0
0.018 0.004 0.0449057 0.0248587 0
0.02 0.004 0.0342291 0.0174824 0
0.022 0.004 0.0423668 0.0171506 0
0.024 0.004 0.0390939 0.0220563 0
0.026 0.004 0.0411651 0.0237456 0
0.028 0.004 0.0321419 0.0163396 0
0.03 0.004 0.039647 0.0178736 0
0.032 0.004 0.0446576 0.0237515 0
0.034 0.004 0.0332598 0.021747 0
0.036 0.004 0.0409484 0.0178959 0
0.038 0.004 0.0434663 0.0238895 0
0.04 0.004 0.0525695 0.0200074 0
0.042 0.004 0.0420064 0.0237837 0
0.044 0.004 0.0399358 0.0196886 0
0.046 0.004 0.0462597 0.0268542 0
0.048 0.004 0.0496104 0.0258944 0
0.05 0.004 0.0286185 0.0135247 0
0.052 0.006 0.0421284 0.0213931 0
0.054 0.006 0.043876 0.0225355 0
0.056 0.006 0.0482328 0.021481 0
0.058 0.006 0.0405698 0.023259 0
0.06 0.006 0.0449442 0.0238431 0
0.062 0.006 0.0308524 0.0161884 0
0.064 0.006 0.0424975 0.0192845 0
0.066 0.006 0.0318043 0.0217751 0
0.068 0.006 0.0444397 0.0234512 0
0.07 0.006 0.046613 0.0248443 0
0.072 0.006 0.0466379 0.0205511 0
0.074 0.006 0.0488946 0.0225863 0
0.076 0.006 0.039193 0.0240291 0
0.078 0.006 0.0301913 0.0116898 0
0.08 0.006 0.0512257 0.0199102 0
0.082 0.006 0.0379866 0.017913 0
0.084 0.006 0.0479922 0.0184961 0
0.086 0.006 0.0416555 0.0213917 0
0.088 0.006 0.0514422 0.0248368 0
0.09 0.006 0.0398185 0.0164192 0
0.092 0.006 0.053385 0.0314636 0
0.094 0.006 0.0327781 0.0143234 0
0.096 0.006 0.044813 0.0236676 0
0.098 0.006 0.045286 0.0203312 0
0.1 0.006 0.0393591 0.0185011 0
0.102 0.006 0.0529388 0.0283151 0
0.104 0.006 0.0509121 0.0245418 0
0.106 0.006 0.0471018 0.0207235 0
0.108 0.006 0.0354485 0.0154069 0
0.11 0.006 0.0393952 0.0184605 0
0.112 0.006 0.0468636 0.0255097 0
0.114 0.006 0.0406914 0.0206033 0
0.116 0.006 0.0532517 0.0222658 0
0.118 0.006 0.0448504 0.0268563 0
0.12 0.006 0.0429688 0.0209042 0
0.122 0.006 0.0464557 0.0282886 0
0.124 0.006 0.0396533 0.0258704 0
0.126 0.006 0.0413029 0.0248415 0
0.128 0.006 0.0467282 0.0166687 0
0.13 0.006 0.0526319 0.0299219 0
0.132 0.006 0.0416859 0.0260289 0
0.134 0.008 0.0414201 0.0215676 0
0.136 0.008 0.0441528 0.0186388 0
0.138 0.008 0.0408433 0.0229768 0
0.14 0.008 0.0417753 0.0180393 0
0.142 0.008 0.0415198 0.0209635 0
0.144 0.01 0.04959 0.0199113 0
0.146 0.01 0.0463942 0.0248027 0
0.148 0.01 0.0432466 0.0255552 0
0.15 0.01 0.0451399 0.0265971 0
0.152 0.01 0.0555018 0.0223967 0
0.154 0.01 0.0432058 0.0220656 0
0.156 0.01 0.0451272 0.022213 0
0.158 0.01 0.0497756 0.0289151 0
0.16 0.01 0.046429 0.0272398 0
0.162 0.01 0.0511414 0.030178 0
0.164 0.01 0.0502418 0.031578 0
0.166 0.01 0.0446415 0.0278719 0
0.168 0.01 0.0506295 0.0255548 0
0.17 0.01 0.0526142 0.0246771 0
0.172 0.01 0.043596 0.0229342 0
0.174 0.01 0.0394376 0.0233474 0
0.176 0.01 0.0498251 0.0213654 0
0.178 0.01 0.0340458 0.0164749 0
0.18 0.01 0.0383267 0.0236881 0
0.182 0.01 0.0471803 0.0221439 0
0.184 0.01 0.0478631 0.0219063 0
0.186 0.01 0.0311482 0.0169008 0
0.188 0.01 0.0564652 0.035964 0
0.19 0.01 0.0446439 0.0312049 0
0.192 0.012 0.0513231 0.0239007 0
0.194 0.012 0.0509459 0.0190088 0
0.196 0.012 0.057366 0.025591 0
0.198 0.012 0.0511197 0.0284579 0
0.2 0.012 0.045628 0.0239409 0
0.202 0.012 0.0451405 0.0265432 0
0.204 0.012 0.0432943 0.0252075 0
0.206 0.012 0.0427063 0.0222757 0
0.208 0.012 0.0598267 0.0263302 0
0.21 0.012 0.0555063 0.0236219 0
0.212 0.014 0.0545077 0.0284288 0
0.214 0.014 0.0514823 0.0306623 0
0.216 0.014 0.0530778 0.0286004 0
0.218 0.014 0.0568766 0.020863 0
0.22 0.014 0.0440999 0.0236355 0
0.222 0.014 0.0418562 0.0213817 0
0.224 0.014 0.0452888 0.0229715 0
0.226 0.014 0.0494817 0.0312989 0
0.228 0.014 0.0576201 0.0306195 0
0.23 0.014 0.050056 0.0354386 0
0.232 0.014 0.0574131 0.0313766 0
0.234 0.014 0.0726681 0.0454129 0
0.236 0.014 0.0532339 0.0241446 0
0.238 0.014 0.0609629 0.0351121 0
0.24 0.014 0.0693241 0.0313147 0
0.242 0.014 0.0535044 0.0299815 0
0.244 0.014 0.0519372 0.0303716 0
0.246 0.014 0.0519494 0.0297412 0
0.248 0.014 0.0621871 0.0286347 0
0.25 0.014 0.062682 0.0261464 0
0.252 0.014 0.0655804 0.0288595 0
0.254 0.014 0.059262