0 0.44079917669296265 -0.32821205258369446
1 -0.14990045130252838 -0.38760611414909363
2 -0.2457137107849121 -0.36595800518989563
3 0.34755536913871765 0.51239013671875
4 0.136286199092865 -0.24425192177295685
5 0.04847068712115288 -0.30961811542510986
6 -0.3991261422634125 0.19020311534404755
7 0.1289646476507187 0.4513431191444397
8 -0.337691992521286 -0.07675781100988388
9 -0.2776920795440674 -0.06053696945309639
10 0.21550852060317993 0.1552024930715561
11 -0.16701790690422058 -0.3436262607574463
12 0.4895080327987671 0.13918793201446533
13 0.24976323544979095 -0.7238284349441528
14 -0.017071552574634552 0.028666438534855843
15 0.14327193796634674 -0.057588353753089905
16 -0.042802441865205765 -0.23330971598625183
17 -0.10113774985074997 0.5587074160575867
18 -0.15636862814426422 -0.044768717139959335
19 0.16076821088790894 0.17406876385211945
20 0.4887162744998932 0.23495174944400787
21 0.1878303736448288 0.20103061199188232
22 0.22643224895000458 -0.173378124833107
23 -0.1565280258655548 0.09782400727272034
24 -0.06992194056510925 0.018254389986395836
25 -0.2267192304134369 0.5097311735153198
26 -0.25618812441825867 0.020363464951515198
27 -0.02059885300695896 -0.002781014423817396
28 -0.05220509693026543 0.21232159435749054
29 0.041509851813316345 -0.09187548607587814
30 0.3572305142879486 -0.016530834138393402
31 0.8369675874710083 -0.16173358261585236
32 -0.2221955955028534 0.43170222640037537
33 -0.2671201825141907 0.1289866864681244
34 -0.18846312165260315 -0.17201580107212067
35 0.06974434852600098 -0.1820901334285736
36 -0.04926944524049759 0.15816529095172882
37 0.326088011264801 0.20594723522663116
38 -0.4343911111354828 0.217682883143425
39 0.29665833711624146 -0.3279367983341217
40 -0.39701876044273376 0.1047893539071083
41 0.13973720371723175 0.0671134665608406
42 -0.173972025513649 -0.022635938599705696
43 0.3492216467857361 0.23470693826675415
44 -0.3383118510246277 -0.024742553010582924
45 -0.20864903926849365 0.1490899622440338
46 0.07495170831680298 -0.0622619092464447
47 -0.7395955920219421 -0.43550634384155273
48 -0.3166467249393463 0.2412114441394806
49 -0.27784422039985657 -0.2910691499710083
50 -0.17317040264606476 -0.13794058561325073
51 0.08546203374862671 0.4058876037597656
52 -0.007936722598969936 -0.168801411986351
53 -0.1241535171866417 0.10500814020633698
54 0.5462483763694763 0.004886501934379339
55 -0.5932102203369141 -0.22916170954704285
56 0.28313499689102173 -0.11329999566078186
57 -0.4518362283706665 0.07531068474054337
58 -0.1463872343301773 -0.28762194514274597
59 -0.42466530203819275 -0.003822946920990944
60 -0.04034166783094406 0.475369930267334
61 -0.22034189105033875 -0.23423995077610016
62 0.021618908271193504 0.576166570186615
63 0.12495667487382889 0.09960690140724182
64 -0.11170679330825806 -0.6276095509529114
65 -0.04876807704567909 0.09321696311235428
66 -0.0015287483111023903 -0.19617383182048798
67 -0.2035970389842987 0.3417699337005615
68 0.20205619931221008 0.17655055224895477
69 0.17579858005046844 -0.10112975537776947
70 -0.06389722973108292 -0.08237773925065994
71 -0.49593499302864075 0.024543697014451027
72 -0.2159501016139984 -0.13624070584774017
73 0.19095560908317566 0.523678719997406
74 -0.11467251926660538 0.008553837426006794
75 -0.11114650219678879 -0.18077638745307922
76 0.0622778944671154 0.04484803229570389
77 0.3256942927837372 0.15846134722232819
78 -0.11788229644298553 0.3202258348464966
79 -0.34368816018104553 -0.11174178868532181
80 -0.014347566291689873 -0.06574258208274841
81 -0.08785553276538849 0.07120710611343384
82 0.046166807413101196 -0.29018622636795044
83 -0.3929585814476013 -0.220511332154274
84 -0.057240135967731476 0.34133830666542053
85 -0.27992889285087585 -0.636372983455658
86 0.39172685146331787 -0.15073122084140778
87 0.46304288506507874 0.3807739317417145
88 -0.6824551820755005 0.01984800584614277
89 -0.013970964588224888 0.11511152982711792
90 -0.15784664452075958 -0.720601499080658
91 -0.08632324635982513 0.174621120095253
92 -0.05879506841301918 0.2848086357116699
93 0.3567936420440674 -0.03994907811284065
94 0.18144166469573975 0.2766827344894409
95 -0.09462498873472214 -0.05297059565782547
96 0.006079997401684523 -0.41025853157043457
97 0.29442936182022095 -0.41957956552505493
98 0.07593332976102829 -0.5325995087623596
99 -0.30786725878715515 -0.25660622119903564
328 -0.22939878702163696 -0.01035691611468792
303 0.2418631911277771 0.06556299328804016
491 -0.40146520733833313 -0.07285518944263458
256 -0.2714449167251587 -0.03191925585269928
479 -0.6847139596939087 0.0847281962633133
349 0.13809829950332642 0.12011998146772385
170 -0.042514074593782425 0.0673832893371582
301 -0.1036960780620575 0.22797872126102448
410 -0.5006860494613647 -0.37181150913238525
281 -0.2131728231906891 -0.328003466129303
468 -0.011036695912480354 0.17134083807468414
441 0.16283701360225677 -0.2008821666240692
247 0.03962171822786331 0.08189666271209717
127 -0.22483856976032257 -0.07459437102079391
293 -0.29295477271080017 -0.17677989602088928
165 -0.3550732135772705 0.09229292720556259
371 -0.22241884469985962 -0.09938806295394897
110 0.2558897137641907 0.1507515162229538
112 0.10840289294719696 0.046163320541381836
449 -0.28668326139450073 0.12862463295459747
439 0.05765916407108307 0.17912517488002777
278 0.09171557426452637 0.1840318739414215
200 -0.007356191985309124 -0.1292564570903778
180 -0.15639188885688782 -0.10643918067216873
204 -0.2931554615497589 0.38102397322654724
482 0.08164169639348984 0.22520560026168823
201 0.10448049008846283 -0.21183539927005768
435 0.23041827976703644 0.1414136290550232
370 0.14443433284759521 0.06736801564693451
175 -0.023720653727650642 -0.12726522982120514
292 0.09574967622756958 0.017966430634260178
261 -0.008769397623836994 -0.2101512998342514
347 0.44741323590278625 -0.2518098056316376
373 0.042231492698192596 -0.16013766825199127
472 -0.2007872760295868 -0.1102318987250328
391 -0.24415160715579987 -0.04363429918885231
285 -0.1730251908302307 -0.10202811658382416
445 0.19897502660751343 -0.16193510591983795
429 -0.1637314260005951 0.07277499884366989
466 0.20652715861797333 0.01699187606573105
152 -0.17602592706680298 -0.20228205621242523
457 -0.015213136561214924 0.22555606067180634
398 0.30570027232170105 -0.03750152513384819
225 0.10521821677684784 0.21828769147396088
166 0.015084989368915558 0.013299127109348774
295 0.25405988097190857 -0.39042478799819946
362 -0.036644306033849716 -0.450961709022522
321 0.025633331388235092 -0.1880679726600647
259 0.2652760446071625 0.07220379263162613
422 0.06929365545511246 -0.16560055315494537
423 0.17025990784168243 -0.13408514857292175
382 0.22816574573516846 0.25905725359916687
353 0.09591569006443024 0.0746842473745346
458 -0.06510389596223831 -0.032028138637542725
216 -0.11209133267402649 -0.18649618327617645
308 0.2085569202899933 0.22826965153217316
286 0.0764431580901146 0.32111984491348267
320 0.17827104032039642 -0.12158755213022232
442 -0.05679871886968613 -0.3025169372558594
190 -0.30654776096343994 -0.134042888879776
147 -0.44425562024116516 -0.17938992381095886
337 0.032396797090768814 0.17196092009544373
234 0.21351514756679535 -0.43836790323257446
433 0.11510855704545975 -0.29654890298843384
215 -0.018945492804050446 0.1931748390197754
231 -0.21354025602340698 0.37574589252471924
473 -0.062267594039440155 -0.27607449889183044
244 -0.3210522532463074 0.1261676400899887
343 -0.1523175686597824 0.2595297694206238
336 -0.12061489373445511 0.08020364493131638
354 0.23198483884334564 0.30751699209213257
262 0.016829144209623337 0.027475351467728615
299 -0.39501526951789856 0.08251551538705826
495 -0.32690876722335815 0.27997061610221863
342 -0.17419077455997467 0.31542399525642395
114 -0.14091625809669495 0.034264128655195236
443 0.013819298706948757 -0.07427038997411728
485 -0.13995759189128876 -0.07993002980947495
469 -0.07667423784732819 -0.36865681409835815
130 -0.13118065893650055 -0.11722967773675919
496 -0.3851739764213562 0.23375943303108215
348 0.07276885211467743 0.008594418875873089
380 0.1701323240995407 -0.06005671247839928
144 -0.05002341791987419 0.010510118678212166
153 -0.21893754601478577 0.5769517421722412
460 0.27365198731422424 0.16884665191173553
317 0.03949884697794914 0.041991595178842545
188 -0.09086266160011292 0.11395364254713058
420 0.17004451155662537 0.051281727850437164
177 0.015206731855869293 -0.19333404302597046
341 0.016421593725681305 0.2029293030500412
456 -0.21676243841648102 0.11419907957315445
105 0.12094594538211823 -0.07916432619094849
425 0.1471034437417984 -0.1436219960451126
149 -0.08537861704826355 0.007232092320919037
447 0.04359925165772438 -0.21233035624027252
361 0.22453252971172333 0.32233336567878723
100 0.19392794370651245 -0.05035436525940895
260 -0.014416789636015892 0.11618948727846146
172 0.16479697823524475 -0.2721206843852997
314 0.1107875257730484 -0.10985170304775238
226 0.5197018980979919 0.13657139241695404
290 -0.14650391042232513 0.4969772398471832
409 0.3197709321975708 0.012330208905041218
164 0.2538338005542755 0.009713669307529926
186 -0.2322370409965515 0.03684818372130394
128 -0.46987131237983704 0.05931795760989189
266 0.4084930717945099 -0.2317831665277481
120 0.2703608572483063 0.04534135386347771
273 0.04867687076330185 0.008560499176383018
213 0.290367990732193 0.27546757459640503
403 0.1212887242436409 0.4175810217857361
344 -0.18787920475006104 0.11333673447370529
421 -0.1881258636713028 -0.05141540989279747
470 -0.2799251675605774 0.4953286945819855
143 -0.002395086921751499 0.3102653920650482
151 -0.02272273600101471 -0.29397109150886536
444 -0.09085625410079956 -0.020734481513500214
438 -0.12044437229633331 0.16626833379268646
418 -0.12133069336414337 -0.02298440970480442
302 -0.139363631606102 -0.16745451092720032
364 -0.15262873470783234 0.3601575493812561
140 -0.18556132912635803 0.01992558129131794
218 0.2279730886220932 -0.013466778211295605
194 0.13507696986198425 -0.019535042345523834
265 0.20577764511108398 -0.456146776676178
365 0.07788295298814774 0.1267552524805069
372 0.08298875391483307 -0.12920424342155457
202 0.1658257395029068 0.13881337642669678
189 0.15702083706855774 -0.004879789426922798
492 0.15379619598388672 -0.22423191368579865
219 0.2783068120479584 0.4031887650489807
407 0.3071979582309723 0.13802532851696014
197 -0.5417302846908569 -0.2850855886936188
367 -0.1333242654800415 -0.25719505548477173
162 0.34302908182144165 -0.3049943149089813
356 0.21183975040912628 -0.2883826196193695
387 0.23792050778865814 -0.13696613907814026
210 0.21894077956676483 -0.38797256350517273
459 0.39342817664146423 0.025760607793927193
272 0.10963752865791321 -0.2960650622844696
490 -0.11673778295516968 -0.3515354096889496
499 0.006478222087025642 0.06841174513101578
235 0.1106116771697998 -0.023737972602248192
359 0.009880194440484047 -0.27335071563720703
258 -0.036927707493305206 -0.15870606899261475
351 -0.07291769981384277 0.19035570323467255
289 0.10551929473876953 0.25329795479774475
405 -0.036497458815574646 -0.02626023441553116
477 -0.08018755167722702 0.1490245759487152
174 -0.3778574466705322 0.041071150451898575
171 0.29024553298950195 -0.13568153977394104
223 0.3012767732143402 -0.09563848376274109
395 0.1018807590007782 -0.34719234704971313
375 0.07617896795272827 -0.3821130394935608
106 -0.1852472871541977 -0.3124468922615051
386 0.4122150242328644 0.05318226292729378
465 -0.16078419983386993 -0.23406650125980377
108 -0.10722722858190536 -0.262212872505188
471 -0.1946280598640442 -0.4317607283592224
145 0.2915499806404114 -0.24163872003555298
400 0.3820115327835083 -0.06965821981430054
245 0.0601329542696476 0.22775019705295563
452 0.06437128782272339 -0.08720121532678604
135 -0.1763363778591156 0.046535518020391464
462 0.14084528386592865 0.026889389380812645
412 0.3388892114162445 -0.1155230775475502
338 0.14088965952396393 -0.10875797271728516
122 -0.3645155727863312 -0.47030961513519287
426 0.0031287693418562412 0.07995359599590302
392 -0.19136111438274384 0.21012921631336212
463 0.10137523710727692 0.2803124785423279
284 0.3595960736274719 -0.15728819370269775
480 0.40524014830589294 0.13437645137310028
239 -0.2450520098209381 -0.24353674054145813
329 -0.1193753331899643 -0.14181913435459137
159 -0.5212982892990112 -0.013532671146094799
478 -0.011976254172623158 -0.042426712810993195
377 0.33791446685791016 0.09101279079914093
363 0.09871996194124222 0.3733971416950226
169 -0.3099671006202698 0.3126849830150604
296 -0.30920329689979553 -0.3585990369319916
230 -0.3372665345668793 -0.20773647725582123
481 -0.1124875620007515 -0.21445050835609436
168 0.08968376368284225 0.11032310128211975
161 0.09787647426128387 -0.044431667774915695
280 -0.029537850990891457 0.13711975514888763
176 -0.27262866497039795 0.03740698844194412
138 0.45298418402671814 -0.04998360574245453
404 0.6600558161735535 0.07851093262434006
246 -0.24121856689453125 -0.21723152697086334
131 -0.16056515276432037 -0.5798686146736145
417 -0.0102413734421134 -0.09685458242893219
406 -0.28963544964790344 0.10247276723384857
214 0.43391406536102295 0.1633845418691635
129 -0.28388547897338867 0.17742908000946045
229 -0.25333505868911743 -0.5807117223739624
270 -0.18921759724617004 0.28672558069229126
408 0.038431450724601746 0.03210965916514397
132 -0.0856614038348198 -0.2251080423593521
312 0.13223427534103394 -0.4117980897426605
309 0.21030546724796295 -0.21866430342197418
324 -0.33408883213996887 0.3295542001724243
346 0.2220965474843979 -0.04355036839842796
316 -0.12171011418104172 0.05542025342583656
414 0.2939576506614685 0.10703687369823456
134 -0.2634446322917938 0.09847647696733475
450 0.06342174112796783 0.4670783281326294
163 0.12058830261230469 -0.1844547837972641
413 -0.4880724251270294 -0.22593824565410614
263 -0.6910704374313354 -0.39478397369384766
307 -0.11437124013900757 0.1820320338010788
217 0.055877503007650375 0.42579832673072815
250 0.024592885747551918 0.5201545357704163
340 0.03290446847677231 0.18256111443042755
279 0.2728859782218933 -0.2649260461330414
318 -0.41067054867744446 -0.10528462380170822
195 0.31732749938964844 0.3391812741756439
390 -0.3406447470188141 0.03325186297297478
325 0.20496797561645508 -0.10193276405334473
236 -0.26507002115249634 0.08196193724870682
327 0.15507982671260834 -0.2971547842025757
251 0.11659108847379684 0.3402767479419708
113 0.12424395233392715 0.20261776447296143
187 0.12823070585727692 0.28204667568206787
264 -0.35906314849853516 0.251185804605484
241 -0.16532433032989502 0.13465580344200134
222 0.23667089641094208 0.0442725233733654
388 -0.015889789909124374 0.26151546835899353
310 -0.11007598042488098 -0.07985993474721909
137 0.27203369140625 -0.03921514004468918
323 0.0703137144446373 0.3820774257183075
451 -0.24952559173107147 -0.3963547348976135
489 -0.04304172471165657 0.3747558891773224
208 -0.036426082253456116 0.2128908634185791
334 0.037765759974718094 0.22513416409492493
401 0.39062613248825073 0.1153571680188179
389 0.03888050466775894 0.13623270392417908
383 0.2458905279636383 -0.3030738830566406
157 -0.0071144490502774715 -0.3066713511943817
267 0.2980019152164459 0.23198473453521729
304 0.03535161167383194 -0.39622169733047485
115 -0.10808777064085007 -0.5678265690803528
206 0.0007260478450916708 -0.5403193235397339
305 -0.19791966676712036 0.17351436614990234
399 -0.4321841597557068 -0.15739333629608154
253 -0.05888155847787857 -0.21551015973091125
369 -0.3120455741882324 -0.04168124496936798
156 -0.06965647637844086 -0.12035106867551804
355 -0.338431715965271 0.4852204918861389
178 -0.4187992215156555 0.5725342631340027
183 -0.32190215587615967 0.05965684726834297
146 0.4263336658477783 0.2749820351600647
330 -0.16244836151599884 0.45211270451545715
191 -0.052688274532556534 -0.17828860878944397
255 0.22768306732177734 -0.0660678967833519
101 0.3413057327270508 -0.27320972084999084
185 -0.038560930639505386 0.6042420268058777
315 -0.07698459178209305 0.27783140540122986
333 -0.2693958282470703 0.24221879243850708
167 -0.07301940768957138 0.06345658004283905
381 -0.1652926653623581 0.17383624613285065
274 -0.01728321798145771 0.06136748939752579
350 -0.2170432209968567 0.06700565665960312
374 0.11624400317668915 0.1740715354681015
104 -0.14542575180530548 -0.055810023099184036
474 -0.07274025678634644 0.36009544134140015
396 0.030072420835494995 -0.13671307265758514
384 0.47564220428466797 0.03572811186313629
198 -0.09455130994319916 0.39204850792884827
242 -0.11293180286884308 -0.3090721070766449
233 0.370383083820343 0.2947755455970764
376 -0.34517571330070496 -0.26943206787109375
184 0.480785608291626 0.32226070761680603
211 0.22630147635936737 0.21485482156276703
224 -0.41377225518226624 0.42652755975723267
291 0.003372920211404562 0.36765679717063904
335 -0.296099990606308 -0.19973090291023254
109 0.31376364827156067 0.3831796646118164
455 -0.3129711449146271 -0.007589121349155903
111 0.6165751814842224 -0.157944455742836
179 0.016685983166098595 0.149749293923378
448 0.3286926746368408 -0.1618017852306366
276 -0.21160662174224854 -0.2637530565261841
476 0.04253236576914787 -0.2383243590593338
378 0.18278656899929047 -0.19435635209083557
487 0.01643911749124527 -0.5158025622367859
483 -0.5860185027122498 0.05838511139154434
300 0.18633338809013367 0.02804378978908062
155 0.03428175672888756 0.5335613489151001
488 0.06109848991036415 -0.06222286447882652
326 0.3334890902042389 -0.35977813601493835
117 0.4257017970085144 -0.0950559601187706
484 -0.2371244579553604 -0.18989117443561554
205 -0.07695456594228745 -0.16019940376281738
494 -0.29846325516700745 -0.06425964087247849
379 -0.27324920892715454 0.21334421634674072
402 0.32272669672966003 -0.0717020183801651
243 -0.13906358182430267 0.13655714690685272
294 0.13657847046852112 0.6819574236869812
416 -0.21032945811748505 0.24315890669822693
203 -0.19683848321437836 0.18067216873168945
352 -0.05148468539118767 0.13712948560714722
454 0.3265538811683655 0.25919201970100403
269 0.38874611258506775 -0.4012637436389923
419 0.014993170276284218 0.29476210474967957
306 -0.35761383175849915 -0.3362150192260742
298 0.4724893867969513 -0.15752117335796356
238 -0.15014736354351044 0.5295391082763672
486 -0.11281727999448776 0.2755284607410431
160 -0.33676743507385254 0.40164127945899963
268 -0.28452667593955994 -0.3951326012611389
252 -0.27318963408470154 -0.11105918884277344
368 -0.21546804904937744 0.2680138349533081
297 -0.30609771609306335 0.2053367793560028
397 0.24571539461612701 0.4255369007587433
428 -0.11563990265130997 0.11982976645231247
126 0.018439874053001404 -0.3213001489639282
311 -0.3051423728466034 -0.5215120315551758
393 -0.4099331796169281 -0.34895849227905273
440 -0.0710538998246193 -0.47834569215774536
196 -0.22902458906173706 0.3093123733997345
141 -0.061517003923654556 0.6852620244026184
121 -0.31699931621551514 -0.23057614266872406
431 0.29122933745384216 0.02287404239177704
123 0.42068925499916077 0.09808696061372757
436 0.3727826774120331 0.3782365024089813
124 -0.03712420538067818 -0.38854074478149414
228 -0.014667345210909843 -0.5070633292198181
142 0.09232325851917267 -0.4531484544277191
220 -0.0824757069349289 -0.34841227531433105
103 -0.044750165194272995 0.2513495683670044
102 -0.1994638442993164 0.49079442024230957
434 0.29666754603385925 -0.2802262008190155
283 0.17520400881767273 -0.020046094432473183
254 0.07445889711380005 0.26634058356285095
411 0.15122690796852112 -0.08674334734678268
209 -0.20441265404224396 -0.5350012183189392
497 0.24077273905277252 -0.26291602849960327
339 0.35773736238479614 -0.2111411690711975
193 0.1580778807401657 0.09562772512435913
207 0.23021219670772552 -0.31857576966285706
118 -0.0421416200697422 -0.5008915662765503
475 0.48401087522506714 0.06991661339998245
116 0.6408148407936096 -0.2749216854572296
498 0.004576663486659527 0.4707123637199402
107 -0.48255908489227295 -0.420547217130661
154 -0.4169522225856781 0.28817254304885864
173 0.1545441746711731 0.30124631524086
366 0.5281347036361694 -0.042478155344724655
415 0.2131853848695755 0.13095320761203766
446 -0.04751857742667198 -0.05388392135500908
288 -0.39338529109954834 -0.1606009155511856
248 -0.46148645877838135 -0.2738785743713379
158 -0.043361812829971313 0.4152842164039612
221 0.37846338748931885 0.20630376040935516
394 0.19231240451335907 0.10656507313251495
282 -0.14674052596092224 -0.005732857622206211
232 -0.19021542370319366 0.41577741503715515
249 0.6650859713554382 -0.08964267373085022
125 -0.6491904854774475 0.1827661693096161
119 0.03093015030026436 0.656636118888855
181 -0.007439915556460619 0.41197431087493896
212 0.5695416331291199 0.01906498149037361
240 0.3331906795501709 -0.2199210226535797
136 0.06764747202396393 -0.13284185528755188
139 0.051005758345127106 0.3191087543964386
199 -0.45933106541633606 -0.09172499924898148
430 0.3432510495185852 -0.47160691022872925
464 0.03859500214457512 0.3416746258735657
332 0.3367053270339966 -0.05723106861114502
227 0.18703679740428925 -0.3376820385456085
313 0.28833895921707153 0.046417463570833206
133 -0.2906437814235687 -0.47736698389053345
453 0.07444342225790024 0.08342643082141876
271 0.46448197960853577 -0.012713728472590446
461 0.24732325971126556 0.600225567817688
322 0.4135855436325073 0.4571022093296051
148 0.5349918007850647 -0.3634386956691742
275 0.18844246864318848 0.43541771173477173
385 0.5344852805137634 0.09898363798856735
192 0.07001007348299026 -0.2289671003818512
237 -0.24836263060569763 -0.30952346324920654
357 -0.11221246421337128 0.37144947052001953
493 -0.09658506512641907 -0.546829342842102
437 0.3619568347930908 0.4226049482822418
257 0.2805842459201813 0.3370245397090912
467 -0.6724395155906677 -0.08610205352306366
424 -0.40676867961883545 -0.3122403919696808
150 -0.6225175261497498 -0.09195572882890701
358 0.04776646941900253 1.0
182 0.48121407628059387 -0.3096749782562256
427 0.1309037059545517 -0.47369739413261414
319 -0.3543751537799835 -0.3041468858718872
277 -0.3678224980831146 -0.38686177134513855
287 -0.22837771475315094 -0.4314587414264679
360 0.6370914578437805 0.22816728055477142
345 0.7442579865455627 0.03163006901741028
331 -0.36734095215797424 0.1205037534236908
432 0.8121419548988342 -0.6201112270355225
