0 0.5469105243682861 -0.05309019610285759
1 -0.4493767321109772 0.050755344331264496
2 -0.3500884473323822 0.19957563281059265
3 0.23019666969776154 -0.547398030757904
4 -0.19880720973014832 -0.09871354699134827
5 0.05736221745610237 0.21267636120319366
6 0.27823588252067566 -0.3752722442150116
7 0.27786141633987427 -0.31873488426208496
8 -0.3508886694908142 0.04398320987820625
9 -0.1549464762210846 0.01641792058944702
10 0.1960657387971878 -0.13165894150733948
11 -0.03660460561513901 0.35996755957603455
12 0.09673922508955002 0.38235652446746826
13 0.33157414197921753 0.5963414311408997
14 0.0015802646521478891 -0.08516330271959305
15 -0.02095097489655018 0.16028207540512085
16 -0.008708147332072258 0.1317332535982132
17 0.4365030527114868 -0.2982609272003174
18 -0.13235712051391602 0.06671776622533798
19 0.2846395969390869 -0.10826507210731506
20 0.40091222524642944 -0.18944492936134338
21 -0.17489832639694214 0.25227871537208557
22 -0.35070735216140747 -0.33151736855506897
23 -0.18279315531253815 -0.2525908648967743
24 0.19640791416168213 -0.08289723098278046
25 -0.24697868525981903 -0.5022098422050476
26 -0.3362250328063965 -0.12387174367904663
27 0.10337168723344803 0.09361785650253296
28 0.13894815742969513 -0.11302245408296585
29 -0.13619601726531982 0.106437548995018
30 0.1265539973974228 0.3826058804988861
31 -0.5301682949066162 -0.5996419787406921
32 0.1649368554353714 -0.3133867681026459
33 -0.14482885599136353 -0.22209550440311432
34 0.16838334500789642 0.1823391169309616
35 0.025339236482977867 0.21880365908145905
36 -0.16562211513519287 -0.10175834596157074
37 -0.3998853862285614 -0.22864305973052979
38 0.3096962869167328 0.45678502321243286
39 -0.2150738537311554 0.05887275189161301
40 -0.27427124977111816 0.19325879216194153
41 0.1854383647441864 -0.04864120110869408
42 -0.08807888627052307 -0.004376999102532864
43 0.4033667743206024 -0.12481868267059326
44 -0.3379041850566864 -0.07905440777540207
45 0.07439913600683212 -0.2544465959072113
46 0.09202688932418823 -0.025079410523176193
47 0.6805418133735657 0.34848400950431824
48 0.18473269045352936 -0.25579798221588135
49 -0.057731643319129944 0.5506932139396667
50 0.0160331092774868 0.1783892661333084
51 -0.2574477791786194 -0.3179297149181366
52 0.0471678227186203 0.011213031597435474
53 -0.3470385670661926 0.10465528070926666
54 0.6027677655220032 0.05503259599208832
55 -0.5520853996276855 0.3345215320587158
56 0.26098015904426575 0.2937622666358948
57 -0.5221908092498779 -0.06459739059209824
58 0.26617443561553955 0.21478401124477386
59 -0.36442238092422485 0.07903952896595001
60 0.22378753125667572 -0.4115867018699646
61 -0.24998100101947784 -0.09045838564634323
62 -0.3980090022087097 0.38001295924186707
63 0.11088810116052628 -0.3153643012046814
64 0.6879671216011047 -0.2954540252685547
65 -0.1674114167690277 -0.026474962010979652
66 -0.30898043513298035 -0.26398131251335144
67 -0.10497347265481949 0.16304141283035278
68 0.006745586171746254 -0.20143286883831024
69 0.2542267441749573 0.07341659814119339
70 -0.24909961223602295 0.05198206752538681
71 0.4510958790779114 -0.005924936383962631
72 -0.26506444811820984 -0.1268511265516281
73 -0.13837537169456482 -0.5715358257293701
74 -0.2569796144962311 -0.004336376674473286
75 -0.0885728970170021 0.09495750814676285
76 0.07281243056058884 -0.031335461884737015
77 0.10876918584108353 0.12070467323064804
78 0.04741749167442322 -0.2205735146999359
79 -0.10183777660131454 0.2777167856693268
80 -0.0869925320148468 0.11293618381023407
81 -0.0978686660528183 0.12717866897583008
82 0.15257658064365387 0.2726622521877289
83 -0.45398351550102234 0.07460632175207138
84 0.024082142859697342 -0.41300588846206665
85 -0.6905235052108765 -0.19017478823661804
86 -0.19426555931568146 0.3793913722038269
87 0.29224810004234314 -0.5319385528564453
88 -0.618923008441925 -0.040385082364082336
89 -0.011015095748007298 -0.040905486792325974
90 -0.4099085032939911 0.5924519896507263
91 -0.1761491745710373 -0.16996964812278748
92 -0.15781117975711823 -0.36469438672065735
93 -0.1482168734073639 0.17696867883205414
94 0.24128024280071259 -0.09573853760957718
95 -0.33144667744636536 -0.05029924213886261
96 -0.15769851207733154 0.2616520822048187
97 0.13449282944202423 0.4643440544605255
98 0.2987491488456726 0.33389994502067566
99 -0.4275187849998474 -0.12111477553844452
100 -0.19284673035144806 0.011552040465176105
101 0.005172561388462782 0.3802146911621094
102 0.5115862488746643 -0.02121959812939167
103 0.3069332242012024 -0.08994678407907486
104 -0.20125624537467957 0.1279924362897873
105 0.2138294279575348 -0.046355318278074265
106 -0.07118983566761017 0.0017529112519696355
107 -0.4881809949874878 0.3705531060695648
108 0.1711501181125641 0.09304291009902954
109 -0.26132112741470337 -0.40252885222435
110 0.08600074797868729 0.259402871131897
111 0.6088525652885437 0.19394314289093018
112 -0.11126355826854706 0.08710746467113495
113 -0.010519478470087051 -0.2589370012283325
114 0.0367496982216835 -0.10595163702964783
115 0.28961828351020813 0.5101659893989563
116 0.48340895771980286 0.49460136890411377
117 0.30529966950416565 0.10475663095712662
118 0.1425991803407669 0.557842493057251
119 -0.3396364450454712 -0.5186065435409546
120 0.04172538220882416 0.17954620718955994
121 0.17295430600643158 0.25267136096954346
122 0.06908006966114044 -0.3365370035171509
123 0.3310796320438385 -0.29116541147232056
124 -0.2611948847770691 0.3524802029132843
125 -0.05174868926405907 -0.6105294227600098
126 0.35597923398017883 -0.140577495098114
127 -0.06010968238115311 0.07248327881097794
128 0.08743732422590256 -0.4838174283504486
129 -0.05975167080760002 -0.27949175238609314
130 -0.0023654699325561523 0.10078757256269455
131 -0.19784438610076904 0.5364951491355896
132 0.15018205344676971 0.3166969120502472
133 -0.4231506884098053 -0.4156343936920166
134 -0.11204730719327927 0.02899528108537197
135 -0.29632139205932617 0.1475730985403061
136 0.19259962439537048 0.22776781022548676
137 -0.23613996803760529 -0.01730593852698803
138 0.3514498174190521 0.2029191553592682
139 -0.3642323911190033 -0.1314592957496643
140 -0.08327992260456085 -0.11550390720367432
141 0.34832435846328735 -0.48645785450935364
142 -0.47448843717575073 -0.2390526831150055
143 -0.13331551849842072 -0.24211667478084564
144 -0.07532812654972076 -0.1556432992219925
145 0.07254356145858765 0.31732022762298584
146 -0.22404323518276215 -0.4332282543182373
147 -0.35825663805007935 -0.18522348999977112
148 0.08835063129663467 0.6276474595069885
149 -0.17003792524337769 0.13384442031383514
150 -0.5555188655853271 0.37483468651771545
151 0.1080186665058136 0.2704716622829437
152 -0.1847442090511322 0.17714735865592957
153 0.4906184673309326 -0.30779796838760376
154 0.48924967646598816 -0.3678973615169525
155 0.08413974195718765 -0.5123804807662964
156 0.010545420460402966 0.2895345687866211
157 -0.26910027861595154 -0.277814120054245
158 0.4329484701156616 0.09316547960042953
159 0.6234723329544067 -0.14587122201919556
160 0.4706210196018219 -0.11948056519031525
161 0.060492683202028275 -0.08012562990188599
162 0.1919925957918167 0.3089897632598877
163 -0.3587464690208435 -0.16195093095302582
164 -0.10352286696434021 -0.19328689575195312
165 -0.14239127933979034 0.2206120789051056
166 -0.02997751720249653 -0.029202518984675407
167 0.012197679840028286 -0.14699135720729828
168 -0.17482738196849823 -0.05833641067147255
169 -0.1019596979022026 -0.39546993374824524
170 -0.23893307149410248 -0.059502001851797104
171 0.4087836742401123 -0.09532245248556137
172 0.23936393857002258 0.20301015675067902
173 0.4274202585220337 -0.025995030999183655
174 -0.3026427924633026 -0.056817129254341125
175 -0.05745447427034378 -0.022637220099568367
176 -0.19129642844200134 0.05534641444683075
177 0.0785200297832489 0.20901629328727722
178 0.17327487468719482 -0.6073300838470459
179 -0.10360340774059296 -0.10429394990205765
180 -0.15061412751674652 -0.1265614926815033
181 -0.36539918184280396 -0.2372623085975647
182 0.04505976289510727 0.5763786435127258
183 -0.2602354884147644 -0.05042337253689766
184 -0.5609235763549805 0.08270260691642761
185 -0.07657676935195923 -0.5994826555252075
186 0.0012770018074661493 -0.16908645629882812
187 0.038843076676130295 -0.34471824765205383
188 0.11125561594963074 -0.12534426152706146
189 -0.028300169855356216 0.11642269790172577
190 -0.24107623100280762 0.2965626120567322
191 -0.14100241661071777 -0.40524449944496155
192 -0.2240365445613861 0.10562419146299362
193 -0.2100629359483719 -0.16096265614032745
194 -0.15337340533733368 0.0831284448504448
195 0.39539435505867004 0.08826451003551483
196 0.3724460303783417 -0.2144804447889328
197 0.4909311830997467 -0.18931713700294495
198 -0.2050424963235855 -0.29397714138031006
199 -0.13543292880058289 0.5183327794075012
200 -0.12327969819307327 -0.14282652735710144
201 0.08451610058546066 0.03923477604985237
202 -0.13641904294490814 0.04004441574215889
203 -0.06524448841810226 -0.24944959580898285
204 -0.28436270356178284 -0.36477240920066833
205 -0.11211256682872772 0.19127099215984344
206 -0.48128047585487366 0.21691249310970306
207 -0.49954089522361755 0.12053856253623962
208 -0.2290608435869217 -0.22326511144638062
209 -0.30227920413017273 0.3366166353225708
210 0.12446122616529465 0.29839926958084106
211 -0.2564018666744232 0.02891700342297554
212 0.06689629703760147 -0.28992652893066406
213 0.337819367647171 -0.11438170820474625
214 -0.5640356540679932 0.014567524194717407
215 -0.1560378521680832 -0.012764890678226948
216 -0.031815797090530396 0.17882545292377472
217 0.23730002343654633 -0.1422540843486786
218 -0.3043515682220459 0.250000923871994
219 -0.0006355849327519536 -0.4198349118232727
220 -0.1160971149802208 0.33415231108665466
221 0.3103502690792084 -0.14079417288303375
222 -0.4083103835582733 -0.09458767622709274
223 0.2008415162563324 0.405603289604187
224 -0.19740256667137146 -0.5062616467475891
225 0.12025254964828491 -0.16265107691287994
226 0.38980650901794434 0.23372718691825867
227 -0.3546053469181061 0.13624951243400574
228 0.016334161162376404 0.5027549862861633
229 -0.05276722460985184 0.6576145887374878
230 0.04575688764452934 0.23819196224212646
231 0.053358063101768494 -0.4140501320362091
232 0.17216628789901733 -0.3652552664279938
233 0.3236665725708008 0.022929171100258827
234 0.23775039613246918 0.4791199862957001
235 0.17992915213108063 0.027624163776636124
236 -0.06483665108680725 -0.3345533609390259
237 -0.32533055543899536 0.03819255903363228
238 -0.043552249670028687 -0.42156288027763367
239 -0.31327468156814575 0.3904294967651367
240 0.10532791912555695 0.44510719180107117
241 -0.06874905526638031 -0.09621721506118774
242 0.26198819279670715 -0.21321335434913635
243 0.15915565192699432 -0.041532471776008606
244 0.2905758321285248 0.06530652940273285
245 -0.042180828750133514 -0.22378461062908173
246 -0.25391170382499695 0.26794058084487915
247 0.14286403357982635 0.016701022163033485
248 0.06193780526518822 0.4611262083053589
249 0.5103347897529602 0.24214684963226318
250 0.2946852743625641 -0.39886605739593506
251 0.20823445916175842 -0.2373368740081787
252 -0.33472755551338196 0.22100180387496948
253 0.09110764414072037 0.18300698697566986
254 0.3722529709339142 0.18790303170681
255 -0.27277669310569763 -0.07545743137598038
256 -0.02153693698346615 -0.14204367995262146
257 -0.0015458760317415 0.3460194766521454
258 -0.20328284800052643 0.3076627850532532
259 0.11961998045444489 0.01561376079916954
260 -0.11839602142572403 -0.11797486245632172
261 -0.10852640122175217 0.23891150951385498
262 -0.14618468284606934 -0.1618487685918808
263 -0.6768979430198669 -0.2518846392631531
264 -0.022647827863693237 -0.5285453200340271
265 0.3047206997871399 0.36962059140205383
266 -0.0846848264336586 0.3717280328273773
267 0.17944741249084473 -0.21647489070892334
268 -0.13890713453292847 0.47553592920303345
269 -0.16516123712062836 0.3595733940601349
270 -0.016040148213505745 0.014705229550600052
271 0.2817119359970093 0.006429503206163645
272 -0.03366011008620262 0.34441879391670227
273 0.08118363469839096 -0.1602701097726822
274 0.004805750213563442 -0.015129505656659603
275 0.34453991055488586 0.043129581958055496
276 0.38036656379699707 0.12674690783023834
277 0.021148357540369034 -0.32829993963241577
278 -0.09451251477003098 -0.08057086914777756
279 0.42756232619285583 0.06206686422228813
280 0.16962304711341858 0.0621340312063694
281 -0.04247916489839554 0.28630074858665466
282 -0.011586428619921207 0.19622012972831726
283 -0.2940208315849304 -0.13285866379737854
284 0.30829548835754395 0.18587209284305573
285 -0.006184509955346584 0.25404590368270874
286 0.1827545464038849 -0.32716304063796997
287 -0.42629945278167725 0.23701098561286926
288 -0.3855770230293274 0.1306464821100235
289 0.18349380791187286 -0.16114173829555511
290 -0.4486166834831238 -0.17104655504226685
291 0.19294613599777222 -0.18562227487564087
292 0.11117538064718246 -0.04507514834403992
293 0.22085505723953247 0.11188853532075882
294 -0.5568036437034607 -0.3370138108730316
295 0.17907889187335968 0.476569801568985
296 -0.20293207466602325 0.2629196345806122
297 -0.2562829554080963 -0.23630405962467194
298 0.3345922827720642 0.29512542486190796
299 -0.37920233607292175 -0.038608942180871964
300 0.2080959975719452 -0.01642807573080063
301 -0.014295783825218678 -0.05940280854701996
302 0.21666266024112701 0.04732247069478035
303 -0.17280811071395874 0.4071108400821686
304 -0.06891149282455444 0.31674084067344666
305 -0.1360946148633957 -0.31503739953041077
306 -0.5646724104881287 -0.03723863139748573
307 -0.15411481261253357 0.04226132109761238
308 0.24514614045619965 -0.02322348579764366
309 0.2993536591529846 -0.01649096980690956
310 -0.2819637656211853 -0.22945787012577057
311 0.3398081660270691 0.4126830995082855
312 -0.006828339770436287 0.4768196642398834
313 0.14399200677871704 -0.008964703418314457
314 0.10440103709697723 0.0016854413552209735
315 0.027279172092676163 -0.2458265721797943
316 0.042681220918893814 -0.04964445158839226
317 -0.053908731788396835 0.21361279487609863
318 0.09277337789535522 -0.28181740641593933
319 -0.4591788947582245 -0.0796242281794548
320 0.08699529618024826 0.12712246179580688
321 0.020451536402106285 0.11609620600938797
322 -0.3721018433570862 0.23339304327964783
323 -0.026112275198101997 -0.45725131034851074
324 -0.1142258569598198 -0.456186980009079
325 0.2739826440811157 -0.03267229348421097
326 0.26217952370643616 0.38966378569602966
327 -0.3114178478717804 -0.20633715391159058
328 -0.19194096326828003 0.21751730144023895
329 -0.18205526471138 0.039387211203575134
330 -0.09543271362781525 -0.47524744272232056
331 0.3149758279323578 -0.0505358912050724
332 -0.19588197767734528 -0.21328872442245483
333 -0.15206578373908997 -0.1920144259929657
334 0.16770242154598236 0.20847351849079132
335 0.005910507403314114 0.05828070640563965
336 0.07870252430438995 -0.20618964731693268
337 0.06908398866653442 -0.13901054859161377
338 0.2047041952610016 0.011016604490578175
339 -0.4139286279678345 -0.0619921050965786
340 0.12940503656864166 -0.21962857246398926
341 -0.06264428049325943 -0.1308448314666748
342 0.13122299313545227 -0.2512286901473999
343 0.15214712917804718 -0.1545724719762802
344 0.09387853741645813 -0.17719079554080963
345 -0.6021982431411743 -0.44266825914382935
346 0.11632581800222397 -0.08047157526016235
347 -0.24173171818256378 0.1399591565132141
348 -0.04864124953746796 -0.13390494883060455
349 0.0854966789484024 -0.23815415799617767
350 -0.3236525356769562 0.2833520770072937
351 -0.07738027721643448 -0.2993423640727997
352 0.028229080140590668 -0.12383202463388443
353 0.13610145449638367 0.13112711906433105
354 0.16486597061157227 -0.40050840377807617
355 0.4372539818286896 -0.4602556824684143
356 0.2933380901813507 0.12561540305614471
357 0.2874569296836853 -0.1786733716726303
358 0.5735453367233276 -0.7813845276832581
359 -0.15942075848579407 0.32051998376846313
360 0.06279752403497696 -0.5846635699272156
361 -0.23267512023448944 -0.18810799717903137
362 -0.03283925727009773 0.509282648563385
363 0.31290215253829956 -0.32795605063438416
364 -0.12105057388544083 -0.33546727895736694
365 0.1520843803882599 -0.10019391775131226
366 0.516876757144928 0.15180419385433197
367 0.14004094898700714 -0.07129888236522675
368 -0.11072199046611786 -0.3696897029876709
369 -0.2089434415102005 -0.05721842870116234
370 0.16690002381801605 0.13068339228630066
371 -0.3492027819156647 0.09373550117015839
372 -0.036949194967746735 -0.09585829079151154
373 -0.05090627074241638 0.11803906410932541
374 0.013327877037227154 0.0044746845960617065
375 0.10810906440019608 0.22750456631183624
376 -0.3786390423774719 0.2936396896839142
377 0.24287599325180054 0.17742115259170532
378 -0.0023117754608392715 0.2308577448129654
379 -0.20557467639446259 -0.13725487887859344
380 0.01655879244208336 0.0812370777130127
381 0.13810724020004272 -0.03529597818851471
382 -0.35109809041023254 0.005440681241452694
383 0.21343225240707397 0.34632575511932373
384 0.3532417416572571 -0.27476710081100464
385 0.5140548944473267 0.03637534752488136
386 0.40152859687805176 -0.06711685657501221
387 0.012066761963069439 0.14421428740024567
388 -0.12067475914955139 -0.2719312012195587
389 -0.21951213479042053 0.17257025837898254
390 -0.3864237666130066 0.04506278038024902
391 -0.20758801698684692 -0.00501358974725008
392 -0.28001418709754944 -0.010405553504824638
393 0.25063955783843994 0.257316529750824
394 0.04535950720310211 -0.2899191975593567
395 0.0013800669694319367 0.441581666469574
396 -0.22009482979774475 0.3938215970993042
397 0.46319469809532166 0.3137511610984802
398 0.27836427092552185 0.17361196875572205
399 0.22476176917552948 -0.37333738803863525
400 -0.35768529772758484 0.348353773355484
401 0.39500361680984497 -0.26395532488822937
402 0.11841899156570435 0.07869252562522888
403 0.011343396268785 -0.3826843798160553
404 0.6359018683433533 0.14058588445186615
405 -0.11062068492174149 -0.0527128241956234
406 -0.15532755851745605 -0.06276393681764603
407 -0.09380699694156647 -0.22076551616191864
408 -0.21932044625282288 0.20040607452392578
409 0.07884611189365387 0.14230772852897644
410 -0.4004911482334137 0.4064400792121887
411 -0.07059688121080399 0.15671531856060028
412 0.3004802465438843 0.2506646513938904
413 -0.3096150755882263 -0.16290496289730072
414 -0.27934691309928894 0.14069819450378418
415 0.0397159643471241 -0.07031021267175674
416 -0.45046189427375793 0.17981959879398346
417 -0.03407438099384308 0.21750734746456146
418 -0.08946539461612701 -0.24664908647537231
419 -0.24783946573734283 -0.1683460921049118
420 -0.032488685101270676 -0.05192581191658974
421 0.044979825615882874 -0.009354641661047935
422 -0.11751865595579147 -0.025927310809493065
423 0.13788020610809326 0.04467892646789551
424 0.43647027015686035 -0.39134329557418823
425 0.13754646480083466 0.07760374993085861
426 -0.021055949851870537 0.06702514737844467
427 0.10449233651161194 0.5261058211326599
428 -0.04232190176844597 -0.3332185447216034
429 -0.04346396401524544 -0.29730111360549927
430 0.18558286130428314 0.5471972227096558
431 0.255577027797699 0.10588864237070084
432 1.0 -0.09434252977371216
433 0.08682898432016373 0.3509698212146759
434 0.33370280265808105 0.14076104760169983
435 0.13885484635829926 -0.28442108631134033
436 0.462044894695282 -0.16458089649677277
437 0.5134587287902832 0.07747012376785278
438 0.1039811298251152 -0.2324037253856659
439 0.09102267771959305 -0.10632996261119843
440 0.2240440398454666 0.4086974561214447
441 0.2153097540140152 0.26074743270874023
442 0.028116462752223015 0.32232314348220825
443 -0.07636450976133347 0.03138066083192825
444 -0.032752230763435364 0.031010078266263008
445 0.0350632518529892 0.2638847231864929
446 -0.2938651144504547 0.10646550357341766
447 -0.08500564098358154 0.19996516406536102
448 0.13146261870861053 0.18581317365169525
449 0.08148367702960968 -0.3609277307987213
450 0.23520825803279877 -0.3022639751434326
451 0.3747234046459198 0.03871602937579155
452 0.061946455389261246 -0.16114260256290436
453 -0.22309790551662445 0.030256999656558037
454 0.48041874170303345 -0.063911072909832
455 -0.3678413927555084 0.1895906776189804
456 -0.06093671917915344 -0.19617483019828796
457 0.02315254509449005 -0.1865333616733551
458 -0.04684555530548096 0.0009026492480188608
459 0.3956252336502075 -0.001775887212716043
460 -0.30908915400505066 0.17272479832172394
461 0.434379518032074 -0.5170355439186096
462 -0.053847797214984894 0.18588827550411224
463 -0.357647180557251 -0.023358173668384552
464 -0.12900076806545258 0.3825874924659729
465 -0.12639111280441284 0.127579465508461
466 0.21709181368350983 0.1668204367160797
467 -0.5975729823112488 -0.1138795018196106
468 0.2237783819437027 -0.18271563947200775
469 -0.31257280707359314 0.08359631150960922
470 0.20334555208683014 -0.4970279037952423
471 0.10858527570962906 0.3343433737754822
472 -0.06431252509355545 0.23222123086452484
473 0.2576727271080017 0.12451225519180298
474 -0.012811043299734592 -0.36892274022102356
475 0.20774497091770172 0.5112236142158508
476 -0.048916056752204895 0.2629201412200928
477 0.17613273859024048 -0.019148189574480057
478 0.03985482454299927 0.05340255796909332
479 0.48148882389068604 -0.23683039844036102
480 0.2977331876754761 -0.22186559438705444
481 0.04867216944694519 0.14137421548366547
482 0.0031679701060056686 -0.11081188172101974
483 -0.279150128364563 -0.5363506078720093
484 -0.18218331038951874 0.10631457716226578
485 -0.2641644775867462 0.08921200037002563
486 0.04875291511416435 0.08594539016485214
487 -0.09501723200082779 0.521529495716095
488 -0.09963726252317429 0.4021831452846527
489 -0.4318389892578125 -0.1990441083908081
490 -0.0367218479514122 -0.2579386234283447
491 0.40488317608833313 0.1590171456336975
492 -0.13570331037044525 0.14875558018684387
493 0.528663158416748 -0.12870952486991882
494 0.1907927244901657 -0.4092281460762024
495 -0.19482673704624176 -0.34351229667663574
496 -0.27993202209472656 0.39572301506996155
497 0.15383659303188324 0.34908801317214966
498 -0.2273222655057907 -0.38188454508781433
499 -0.04575633257627487 -0.06486786901950836
