0 -0.4214838445186615 -0.4419006407260895
1 -0.11835483461618423 -0.41792064905166626
2 -0.3086194396018982 0.11449302732944489
3 0.7583396434783936 0.2205083817243576
4 -0.03216498717665672 -0.4268113672733307
5 -0.20735961198806763 0.15300540626049042
6 0.2246120125055313 -0.3084579408168793
7 0.26005029678344727 0.307521253824234
8 0.15056520700454712 0.2570789158344269
9 0.02717866748571396 -0.21532022953033447
10 -0.20128192007541656 0.23801279067993164
11 -0.015098783187568188 0.42177537083625793
12 -0.1951979249715805 -0.532569944858551
13 -0.6663928031921387 -0.11230858415365219
14 -0.07378730922937393 0.0340278223156929
15 0.17892353236675262 0.23058505356311798
16 -0.0744599997997284 0.19191749393939972
17 0.4527515769004822 -0.10287655144929886
18 -0.03858059272170067 0.062718465924263
19 -0.26393118500709534 0.14962291717529297
20 -0.04163312911987305 0.5327074527740479
21 0.3949549198150635 0.08575695008039474
22 -0.2835223376750946 -0.26274389028549194
23 0.13325953483581543 -0.2881697118282318
24 -0.2377983033657074 0.016582004725933075
25 0.4071461856365204 0.3302002251148224
26 0.31929823756217957 0.15434201061725616
27 -0.035585012286901474 0.17348583042621613
28 -0.01747237704694271 -0.10367319732904434
29 0.08193372189998627 -0.08973871171474457
30 0.06799418479204178 0.5320442914962769
31 -0.24757230281829834 -0.8510422706604004
32 0.3707532286643982 -0.1165924221277237
33 0.16753703355789185 -0.169427290558815
34 -0.1620175540447235 0.1608477681875229
35 -0.10889876633882523 0.2805957794189453
36 0.08962089568376541 0.0037517864257097244
37 0.27523720264434814 -0.3948184549808502
38 0.7657817006111145 -0.3464944064617157
39 -0.4607676863670349 0.049300115555524826
40 0.425748735666275 0.3643733561038971
41 -0.06452713906764984 0.25223293900489807
42 0.037399888038635254 0.103517085313797
43 -0.19731980562210083 -0.0761309415102005
44 0.173944890499115 -0.24400587379932404
45 0.11650094389915466 -0.002502983435988426
46 -0.08986832201480865 -0.014762027189135551
47 -0.6449816226959229 -0.27457350492477417
48 0.07074344158172607 -0.41526544094085693
49 0.4960635006427765 -0.25485435128211975
50 -0.11743823438882828 0.1159023866057396
51 0.31765973567962646 0.36307406425476074
52 -0.029063120484352112 -0.14450567960739136
53 0.3825833201408386 -0.07642176747322083
54 -0.38147440552711487 0.253587007522583
55 -0.15081223845481873 0.6189951300621033
56 -0.2183174043893814 0.3221970796585083
57 0.6261540055274963 -0.1522737294435501
58 -0.24320922791957855 -0.032392602413892746
59 0.004922669380903244 0.16196410357952118
60 -0.22208181023597717 0.40300294756889343
61 -0.33783724904060364 -0.04857128858566284
62 0.29504069685935974 -0.5303488969802856
63 -0.09697225689888 -0.06362200528383255
64 -0.6017993092536926 -0.5170964598655701
65 0.22136911749839783 0.09687402844429016
66 -0.1459098756313324 -0.2695145905017853
67 0.30798065662384033 0.3172116279602051
68 0.03613319620490074 0.3885074257850647
69 -0.26715466380119324 0.1072835773229599
70 0.19568200409412384 0.07673020660877228
71 -0.6777471899986267 0.041810810565948486
72 0.15106695890426636 -0.10032686591148376
73 0.3740973174571991 -0.42389532923698425
74 0.2689109742641449 -0.0993146225810051
75 0.02676152065396309 0.17746160924434662
76 0.029689552262425423 0.19901566207408905
77 -0.07519540935754776 -0.08933018147945404
78 0.26737430691719055 0.0912790521979332
79 -0.2838590741157532 -0.017486972734332085
80 0.0027536440175026655 0.012810244224965572
81 0.25458085536956787 0.14111681282520294
82 -0.41053488850593567 -0.03667912632226944
83 0.2903957962989807 -0.13426239788532257
84 0.09794076532125473 -0.38415205478668213
85 0.036088310182094574 -0.7343321442604065
86 0.47242647409439087 0.3069131672382355
87 -0.3295009136199951 0.524704098701477
88 0.5326492786407471 -0.3047664165496826
89 -0.0638570785522461 0.13226456940174103
90 -0.6216523051261902 0.40431463718414307
91 0.08565401285886765 0.1516088843345642
92 0.3315419852733612 -0.2091377228498459
93 -0.1295054405927658 -0.08726058900356293
94 0.08376341313123703 0.35444799065589905
95 0.049502816051244736 -0.1599707305431366
96 -0.19821347296237946 -0.2221752554178238
97 -0.36485618352890015 -0.05341499671339989
98 -0.5546729564666748 0.16639478504657745
99 -0.2747499942779541 -0.18486431241035461
328 0.11479965597391129 0.242706760764122
303 -0.12434341758489609 0.041540175676345825
491 -0.47844740748405457 -0.058179520070552826
256 -0.20140406489372253 -0.2342296838760376
479 -0.6989747285842896 -0.17854654788970947
349 -0.14510615170001984 -0.19243505597114563
170 0.09410414099693298 -0.12073643505573273
301 0.19304612278938293 -0.032106440514326096
410 -0.44775402545928955 0.2060849666595459
281 -0.14267483353614807 0.19491268694400787
468 -0.18531861901283264 0.23552045226097107
441 -0.1504092514514923 0.33190152049064636
247 0.1322062909603119 0.2810267508029938
127 -0.09013807773590088 0.3112921416759491
293 -0.20164047181606293 0.11573448032140732
165 0.21664750576019287 0.2197144627571106
371 0.4456290602684021 -0.03683057799935341
110 0.2383972406387329 -0.17023798823356628
112 0.2587977647781372 0.06068837642669678
449 -0.0690860003232956 -0.17050066590309143
439 0.0062505993992090225 0.06241786852478981
278 0.2690347731113434 -0.07045524567365646
200 0.048958804458379745 -0.1803847998380661
180 0.09852670133113861 -0.08849122375249863
204 -0.36564186215400696 -0.008005881682038307
482 -0.04913149029016495 -0.026680363342165947
201 -0.4078342616558075 -0.1031600758433342
435 -0.06411504000425339 -0.23025548458099365
370 -0.15370631217956543 0.27822449803352356
175 -0.1796519160270691 -0.06598654389381409
292 0.30160483717918396 0.09539157897233963
261 0.06445025652647018 0.04514468088746071
347 -0.3687020242214203 -0.2769467234611511
373 -0.09805270284414291 0.05629413574934006
472 0.09866805374622345 0.28156527876853943
391 0.09657694399356842 -0.17307992279529572
285 -0.09688824415206909 0.06505309790372849
445 0.03243660926818848 0.30668753385543823
429 -0.11106905341148376 -0.18579991161823273
466 0.05753679201006889 0.24268655478954315
152 0.03124520555138588 0.218025803565979
457 0.06188911199569702 -0.11348401755094528
398 -0.09114862233400345 0.4402350187301636
225 0.08967851847410202 -0.04363534227013588
166 -0.0347956083714962 0.05414365604519844
295 0.1428898721933365 0.5424162745475769
362 0.10611027479171753 0.44964489340782166
321 -0.20072990655899048 0.06848859041929245
259 0.038335032761096954 0.2677159607410431
422 -0.09977731108665466 -0.1305079162120819
423 -0.10718661546707153 -0.15777432918548584
382 0.19468353688716888 -0.3256731331348419
353 0.12371084094047546 0.16604962944984436
458 0.14412683248519897 -0.19698156416416168
216 0.16884684562683105 -0.1123075932264328
308 0.05790652707219124 0.3186326324939728
286 -0.22502756118774414 0.23891140520572662
320 0.04303382337093353 0.12797118723392487
442 0.047018490731716156 -0.02090940997004509
190 0.4262704849243164 0.23643727600574493
147 0.015375892631709576 -0.33833643794059753
337 -0.0670994222164154 0.1867871880531311
234 -0.3801460266113281 0.48186013102531433
433 -0.12122887372970581 0.36145979166030884
215 0.1827232837677002 -0.1458674520254135
231 0.08763854950666428 0.07625797390937805
473 -0.36577117443084717 0.05883190780878067
244 0.24092359840869904 0.40144795179367065
343 0.1706245243549347 0.2942810356616974
336 -0.09379202872514725 -0.06774978339672089
354 -0.16841982305049896 0.18816888332366943
262 -0.15043602883815765 -0.2242760807275772
299 0.36468997597694397 -0.11501339077949524
495 0.28694140911102295 -0.13957026600837708
342 0.3602280020713806 -0.01677175611257553
114 -0.0018389086471870542 -0.12934614717960358
443 -0.07330727577209473 -0.2769528031349182
485 0.08171499520540237 -0.12978875637054443
469 -0.08628680557012558 -0.3047332763671875
130 0.09348726272583008 -0.010192850604653358
496 0.4266963005065918 -0.27716317772865295
348 0.0018510905792936683 0.046010907739400864
380 -0.012373893521726131 0.1231464147567749
144 0.04469604045152664 -0.061481840908527374
153 0.6378682255744934 -0.22217535972595215
460 0.5000113844871521 -0.03037184476852417
317 0.3760373890399933 0.306196391582489
188 -0.10058192163705826 -0.19937080144882202
420 0.0331452414393425 0.03941142559051514
177 -0.24156522750854492 0.11320822685956955
341 0.2893701195716858 -0.031021159142255783
456 0.1342054307460785 -0.027101460844278336
105 -0.09446816891431808 0.12834015488624573
425 0.16864338517189026 0.05241954326629639
149 0.2084144502878189 -0.003160802647471428
447 -0.10357628762722015 0.10214788466691971
361 0.4896170198917389 -0.16851124167442322
100 0.001718297484330833 -0.20293524861335754
260 0.0674995630979538 0.07342849671840668
172 -0.3719211518764496 0.10269508510828018
314 -0.12030810117721558 0.0752277821302414
226 -0.41161873936653137 0.1493852138519287
290 0.4926604926586151 -0.3193676471710205
409 -0.05390435457229614 0.16742266714572906
164 0.1969357579946518 -0.3804672658443451
186 -0.0042297313921153545 -0.2641562223434448
128 0.04311338812112808 -0.4057615101337433
266 -0.1884906142950058 -0.34085312485694885
120 0.23408935964107513 -0.003766602138057351
273 -0.06528378278017044 0.04750686138868332
213 -0.026872145012021065 -0.05334629490971565
403 0.4090467691421509 0.1412166804075241
344 0.022725600749254227 -0.0788048505783081
421 -0.1481042504310608 0.2684542238712311
470 -0.08551682531833649 -0.4960348606109619
143 0.2837642729282379 -0.055363979190588
151 -0.3116234540939331 0.08368713408708572
444 0.09949126094579697 0.11081740260124207
438 0.1799284815788269 -0.06022382155060768
418 -0.05218523368239403 -0.030681878328323364
302 -0.33950841426849365 -0.14066466689109802
364 0.1256159245967865 0.2163296788930893
140 -0.05363618955016136 -0.1728505641222
218 0.3532527685165405 0.13777954876422882
194 0.037257544696331024 0.012044325470924377
265 0.16311897337436676 0.4364188313484192
365 0.12903957068920135 0.24272914230823517
372 -0.11349455267190933 -0.11864324659109116
202 0.12335053831338882 -0.1265292912721634
189 0.030601542443037033 0.07697582244873047
492 -0.17471371591091156 -0.11882449686527252
219 -0.21758951246738434 -0.1708616316318512
407 -0.32234084606170654 -0.018613463267683983
197 -0.6382781267166138 -0.05270746350288391
367 -0.24018314480781555 -0.15980841219425201
162 -0.25162166357040405 -0.13025648891925812
356 -0.15651756525039673 -0.36560940742492676
387 -0.21953794360160828 -0.06583668291568756
210 -0.3584705889225006 -0.23943758010864258
459 -0.38248416781425476 0.22035011649131775
272 -0.27718448638916016 0.3277571499347687
490 -0.2147761583328247 -0.2773228585720062
499 0.12783005833625793 -0.10920451581478119
235 -0.04608564451336861 -0.11544919013977051
359 0.006049434654414654 -0.05416088551282883
258 0.17422924935817719 0.13286608457565308
351 -0.16275855898857117 0.0035210996866226196
289 0.1657629758119583 0.16873963177204132
405 0.2011774480342865 -0.08107868582010269
477 0.21642592549324036 0.0030747614800930023
174 0.1867646872997284 -0.07073158770799637
171 -0.28292614221572876 0.065097875893116
223 -0.17896507680416107 0.07957494258880615
395 0.33851349353790283 0.2188124656677246
375 -0.17424005270004272 -0.1750328093767166
106 -0.37103071808815 -0.11357856541872025
386 -0.1952463686466217 0.37933605909347534
465 -0.04511153697967529 0.002527017844840884
108 -0.3082678020000458 0.032650288194417953
471 -0.23035864531993866 0.2941564619541168
145 0.14273348450660706 0.20827287435531616
400 0.36181923747062683 0.0408560149371624
245 0.24573881924152374 0.02013668604195118
452 -0.1112467348575592 -0.4378316402435303
135 0.41064897179603577 -0.11116639524698257
462 0.11640052497386932 -0.06918290257453918
412 -0.19280803203582764 0.11264511942863464
338 -0.1460677534341812 -0.011458279564976692
122 -0.1113869845867157 -0.564699649810791
426 -0.0198422372341156 0.23881252110004425
392 0.3017604649066925 0.2391555905342102
463 0.4491519033908844 0.030703827738761902
284 -0.32157081365585327 0.0600217767059803
480 -0.5123549103736877 0.04678747430443764
239 0.3331427276134491 0.374225378036499
329 0.162050262093544 0.02624560333788395
159 -0.4745389223098755 -0.42174431681632996
478 0.15126241743564606 0.3645782470703125
377 -0.29363957047462463 0.18063996732234955
363 -0.08512991666793823 0.2406148761510849
169 0.15821649134159088 -0.5001515746116638
296 -0.42763346433639526 -0.20879921317100525
230 -0.23808440566062927 0.07118165493011475
481 0.21307021379470825 -0.2155277580022812
168 0.20859256386756897 -0.11183854192495346
161 0.0755193829536438 -0.23074935376644135
280 -0.05429966002702713 0.09971152245998383
176 -0.03547559678554535 0.21787117421627045
138 -0.34279492497444153 0.22657932341098785
404 -0.5670816898345947 0.09645786881446838
246 -0.18476280570030212 0.2778729796409607
131 -0.1947994828224182 0.5835668444633484
417 -0.08187121897935867 -0.045306555926799774
406 0.15304327011108398 0.12309527397155762
214 0.4504014849662781 -0.3774624466896057
129 -0.09435634315013885 -0.2493971586227417
229 -0.41441577672958374 0.5531240105628967
270 0.07568663358688354 0.20959696173667908
408 0.16873732209205627 -0.350803941488266
132 0.09659747034311295 0.25796622037887573
312 -0.054992709308862686 0.44459426403045654
309 -0.33346089720726013 -0.090969018638134
324 0.16641180217266083 -0.4695301353931427
346 -0.25857973098754883 0.005144027527421713
316 0.10100609064102173 0.03629583865404129
414 0.23310120403766632 -0.07704786956310272
134 -0.003175289137288928 0.3502814769744873
450 0.04263555258512497 -0.3106742203235626
163 -0.3056347370147705 0.02191249094903469
413 0.009865093044936657 -0.5077501535415649
263 0.15061260759830475 -0.7441357374191284
307 0.22582469880580902 -0.03699294850230217
217 0.4925549328327179 -0.09813237935304642
250 0.10739672183990479 -0.4820045828819275
340 0.06395958364009857 0.2743799686431885
279 -0.33320316672325134 0.3411923944950104
318 -0.26200562715530396 -0.11168621480464935
195 0.0793514996767044 0.5665358901023865
390 0.42857491970062256 -0.06555699557065964
325 -0.09035230427980423 0.33707836270332336
236 -0.20386113226413727 -0.013256802223622799
327 -0.2049374133348465 -0.40309572219848633
251 0.102757528424263 0.1855163276195526
113 0.06947224587202072 0.11103064566850662
187 0.30692258477211 -0.23014064133167267
264 -0.2583664059638977 -0.27923065423965454
241 0.31132200360298157 -0.030430229380726814
222 0.26735249161720276 -0.2664491534233093
388 0.27240246534347534 0.2009071409702301
310 -0.022249631583690643 -0.19722998142242432
137 0.3396439850330353 -0.1352066993713379
323 -0.23696191608905792 -0.08369608223438263
451 -0.47761937975883484 0.012459056451916695
489 0.4768297076225281 0.06042410805821419
208 0.23412548005580902 -0.11836855113506317
334 0.10862862318754196 0.32765740156173706
401 -0.2904834747314453 0.24398013949394226
389 0.13868451118469238 -0.31752100586891174
383 -0.11353368312120438 0.4801776111125946
157 -0.035655029118061066 -0.38696253299713135
267 -0.08536779135465622 -0.37416717410087585
304 -0.2615922689437866 0.24335843324661255
115 -0.5363562107086182 0.3952602446079254
206 -0.5413992404937744 -0.10755744576454163
305 0.04159581661224365 -0.2592756450176239
399 -0.3621836304664612 -0.3391522765159607
253 -0.19508075714111328 0.19238851964473724
369 0.07918205112218857 -0.2871035039424896
156 0.20373772084712982 0.43035587668418884
355 -0.48965761065483093 0.14935941994190216
178 -0.23083363473415375 -0.3309172987937927
183 0.00840799231082201 -0.12881189584732056
146 -0.0081707201898098 -0.3333683907985687
330 0.4550824761390686 -0.21274657547473907
191 -0.14723379909992218 -0.3479902446269989
255 -0.11502557247877121 -0.25567054748535156
101 0.300653874874115 0.49384036660194397
185 0.404143750667572 0.47271519899368286
315 0.3392218053340912 0.23414303362369537
333 0.12513479590415955 -0.1731804609298706
167 -0.021763237193226814 -0.2291819006204605
381 0.009860703721642494 -0.154813751578331
274 0.18512068688869476 0.09966970980167389
350 0.14923398196697235 0.0941886454820633
374 0.20745405554771423 -0.01846311055123806
104 0.13227993249893188 0.08009316772222519
474 0.16252480447292328 -0.21138571202754974
396 0.42585915327072144 0.30871936678886414
384 -0.36671340465545654 0.16756336390972137
198 0.35128939151763916 -0.088450126349926
242 -0.2655305862426758 0.16363050043582916
233 0.05392449349164963 0.49493497610092163
376 -0.003306216560304165 0.29313868284225464
184 0.5268537998199463 -0.38690635561943054
211 0.2910398840904236 -0.3486623466014862
224 -0.5241619348526001 -0.06423060595989227
291 0.25091469287872314 0.2440691441297531
335 -0.1834074854850769 -0.30259206891059875
109 0.556587815284729 -0.1702621877193451
455 0.3493574261665344 0.2889869809150696
111 -0.35149210691452026 0.6087433099746704
179 0.3042508363723755 0.015377319417893887
448 -0.25703442096710205 0.013457747176289558
276 -0.06822646409273148 -0.3421008288860321
476 -0.11440687626600266 0.20588555932044983
378 -0.040107108652591705 0.19284583628177643
487 -0.26532480120658875 0.44565507769584656
483 -0.5211440324783325 -0.38155874609947205
300 -0.2065458446741104 -0.14949309825897217
155 0.42007946968078613 0.08966699242591858
488 0.44710811972618103 0.24386458098888397
326 0.24827857315540314 0.46379250288009644
117 -0.1285587102174759 0.2684542238712311
484 -0.2911047041416168 -0.1010802760720253
205 0.20048703253269196 0.1792634129524231
494 -0.3168858587741852 -0.12508925795555115
379 0.41228944063186646 -0.21278069913387299
402 -0.17621231079101562 -0.12488172203302383
243 0.07988376915454865 -0.19183841347694397
294 0.7771556973457336 -0.0462026372551918
416 0.35751309990882874 -0.23689547181129456
203 -0.030004030093550682 0.08592815697193146
352 0.035500288009643555 0.3373531401157379
454 -0.1506832391023636 0.4764968454837799
269 -0.47169017791748047 -0.23584602773189545
419 0.3349679410457611 -0.2765244245529175
306 0.226869598031044 -0.4168068766593933
298 -0.505532443523407 -0.0873979851603508
238 0.2850249111652374 -0.28822439908981323
486 0.36547860503196716 -0.35668331384658813
160 0.520030677318573 0.20416857302188873
268 -0.05954202264547348 0.49205514788627625
252 0.2557111382484436 -0.2180165797472
368 -0.128666490316391 -0.012764479964971542
297 0.23771823942661285 0.3116666078567505
397 -0.3695678114891052 0.28485941886901855
428 0.026284674182534218 -0.24854548275470734
126 -0.2969987392425537 -0.2858659625053406
311 -0.5615429878234863 0.27349552512168884
393 -0.25308606028556824 -0.20036087930202484
440 0.4657849371433258 0.017411576583981514
196 0.1365322768688202 0.4688051640987396
141 0.7356559634208679 0.031134361401200294
121 -0.3776988983154297 0.03362680971622467
431 -0.1172858476638794 0.1727546900510788
123 -0.12343224883079529 -0.3382073640823364
436 0.108768992125988 0.5661576986312866
124 -0.4229690134525299 0.12947416305541992
228 -0.4978786110877991 0.23693180084228516
142 -0.28696832060813904 -0.479164183139801
220 -0.10144704580307007 0.37192410230636597
103 0.029095714911818504 0.41739988327026367
102 -0.3503613770008087 -0.4501519203186035
434 -0.29565325379371643 0.3816143870353699
283 -0.10947169363498688 -0.2876947224140167
254 -0.40688735246658325 -0.13420692086219788
411 0.22450566291809082 0.06378640234470367
209 -0.34384360909461975 -0.17620764672756195
497 -0.23729193210601807 0.3802546262741089
339 -0.025571871548891068 -0.49912357330322266
193 0.11342333257198334 -0.4142478108406067
207 -0.1958947479724884 -0.4187922477722168
118 0.5112436413764954 0.16131868958473206
475 0.1696939766407013 0.525370717048645
116 -0.33621135354042053 0.44328969717025757
498 0.5085682272911072 0.10302267223596573
107 0.4003446698188782 0.5602311491966248
154 -0.43854981660842896 -0.2577275037765503
173 0.2580268979072571 -0.01815609633922577
366 -0.31002506613731384 0.5076979398727417
415 -0.10018479824066162 -0.16144369542598724
446 0.30553069710731506 0.06517183780670166
288 0.29168498516082764 0.30351465940475464
248 -0.27559924125671387 0.5293199419975281
158 0.5816004276275635 -0.011393090710043907
221 0.02304243855178356 0.44560831785202026
394 0.03661113977432251 -0.08286046981811523
282 0.19235318899154663 0.15532906353473663
232 -0.3076300621032715 0.2865903377532959
249 -0.3608514666557312 0.37133631110191345
125 -0.36696478724479675 -0.6062677502632141
119 0.6867771744728088 -0.0920877754688263
181 0.3978380560874939 0.2228574901819229
212 -0.4989885091781616 -0.173269122838974
240 -0.04410379379987717 0.38302648067474365
136 0.22283576428890228 0.3133784234523773
139 0.3407782316207886 -0.3412962853908539
199 0.073641836643219 -0.3488818407058716
430 -0.561994731426239 0.1439157873392105
464 0.4526093602180481 0.11701357364654541
332 -0.05297151207923889 -0.3318350613117218
227 -0.30622225999832153 -0.3702772557735443
313 -0.027261359617114067 0.3078930974006653
133 0.32661139965057373 -0.5064396858215332
453 0.35468044877052307 0.07780736684799194
271 0.25966453552246094 0.3862510621547699
461 -0.4760003983974457 0.4784788489341736
322 0.4291057586669922 -0.3199222683906555
148 -0.5188273191452026 0.47246935963630676
275 0.3723596930503845 -0.26445645093917847
385 -0.44444549083709717 0.36039844155311584
192 0.017018025740981102 -0.3848053216934204
237 0.1057363748550415 -0.29702216386795044
357 0.5450593829154968 0.09400833398103714
493 -0.21169613301753998 -0.6450443863868713
437 -0.09704885631799698 0.5747387409210205
257 -0.04036232456564903 -0.25756388902664185
467 0.2517426013946533 -0.6302342414855957
424 -0.24211817979812622 -0.5510643124580383
150 0.7392904758453369 0.29101037979125977
358 0.2105480283498764 -1.0
182 0.2391589879989624 0.5200365781784058
427 -0.03205743804574013 -0.33711567521095276
319 0.058651816099882126 -0.46945902705192566
277 -0.41124144196510315 -0.07437324523925781
287 0.22688661515712738 -0.33298859000205994
360 -0.5198215842247009 -0.3793306052684784
345 -0.04266990348696709 -0.822542667388916
331 -0.3996189832687378 0.06492611765861511
432 -0.7312636971473694 -0.838297426700592
