0 -0.837662354944716 0.22170723606483708
1 -0.23251823858734152 -0.3235194059812222
2 -0.4854599132098798 -0.8217646764655381
3 0.15014368679170667 0.6442755088403572
4 -0.010752411030415588 0.45067260937299747
5 0.2701738731608815 0.8326403889818372
6 -0.7024347644155369 -0.5855798649580759
7 -0.39205277721287884 -0.8298991516085632
8 -0.5525365671057759 -0.3024226880603157
9 0.695424193422367 -0.531899186993822
10 -0.023469179476822786 0.7451921158772817
11 0.9569084296100703 0.2623242685143855
12 -0.7053196960974842 -0.30595083802640005
13 0.7139428855764107 0.8040916686181527
14 0.17781606731203478 -0.11455650430236816
15 0.8780980957504602 -0.4236525132352985
16 -0.6727196624229445 -0.03666454175446888
17 -0.2792037251052008 -0.6790414537728445
18 0.05150589548963909 0.6333867006492376
19 0.3319767055206084 -0.4000005007043471
20 -0.27987351134113614 0.27901631530788235
21 0.393441200490759 0.5503924230646832
22 -0.8051379540330114 0.4323253682353422
23 0.2848602384467254 0.25257910629979735
24 -0.11966244314015395 0.28674808043009864
25 0.46848837024315937 -0.2988827297209175
26 0.6318708943815274 -0.832122500144342
27 0.04947223833266276 -0.5678621008837155
28 -0.08601678265509996 0.5912994562743821
29 -0.21361025284443375 -0.15362303988502052
30 -0.20755369658650832 0.9458633246873438
31 -0.05970116744684721 -0.7961704495536353
32 0.7747229995250083 -0.01649731689703489
33 -0.7859663249059694 -0.116462911339398
34 -0.23644588598602664 -0.03933040015266225
35 -0.5637511796533032 0.03000928791037727
36 0.720052500270278 0.4147963195883698
37 -0.4060505719268991 -0.9274265862853653
38 -0.17060763853491898 0.78172299606289
39 0.15631647644633062 -0.37772550629784
40 0.2944016715417736 -0.19000603716465214
41 0.004579090549713174 0.7302348990282997
42 0.5395489152325742 -0.016973161589984156
43 -0.16313747176293167 -0.3948928290286702
44 0.44056324595278523 0.35857015187143376
45 -0.6824121468262758 -0.3859275877876525
46 0.5108104446102979 -0.3670958048608893
47 -0.7765126463547605 0.0784909882580206
48 -0.38260131241751133 0.9918008903926869
49 0.3057356239424012 -0.33256401634663524
50 0.13270700247895634 0.25640367594157293
51 -0.11507484871035122 0.7615517180061376
52 0.3950524769700403 -0.22097858196475162
53 0.7598709022433071 -0.5840217489656978
54 -0.6982009445978411 -0.49206368624722896
55 -0.41094836802562973 0.5845906020671925
56 0.8696786099816503 -0.14325800971685512
57 0.07458382090514577 -0.8582913650161885
58 -0.5123347871337655 0.8027239357611822
59 0.2881255986186705 0.05430218334186774
60 -0.23860838825311292 0.4201442915369738
61 -0.600774519900417 0.2780863973344624
62 0.13313890771185416 -0.01959312964492695
63 -0.9063837094162207 0.4478418240078219
64 0.6377344171702516 -0.6922586190415193
65 0.06045272203853163 -0.04403061895713875
66 -0.02898653684796031 0.8203719698945449
67 -0.7379606790304911 0.508401003833895
68 0.4525436967439099 0.8870524376288147
69 0.02543205306940852 0.2491879249232968
70 -0.5413918452182883 0.10446002117601143
71 -0.5746947170357734 -0.04385112577877771
72 -0.6756597644398071 -0.6958517695013839
73 0.818720133402173 -0.3979086007330517
74 0.7219877130602392 0.22788992028525792
75 0.018430614754088054 0.15288313339703427
76 0.3417885720905109 -0.7944203451191255
77 0.21640845482559842 -0.7965332279786761
78 0.6328314593186 0.3977643228305233
79 -0.8342352324843133 0.670358117292012
80 -0.21545630171246863 0.08148028226519013
81 0.9131237096634056 -0.17658990353137027
82 0.5634087448845405 0.5083213107015575
83 -0.24485475277174104 -0.7201916910721352
84 0.14926346476399857 0.0519121052254245
85 0.3659916740667946 -0.01689861714082483
86 0.6724057120098907 -0.30855034792568314
87 0.8117492077780748 0.21083708644552865
88 -0.783408727698274 -0.034464422668265056
89 0.5996722831238532 0.6433160879651504
90 0.8551110375086228 0.008282805458309398
91 -0.6711954578514593 0.7683915676857136
92 -0.5320601333052387 -0.6989989312858829
93 -0.3276504020534692 -0.6158792672784896
94 -1.0 -0.2795347092526667
95 0.8659335320559782 0.45880215086850484
96 -0.8387351860604519 -0.5607526540073575
97 -0.5904374966520654 0.4757114986182871
98 0.27753072624252884 -0.9139197763852897
99 0.45769208514313303 -0.8718530258079917
