# Relevant parameters to reproduce this network:
# node_nr=2000	 k_max=200
# initial_seed=10	 delta_t=0.1	 max_steps=5000	 in_between=0
# fg_m=1	 fg_alpha=5	 fg_t_min=0	 fg_t_max=4	 fg_t_number=8000	 fg_weff_lower_frequency=-1e+08	 fg_weff_max_steps=5000	 fg_weff_in_between=0
# K Giant_component <r> sigma_r*sqrt(NODE_NR) clustering
0 0.001 0.0197076 0.0112855 0
0.0005 0.001 0.0192557 0.0106339 0
0.001 0.001 0.0211108 0.0121345 0
0.0015 0.001 0.0199889 0.00952832 0
0.002 0.001 0.0186913 0.0106322 0
0.0025 0.001 0.019923 0.0113166 0
0.003 0.001 0.0189957 0.0103383 0
0.0035 0.001 0.0188196 0.00966901 0
0.004 0.001 0.0198637 0.0103317 0
0.0045 0.001 0.0203604 0.0100326 0
0.005 0.001 0.0188552 0.0109775 0
0.0055 0.001 0.0189461 0.00944123 0
0.006 0.001 0.0197883 0.00929358 0
0.0065 0.001 0.0182813 0.00952045 0
0.007 0.001 0.0203939 0.0101858 0
0.0075 0.001 0.0195148 0.0100479 0
0.008 0.001 0.0215365 0.0103953 0
0.0085 0.001 0.0205135 0.00933172 0
0.009 0.001 0.0215244 0.0117476 0
0.0095 0.001 0.0193269 0.00941426 0
0.01 0.001 0.0201717 0.0108604 0
0.0105 0.001 0.0216599 0.0112979 0
0.011 0.001 0.0191002 0.0108142 0
0.0115 0.001 0.0196147 0.0108018 0
0.012 0.001 0.0203413 0.0106357 0
0.0125 0.001 0.02013 0.0113809 0
0.013 0.001 0.0191632 0.010618 0
0.0135 0.001 0.0195972 0.00954253 0
0.014 0.001 0.0200327 0.0101426 0
0.0145 0.001 0.0181252 0.00922202 0
0.015 0.001 0.0202652 0.0116257 0
0.0155 0.001 0.0223349 0.0114645 0
0.016 0.001 0.0182654 0.0096987 0
0.0165 0.001 0.0197925 0.00979819 0
0.017 0.001 0.0207948 0.0116335 0
0.0175 0.001 0.0183328 0.00901077 0
0.018 0.001 0.0201245 0.0109166 0
0.0185 0.001 0.0216513 0.0116276 0
0.019 0.001 0.0204628 0.0110464 0
0.0195 0.001 0.0196083 0.0100203 0
0.02 0.001 0.0199053 0.00985747 0
0.0205 0.001 0.0200438 0.0106646 0
0.021 0.001 0.0206588 0.0112361 0
0.0215 0.001 0.0206254 0.0102401 0
0.022 0.001 0.01921 0.0090895 0
0.0225 0.001 0.0212175 0.0104255 0
0.023 0.001 0.020663 0.0109213 0
0.0235 0.001 0.0205947 0.0105817 0
0.024 0.001 0.0207065 0.0106017 0
0.0245 0.001 0.0202645 0.0121241 0
0.025 0.001 0.0177977 0.0103245 0
0.0255 0.001 0.0190144 0.0100835 0
0.026 0.001 0.0212694 0.0110118 0
0.0265 0.001 0.0207253 0.0111622 0
0.027 0.001 0.0193228 0.00966519 0
0.0275 0.001 0.0204623 0.0108137 0
0.028 0.001 0.0222566 0.0121388 0
0.0285 0.001 0.0219962 0.0118413 0
0.029 0.001 0.0198658 0.0100444 0
0.0295 0.001 0.0195065 0.00962454 0
0.03 0.001 0.0184232 0.00961471 0
0.0305 0.001 0.0208488 0.0108773 0
0.031 0.001 0.0193689 0.0103895 0
0.0315 0.001 0.020156 0.0110607 0
0.032 0.001 0.0206047 0.0110253 0
0.0325 0.001 0.0186562 0.0102069 0
0.033 0.001 0.0192157 0.00988191 0
0.0335 0.001 0.0200414 0.0095532 0
0.034 0.001 0.0196473 0.0107146 0
0.0345 0.001 0.0206592 0.0117787 0
0.035 0.001 0.0196179 0.0111465 0
0.0355 0.001 0.0191487 0.00993825 0
0.036 0.001 0.0209315 0.010898 0
0.0365 0.001 0.0229156 0.0116255 0
0.037 0.001 0.0212873 0.0111222 0
0.0375 0.001 0.0197644 0.0110816 0
0.038 0.001 0.0213573 0.00924957 0
0.0385 0.001 0.0205362 0.0107396 0
0.039 0.001 0.0191561 0.00940469 0
0.0395 0.001 0.0193931 0.0101526 0
0.04 0.001 0.0211445 0.0106855 0
0.0405 0.001 0.0204691 0.0116041 0
0.041 0.001 0.0184497 0.00975076 0
0.0415 0.001 0.0205291 0.0113215 0
0.042 0.001 0.0212893 0.0105049 0
0.0425 0.001 0.0212416 0.0110233 0
0.043 0.001 0.0208573 0.0109115 0
0.0435 0.001 0.0217829 0.0114473 0
0.044 0.001 0.0212643 0.0114527 0
0.0445 0.001 0.0211781 0.0106908 0
0.045 0.001 0.0195268 0.0098168 0
0.0455 0.001 0.0208027 0.0111546 0
0.046 0.001 0.0208437 0.0100863 0
0.0465 0.001 0.0210499 0.0119669 0
0.047 0.001 0.020968 0.0113648 0
0.0475 0.001 0.0225816 0.0116347 0
0.048 0.001 0.021661 0.0118666 0
0.0485 0.001 0.0218641 0.00872934 0
0.049 0.001 0.0205326 0.0114338 0
0.0495 0.001 0.0200415 0.0099516 0
0.05 0.001 0.0174183 0.00855251 0
0.0505 0.001 0.0197915 0.00993516 0
0.051 0.001 0.0181041 0.0099001 0
0.0515 0.001 0.0197701 0.0102598 0
0.052 0.001 0.0216946 0.0117252 0
0.0525 0.001 0.0199045 0.012059 0
0.053 0.001 0.0203067 0.0108679 0
0.0535 0.001 0.021825 0.011262 0
0.054 0.001 0.019195 0.00985389 0
0.0545 0.001 0.0225664 0.0111748 0
0.055 0.001 0.0217464 0.00982291 0
0.0555 0.001 0.0200405 0.0108219 0
0.056 0.001 0.0199851 0.00880129 0
0.0565 0.001 0.0202843 0.0100417 0
0.057 0.001 0.0197146 0.010337 0
0.0575 0.001 0.0208373 0.0104136 0
0.058 0.001 0.0207217 0.0123714 0
0.0585 0.001 0.0224314 0.0112718 0
0.059 0.001 0.021115 0.0108052 0
0.0595 0.001 0.0214341 0.0109206 0
0.06 0.001 0.0222084 0.0107779 0
0.0605 0.001 0.0209286 0.0110528 0
0.061 0.001 0.0203384 0.0113349 0
0.0615 0.001 0.0195724 0.0097692 0
0.062 0.001 0.0218508 0.0109743 0
0.0625 0.001 0.0218613 0.0108476 0
0.063 0.001 0.0208752 0.011003 0
0.0635 0.001 0.0186158 0.00992768 0
0.064 0.001 0.0226255 0.0116962 0
0.0645 0.001 0.0199802 0.0102601 0
0.065 0.001 0.0198277 0.0102879 0
0.0655 0.001 0.0204569 0.0106496 0
0.066 0.001 0.0212464 0.0128029 0
0.0665 0.001 0.0206379 0.0100213 0
0.067 0.001 0.0193347 0.0113668 0
0.0675 0.001 0.0222278 0.0114852 0
0.068 0.001 0.0199113 0.0114094 0
0.0685 0.001 0.0217146 0.0109595 0
0.069 0.001 0.0200328 0.0108618 0
0.0695 0.001 0.0192828 0.0101215 0
0.07 0.001 0.0196577 0.0109302 0
0.0705 0.001 0.0207924 0.0113404 0
0.071 0.001 0.0209616 0.0110365 0
0.0715 0.001 0.0202355 0.0119026 0
0.072 0.001 0.0174028 0.00908931 0
0.0725 0.001 0.0206015 0.0108405 0
0.073 0.001 0.0198496 0.0105885 0
0.0735 0.001 0.0210402 0.0119093 0
0.074 0.001 0.020442 0.00983268 0
0.0745 0.001 0.0205584 0.0107119 0
0.075 0.001 0.0208611 0.012302 0
0.0755 0.001 0.0201983 0.0112171 0
0.076 0.001 0.0199853 0.0101422 0
0.0765 0.001 0.0213378 0.0123632 0
0.077 0.001 0.02105 0.00981484 0
0.0775 0.001 0.0199364 0.00902868 0
0.078 0.001 0.0218749 0.0122894 0
0.0785 0.001 0.0208117 0.0115338 0
0.079 0.001 0.0187585 0.0100289 0
0.0795 0.001 0.0215821 0.0115207 0
0.08 0.001 0.0213138 0.00989941 0
0.0805 0.001 0.0210461 0.0133766 0
0.081 0.001 0.0196675 0.00964395 0
0.0815 0.001 0.0223855 0.0126982 0
0.082 0.001 0.0217796 0.0114981 0
0.0825 0.001 0.0226181 0.0117692 0
0.083 0.001 0.0232907 0.0110753 0
0.0835 0.001 0.0221457 0.0108951 0
0.084 0.001 0.0205931 0.0095183 0
0.0845 0.001 0.0207322 0.0102905 0
0.085 0.001 0.0190323 0.010112 0
0.0855 0.001 0.0198066 0.0105644 0
0.086 0.001 0.0219624 0.012351 0
0.0865 0.001 0.0207197 0.0109685 0
0.087 0.001 0.0226347 0.0110211 0
0.0875 0.001 0.0222178 0.0104619 0
0.088 0.001 0.0184164 0.0102311 0
0.0885 0.001 0.0195731 0.0101178 0
0.089 0.001 0.0228475 0.011519 0
0.0895 0.001 0.0218968 0.0119198 0
0.09 0.001 0.0211977 0.0108686 0
0.0905 0.001 0.0242826 0.0114085 0
0.091 0.001 0.0190772 0.00975626 0
0.0915 0.001 0.0202474 0.0101711 0
0.092 0.001 0.0202744 0.0117046 0
0.0925 0.0015 0.0190362 0.0097557 0
0.093 0.0015 0.0243895 0.0115751 0
0.0935 0.0015 0.0226874 0.011994 0
0.094 0.0015 0.0197966 0.0109115 0
0.0945 0.0015 0.0197419 0.0108505 0
0.095 0.0015 0.0218964 0.0104462 0
0.0955 0.0015 0.0197247 0.0101407 0
0.096 0.0015 0.0229993 0.0112308 0
0.0965 0.0015 0.0234869 0.0115819 0
0.097 0.0015 0.0203606 0.0100994 0
0.0975 0.0015 0.0217211 0.010939 0
0.098 0.0015 0.0227636 0.0104208 0
0.0985 0.0015 0.0217147 0.0112263 0
0.099 0.0015 0.0219318 0.011696 0
0.0995 0.0015 0.022305 0.0113707 0
0.1 0.0015 0.0198524 0.0102552 0
0.1005 0.0015 0.0226121 0.0119668 0
0.101 0.0015 0.0223332 0.0119299 0
0.1015 0.0015 0.0223454 0.0112345 0
0.102 0.0015 0.0221893 0.0108988 0
0.1025 0.0015 0.0215966 0.0126184 0
0.103 0.0015 0.024444 0.0125511 0
0.1035 0.0015 0.0218195 0.0128066 0
0.104 0.0015 0.0213797 0.0118219 0
0.1045 0.0015 0.0221583 0.0108459 0
0.105 0.0015 0.0216833 0.0118431 0
0.1055 0.0015 0.024302 0.0115911 0
0.106 0.0015 0.0223642 0.0104178 0
0.1065 0.0015 0.0201648 0.0106128 0
0.107 0.0015 0.0225229 0.0111294 0
0.1075 0.0015 0.0235396 0.0128441 0
0.108 0.0015 0.0196438 0.0109395 0
0.1085 0.0015 0.0232923 0.0111171 0
0.109 0.0015 0.0219332 0.0111242 0
0.1095 0.0015 0.0238374 0.0131072 0
0.11 0.0015 0.0236094 0.0108937 0
0.1105 0.0015 0.0231376 0.0123646 0
0.111 0.0015 0.0218104 0.0112668 0
0.1115 0.0015 0.0201283 0.011017 0
0.112 0.0015 0.0192066 0.00978327 0
0.1125 0.0015 0.020099 0.0109401 0
0.113 0.0015 0.0205001 0.00986391 0
0.1135 0.0015 0.0216349 0.0106639 0
0.114 0.0015 0.0241498 0.0119951 0
0.1145 0.0015 0.0221543 0.0104294 0
0.115 0.0015 0.0219145 0.0110541 0
0.1155 0.0015 0.0233223 0.0110012 0
0.116 0.0015 0.0251015 0.0129414 0
0.1165 0.0015 0.021545 0.0103342 0
0.117 0.0015 0.0212151 0.0107002 0
0.1175 0.0015 0.021199 0.011001 0
0.118 0.0015 0.020714 0.00999434 0
0.1185 0.0015 0.0189663 0.00977525 0
0.119 0.0015 0.0220253 0.0115094 0
0.1195 0.0015 0.0228963 0.0121561 0
0.12 0.0015 0.0233523 0.0136411 0
0.1205 0.0015 0.0216302 0.0117666 0
0.121 0.0015 0.0205473 0.0110403 0
0.1215 0.0015 0.022525 0.010672 0
0.122 0.0015 0.0228739 0.0122022 0
0.1225 0.0015 0.0195451 0.0100347 0
0.123 0.0015 0.0205412 0.0117587 0
0.1235 0.0015 0.0221184 0.010997 0
0.124 0.0015 0.0232291 0.0132787 0
0.1245 0.0015 0.0220325 0.011744 0
0.125 0.0015 0.0241218 0.0126558 0
0.1255 0.0015 0.0237587 0.0123602 0
0.126 0.0015 0.0235343 0.0120347 0
0.1265 0.0015 0.0209863 0.0106946 0
0.127 0.0015 0.0213417 0.0107147 0
0.1275 0.0015 0.0204023 0.0101785 0
0.128 0.0015 0.0227173 0.0115224 0
0.1285 0.0015 0.0217858 0.0109702 0
0.129 0.0015 0.0209612 0.0099428 0
0.1295 0.0015 0.0218277 0.0113985 0
0.13 0.0015 0.0225312 0.0121901 0
0.1305 0.0015 0.0219173 0.0102019 0
0.131 0.0015 0.019615 0.0116404 0
0.1315 0.0015 0.0214479 0.0126766 0
0.132 0.0015 0.0208264 0.0115949 0
0.1325 0.0015 0.0212362 0.0114349 0
0.133 0.0015 0.0224831 0.0127234 0
0.1335 0.0015 0.0216218 0.0126155 0
0.134 0.0015 0.0237465 0.0120469 0
0.1345 0.0015 0.0211139 0.0114591 0
0.135 0.0015 0.0208182 0.0110804 0
0.1355 0.0015 0.0236993 0.0132405 0
0.136 0.0015 0.0226485 0.0113426 0
0.1365 0.0015 0.0222133 0.0116778 0
0.137 0.0015 0.022275 0.0117142 0
0.1375 0.0015 0.0204543 0.0102242 0
0.138 0.0015 0.0210167 0.011272 0
0.1385 0.0015 0.0237568 0.0114403 0
0.139 0.0015 0.0212572 0.0118202 0
0.1395 0.0015 0.0219057 0.0110929 0
0.14 0.0015 0.0200248 0.010771 0
0.1405 0.0015 0.0213411 0.0106606 0
0.141 0.0015 0.02367 0.0115763 0
0.1415 0.0015 0.0233145 0.0118088 0
0.142 0.0015 0.0233042 0.011932 0
0.1425 0.0015 0.0214754 0.0116581 0
0.143 0.0015 0.0229401 0.0129039 0
0.1435 0.0015 0.0236682 0.0111637 0
0.144 0.0015 0.024688 0.01145 0
0.1445 0.0015 0.0234217 0.0130484 0
0.145 0.0015 0.023726 0.0128222 0
0.1455 0.0015 0.0275067 0.0127728 0
0.146 0.0015 0.0235985 0.0123085 0
0.1465 0.0015 0.022253 0.0115237 0
0.147 0.0015 0.0228654 0.0124011 0
0.1475 0.0015 0.024695 0.0143172 0
0.148 0.0015 0.023942 0.0111139 0
0.1485 0.0015 0.0218926 0.0124977 0
0.149 0.0015 0.0245106 0.01226 0
0.1495 0.0015 0.0223369 0.0109356 0
0.15 0.0015 0.0190876 0.00985175 0
0.1505 0.0015 0.0231579 0.0119503 0
0.151 0.0015 0.0208057 0.0105395 0
0.1515 0.0015 0.0228746 0.0112995 0
0.152 0.0015 0.0242087 0.0125637 0
0.1525 0.0015 0.0225796 0.0121859 0
0.153 0.0015 0.0223047 0.0128331 0
0.1535 0.0015 0.0221005 0.0101932 0
0.154 0.0015 0.0247253 0.0116679 0
0.1545 0.0015 0.0216865 0.0115331 0
0.155 0.0015 0.0251265 0.0122305 0
0.1555 0.0015 0.0240621 0.0117493 0
0.156 0.0015 0.0236499 0.0119402 0
0.1565 0.0015 0.0251815 0.0120144 0
0.157 0.0015 0.0230837 0.0131903 0
0.1575 0.0015 0.0234302 0.0129841 0
0.158 0.0015 0.0224723 0.0104381 0
0.1585 0.0015 0.0221865 0.0118309 0
0.159 0.0015 0.0231183 0.0121537 0
0.1595 0.0015 0.0247689 0.0132005 0
0.16 0.0015 0.0221604 0.0116195 0
0.1605 0.0015 0.0214102 0.0108287 0
0.161 0.0015 0.0209058 0.0098777 0
0.1615 0.0015 0.0247644 0.00996118 0
0.162 0.0015 0.0210718 0.0121559 0
0.1625 0.0015 0.0251446 0.0116832 0
0.163 0.0015 0.0237515 0.0131339 0
0.1635 0.0015 0.0248438 0.0136287 0
0.164 0.0015 0.0211697 0.00989118 0
0.1645 0.0015 0.0193766 0.010495 0
0.165 0.0015 0.0207036 0.0106991 0
0.1655 0.0015 0.0229729 0.0119556 0
0.166 0.0015 0.0232745 0.0115796 0
0.1665 0.0015 0.0217093 0.0110467 0
0.167 0.0015 0.0238372 0.0114467 0
0.1675 0.0015 0.0270039 0.0126036 0
0.168 0.0015 0.0238619 0.0114968 0
0.1685 0.0015 0.0244915 0.0118562 0
0.169 0.0015 0.0227249 0.0119675 0
0.1695 0.0015 0.0212711 0.0112678 0
0.17 0.0015 0.0221837 0.0116443 0
0.1705 0.0015 0.0249313 0.0119315 0
0.171 0.0015 0.0220332 0.0114281 0
0.1715 0.0015 0.0240544 0.0128619 0
0.172 0.0015 0.0227 0.0113379 0
0.1725 0.0015 0.0221412 0.0109715 0
0.173 0.0015 0.0234495 0.0118849 0
0.1735 0.0015 0.0213775 0.0131046 0
0.174 0.0015 0.0236392 0.0118984 0
0.1745 0.0015 0.0238134 0.0122897 0
0.175 0.0015 0.0242001 0.012813 0
0.1755 0.0015 0.0209593 0.0125243 0
0.176 0.0015 0.0236672 0.0122825 0
0.1765 0.0015 0.0268503 0.0126491 0
0.177 0.0015 0.0233272 0.0116543 0
0.1775 0.0015 0.0236816 0.0120409 0
0.178 0.0015 0.0255301 0.0121891 0
0.1785 0.0015 0.0221779 0.00961536 0
0.179 0.0015 0.0213685 0.0101784 0
0.1795 0.0015 0.0242842 0.0128663 0
0.18 0.0015 0.0218402 0.0125664 0
0.1805 0.0015 0.0208053 0.0112577 0
0.181 0.0015 0.0228432 0.0110359 0
0.1815 0.0015 0.0218344 0.0102265 0
0.182 0.0015 0.0231902 0.0109924 0
0.1825 0.0015 0.0216897 0.0130298 0
0.183 0.0015 0.0232288 0.011572 0
0.1835 0.0015 0.0236463 0.0119568 0
0.184 0.0015 0.024951 0.0120194 0
0.1845 0.0015 0.0247214 0.0112089 0
0.185 0.0015 0.0215741 0.0104458 0
0.1855 0.0015 0.0204605 0.0111643 0
0.186 0.0015 0.0255055 0.0146569 0
0.1865 0.0015 0.0246526 0.0119865 0
0.187 0.0015 0.0224418 0.012553 0
0.1875 0.0015 0.0224034 0.0117407 0
0.188 0.0015 0.0222491 0.0104005 0
0.1885 0.0015 0.0250941 0.0140656 0
0.189 0.0015 0.021986 0.0111366 0
0.1895 0.0015 0.0254058 0.0109861 0
0.19 0.0015 0.0207051 0.0104768 0
0.1905 0.0015 0.0246718 0.012497 0
0.191 0.0015 0.0264122 0.012724 0
0.1915 0.0015 0.0217486 0.01208 0
0.192 0.0015 0.0220658 0.0114453 0
0.1925 0.0015 0.024324 0.0115918 0
0.193 0.0015 0.0242128 0.012082 0
0.1935 0.0015 0.0260638 0.0118347 0
0.194 0.0015 0.0243115 0.0106674 0
0.1945 0.0015 0.0224649 0.0117097 0
0.195 0.0015 0.0224564 0.0115399 0
0.1955 0.0015 0.021962 0.0118485 0
0.196 0.0015 0.0235513 0.0118639 0
0.1965 0.0015 0.0213441 0.0109382 0
0.197 0.0015 0.021275 0.012057 0
0.1975 0.0015 0.0249196 0.0116354 0
0.198 0.0015 0.0207201 0.0118221 0
0.1985 0.0015 0.0247988 0.0112535 0
0.199 0.0015 0.0243526 0.0120718 0
0.1995 0.0015 0.0249164 0.0114314 0
0.2 0.0015 0.0242978 0.0131474 0
0.2005 0.0015 0.0223716 0.0112819 0
0.201 0.0015 0.0277413 0.013964 0
0.2015 0.0015 0.0222262 0.0113085 0
0.202 0.0015 0.0235881 0.0134483 0
0.2025 0.0015 0.0225737 0.0115063 0
0.203 0.0015 0.0249503 0.0129496 0
0.2035 0.0015 0.0245611 0.0162156 0
0.204 0.0015 0.0219203 0.0114311 0
0.2045 0.0015 0.0202364 0.0103432 0
0.205 0.0015 0.0219062 0.0106877 0
0.2055 0.0015 0.0274533 0.0131904 0
0.206 0.0015 0.0265686 0.0128102 0
0.2065 0.0015 0.0231721 0.0108762 0
0.207 0.0015 0.0256968 0.011204 0
0.2075 0.0015 0.0233094 0.0116755 0
0.208 0.0015 0.0206455 0.0113085 0
0.2085 0.0015 0.0238852 0.0119933 0
0.209 0.0015 0.0220756 0.0114623 0
0.2095 0.0015 0.0249082 0.0142617 0
0.21 0.0015 0.0244657 0.0134648 0
0.2105 0.0015 0.0248451 0.0110115 0
0.211 0.0015 0.0238845 0.0129337 0
0.2115 0.0015 0.0236615 0.0124043 0
0.212 0.0015 0.0245342 0.0129185 0
0.2125 0.0015 0.024631 0.0150271 0
0.213 0.0015 0.022227 0.0128827 0
0.2135 0.0015 0.0246734 0.0115696 0
0.214 0.0015 0.0253251 0.0123102 0
0.2145 0.0015 0.0240053 0.0130054 0
0.215 0.0015 0.0236458 0.00950532 0
0.2155 0.0015 0.0241982 0.0142744 0
0.216 0.0015 0.0218842 0.0109183 0
0.2165 0.002 0.0216953 0.0123287 0
0.217 0.002 0.0259534 0.015005 0
0.2175 0.002 0.0214977 0.0104268 0
0.218 0.002 0.0209041 0.0101725 0
0.2185 0.002 0.0231558 0.012335 0
0.219 0.002 0.0241224 0.0138528 0
0.2195 0.002 0.0241292 0.0120064 0
0.22 0.002 0.0222503 0.0129803 0
0.2205 0.002 0.0236231 0.0123842 0
0.221 0.002 0.0235896 0.0131396 0
0.2215 0.002 0.0269253 0.0115471 0
0.222 0.002 0.0259814 0.0116532 0
0.2225 0.002 0.0238687 0.0129482 0
0.223 0.002 0.0226333 0.0123442 0
0.2235 0.002 0.0229026 0.01233 0
0.224 0.002 0.0242089 0.0127209 0
0.2245 0.002 0.0240823 0.011371 0
0.225 0.002 0.0250457 0.0121618 0
0.2255 0.002 0.0226047 0.0121706 0
0.226 0.002 0.0208848 0.0116067 0
0.2265 0.002 0.0228684 0.0125368 0
0.227 0.002 0.0233668 0.0115406 0
0.2275 0.002 0.0278347 0.0149721 0
0.228 0.002 0.0222844 0.0129017 0
0.2285 0.002 0.023048 0.0138299 0
0.229 0.002 0.0243639 0.0115821 0
0.2295 0.002 0.0228746 0.0110547 0
0.23 0.002 0.026145 0.0140889 0
0.2305 0.002 0.0258546 0.011027 0
0.231 0.002 0.0232095 0.0123009 0
0.2315 0.002 0.0257104 0.0134453 0
0.232 0.002 0.021803 0.0106326 0
0.2325 0.002 0.0211989 0.01105 0
0.233 0.002 0.0247058 0.0127642 0
0.2335 0.002 0.0214341 0.0112761 0
0.234 0.002 0.0221061 0.012183 0
0.2345 0.002 0.0204152 0.0100175 0
0.235 0.002 0.024721 0.0131856 0
0.2355 0.002 0.0244159 0.0101024 0
0.236 0.002 0.0245672 0.0147573 0
0.2365 0.002 0.0258891 0.014131 0
0.237 0.002 0.0209284 0.0110246 0
0.2375 0.002 0.0220752 0.0113299 0
0.238 0.002 0.0242695 0.011948 0
0.2385 0.002 0.0234816 0.0137632 0
0.239 0.002 0.021024 0.0111714 0
0.2395 0.002 0.021675 0.0104667 0
0.24 0.002 0.0253841 0.0105184 0
0.2405 0.002 0.022195 0.0119544 0
0.241 0.002 0.0224201 0.0109603 0
0.2415 0.002 0.0260444 0.0133126 0
0.242 0.002 0.0249991 0.0128226 0
0.2425 0.002 0.0249737 0.0145769 0
0.243 0.002 0.0256902 0.0121691 0
0.2435 0.002 0.0270515 0.0124633 0
0.244 0.002 0.0255871 0.0133429 0
0.2445 0.002 0.0225496 0.0118961 0
0.245 0.002 0.0223304 0.0111906 0
0.2455 0.002 0.0241267 0.0127885 0
0.246 0.002 0.026071 0.013969 0
0.2465 0.002 0.0256099 0.0126692 0
0.247 0.002 0.02384 0.0123519 0
0.2475 0.002 0.026167 0.015423 0
0.248 0.002 0.0259333 0.0150385 0
0.2485 0.002 0.0232078 0.0127136 0
0.249 0.002 0.0273662 0.0122435 0
0.2495 0.002 0.0248146 0.0124765 0
0.25 0.002 0.021763 0.0104869 0
0.2505 0.002 0.0240609 0.0121271 0
0.251 0.002 0.0217098 0.0122207 0
0.2515 0.002 0.0230561 0.0116853 0
0.252 0.002 0.0265459 0.0134646 0
0.2525 0.002 0.0260699 0.0135216 0
0.253 0.002 0.0241096 0.0116416 0
0.2535 0.002 0.0241604 0.0121595 0
0.254 0.002 0.0225086 0.012206 0
0.2545 0.002 0.0223619 0.012939 0
0.255 0.002 0.0230251 0.0122478 0
0.2555 0.002 0.023 0.0123718 0
0.256 0.002 0.0219668 0.0108618 0
0.2565 0.002 0.0227177 0.011967 0
0.257 0.002 0.0219422 0.0117863 0
0.2575 0.002 0.0246855 0.0129257 0
0.258 0.002 0.0216756 0.0117436 0
0.2585 0.002 0.0275206 0.0134189 0
0.259 0.002 0.0243602 0.0131704 0
0.2595 0.002 0.0252309 0.012225 0
0.26 0.002 0.0233926 0.0130634 0
0.2605 0.002 0.0270525 0.0149599 0
0.261 0.002 0.0253292 0.0145641 0
0.2615 0.002 0.023128 0.0121258 0
0.262 0.002 0.0252951 0.0134376 0
0.2625 0.002 0.0238698 0.0111152 0
0.263 0.002 0.0258343 0.0146636 0
0.2635 0.002 0.0250753 0.0143285 0
0.264 0.002 0.0243397 0.0116317 0
0.2645 0.002 0.0205013 0.0106119 0
0.265 0.002 0.022692 0.0111446 0
0.2655 0.002 0.0285178 0.014533 0
0.266 0.002 0.022567 0.0127313 0
0.2665 0.002 0.0218916 0.0107222 0
0.267 0.002 0.0303788 0.0163222 0
0.2675 0.002 0.0253043 0.0142425 0
0.268 0.002 0.023025 0.0114546 0
0.2685 0.002 0.0239827 0.0117998 0
0.269 0.002 0.0230089 0.0126455 0
0.2695 0.002 0.0276622 0.0152739 0
0.27 0.002 0.0229392 0.0117421 0
0.2705 0.002 0.0267446 0.0120926 0
0.271 0.002 0.0245358 0.0145352 0
0.2715 0.002 0.0249646 0.0122507 0
0.272 0.002 0.022645 0.0106708 0
0.2725 0.002 0.022048 0.0118955 0
0.273 0.002 0.02226 0.0117904 0
0.2735 0.002 0.0231422 0.0101639 0
0.274 0.002 0.0250411 0.0122488 0
0.2745 0.002 0.0239222 0.012647 0
0.275 0.002 0.0253587 0.0127539 0
0.2755 0.002 0.0221406 0.0111141 0
0.276 0.002 0.0246046 0.0121175 0
0.2765 0.002 0.0278402 0.0137302 0
0.277 0.002 0.0245923 0.0125973 0
0.2775 0.002 0.0289937 0.0153963 0
0.278 0.002 0.0216605 0.0117224 0
0.2785 0.002 0.0261647 0.0120759 0
0.279 0.002 0.0228686 0.0107401 0
0.2795 0.002 0.0264487 0.0160219 0
0.28 0.002 0.0239843 0.0117645 0
0.2805 0.002 0.0224079 0.0117691 0
0.281 0.002 0.0235778 0.0114726 0
0.2815 0.002 0.0253642 0.0134024 0
0.282 0.002 0.0219258 0.0113031 0
0.2825 0.002 0.0262503 0.0118591 0
0.283 0.002 0.0218904 0.0105403 0
0.2835 0.002 0.0267218 0.013652 0
0.284 0.002 0.0240751 0.0140884 0
0.2845 0.002 0.0237021 0.0119191 0
0.285 0.002 0.0249463 0.0123078 0
0.2855 0.002 0.0260668 0.0150422 0
0.286 0.002 0.0254148 0.0144393 0
0.2865 0.002 0.0264479 0.0120266 0
0.287 0.002 0.0240558 0.0117077 0
0.2875 0.002 0.0255654 0.0124779 0
0.288 0.002 0.0256713 0.0136533 0
0.2885 0.002 0.0232221 0.0117117 0
0.289 0.002 0.0277193 0.0162241 0
0.2895 0.002 0.024748 0.012239 0
0.29 0.002 0.0267623 0.012586 0
0.2905 0.002 0.0242408 0.0129496 0
0.291 0.002 0.0227972 0.0115212 0
0.2915 0.002 0.0208698 0.008722 0
0.292 0.002 0.0234432 0.00966289 0
0.2925 0.002 0.0251189 0.0132974 0
0.293 0.002 0.0240265 0.0135356 0
0.2935 0.002 0.0239539 0.0124369 0
0.294 0.002 0.0224963 0.0113839 0
0.2945 0.002 0.0253341 0.0130753 0
0.295 0.002 0.0251514 0.0132298 0
0.2955 0.002 0.0223229 0.0118368 0
0.296 0.002 0.0249437 0.0134179 0
0.2965 0.002 0.024632 0.0117615 0
0.297 0.002 0.0248694 0.0116425 0
0.2975 0.002 0.0294333 0.0141297 0
0.298 0.002 0.021558 0.0098178 0
0.2985 0.002 0.0267246 0.0138824 0
0.299 0.002 0.0250139 0.0109548 0
0.2995 0.002 0.019351 0.0118752 0
0.3 0.002 0.0255474 0.0130504 0
0.3005 0.002 0.0234992 0.0126006 0
0.301 0.002 0.0239516 0.0127374 0
0.3015 0.002 0.0241943 0.012774 0
0.302 0.002 0.0212034 0.012181 0
0.3025 0.002 0.0279114 0.0131566 0
0.303 0.002 0.024192 0.0124734 0
0.3035 0.002 0.0262638 0.0135373 0
0.304 0.002 0.027641 0.0137442 0
0.3045 0.002 0.028196 0.0157601 0
0.305 0.002 0.0252697 0.0131949 0
0.3055 0.002 0.0252044 0.0139339 0
0.306 0.002 0.0267281 0.0130032 0
0.3065 0.002 0.0284358 0.0147923 0
0.307 0.002 0.022908 0.0112382 0
0.3075 0.002 0.0248564 0.0130978 0
0.308 0.002 0.0276277 0.0133218 0
0.3085 0.002 0.0265187 0.0117967 0
0.309 0.002 0.0220746 0.0118968 0
0.3095 0.002 0.0277925 0.0128921 0
0.31 0.002 0.0250505 0.0154345 0
0.3105 0.002 0.0291409 0.0139716 0
0.311 0.002 0.0280337 0.013855 0
0.3115 0.002 0.023986 0.0147598 0
0.312 0.002 0.0242498 0.0124166 0
0.3125 0.002 0.0271283 0.0155481 0
0.313 0.002 0.0259403 0.0137077 0
0.3135 0.002 0.0265951 0.01336 0
0.314 0.002 0.0300118 0.013225 0
0.3145 0.002 0.0245872 0.0118742 0
0.315 0.002 0.0248873 0.0115828 0
0.3155 0.002 0.0275177 0.0145331 0
0.316 0.002 0.0265123 0.0107658 0
0.3165 0.002 0.0253749 0.0114855 0
0.317 0.002 0.0232092 0.012042 0
0.3175 0.002 0.0232171 0.0132733 0
0.318 0.002 0.0266367 0.0163876 0
0.3185 0.002 0.0293917 0.0157707 0
0.319 0.002 0.0283805 0.0138573 0
0.3195 0.002 0.0246076 0.0117316 0
0.32 0.002 0.0225635 0.0125561 0
0.3205 0.002 0.0246324 0.0117113 0
0.321 0.002 0.0274977 0.0125183 0
0.3215 0.002 0.0268631 0.0124408 0
0.322 0.002 0.0258338 0.0120706 0
0.3225 0.002 0.0297149 0.0152507 0
0.323 0.002 0.0277118 0.0150951 0
0.3235 0.002 0.0268485 0.0135626 0
0.324 0.002 0.0252352 0.0121487 0
0.3245 0.002 0.0202333 0.0130106 0
0.325 0.002 0.0283565 0.013941 0
0.3255 0.002 0.0248527 0.0132455 0
0.326 0.002 0.0304339 0.0147203 0
0.3265 0.002 0.0252734 0.014029 0
0.327 0.002 0.0283271 0.0109478 0
0.3275 0.002 0.0322649 0.0167157 0
0.328 0.002 0.0236678 0.0112006 0
0.3285 0.002 0.0289192 0.0155597 0
0.329 0.002 0.0266249 0.0138388 0
0.3295 0.002 0.02473 0.0135137 0
0.33 0.002 0.0304473 0.0167559 0
0.3305 0.002 0.023417 0.0132841 0
0.331 0.002 0.0263115 0.013366 0
0.3315 0.002 0.0306929 0.0150929 0
0.332 0.002 0.0275041 0.0141626 0
0.3325 0.002 0.0263054 0.0130583 0
0.333 0.002 0.0287732 0.0154617 0
0.3335 0.002 0.0245674 0.0118528 0
0.334 0.002 0.0283282 0.0133805 0
0.3345 0.002 0.0216473 0.0137076 0
0.335 0.002 0.0280073 0.0156093 0
0.3355 0.002 0.0238503 0.0109079 0
0.336 0.0025 0.0273654 0.0153006 0
0.3365 0.0025 0.0294634 0.0171392 0
0.337 0.0025 0.0226674 0.0102245 0
0.3375 0.0025 0.0251299 0.0124617 0
0.338 0.0025 0.0252484 0.0143506 0
0.3385 0.0025 0.0282339 0.0144708 0
0.339 0.0025 0.0244206 0.0127269 0
0.3395 0.0025 0.0273603 0.0142381 0
0.34 0.0025 0.0267882 0.0132785 0
0.3405 0.0025 0.0268504 0.0133712 0
0.341 0.0025 0.0304545 0.0154378 0
0.3415 0.0025 0.0269772 0.0138779 0
0.342 0.0025 0.0240228 0.0105964 0
0.3425 0.0025 0.0252814 0.0149866 0
0.343 0.0025 0.0263665 0.0128504 0
0.3435 0.0025 0.0267853 0.0160996 0
0.344 0.0025 0.0298427 0.0144295 0
0.3445 0.0025 0.0237506 0.0140008 0
0.345 0.0025 0.0259721 0.0124987 0
0.3455 0.0025 0.0283887 0.0144497 0
0.346 0.0025 0.0228416 0.0123973 0
0.3465 0.0025 0.0259152 0.0142445 0
0.347 0.0025 0.0242111 0.0116727 0
0.3475 0.0025 0.0224492 0.0144456 0
0.348 0.0025 0.0267133 0.0131096 0
0.3485 0.0025 0.0257587 0.0142464 0
0.349 0.0025 0.0261011 0.0143137 0
0.3495 0.0025 0.0266248 0.0118017 0
0.35 0.0025 0.025376 0.0125109 0
0.3505 0.0025 0.0248055 0.0131198 0
0.351 0.0025 0.0262652 0.0134196 0
0.3515 0.0025 0.0305319 0.0156711 0
0.352 0.0025 0.0258498 0.0136584 0
0.3525 0.0025 0.0264283 0.0131357 0
0.353 0.0025 0.0303575 0.0134351 0
0.3535 0.0025 0.0298998 0.0145509 0
0.354 0.0025 0.0282598 0.0152237 0
0.3545 0.0025 0.0258846 0.0125711 0
0.355 0.0025 0.0263001 0.014988 0
0.3555 0.0025 0.0295767 0.013392 0
0.356 0.0025 0.0258717 0.0118184 0
0.3565 0.0025 0.0273631 0.0129385 0
0.357 0.0025 0.026596 0.0137706 0
0.3575 0.0025 0.0281068 0.0150271 0
0.358 0.0025 0.0264882 0.0123732 0
0.3585 0.0025 0.0303012 0.0150321 0
0.359 0.0025 0.0300252 0.0146306 0
0.3595 0.0025 0.0240271 0.012361 0
0.36 0.0025 0.0333472 0.017205 0
0.3605 0.0025 0.0246951 0.0124819 0
0.361 0.0025 0.0314576 0.0163875 0
0.3615 0.0025 0.0249443 0.00972124 0
0.362 0.0025 0.0269226 0.0137391 0
0.3625 0.0025 0.0305168 0.0139255 0
0.363 0.0025 0.0275574 0.0147169 0
0.3635 0.0025 0.0287223 0.0155421 0
0.364 0.0025 0.02376 0.0106745 0
0.3645 0.0025 0.030914 0.0169723 0
0.365 0.0025 0.0264032 0.0133093 0
0.3655 0.0025 0.0246429 0.0136219 0
0.366 0.0025 0.0292405 0.0157386 0
0.3665 0.0025 0.0258629 0.0145697 0
0.367 0.0025 0.0262129 0.0142734 0
0.3675 0.0025 0.0260163 0.0113427 0
0.368 0.0025 0.0286608 0.0151065 0
0.3685 0.0025 0.0272139 0.0121797 0
0.369 0.0025 0.027876 0.0131288 0
0.3695 0.0025 0.0251696 0.0139155 0
0.37 0.0025 0.0255927 0.0140427 0
0.3705 0.0025 0.0249274 0.0119813 0
0.371 0.0025 0.0241421 0.0130116 0
0.3715 0.0025 0.0257875 0.0134754 0
0.372 0.0025 0.0291656 0.0152684 0
0.3725 0.0025 0.0347245 0.0170518 0
0.373 0.0025 0.024896 0.0136518 0
0.3735 0.0025 0.0246553 0.0125648 0
0.374 0.0025 0.0280703 0.0145791 0
0.3745 0.0025 0.0245814 0.0139134 0
0.375 0.0025 0.0282609 0.0117873 0
0.3755 0.0025 0.0265793 0.0158783 0
0.376 0.0025 0.0251166 0.0105975 0
0.3765 0.0025 0.0291445 0.0139389 0
0.377 0.0025 0.0285481 0.0139813 0
0.3775 0.0025 0.030202 0.014805 0
0.378 0.0025 0.0237776 0.0107282 0
0.3785 0.0025 0.0289673 0.0152214 0
0.379 0.0025 0.0308002 0.0146262 0
0.3795 0.0025 0.0278784 0.0130449 0
0.38 0.0025 0.0293141 0.0162696 0
0.3805 0.0025 0.0270435 0.0132647 0
0.381 0.0025 0.0279365 0.0150696 0
0.3815 0.0025 0.0265111 0.0138125 0
0.382 0.0025 0.0237536 0.0138544 0
0.3825 0.0025 0.0263762 0.0136762 0
0.383 0.0025 0.0296044 0.0156173 0
0.3835 0.0025 0.0275153 0.0118792 0
0.384 0.0025 0.0250536 0.0122777 0
0.3845 0.0025 0.0306046 0.0142999 0
0.385 0.0025 0.0302027 0.0157846 0
0.3855 0.0025 0.0265638 0.0144255 0
0.386 0.0025 0.0229414 0.0128721 0
0.3865 0.0025 0.0265859 0.0142287 0
0.387 0.0025 0.0304805 0.0126972 0
0.3875 0.0025 0.0283484 0.0170296 0
0.388 0.0025 0.0289916 0.012291 0
0.3885 0.0025 0.0275344 0.0140331 0
0.389 0.0025 0.0286314 0.0130386 0
0.3895 0.0025 0.0272532 0.0126664 0
0.39 0.0025 0.0292153 0.0128552 0
0.3905 0.0025 0.0265454 0.0120765 0
0.391 0.0025 0.0264095 0.014629 0
0.3915 0.0025 0.0260998 0.0144998 0
0.392 0.0025 0.0279176 0.0150609 0
0.3925 0.0025 0.0301395 0.0147777 0
0.393 0.0025 0.0252718 0.011591 0
0.3935 0.0025 0.0259634 0.0141226 0
0.394 0.0025 0.0251359 0.0165821 0
0.3945 0.0025 0.0249891 0.0154286 0
0.395 0.0025 0.0304767 0.0153256 0
0.3955 0.0025 0.0289677 0.0145799 0
0.396 0.0025 0.0259374 0.0143025 0
0.3965 0.0025 0.0265214 0.0126269 0
0.397 0.0025 0.0263716 0.0130561 0
0.3975 0.0025 0.0240824 0.0139842 0
0.398 0.0025 0.0281146 0.0142336 0
0.3985 0.0025 0.0294173 0.0142314 0
0.399 0.0025 0.0288412 0.0143515 0
0.3995 0.0025 0.028872 0.0157613 0
0.4 0.0025 0.0290534 0.0140004 0
0.4005 0.0025 0.0299845 0.016714 0
0.401 0.0025 0.026056 0.0132325 0
0.4015 0.0025 0.0296307 0.0138016 0
0.402 0.0025 0.0331941 0.0165357 0
0.4025 0.0025 0.0264787 0.0127259 0
0.403 0.0025 0.0316614 0.0150112 0
0.4035 0.0025 0.0296427 0.0142933 0
0.404 0.0025 0.0264601 0.0144208 0
0.4045 0.0025 0.0315216 0.0165792 0
0.405 0.0025 0.0329005 0.0178116 0
0.4055 0.0025 0.0287718 0.0162293 0
0.406 0.0025 0.0306215 0.0139914 0
0.4065 0.0025 0.0267191 0.0134177 0
0.407 0.0025 0.0293675 0.0128923 0
0.4075 0.0025 0.0263302 0.0128702 0
0.408 0.0025 0.0273567 0.0139429 0
0.4085 0.0025 0.0237494 0.0119367 0
0.409 0.0025 0.0258553 0.0132274 0
0.4095 0.0025 0.0319105 0.0149272 0
0.41 0.0025 0.0320353 0.0135654 0
0.4105 0.0025 0.0278838 0.0137868 0
0.411 0.0025 0.0315523 0.0129326 0
0.4115 0.0025 0.027203 0.012355 0
0.412 0.0025 0.0241663 0.0110776 0
0.4125 0.0025 0.0269772 0.0139583 0
0.413 0.0025 0.0269354 0.0150538 0
0.4135 0.0025 0.0276408 0.0149792 0
0.414 0.0025 0.0275658 0.0151247 0
0.4145 0.0025 0.0249557 0.0133287 0
0.415 0.0025 0.0253249 0.0122006 0
0.4155 0.0025 0.0260718 0.011842 0
0.416 0.0025 0.0278899 0.0127365 0
0.4165 0.0025 0.0258676 0.0127126 0
0.417 0.0025 0.0336774 0.0174372 0
0.4175 0.0025 0.0299074 0.0154482 0
0.418 0.0025 0.0270669 0.0150835 0
0.4185 0.0025 0.0296484 0.0138438 0
0.419 0.0025 0.0296811 0.0144803 0
0.4195 0.0025 0.0305986 0.0137627 0
0.42 0.0025 0.0288201 0.0138256 0
0.4205 0.0025 0.0287199 0.0149492 0
0.421 0.0025 0.033773 0.0163403 0
0.4215 0.0025 0.0313589 0.0150847 0
0.422 0.0025 0.0267951 0.0125384 0
0.4225 0.0025 0.032612 0.0136856 0
0.423 0.0025 0.02998 0.0156368 0
0.4235 0.0025 0.0262342 0.0144354 0
0.424 0.003 0.0277769 0.0153583 0
0.4245 0.003 0.0247754 0.0133174 0
0.425 0.003 0.0302258 0.0128921 0
0.4255 0.003 0.0322013 0.0136872 0
0.426 0.003 0.0335703 0.0181909 0
0.4265 0.003 0.0313493 0.0151071 0
0.427 0.003 0.0256006 0.01275 0
0.4275 0.003 0.0296481 0.0132735 0
0.428 0.003 0.0304243 0.0157194 0
0.4285 0.003 0.03346 0.0151995 0
0.429 0.003 0.0303305 0.014536 0
0.4295 0.003 0.0258562 0.0130271 0
0.43 0.003 0.0245412 0.0128361 0
0.4305 0.003 0.0316843 0.0183238 0
0.431 0.003 0.0292887 0.0135475 0
0.4315 0.003 0.028367 0.0150507 0
0.432 0.003 0.0291539 0.016436 0
0.4325 0.003 0.0267475 0.0136098 0
0.433 0.003 0.032886 0.0174711 0
0.4335 0.003 0.0295664 0.0172795 0
0.434 0.003 0.0265064 0.015158 0
0.4345 0.003 0.0270882 0.0148469 0
0.435 0.003 0.0307628 0.0135428 0
0.4355 0.003 0.0300805 0.0159779 0
0.436 0.003 0.0269991 0.0132137 0
0.4365 0.003 0.0281506 0.0176757 0
0.437 0.003 0.0270494 0.00997614 0
0.4375 0.003 0.03262 0.0167001 0
0.438 0.003 0.0314888 0.0145251 0
0.4385 0.003 0.0298645 0.0162765 0
0.439 0.003 0.0300382 0.0144154 0
0.4395 0.003 0.0357856 0.0183425 0
0.44 0.003 0.0269897 0.0121711 0
0.4405 0.003 0.0291823 0.0144924 0
0.441 0.003 0.03295 0.0163415 0
0.4415 0.003 0.0291424 0.0160492 0
0.442 0.003 0.0289908 0.0149396 0
0.4425 0.003 0.0322016 0.0185652 0
0.443 0.003 0.0252069 0.012795 0
0.4435 0.003 0.0319245 0.0163728 0
0.444 0.003 0.0271403 0.0151629 0
0.4445 0.003 0.0336729 0.013518 0
0.445 0.003 0.027868 0.0136686 0
0.4455 0.003 0.0281684 0.0148988 0
0.446 0.003 0.026598 0.0116594 0
0.4465 0.003 0.0277353 0.0153727 0
0.447 0.003 0.0288887 0.0147307 0
0.4475 0.003 0.0307622 0.0167804 0
0.448 0.003 0.0317394 0.0163235 0
0.4485 0.003 0.0290458 0.0158503 0
0.449 0.003 0.03291 0.0158152 0
0.4495 0.003 0.0263186 0.0143707 0
0.45 0.003 0.0304397 0.0163413 0
0.4505 0.003 0.024326 0.0111393 0
0.451 0.003 0.0275128 0.0149212 0
0.4515 0.003 0.0331751 0.0154831 0
0.452 0.003 0.0286111 0.0153693 0
0.4525 0.003 0.0304448 0.0130382 0
0.453 0.003 0.0293335 0.0155877 0
0.4535 0.003 0.0298413 0.0139317 0
0.454 0.003 0.0360654 0.0179675 0
0.4545 0.003 0.0293325 0.0148474 0
0.455 0.003 0.0321282 0.0189112 0
0.4555 0.003 0.0282287 0.0152079 0
0.456 0.003 0.0270829 0.0152921 0
0.4565 0.003 0.0283146 0.0151698 0
0.457 0.003 0.0253503 0.0104941 0
0.4575 0.003 0.031854 0.0161774 0
0.458 0.003 0.0294156 0.0159323 0
0.4585 0.003 0.0306353 0.0128585 0
0.459 0.003 0.029088 0.0146636 0
0.4595 0.003 0.0379826 0.016782 0
0.46 0.003 0.0267125 0.0149787 0
0.4605 0.003 0.0324535 0.0184621 0
0.461 0.003 0.0322872 0.0152143 0
0.4615 0.003 0.0318136 0.0160706 0
0.462 0.003 0.0271613 0.0176063 0
0.4625 0.003 0.031678 0.0157337 0
0.463 0.003 0.0254932 0.0124055 0
0.4635 0.003 0.0280396 0.0165502 0
0.464 0.003 0.0269614 0.0149591 0
0.4645 0.003 0.0349679 0.015237 0
0.465 0.003 0.0290452 0.0135921 0
0.4655 0.003 0.0338022 0.0152241 0
0.466 0.003 0.0335852 0.0161026 0
0.4665 0.003 0.0321942 0.0153869 0
0.467 0.003 0.0335057 0.0191326 0
0.4675 0.003 0.0338732 0.0156522 0
0.468 0.003 0.0302001 0.0153971 0
0.4685 0.003 0.0276921 0.0151971 0
0.469 0.003 0.0319354 0.0155573 0
0.4695 0.003 0.0310258 0.0144895 0
0.47 0.003 0.0282164 0.0169017 0
0.4705 0.003 0.0317847 0.0171556 0
0.471 0.003 0.0298685 0.0126326 0
0.4715 0.003 0.0356651 0.0165264 0
0.472 0.004 0.0307314 0.0132146 0
0.4725 0.004 0.0276698 0.0119491 0
0.473 0.004 0.0288432 0.0151792 0
0.4735 0.004 0.0269441 0.0143622 0
0.474 0.004 0.0289644 0.0121889 0
0.4745 0.004 0.0306361 0.0137493 0
0.475 0.004 0.0308602 0.0173541 0
0.4755 0.004 0.0333035 0.0184194 0
0.476 0.004 0.0322807 0.0156041 0
0.4765 0.004 0.0307874 0.0138993 0
0.477 0.004 0.0333711 0.0156636 0
0.4775 0.004 0.0264641 0.0178058 0
0.478 0.004 0.0336122 0.0145174 0
0.4785 0.004 0.0302444 0.0202714 0
0.479 0.004 0.0328281 0.0154659 0
0.4795 0.004 0.0323333 0.0151455 0
0.48 0.004 0.0288532 0.0150416 0
0.4805 0.004 0.0265506 0.0149079 0
0.481 0.004 0.0288833 0.01561 0
0.4815 0.004 0.0340783 0.0180614 0
0.482 0.004 0.0291988 0.0131702 0
0.4825 0.004 0.0268949 0.0132624 0
0.483 0.004 0.0351037 0.0149168 0
0.4835 0.004 0.0288878 0.0154293 0
0.484 0.004 0.0338922 0.0212241 0
0.4845 0.004 0.0284222 0.0142458 0
0.485 0.004 0.0307778 0.0135006 0
0.4855 0.004 0.0277392 0.0136081 0
0.486 0.004 0.0274336 0.0120446 0
0.4865 0.004 0.0237969 0.0114065 0
0.487 0.004 0.0319944 0.0132827 0
0.4875 0.004 0.0358188 0.0196188 0
0.488 0.004 0.0342121 0.0186263 0
0.4885 0.004 0.0342612 0.0203752 0
0.489 0.004 0.0349065 0.0176626 0
0.4895 0.004 0.029931 0.0157944 0
0.49 0.004 0.0292866 0.0168573 0
0.4905 0.004 0.0264549 0.0118958 0
0.491 0.004 0.0333121 0.0158034 0
0.4915 0.004 0.0293521 0.0139613 0
0.492 0.004 0.0315583 0.0168177 0
0.4925 0.004 0.0333691 0.0165455 0
0.493 0.004 0.0365337 0.0206342 0
0.4935 0.004 0.032641 0.0184487 0
0.494 0.004 0.0318484 0.0183078 0
0.4945 0.004 0.0287565 0.0164771 0
0.495 0.004 0.0273244 0.0141423 0
0.4955 0.004 0.0321784 0.0165833 0
0.496 0.004 0.0316565 0.0147955 0
0.4965 0.004 0.0265057 0.0134313 0
0.497 0.004 0.0257717 0.0108256 0
0.4975 0.004 0.0289733 0.0148059 0
0.498 0.004 0.0299364 0.016829 0
0.4985 0.004 0.0294529 0.014431 0
0.499 0.004 0.0304377 0.0168379 0
0.4995 0.004 0.0332921 0.0143844 0
0.5 0.004 0.0302509 0.0148392 0
0.5005 0.004 0.0279497 0.0138044 0
0.501 0.004 0.0302273 0.0146953 0
0.5015 0.004 0.0307862 0.017175 0
0.502 0.004 0.0389105 0.016756 0
0.5025 0.004 0.0307698 0.016641 0
0.503 0.004 0.0326654 0.0151258 0
0.5035 0.004 0.0277294 0.0139974 0
0.504 0.004 0.0276675 0.012515 0
0.5045 0.004 0.0288887 0.0171107 0
0.505 0.004 0.0316196 0.0154141 0
0.5055 0.004 0.0312418 0.0168721 0
0.506 0.004 0.0339492 0.0155287 0
0.5065 0.004 0.031063 0.0200775 0
0.507 0.004 0.0282938 0.0178188 0
0.5075 0.004 0.0345695 0.0182051 0
0.508 0.004 0.029359 0.0147952 0
0.5085 0.004 0.035229 0.0159575 0
0.509 0.004 0.0397944 0.0192704 0
0.5095 0.004 0.0319863 0.0144937 0
0.51 0.004 0.0345212 0.0181757 0
0.5105 0.004 0.0340543 0.0160104 0
0.511 0.004 0.033342 0.0160687 0
0.5115 0.004 0.027854 0.012482 0
0.512 0.004 0.0287065 0.0137963 0
0.5125 0.004 0.0317584 0.0162311 0
0.513 0.004 0.0301867 0.0150921 0
0.5135 0.004 0.0322864 0.0183122 0
0.514 0.004 0.0295753 0.0147502 0
0.5145 0.004 0.0319334 0.0153344 0
0.515 0.004 0.0299755 0.0151237 0
0.5155 0.004 0.0326867 0.0171072 0
0.516 0.004 0.0352402 0.0191503 0
0.5165 0.004 0.033284 0.016458 0
0.517 0.004 0.0283098 0.0151585 0
0.5175 0.004 0.0342753 0.0170057 0
0.518 0.004 0.0328569 0.0179103 0
0.5185 0.004 0.0324838 0.0172655 0
0.519 0.004 0.0371691 0.0162741 0
0.5195 0.004 0.0319939 0.0152024 0
0.52 0.004 0.0377567 0.0209209 0
0.5205 0.004 0.0315475 0.0148565 0
0.521 0.004 0.040044 0.012832 0
0.5215 0.004 0.0348757 0.0181821 0
0.522 0.004 0.029173 0.0134422 0
0.5225 0.004 0.0267712 0.0123268 0
0.523 0.004 0.0382416 0.0191048 0
0.5235 0.004 0.0260812 0.0138237 0
0.524 0.004 0.0319098 0.017194 0
0.5245 0.004 0.0303324 0.0184774 0
0.525 0.004 0.0296576 0.0153337 0
0.5255 0.004 0.0394873 0.016951 0
0.526 0.004 0.0290027 0.014764 0
0.5265 0.004 0.0313221 0.0152298 0
0.527 0.004 0.0343183 0.0157652 0
0.5275 0.004 0.0366259 0.0136113 0
0.528 0.004 0.032311 0.0161702 0
0.5285 0.004 0.0281523 0.014455 0
0.529 0.004 0.0323572 0.0177698 0
0.5295 0.004 0.0314574 0.0153864 0
0.53 0.004 0.0323135 0.0149557 0
0.5305 0.004 0.0332755 0.0182842 0
0.531 0.004 0.0323314 0.0195796 0
0.5315 0.004 0.0322603 0.0169276 0
0.532 0.004 0.0370423 0.0192701 0
0.5325 0.004 0.030708 0.0150278 0
0.533 0.004 0.0362185 0.0163544 0
0.5335 0.004 0.0337898 0.0171153 0
0.534 0.004 0.0286152 0.0147427 0
0.5345 0.004 0.0294424 0.0160176 0
0.535 0.004 0.0328115 0.0163834 0
0.5355 0.004 0.035907 0.0190586 0
0.536 0.004 0.0368081 0.0159177 0
0.5365 0.004 0.0263634 0.012042 0
0.537 0.004 0.032834 0.0168418 0
0.5375 0.004 0.0414018 0.0176547 0
0.538 0.004 0.0308285 0.0155262 0
0.5385 0.004 0.0359546 0.0159092 0
0.539 0.004 0.0325792 0.0202447 0
0.5395 0.004 0.0388714 0.0192401 0
0.54 0.004 0.0307834 0.0156044 0
0.5405 0.004 0.030821 0.0165772 0
0.541 0.004 0.034692 0.0163259 0
0.5415 0.004 0.0394515 0.0179198 0
0.542 0.004 0.0355805 0.0202966 0
0.5425 0.004 0.0377626 0.0206946 0
0.543 0.004 0.0316911 0.0178986 0
0.5435 0.004 0.0340661 0.0206462 0
0.544 0.004 0.029802 0.0173526 0
0.5445 0.004 0.0330018 0.0166488 0
0.545 0.004 0.0365178 0.0167566 0
0.5455 0.004 0.0309037 0.0145041 0
0.546 0.004 0.0314161 0.0156418 0
0.5465 0.004 0.0303149 0.0125875 0
0.547 0.004 0.0344659 0.0136377 0
0.5475 0.004 0.0316867 0.0135523 0
0.548 0.004 0.0330852 0.0125532 0
0.5485 0.004 0.0288789 0.0151529 0
0.549 0.004 0.0293087 0.0129932 0
0.5495 0.004 0.0345964 0.0161049 0
0.55 0.004 0.0295512 0.0150198 0
0.5505 0.004 0.0390059 0.0227105 0
0.551 0.004 0.0307411 0.0150031 0
0.5515 0.004 0.0320684 0.0136288 0
0.552 0.004 0.0365222 0.0215945 0
0.5525 0.004 0.0318754 0.0148104 0
0.553 0.004 0.0279548 0.0149838 0
0.5535 0.004 0.0371673 0.0170837 0
0.554 0.004 0.0331907 0.0163223 0
0.5545 0.004 0.0307299 0.0142717 0
0.555 0.004 0.0328925 0.0175783 0
0.5555 0.004 0.0265999 0.014476 0
0.556 0.004 0.0310317 0.0184105 0
0.5565 0.004 0.0295098 0.0160798 0
0.557 0.004 0.0367359 0.020083 0
0.5575 0.004 0.0337754 0.0161439 0
0.558 0.004 0.0384995 0.0163611 0
0.5585 0.004 0.036497 0.0160004 0
0.559 0.004 0.0380291 0.0168434 0
0.5595 0.004 0.0369817 0.0160728 0
0.56 0.004 0.0271595 0.012543 0
0.5605 0.004 0.0344576 0.017671 0
0.561 0.004 0.029086 0.0179399 0
0.5615 0.004 0.0333934 0.016171 0
0.562 0.004 0.0313238 0.0138466 0
0.5625 0.004 0.0367427 0.0194582 0
0.563 0.004 0.0279096 0.013825 0
0.5635 0.004 0.0412778 0.0188265 0
0.564 0.004 0.0358263 0.0154827 0
0.5645 0.004 0.031054 0.0144229 0
0.565 0.004 0.0355778 0.01943 0
0.5655 0.004 0.0352274 0.0221508 0
0.566 0.004 0.0356216 0.0161277 0
0.5665 0.004 0.0366461 0.0189804 0
0.567 0.004 0.0320867 0.0134342 0
0.5675 0.004 0.0337715 0.0181053 0
0.568 0.004 0.0244115 0.0148034 0
0.5685 0.004 0.0290145 0.0139042 0
0.569 0.004 0.0344709 0.0158542 0
0.5695 0.004 0.0316704 0.0174023 0
0.57 0.004 0.0290932 0.0176355 0
0.5705 0.004 0.0365055 0.0183785 0
0.571 0.004 0.0336869 0.014547 0
0.5715 0.004 0.0321246 0.019876 0
0.572 0.004 0.0371489 0.0194727 0
0.5725 0.004 0.0372249 0.0169079 0
0.573 0.004 0.0343997 0.0155621 0
0.5735 0.004 0.0319746 0.016142 0
0.574 0.004 0.0349258 0.0158709 0
0.5745 0.004 0.0332321 0.0186612 0
0.575 0.004 0.0358852 0.0183809 0
0.5755 0.004 0.0388538 0.019402 0
0.576 0.004 0.0438438 0.0158809 0
0.5765 0.004 0.0378673 0.0173751 0
0.577 0.004 0.028967 0.0141565 0
0.5775 0.004 0.0342714 0.0172962 0
0.578 0.004 0.0353444 0.0167819 0
0.5785 0.004 0.0307075 0.0166893 0
0.579 0.004 0.037419 0.0188847 0
0.5795 0.004 0.036188 0.0199844 0
0.58 0.004 0.0338383 0.0178122 0
0.5805 0.004 0.0350299 0.0196773 0
0.581 0.004 0.0388363 0.0179176 0
0.5815 0.004 0.0315471 0.0152683 0
0.582 0.004 0.0347866 0.0169285 0
0.5825 0.004 0.0298483 0.0158527 0
0.583 0.004 0.0332575 0.0223536 0
0.5835 0.004 0.0284122 0.016201 0
0.584 0.004 0.036175 0.015249 0
0.5845 0.0045 0.0317784 0.0180102 0
0.585 0.0045 0.039799 0.0197001 0
0.5855 0.0045 0.0335551 0.0179636 0
0.586 0.0045 0.0328635 0.0197053 0
0.5865 0.0045 0.0323372 0.0163632 0
0.587 0.0045 0.0303829 0.0168311 0
0.5875 0.0055 0.032507 0.0148148 0
0.588 0.0055 0.034478 0.0157993 0
0.5885 0.0055 0.0411327 0.0198047 0
0.589 0.0055 0.0362924 0.0162264 0
0.5895 0.0055 0.0376485 0.0207353 0
0.59 0.0055 0.0363752 0.0151542 0
0.5905 0.0055 0.0414456 0.0252983 0
0.591 0.0055 0.0333351 0.0168052 0
0.5915 0.0055 0.0336761 0.018543 0
0.592 0.0055 0.035329 0.02098 0
0.5925 0.0055 0.0357879 0.016819 0
0.593 0.0055 0.0343019 0.0160755 0
0.5935 0.0055 0.0355926 0.0192362 0
0.594 0.0055 0.0363747 0.0191681 0
0.5945 0.0055 0.0409829 0.0217728 0
0.595 0.0055 0.0396827 0.0172425 0
0.5955 0.0055 0.0385093 0.0207733 0
0.596 0.0055 0.0367544 0.0156164 0
0.5965 0.0055 0.0419684 0.0278071 0
0.597 0.0055 0.032885 0.0165559 0
0.5975 0.0055 0.0302454 0.0131973 0
0.598 0.0055 0.0410677 0.0224104 0
0.5985 0.0055 0.0364167 0.02039 0
0.599 0.0055 0.0354939 0.0163164 0
0.5995 0.0055 0.0376903 0.018831 0
0.6 0.0055 0.0428331 0.0223945 0
0.6005 0.0055 0.0361293 0.013748 0
0.601 0.0055 0.0361712 0.0151558 0
0.6015 0.0055 0.0415068 0.0197857 0
0.602 0.0055 0.0364461 0.0169854 0
0.6025 0.0055 0.041036 0.0208117 0
0.603 0.0055 0.0398748 0.0179642 0
0.6035 0.0055 0.035695 0.0145497 0
0.604 0.0055 0.0415242 0.0192794 0
0.6045 0.0055 0.035873 0.0163429 0
0.605 0.0055 0.0410741 0.0217475 0
0.6055 0.0055 0.0377878 0.0141817 0
0.606 0.0055 0.034321 0.0199048 0
0.6065 0.0055 0.0367564 0.0179292 0
0.607 0.0055 0.0355579 0.0146206 0
0.6075 0.0055 0.0342138 0.0186513 0
0.608 0.0055 0.0339995 0.0200486 0
0.6085 0.0055 0.0318201 0.0212806 0
0.609 0.0055 0.0361405 0.0183349 0
0.6095 0.0055 0.032823 0.0175894 0
0.61 0.0055 0.0383262 0.0196298 0
0.6105 0.0055 0.0348808 0.0157529 0
0.611 0.0055 0.043044 0.0214574 0
0.6115 0.0055 0.0425129 0.0215328 0
0.612 0.0055 0.0276744 0.0136084 0
0.6125 0.0055 0.0439607 0.0197764 0
0.613 0.0055 0.0350475 0.0131755 0
0.6135 0.0055 0.0356684 0.0169727 0
0.614 0.0055 0.0363925 0.0185453 0
0.6145 0.0055 0.0359524 0.0191992 0
0.615 0.006 0.0435581 0.0222973 0
0.6155 0.006 0.0442524 0.0253885 0
0.616 0.006 0.0321341 0.0137807 0
0.6165 0.006 0.0361482 0.0188908 0
0.617 0.006 0.0334413 0.0184333 0
0.6175 0.006 0.0346598 0.0199918 0
0.618 0.006 0.0374828 0.0178269 0
0.6185 0.006 0.03829 0.0186188 0
0.619 0.006 0.0377361 0.0175708 0
0.6195 0.006 0.0343131 0.0193624 0
0.62 0.006 0.0363176 0.0188104 0
0.6205 0.006 0.040176 0.0176623 0
0.621 0.006 0.0416069 0.0212824 0
0.6215 0.006 0.0351004 0.0158643 0
0.622 0.006 0.0418344 0.0192425 0
0.6225 0.006 0.0416988 0.0181968 0
0.623 0.006 0.0342098 0.0169588 0
0.6235 0.006 0.036569 0.0175358 0
0.624 0.006 0.0366385 0.017054 0
0.6245 0.006 0.0312785 0.0189695 0
0.625 0.006 0.0419444 0.0206721 0
0.6255 0.006 0.0460533 0.0220431 0
0.626 0.006 0.0390837 0.0172941 0
0.6265 0.006 0.038121 0.0178939 0
0.627 0.006 0.0323236 0.0129709 0
0.6275 0.006 0.0342713 0.0166616 0
0.628 0.006 0.0382345 0.0159495 0
0.6285 0.006 0.0401307 0.0229267 0
0.629 0.006 0.0361427 0.0211042 0
0.6295 0.006 0.0394552 0.0172511 0
0.63 0.006 0.0364237 0.0177958 0
0.6305 0.006 0.0365934 0.0164797 0
0.631 0.006 0.0326243 0.0174932 0
0.6315 0.006 0.037387 0.0144408 0
0.632 0.006 0.0372308 0.0186701 0
0.6325 0.006 0.0317415 0.0158263 0
0.633 0.006 0.0306253 0.017211 0
0.6335 0.006 0.0296163 0.0145235 0
0.634 0.006 0.0435953 0.0168237 0
0.6345 0.006 0.0385914 0.019163 0
0.635 0.006 0.0392191 0.0187783 0
0.6355 0.006 0.0368839 0.0189131 0
0.636 0.006 0.0406302 0.020364 0
0.6365 0.006 0.0348832 0.0199708 0
0.637 0.006 0.0425459 0.0250363 0
0.6375 0.006 0.034206 0.0216096 0
0.638 0.006 0.0468066 0.0229823 0
0.6385 0.006 0.0365095 0.0179499 0
0.639 0.006 0.0378025 0.018025 0
0.6395 0.006 0.0438536 0.0200156 0
0.64 0.006 0.0450365 0.0228631 0
0.6405 0.006 0.0367985 0.0203276 0
0.641 0.006 0.0342829 0.019775 0
0.6415 0.006 0.0347629 0.0159144 0
0.642 0.006 0.0301495 0.015792 0
0.6425 0.006 0.0371471 0.0213859 0
0.643 0.006 0.0397523 0.017894 0
0.6435 0.006 0.0381546 0.0185696 0
0.644 0.006 0.0375409 0.0190928 0
0.6445 0.006 0.0403859 0.0210366 0
0.645 0.006 0.0339098 0.0213753 0
0.6455 0.006 0.0498052 0.0215735 0
0.646 0.006 0.037922 0.0158301 0
0.6465 0.006 0.0331655 0.0167227 0
0.647 0.006 0.0341563 0.0155978 0
0.6475 0.006 0.0351196 0.0167466 0
0.648 0.006 0.0380941 0.0227558 0
0.6485 0.006 0.0271879 0.0136062 0
0.649 0.006 0.0418611 0.0219229 0
0.6495 0.006 0.029034 0.0169326 0
0.65 0.006 0.0267228 0.0163455 0
0.6505 0.006 0.0419144 0.0213827 0
0.651 0.006 0.0385132 0.0189887 0
0.6515 0.006 0.0343734 0.0180535 0
0.652 0.006 0.0402043 0.0181917 0
0.6525 0.006 0.0389281 0.0183675 0
0.653 0.006 0.0468567 0.025578 0
0.6535 0.006 0.0390856 0.020252 0
0.654 0.006 0.0434548 0.0238403 0
0.6545 0.006 0.0401907 0.0218856 0
0.655 0.006 0.0470499 0.018983 0
0.6555 0.006 0.0426253 0.0160463 0
0.656 0.006 0.0368114 0.0181317 0
0.6565 0.006 0.0326407 0.0158203 0
0.657 0.006 0.0366375 0.0203898 0
0.6575 0.006 0.0504083 0.0227493 0
0.658 0.006 0.0503 0.0206242 0
0.6585 0.006 0.0523691 0.0236324 0
0.659 0.006 0.0309621 0.0144903 0
0.6595 0.006 0.0411307 0.0235522 0
0.66 0.006 0.0480171 0.0209506 0
0.6605 0.006 0.0350919 0.019881 0
0.661 0.0065 0.041352 0.0222499 0
0.6615 0.0065 0.0470593 0.0220042 0
0.662 0.0065 0.0362816 0.0178263 0
0.6625 0.0065 0.0417989 0.0198745 0
0.663 0.007 0.0334583 0.0176256 0
0.6635 0.007 0.0442469 0.0232795 0
0.664 0.007 0.0417089 0.019161 0
0.6645 0.007 0.0296349 0.015259 0
0.665 0.007 0.04153 0.0223013 0
0.6655 0.007 0.0444746 0.0249494 0
0.666 0.007 0.035328 0.0139059 0
0.6665 0.007 0.0387721 0.0166608 0
0.667 0.007 0.0353457 0.0177577 0
0.6675 0.007 0.0410284 0.020194 0
0.668 0.007 0.0378816 0.0181963 0
0.6685 0.007 0.033574 0.016894 0
0.669 0.007 0.046561 0.0241504 0
0.6695 0.007 0.0474759 0.0278046 0
0.67 0.007 0.039833 0.0178144 0
0.6705 0.007 0.0376537 0.0186692 0
0.671 0.007 0.0406391 0.0291531 0
0.6715 0.007 0.0406653 0.0221687 0
0.672 0.007 0.0379363 0.0176741 0
0.6725 0.007 0.0449126 0.0204802 0
0.673 0.007 0.0427183 0.0176236 0
0.6735 0.007 0.0417629 0.0206593 0
0.674 0.007 0.0424325 0.0231479 0
0.6745 0.007 0.0435591 0.0282582 0
0.675 0.007 0.0417195 0.0233562 0
0.6755 0.007 0.0388513 0.0226781 0
0.676 0.007 0.049096 0.0242185 0
0.6765 0.007 0.0386594 0.0227459 0
0.677 0.007 0.0369794 0.0176828 0
0.6775 0.007 0.0450869 0.0161747 0
0.678 0.007 0.0423604 0.0184551 0
0.6785 0.0095 0.0431018 0.0213981 0
0.679 0.0095 0.0421994 0.0178919 0
0.6795 0.0095 0.0377408 0.0161669 0
0.68 0.0095 0.0340637 0.0174403 0
0.6805 0.0095 0.0358762 0.0192677 0
0.681 0.0095 0.0449681 0.0234105 0
0.6815 0.0095 0.0520522 0.0239822 0
0.682 0.0095 0.0540108 0.0249689 0
0.6825 0.0095 0.0384991 0.0172223 0
0.683 0.0095 0.0446757 0.0246224 0
0.6835 0.0095 0.0447573 0.0184714 0
0.684 0.0095 0.0375727 0.0216321 0
0.6845 0.0095 0.0318653 0.0181188 0
0.685 0.0095 0.0329109 0.016691 0
0.6855 0.0095 0.0422627 0.0216243 0
0.686 0.0095 0.0428667 0.0245701 0
0.6865 0.01 0.0474182 0.0185577 0
0.687 0.01 0.0422977 0.0222657 0
0.6875 0.01 0.0409382 0.0159451 0
0.688 0.01 0.0394131 0.0210976 0
0.6885 0.01 0.0386983 0.0262366 0
0.689 0.01 0.0467267 0.0230903 0
0.6895 0.01 0.0408061 0.0205808 0
0.69 0.01 0.0408681 0.0183581 0
0.6905 0.01 0.0540406 0.0217761 0
0.691 0.01 0.0472116 0.0197531 0
0.6915 0.01 0.0445084 0.023467 0
0.692 0.01 0.0437074 0.0202352 0
0.6925 0.01 0.0482571 0.019337 0
0.693 0.01 0.0469142 0.0245439 0
0.6935 0.01 0.0440579 0.0259165 0
0.694 0.01 0.0441427 0.0208562 0
0.6945 0.01 0.0509121 0.0226373 0
0.695 0.01 0.0454779 0.0242597 0
0.6955 0.01 0.048302 0.0247343 0
0.696 0.01 0.0429173 0.024506 0
0.6965 0.01 0.0365133 0.0158811 0
0.697 0.01 0.0480873 0.0232089 0
0.6975 0.01 0.0341654 0.0189163 0
0.698 0.01 0.0398193 0.0178258 0
0.6985 0.01 0.0412153 0.0178041 0
0.699 0.01 0.0477957 0.0242227 0
0.6995 0.01 0.0349194 0.0153136 0
0.7 0.01 0.0429223 0.0184825 0
0.7005 0.01 0.0310345 0.0158 0
0.701 0.01 0.036432 0.017072 0
0.7015 0.01 0.0375619 0.020073 0
0.702 0.01 0.0418459 0.0191134 0
0.7025 0.01 0.0402059 0.0268593 0
0.703 0.01 0.0403112 0.0245384 0
0.7035 0.01 0.0367649 0.0210204 0
0.704 0.01 0.0410216 0.0170541 0
0.7045 0.01 0.0417076 0.0205393 0
0.705 0.01 0.0442478 0.018886 0
0.7055 0.01 0.0365457 0.0197114 0
0.706 0.01 0.039802 0.018897 0
0.7065 0.01 0.0427198 0.0228254 0
0.707 0.01 0.0444716 0.0256459 0
0.7075 0.01 0.0376695 0.0177659 0
0.708 0.01 0.0380785 0.0209708 0
0.7085 0.01 0.0424973 0.0239088 0
0.709 0.01 0.039002 0.0201142 0
0.7095 0.01 0.0408374 0.0205853 0
0.71 0.01 0.0397604 0.0215999 0
0.7105 0.01 0.0437895 0.0202308 0
0.711 0.01 0.0547285 0.0246185 0
0.7115 0.01 0.0440743 0.0281217 0
0.712 0.01 0.0465086 0.020978 0
0.7125 0.01 0.0395717 0.022983 0
0.713 0.01 0.0489178 0.0283355 0
0.7135 0.01 0.0454426 0.0248989 0
0.714 0.01 0.0395322 0.0210999 0
0.7145 0.01 0.0464623 0.0225209 0
0.715 0.01 0.0531995 0.0225217 0
0.7155 0.01 0.0412696 0.0151843 0
0.716 0.01 0.0424907 0.02026 0
0.7165 0.01 0.0463716 0.0215345 0
0.717 0.01 0.0450136 0.0243624 0
0.7175 0.0105 0.0449524 0.0164113 0
0.718 0.0105 0.0437885 0.0212468 0
0.7185 0.0105 0.0489846 0.020296 0
0.719 0.0105 0.0409331 0.0168316 0
0.7195 0.0105 0.0417398 0.018629 0
0.72 0.0105 0.0453234 0.0322283 0
0.7205 0.0105 0.0401412 0.0261763 0
0.721 0.0105 0.0491236 0.0246405 0
0.7215 0.0105 0.0451066 0.0276759 0
0.722 0.0105 0.0434436 0.0241465 0
0.7225 0.0105 0.0428193 0.0241349 0
0.723 0.0105 0.046393 0.0191725 0
0.7235 0.0105 0.033585 0.0164395 0
0.724 0.0105 0.0436995 0.0250487 0
0.7245 0.0105 0.0482937 0.0216509 0
0.725 0.0105 0.0437479 0.0237983 0
0.7255 0.0105 0.0497543 0.0284848 0
0.726 0.0105 0.0463995 0.0215762 0
0.7265 0.0105 0.0540429 0.020271 0
0.727 0.0105 0.0479671 0.0271223 0
0.7275 0.0105 0.0384701 0.0198618 0
0.728 0.0105 0.0561675 0.0253831 0
0.7285 0.0105 0.0471348 0.0191225 0
0.729 0.0105 0.0422903 0.0212997 0
0.7295 0.0105 0.0494957 0.0247769 0
0.73 0.0125 0.0559199 0.0221807 0
0.7305 0.0125 0.0560974 0.0235758 0
0.731 0.0125 0.050489 0.0268223 0
0.7315 0.0125 0.04647 0.0286442 0
0.732 0.0125 0.0521545 0.0276398 0
0.7325 0.0125 0.0414768 0.023154 0
0.733 0.0125 0.0442972 0.0181855 0
0.7335 0.0125 0.0414276 0.0270797 0
0.734 0.0125 0.043649 0.0274656 0
0.7345 0.0125 0.0435541 0.0235339 0
0.735 0.0125 0.0559893 0.0211377 0
0.7355 0.0125 0.0531223 0.0228484 0
0.736 0.0125 0.0483064 0.0206699 0
0.7365 0.0125 0.0398988 0.0186837 0
0.737 0.0125 0.0379461 0.0226341 0
0.7375 0.0125 0.0390896 0.0226719 0
0.738 0.0125 0.0454451 0.0205109 0
0.7385 0.0125 0.039712 0.0202062 0
0.739 0.0125 0.0373661 0.0172904 0
0.7395 0.0125 0.051854 0.0262695 0
0.74 0.0125 0.0457856 0.0211028 0
0.7405 0.0125 0.0548728 0.0270475 0
0.741 0.0125 0.0438202 0.0261134 0
0.7415 0.0125 0.0431257 0.0187136 0
0.742 0.0125 0.0507723 0.0282514 0
0.7425 0.0125 0.0476993 0.0261858 0
0.743 0.0125 0.0404881 0.0215037 0
0.7435 0.0125 0.0474452 0.0294882 0
0.744 0.0125 0.0516434 0.0251374 0
0.7445 0.0125 0.0447027 0.0228682 0
0.745 0.0125 0.0455597 0.0203178 0
0.7455 0.0125 0.043616 0.0231469 0
0.746 0.0125 0.0446583 0.0220911 0
0.7465 0.0125 0.0473073 0.0245596 0
0.747 0.0125 0.0449866 0.0215092 0
0.7475 0.0125 0.0491379 0.0257516 0
0.748 0.0125 0.0454641 0.0262547 0
0.7485 0.0125 0.0461649 0.0227333 0
0.749 0.0125 0.049535 0.0226887 0
0.7495 0.0125 0.0664886 0.0302996 0
0.75 0.0125 0.056106 0.0243722 0
0.7505 0.0125 0.0451671 0.0151882 0
0.751 0.0125 0.045132 0.0272047 0
0.7515 0.0125 0.0527487 0.0227024 0
0.752 0.0125 0.0517184 0.0236949 0
0.7525 0.0125 0.0553457 0.0226431 0
0.753 0.0125 0.0542624 0.0222082 0
0.7535 0.0125 0.048294 0.0213944 0
0.754 0.0125 0.0411931 0.0166781 0
0.7545 0.0125 0.0505688 0.0211024 0
0.755 0.0125 0.0374922 0.0202292 0
0.7555 0.0125 0.0516532 0.0258638 0
0.756 0.0125 0.0518904 0.0290151 0
0.7565 0.0125 0.0563636 0.0251968 0
0.757 0.0125 0.0415158 0.0214013 0
0.7575 0.0125 0.049113 0.0263784 0
0.758 0.0125 0.0465996 0.0258725 0
0.7585 0.0125 0.0421929 0.0182738 0
0.759 0.0125 0.0410147 0.0210576 0
0.7595 0.0125 0.0368256 0.0194893 0
0.76 0.0125 0.0474103 0.0240971 0
0.7605 0.0125 0.0536075 0.0284809 0
0.761 0.0125 0.0412835 0.024322 0
0.7615 0.0125 0.0317917 0.0222452 0
0.762 0.0125 0.0637406 0.0290026 0
0.7625 0.0125 0.0712156 0.040293 0
0.763 0.0125 0.0523572 0.031636 0
0.7635 0.0125 0.0504403 0.023987 0
0.764 0.0125 0.0411782 0.0158749 0
0.7645 0.0125 0.0541269 0.0221088 0
0.765 0.0125 0.0608489 0.0227921 0
0.7655 0.0125 0.0513214 0.0261415 0
0.766 0.0125 0.0367345 0.0188545 0
0.7665 0.0125 0.0404611 0.0249243 0
0.767 0.0125 0.0483806 0.0289239 0
0.7675 0.0125 0.0599859 0.0324224 0
0.768 0.0125 0.0574432 0.0246661 0
0.7685 0.0125 0.0598193 0.0261301 0
0.769 0.0125 0.044413 0.0250493 0
0.7695 0.0125 0.0428046 0.0203781 0
0.77 0.0125 0.0357798 0.0177264 0
0.7705 0.0125 0.0489451 0.025192 0
0.771 0.0125 0.0529509 0.0244278 0
0.7715 0.0125 0.0376071 0.0226848 0
0.772 0.0125 0.0386347 0.0209092 0
0.7725 0.0125 0.0474831 0.0255579 0
0.773 0.0125 0.0424907 0.0188668 0
0.7735 0.0125 0.0607215 0.0383893 0
0.774 0.0125 0.0484666 0.0227258 0
0.7745 0.0125 0.047403 0.017185 0
0.775 0.0125 0.0464754 0.0268477 0
0.7755 0.0125 0.0498975 0.0277941 0
0.776 0.0125 0.0609803 0.0301999 0
0.7765 0.0125 0.0606378 0.0233607 0
0.777 0.0125 0.0450565 0.0207436 0
0.7775 0.0125 0.0555615 0.025689 0
0.778 0.0125 0.0572122 0.0300898 0
0.7785 0.0125 0.0492641 0.0177118 0
0.779 0.0125 0.0446153 0.0202237 0
0.7795 0.0125 0.052628 0.0218826 0
0.78 0.0125 0.0644055 0.0285007 0
0.7805 0.0125 0.0526869 0.0277316 0
0.781 0.0125 0.0615056 0.0277598 0
0.7815 0.0125 0.0534781 0.0168825 0
0.782 0.0125 0.0668305 0.028216 0
0.7825 0.0125 0.0556937 0.0230154 0
0.783 0.013 0.062622 0.0271368 0
0.7835 0.013 0.0426007 0.0164263 0
0.784 0.013 0.0546723 0.0283933 0
0.7845 0.013 0.0581814 0.0265369 0
0.785 0.013 0.0517901 0.0297445 0
0.7855 0.013 0.0625024 0.0327839 0
0.786 0.013 0.0593727 0.0314637 0
0.7865 0.013 0.0517013 0.0203653 0
0.787 0.0135 0.0455335 0.0231909 0
0.7875 0.0135 0.0590553 0.0301634 0
0.788 0.0135 0.0535686 0.0234246 0
0.7885 0.0135 0.0500323 0.0210685 0
0.789 0.0135 0.0392913 0.0178981 0
0.7895 0.0135 0.0387744 0.0172553 0
0.79 0.0135 0.0609018 0.0175748 0
0.7905 0.0135 0.0558908 0.0369803 0
0.791 0.0135 0.0494702 0.0209205 0
0.7915 0.0135 0.0472057 0.02223 0
0.792 0.0135 0.0482281 0.0240209 0
0.7925 0.0135 0.0491272 0.0168165 0
0.793 0.0135 0.0733983 0.0331954 0
0.7935 0.0135 0.0489742 0.0253932 0
0.794 0.0135 0.0546561 0.018242 0
0.7945 0.0135 0.0592554 0.0210433 0
0.795 0.0135 0.0445643 0.0221511 0
0.7955 0.0135 0.057593 0.0278313 0
0.796 0.0135 0.0558373 0.0180691 0
0.7965 0.0135 0.0627427 0.0298598 0
0.797 0.0135 0.0496637 0.0274942 0
0.7975 0.0135 0.0618366 0.0314516 0
0.798 0.0135 0.0504318 0.025953 0
0.7985 0.0135 0.0523112 0.0240794 0
0.799 0.0135 0.0481398 0.022971 0
0.7995 0.0135 0.0557224 0.0206539 0
0.8 0.0135 0.0353225 0.0233322 0
0.8005 0.0135 0.058503 0.0307643 0
0.801 0.0135 0.0584663 0.0277322 0
0.8015 0.0135 0.0495219 0.0279504 0
0.802 0.0135 0.0750088 0.0219843 0
0.8025 0.016 0.0601003 0.0248513 0
0.803 0.016 0.0631165 0.0294596 0
0.8035 0.016 0.0624197 0.0258264 0
0.804 0.016 0.0534819 0.0235584 0
0.8045 0.016 0.0580951 0.0268303 0
0.805 0.016 0.0698423 0.0304714 0
0.8055 0.016 0.071869 0.026077 0
0.806 0.016 0.0459039 0.0186253 0
0.8065 0.016 0.0627598 0.0265354 0
0.807 0.016 0.0502035 0.0189868 0
0.8075 0.016 0.0621442 0.0239951 0
0.808 0.016 0.053737 0.0294705 0
0.8085 0.016 0.0576886 0.0290181 0
0.809 0.016 0.0694163 0.0342013 0
0.8095 0.016 0.0578529 0.0249819 0
0.81 0.016 0.0519943 0.0235377 0
0.8105 0.016 0.0591732 0.034366 0
0.811 0.016 0.0524188 0.0237536 0
0.8115 0.016 0.0508752 0.0270304 0
0.812 0.016 0.0582446 0.0254448 0
0.8125 0.016 0.0502457 0.0269131 0
0.813 0.016 0.0618368 0.0299426 0
0.8135 0.016 0.056593 0.0278485 0
0.814 0.016 0.063543 0.0194508 0
0.8145 0.016 0.0676178 0.0329431 0
0.815 0.016 0.0623942 0.0324697 0
0.8155 0.016 0.0602383 0.0268955 0
0.816 0.016 0.0554129 0.0213811 0
0.8165 0.018 0.0331524 0.0201776 0
0.817 0.018 0.053432 0.0308555 0
0.8175 0.018 0.0537956 0.0220924 0
0.818 0.018 0.0576796 0.0320554 0
0.8185 0.018 0.0581538 0.0268491 0
0.819 0.018 0.0644118 0.0362325 0
0.8195 0.018 0.0615906 0.0327863 0
0.82 0.018 0.0594786 0.0271715 0
0.8205 0.018 0.0583461 0.0168093 0
0.821 0.018 0.0456267 0.0230923 0
0.8215 0.018 0.0709492 0.0314309 0
0.822 0.018 0.0578675 0.0281277 0
0.8225 0.018 0.0663982 0.0338193 0
0.823 0.018 0.0461446 0.025499 0
0.8235 0.018 0.0484311 0.0255963 0
0.824 0.018 0.0507835 0.0230925 0
0.8245 0.018 0.06025 0.0329451 0
0.825 0.018 0.0494101 0.0258293 0
0.8255 0.018 0.0602476 0.0259616 0
0.826 0.018 0.0634045 0.0306021 0
0.8265 0.018 0.0629522 0.0246614 0
0.827 0.018 0.0500119 0.0294013 0
0.8275 0.018 0.0428488 0.0238865 0
0.828 0.018 0.0425267 0.0225942 0
0.8285 0.018 0.056931 0.0188861 0
0.829 0.018 0.0551631 0.0286805 0
0.8295 0.018 0.0551375 0.0243498 0
0.83 0.018 0.0590128 0.0273154 0
0.8305 0.018 0.0535252 0.0367498 0
0.831 0.018 0.0808787 0.0305782 0
0.8315 0.0195 0.0494584 0.0221474 0
0.832 0.0195 0.0648257 0.0261598 0
0.8325 0.0195 0.0585476 0.0264113 0
0.833 0.0195 0.046995 0.0238567 0
0.8335 0.0195 0.0643775 0.0335018 0
0.834 0.0195 0.0515723 0.0274569 0
0.8345 0.0195 0.0543937 0.0238282 0
0.835 0.0195 0.073645 0.033941 0
0.8355 0.0195 0.0782691 0.0255548 0
0.836 0.0195 0.067135 0.0349742 0
0.8365 0.0195 0.064875 0.026461 0
0.837 0.0195 0.0843892 0.0472725 0
0.8375 0.026 0.0512877 0.0216552 0
0.838 0.026 0.0694895 0.0263246 0
0.8385 0.026 0.0502494 0.0335074 0
0.839 0.026 0.0621121 0.0264334 0
0.8395 0.026 0.0499077 0.0239211 0
0.84 0.026 0.0461794 0.027032 0
0.8405 0.026 0.0477703 0.0235878 0
0.841 0.026 0.0588326 0.0263724 0
0.8415 0.026 0.0638714 0.025843 0
0.842 0.026 0.0590754 0.032846 0
0.8425 0.026 0.0538161 0.0414158 0
0.843 0.026 0.0442763 0.021967 0
0.8435 0.026 0.0579177 0.0288334 0
0.844 0.026 0.0539544 0.0227682 0
0.8445 0.026 0.0546192 0.022517 0
0.845 0.026 0.0462279 0.0226257 0
0.8455 0.026 0.0675133 0.0331873 0
0.846 0.026 0.0529641 0.0302877 0
0.8465 0.026 0.0771944 0.0414877 0
0.847 0.026 0.0382944 0.016164 0
0.8475 0.028 0.0648785 0.0278939 0
0.848 0.0305 0.0521803 0.023482 0
0.8485 0.0305 0.0609557 0.0359984 0
0.849 0.0305 0.0871222 0.0425569 0
0.8495 0.0305 0.0574976 0.0269559 0
0.85 0.0305 0.049992 0.035906 0
0.8505 0.0305 0.0737053 0.0283947 0
0.851 0.0305 0.0619128 0.0333391 0
0.8515 0.0305 0.0497541 0.0221948 0
0.852 0.0305 0.078902 0.0357616 0
0.8525 0.0305 0.0652848 0.0314181 0
0.853 0.0305 0.0642083 0.0288681 0
0.8535 0.0305 0.04505 0.0262818 0
0.854 0.0305 0.0617996 0.0198459 0
0.8545 0.0305 0.0568979 0.0363124 0
0.855 0.0305 0.0631029 0.0238027 0
0.8555 0.0305 0.060534 0.0372189 0
0.856 0.0305 0.0715088 0.0251191 0
0.8565 0.0305 0.0596849 0.0239262 0
0.857 0.0305 0.0561054 0.0287219 0
0.8575 0.0335 0.0552751 0.0217886 0
0.858 0.0335 0.0428978 0.0179904 0
0.8585 0.0335 0.0593392 0.0270323 0
0.859 0.0335 0.0522355 0.0234704 0
0.8595 0.0335 0.0529259 0.0250491 0
0.86 0.0335 0.0715226 0.0274187 0
0.8605 0.0335 0.0605745 0.0317382 0
0.861 0.0335 0.069642 0.0308353 0
0.8615 0.0335 0.0458004 0.0140183 0
0.862 0.0335 0.0553369 0.0274743 0
0.8625 0.0335 0.0664916 0.0296417 0
0.863 0.0335 0.0512156 0.0231667 0
0.8635 0.0335 0.042431 0.0283008 0
0.864 0.0335 0.0637886 0.0294108 0
0.8645 0.0335 0.0607474 0.0435576 0
0.865 0.0335 0.0573878 0.0256143 0
0.8655 0.0335 0.0735252 0.0340476 0
0.866 0.0335 0.0992453 0.0493958 0
0.8665 0.0335 0.0497628 0.0336025 0
0.867 0.0335 0.074308 0.0297741 0
0.8675 0.0335 0.0726877 0.0175644 0
0.868 0.0335 0.0679328 0.032433 0
0.8685 0.0335 0.071209 0.0216755 0
0.869 0.0335 0.0471591 0.0222278 0
0.8695 0.0335 0.0595721 0.0310674 0
0.87 0.0335 0.0676803 0.0324152 0
0.8705 0.0335 0.075695 0.0463854 0
0.871 0.0335 0.0672248 0.024194 0
0.8715 0.0335 0.0879148 0.0293285 0
0.872 0.0335 0.0765594 0.0546344 0
0.8725 0.0335 0.0431201 0.0212277 0
0.873 0.0335 0.053056 0.0268864 0
0.8735 0.0385 0.0788066 0.0382631 0
0.874 0.0385 0.0605305 0.0268495 0
0.8745 0.0385 0.0636528 0.032117 0
0.875 0.0395 0.0586245 0.0334118 0
0.8755 0.0395 0.0838757 0.0369943 0
0.876 0.0395 0.0744407 0.0260899 0
0.8765 0.0395 0.0508819 0.0238663 0
0.877 0.0395 0.062099 0.0288225 0
0.8775 0.0445 0.0673077 0.0355851 0
0.878 0.0445 0.0633166 0.0214966 0
0.8785 0.0445 0.0598269 0.0330564 0
0.879 0.0445 0.0572347 0.0187465 0
0.8795 0.0445 0.055113 0.0250041 0
0.88 0.0445 0.0509507 0.0191082 0
0.8805 0.0445 0.070648 0.0282914 0
0.881 0.0445 0.04149 0.0209626 0
0.8815 0.0445 0.0542246 0.0257351 0
0.882 0.0445 0.0550716 0.0252422 0
0.8825 0.0445 0.064648 0.025699 0
0.883 0.0445 0.0734688 0.0262178 0
0.8835 0.0445 0.0771092 0.0364828 0
0.884 0.0445 0.0637537 0.0318125 0
0.8845 0.0445 0.0480674 0.0278329 0
0.885 0.0445 0.0645451 0.029313 0
0.8855 0.0445 0.0575562 0.0275094 0
0.886 0.0485 0.0617999 0.0226287 0
0.8865 0.0485 0.0601003 0.0276983 0
0.887 0.0485 0.0740073 0.0212332 0
0.8875 0.0495 0.0672779 0.0453114 0
0.888 0.0495 0.0437716 0.0255431 0
0.8885 0.0495 0.0691073 0.0223033 0
0.889 0.0495 0.0759801 0.0398286 0
0.8895 0.0495 0.0840376 0.0356864 0
0.89 0.0495 0.0751033 0.0353173 0
0.8905 0.0495 0.0594785 0.0426693 0
0.891 0.0495 0.0887739 0.042483 0
0.8915 0.0495 0.0746657 0.0289308 0
0.892 0.0495 0.0611306 0.0308247 0
0.8925 0.0495 0.0700963 0.0306384 0
0.893 0.0495 0.0693611 0.0385593 0
0.8935 0.0495 0.0694267 0.0290482 0
0.894 0.0495 0.0687547 0.029815 0
0.8945 0.0495 0.0801804 0.0367853 0
0.895 0.0495 0.0599035 0.0269065 0
0.8955 0.055 0.0666413 0.0377484 0
0.896 0.055 0.0622785 0.0278223 0
0.8965 0.055 0.071449 0.0280038 0
0.897 0.055 0.109858 0.0394544 0
0.8975 0.055 0.0969645 0.0241679 0
0.898 0.055 0.0744484 0.0299866 0
0.8985 0.055 0.0750151 0.0314991 0
0.899 0.055 0.0668689 0.0267883 0
0.8995 0.055 0.0538315 0.0235787 0
0.9 0.055 0.0902208 0.0369974 0
0.9005 0.055 0.0934335 0.0503843 0
0.901 0.055 0.103174 0.037944 0
0.9015 0.055 0.0860747 0.0579357 0
0.902 0.055 0.0604576 0.0285661 0
0.9025 0.055 0.0409295 0.0196742 0
0.903 0.055 0.0803942 0.035563 0
0.9035 0.055 0.0692878 0.0278482 0
0.904 0.055 0.047841 0.0262467 0
0.9045 0.055 0.0487168 0.0204755 0
0.905 0.055 0.0876032 0.0418842 0
0.9055 0.077 0.0701438 0.0262873 0
0.906 0.077 0.0597826 0.0248786 0
0.9065 0.077 0.0596029 0.0341051 0
0.907 0.077 0.0822895 0.0514289 0
0.9075 0.077 0.0354726 0.0211108 0
0.908 0.077 0.0714669 0.0319142 0
0.9085 0.077 0.0548865 0.0253171 0
0.909 0.077 0.0716269 0.0401927 0
0.9095 0.077 0.0845655 0.0327097 0
0.91 0.077 0.0710269 0.0253993 0
0.9105 0.077 0.109111 0.0670397 0
0.911 0.077 0.0389324 0.0214124 0
0.9115 0.0825 0.0803951 0.0394482 0
0.912 0.0825 0.0526335 0.0176317 0
0.9125 0.0825 0.0954839 0.0340969 0
0.913 0.085 0.0700218 0.0305993 0
0.9135 0.101 0.0510773 0.0252217 0
0.914 0.104 0.0949407 0.0400899 0
0.9145 0.104 0.0726963 0.0321939 0
0.915 0.104 0.0570954 0.0317563 0
0.9155 0.104 0.0594688 0.0268096 0
0.916 0.104 0.0463915 0.0230262 0
0.9165 0.104 0.0947242 0.0286788 0
0.917 0.104 0.0711186 0.0445329 0
0.9175 0.104 0.0615764 0.0290199 0
0.918 0.104 0.0841338 0.0546662 0
0.9185 0.104 0.063844 0.0349565 0
0.919 0.104 0.0388991 0.0180295 0
0.9195 0.104 0.045471 0.0207975 0
0.92 0.104 0.090891 0.0300474 0
0.9205 0.104 0.0804797 0.0249411 0
0.921 0.104 0.0679857 0.0363702 0
0.9215 0.104 0.0910657 0.0391007 0
0.922 0.104 0.0922819 0.0163592 0
0.9225 0.104 0.0727999 0.0296185 0
0.923 0.104 0.077169 0.0424686 0
0.9235 0.104 0.0841738 0.044563 0
0.924 0.104 0.0561183 0.0201306 0
0.9245 0.104 0.0774666 0.0337444 0
0.925 0.1605 0.0412178 0.0220355 0
0.9255 0.1605 0.0667875 0.0307985 0
0.926 0.1605 0.0803242 0.0341704 0
0.9265 0.1605 0.0578836 0.0249813 0
0.927 0.203 0.0846423 0.0471879 0
0.9275 0.203 0.0383955 0.0199551 0
0.928 0.203 0.0547639 0.0195732 0
0.9285 0.2035 0.074958 0.0343999 0
0.929 0.2035 0.0644714 0.0238093 0
0.9295 0.2595 0.0968192 0.0350331 0
0.93 0.2595 0.074861 0.0308556 0
0.9305 0.2595 0.0649996 0.0223621 0
0.931 0.2595 0.122123 0.0418697 0
0.9315 0.2595 0.092132 0.0475165 0
0.932 0.2595 0.0923043 0.0290323 0
0.9325 0.2805 0.0788776 0.0141849 0
0.933 0.2825 0.0640368 0.0287246 0
0.9335 0.4455 0.0945824 0.0339459 0
0.934 0.4455 0.071858 0.035376 0
0.9345 0.4455 0.0705041 0.0468989 0
0.935 0.45 0.056511 0.0290913 0
0.9355 0.45 0.0497878 0.0282064 0
0.936 0.45 0.0522225 0.0224748 0
0.9365 0.45 0.0832383 0.0274719 0
0.937 0.4505 0.062069 0.0229155 0
0.9375 0.4505 0.0790586 0.0342134 0
0.938 0.451 0.10185 0.0460525 0
0.9385 0.4685 0.103765 0.0327315 0
0.939 0.4685 0.113714 0.038245 0
0.9395 0.4685 0.0952242 0.0265479 0
0.94 0.469 0.0610346 0.0191972 0
0.9405 0.469 0.0710964 0.0366723 0
0.941 0.474 0.0958191 0.0193971 0
0.9415 0.4755 0.0699058 0.0302535 0
0.942 0.4755 0.0571077 0.0347596 0
0.9425 0.476 0.094675 0.0389828 0
0.943 0.4765 0.0679503 0.0301358 0
0.9435 0.783 0.0864936 0.027423 0
0.944 0.783 0.124437 0.0264567 0
0.9445 0.783 0.0518897 0.0180169 0
0.945 0.783 0.0873998 0.0436824 0
0.9455 0.8265 0.0638492 0.0200312 0
0.946 0.8265 0.079711 0.0291113 0
0.9465 0.8265 0.053159 0.0264941 0
0.947 0.827 0.0361884 0.0162916 0
0.9475 0.827 0.0700853 0.0286956 0
0.948 0.827 0.0777086 0.0296564 0
0.9485 0.827 0.0434815 0.0189083 0
0.949 0.827 0.0516544 0.0166551 0
0.9495 0.827 0.0656772 0.0337643 0
0.95 0.827 0.0629269 0.0311744 0
0.9505 0.8285 0.0718249 0.035585 0
0.951 0.8285 0.0681716 0.025142 0
0.9515 0.8305 0.0543238 0.0278651 0
0.952 0.8335 0.0563222 0.0230709 0
0.9525 0.8335 0.0539891 0.0195265 0
0.953 0.8335 0.0869667 0.0182252 0
0.9535 0.8335 0.114953 0.0180206 0
0.954 0.8335 0.1228 0.0255799 0
0.9545 0.8335 0.0708764 0.017572 0
0.955 0.834 0.097506 0.025799 0
0.9555 0.834 0.101293 0.0305896 0
0.956 0.8345 0.0693682 0.034939 0
0.9565 0.8345 0.0899405 0.0290735 0
0.957 0.8345 0.0684727 0.0210098 0
0.9575 0.8345 0.0241567 0.00876501 0
0.958 0.835 0.0408076 0.0131308 0
0.9585 0.835 0.0529006 0.0146378 0
0.959 0.835 0.0855907 0.0202813 0
0.9595 0.838 0.0573952 0.0112003 0
0.96 0.838 0.0869727 0.0288679 0
0.9605 0.8505 0.0613268 0.0314028 0
0.961 0.8555 0.0496947 0.0122601 0
0.9615 0.8575 0.0910097 0.0264492 0
0.962 0.858 0.0830756 0.0366612 0
0.9625 0.858 0.0528933 0.0203379 0
0.963 0.86 0.0530436 0.0118141 0
0.9635 0.8695 0.0543396 0.0176322 0
0.964 0.8695 0.0977445 0.0210405 0
0.9645 0.87 0.0818673 0.015327 0
0.965 0.8705 0.0754819 0.01456 0
0.9655 0.874 0.0927877 0.013641 0
0.966 0.88 0.0564817 0.0110972 0
0.9665 0.88 0.0499345 0.0128369 0
0.967 0.88 0.0563571 0.00911932 0
0.9675 0.8825 0.0253032 0.00979462 0
0.968 0.8825 0.0281766 0.0123654 0
0.9685 0.8835 0.0325615 0.0142006 0
0.969 0.8835 0.0399342 0.0132225 0
0.9695 0.8835 0.0402411 0.0109004 0
0.97 0.8835 0.0315991 0.00880987 0
0.9705 0.885 0.0271974 0.0100736 0
0.971 0.885 0.035735 0.00931168 0
0.9715 0.885 0.0358836 0.0128941 0
0.972 0.8855 0.0443637 0.0128364 0
0.9725 0.8855 0.0301616 0.0102303 0
0.973 0.89 0.0314731 0.0125876 0
0.9735 0.8915 0.037636 0.0109852 0
0.974 0.8915 0.0290217 0.0108277 0
0.9745 0.896 0.0268642 0.0116525 0
0.975 0.8985 0.0285089 0.0108418 0
0.9755 0.8985 0.0326566 0.0181222 0
0.976 0.902 0.0297177 0.00742972 0
0.9765 0.903 0.0363564 0.0139167 0
0.977 0.903 0.0406926 0.0132621 0
0.9775 0.903 0.0499599 0.0126806 0
0.978 0.9045 0.0522582 0.00958489 0
0.9785 0.9065 0.046748 0.0135126 0
0.979 0.9065 0.0430316 0.00664958 0
0.9795 0.9065 0.0333371 0.0133252 0
0.98 0.9065 0.0467923 0.0173868 0
0.9805 0.9065 0.0308372 0.00950945 0
0.981 0.907 0.0486179 0.0122837 0
0.9815 0.907 0.034058 0.00616098 0
0.982 0.907 0.0447588 0.0113967 0
0.9825 0.907 0.0207218 0.00873613 0
0.983 0.9085 0.0389772 0.00935941 0
0.9835 0.9085 0.029824 0.0118186 0
0.984 0.909 0.0274719 0.0100549 0
0.9845 0.909 0.0183165 0.00816786 0
0.985 0.909 0.0439341 0.0142996 0
0.9855 0.909 0.050133 0.0132227 0
0.986 0.909 0.0545764 0.0238839 0
0.9865 0.909 0.0315494 0.00956748 0
0.987 0.91 0.0195948 0.00957015 0
0.9875 0.911 0.0306642 0.0171769 0
0.988 0.911 0.0666269 0.0106112 0
0.9885 0.911 0.0501909 0.00879731 0
0.989 0.911 0.0639884 0.012508 0
0.9895 0.911 0.0347004 0.00831065 0
0.99 0.911 0.0402755 0.00944088 0
0.9905 0.911 0.0307177 0.011312 0
0.991 0.9115 0.0378035 0.0113858 0
0.9915 0.9115 0.017495 0.00963827 0
0.992 0.9115 0.0235785 0.0101282 0
0.9925 0.9125 0.0571663 0.0119145 0
0.993 0.9125 0.0520066 0.0119099 0
0.9935 0.9125 0.046934 0.010398 0
0.994 0.9125 0.0565792 0.00966742 0
0.9945 0.9125 0.0509826 0.0162548 0
0.995 0.9125 0.0471175 0.00886762 0
0.9955 0.9135 0.0452847 0.00935044 0
0.996 0.9135 0.034843 0.0124376 0
0.9965 0.9135 0.0396196 0.00980492 0
0.997 0.9135 0.0398337 0.00880298 0
0.9975 0.9135 0.0333209 0.0118007 0
0.998 0.9135 0.0239611 0.0110437 0
0.9985 0.9135 0.027969 0.00750285 0
0.999 0.9135 0.03243 0.0125349 0
0.9995 0.9135 0.0258267 0.00916184 0
1 0.9135 0.0262146 0.0110116 0
1.0005 0.9145 0.0201941 0.00716334 0
1.001 0.9145 0.017996 0.00729697 0
1.0015 0.9165 0.0166485 0.00693274 0
1.002 0.9165 0.0206256 0.00630409 0
1.0025 0.9175 0.018934 0.0102522 0
1.003 0.9175 0.0222226 0.00698237 0
1.0035 0.9175 0.0165009 0.00946413 0
1.004 0.9205 0.0274094 0.0141618 0
1.0045 0.9205 0.0259877 0.00910325 0
1.005 0.9205 0.0281194 0.00873563 0
1.0055 0.9205 0.0379267 0.00712388 0
1.006 0.9205 0.0463174 0.00721878 0
1.0065 0.9205 0.0406566 0.00779324 0
1.007 0.9205 0.0605373 0.00672006 0
1.0075 0.9205 0.0473748 0.00849104 0
1.008 0.9205 0.0667663 0.0111559 0
1.0085 0.9255 0.061418 0.0103701 0
1.009 0.9255 0.0516156 0.00696024 0
1.0095 0.9255 0.0555658 0.0106271 0
1.01 0.9255 0.0543486 0.0102766 0
1.0105 0.9255 0.0460624 0.0101417 0
1.011 0.9255 0.0429092 0.00906071 0
1.0115 0.927 0.0340481 0.00946448 0
1.012 0.928 0.0326685 0.00881151 0
1.0125 0.928 0.031844 0.00690296 0
1.013 0.928 0.0314141 0.0067396 0
1.0135 0.928 0.0306551 0.0090225 0
1.014 0.928 0.0254519 0.00998825 0
1.0145 0.928 0.0287758 0.00796865 0
1.015 0.928 0.0542963 0.0129708 0
1.0155 0.928 0.0577474 0.00713278 0
1.016 0.928 0.0623207 0.00762768 0
1.0165 0.93 0.0608113 0.00707946 0
1.017 0.93 0.0621554 0.00820347 0
1.0175 0.93 0.0680375 0.00768377 0
1.018 0.9305 0.0650747 0.0093787 0
1.0185 0.9305 0.0642242 0.00776136 0
1.019 0.9305 0.0695396 0.00802227 0
1.0195 0.9305 0.0664154 0.00709053 0
1.02 0.9305 0.0643882 0.0088802 0
1.0205 0.9305 0.0575862 0.0101691 0
1.021 0.931 0.0581328 0.00613605 0
1.0215 0.931 0.0606166 0.0059958 0
1.022 0.9325 0.062076 0.0101035 0
1.0225 0.9325 0.0637756 0.00776744 0
1.023 0.9325 0.0577204 0.00779468 0
1.0235 0.9325 0.0611995 0.00592737 0
1.024 0.9325 0.0583898 0.00575022 0
1.0245 0.9325 0.051573 0.0093282 0
1.025 0.9325 0.0480359 0.00510293 0
1.0255 0.9325 0.0452274 0.00965615 0
1.026 0.9385 0.0381812 0.00872354 0
1.0265 0.9385 0.0427368 0.00740488 0
1.027 0.9385 0.0452182 0.00677127 0
1.0275 0.9385 0.0333447 0.00783945 0
1.028 0.9385 0.0324479 0.00734426 0
1.0285 0.9385 0.0326223 0.00498925 0
1.029 0.9385 0.0512797 0.00593306 0
1.0295 0.9385 0.0513945 0.00665188 0
1.03 0.9385 0.0582079 0.00460973 0
1.0305 0.9385 0.0486594 0.00728532 0
1.031 0.9385 0.0573497 0.00598875 0
1.0315 0.9405 0.0707604 0.00539625 0
1.032 0.9405 0.079531 0.00574766 0
1.0325 0.9405 0.0812214 0.00673375 0
1.033 0.9405 0.0818733 0.00817499 0
1.0335 0.9405 0.0853618 0.00617449 0
1.034 0.941 0.0723751 0.00609987 0
1.0345 0.941 0.0716551 0.00732343 0
1.035 0.941 0.0710456 0.00478032 0
1.0355 0.941 0.0774224 0.00568758 0
1.036 0.941 0.0771242 0.00703493 0
1.0365 0.941 0.076481 0.00565257 0
1.037 0.941 0.0812258 0.00595442 0
1.0375 0.941 0.0897185 0.00633167 0
1.038 0.941 0.0943313 0.00587669 0
1.0385 0.941 0.0930181 0.00640918 0
1.039 0.941 0.0892624 0.00612375 0
1.0395 0.941 0.0904673 0.00741657 0
1.04 0.941 0.0848423 0.00795964 0
1.0405 0.9415 0.0904742 0.00765652 0
1.041 0.9415 0.0884125 0.00828369 0
1.0415 0.9425 0.086533 0.00617292 0
1.042 0.9425 0.086666 0.00871011 0
1.0425 0.9425 0.0803358 0.00675095 0
1.043 0.943 0.0813509 0.00769506 0
1.0435 0.943 0.0788264 0.00566676 0
1.044 0.943 0.0767338 0.00664478 0
1.0445 0.943 0.0797202 0.00642575 0
1.045 0.943 0.0779789 0.00352203 0
1.0455 0.943 0.0800885 0.00766992 0
1.046 0.943 0.0855851 0.00551996 0
1.0465 0.943 0.0911006 0.00876769 0
1.047 0.943 0.0818666 0.00597766 0
1.0475 0.945 0.0792324 0.00746298 0
1.048 0.945 0.085242 0.00619345 0
1.0485 0.945 0.0811506 0.00619842 0
1.049 0.945 0.0804826 0.00580574 0
1.0495 0.9455 0.070843 0.0070417 0
1.05 0.946 0.0947103 0.00744742 0
1.0505 0.946 0.100416 0.00576055 0
1.051 0.946 0.0936298 0.00685051 0
1.0515 0.946 0.0966872 0.00708936 0
1.052 0.946 0.0983716 0.00643256 0
1.0525 0.946 0.0904384 0.00753119 0
1.053 0.947 0.0949847 0.00510734 0
1.0535 0.947 0.136464 0.0114717 0
1.054 0.947 0.14261 0.00536057 0
1.0545 0.947 0.14203 0.0090739 0
1.055 0.947 0.147481 0.00648362 0
1.0555 0.947 0.153359 0.00535566 0
1.056 0.947 0.143043 0.00850592 0
1.0565 0.947 0.151862 0.00576514 0
1.057 0.947 0.145346 0.00858399 0
1.0575 0.947 0.142766 0.00620924 0
1.058 0.947 0.146014 0.0077889 0
1.0585 0.947 0.14422 0.00630338 0
1.059 0.947 0.13902 0.00625596 0
1.0595 0.947 0.129537 0.00789415 0
1.06 0.947 0.117284 0.00808836 0
1.0605 0.947 0.107068 0.00761136 0
1.061 0.948 0.103156 0.00812357 0
1.0615 0.948 0.106803 0.00699247 0
1.062 0.948 0.106742 0.00670959 0
1.0625 0.948 0.108634 0.00689405 0
1.063 0.948 0.107774 0.00693841 0
1.0635 0.948 0.118671 0.00578461 0
1.064 0.948 0.124375 0.00712713 0
1.0645 0.948 0.144141 0.0170077 0
1.065 0.948 0.157119 0.00467601 0
1.0655 0.948 0.159621 0.00611146 0
1.066 0.949 0.157254 0.00798106 0
1.0665 0.949 0.164141 0.00625383 0
1.067 0.949 0.16188 0.005266 0
1.0675 0.949 0.167427 0.00716396 0
1.068 0.949 0.161639 0.0079894 0
1.0685 0.949 0.159893 0.00662465 0
1.069 0.949 0.153904 0.00643253 0
1.0695 0.95 0.149627 0.00583733 0
1.07 0.9505 0.157764 0.00677232 0
1.0705 0.9505 0.153757 0.00794575 0
1.071 0.9505 0.149976 0.00877065 0
1.0715 0.9505 0.156016 0.00762922 0
1.072 0.9505 0.143525 0.00715168 0
1.0725 0.9505 0.173326 0.00936009 0
1.073 0.9505 0.182897 0.00951876 0
1.0735 0.9515 0.184509 0.00841509 0
1.074 0.9515 0.187417 0.00745215 0
1.0745 0.9515 0.179485 0.00717385 0
1.075 0.9515 0.188166 0.00391787 0
1.0755 0.952 0.18506 0.00659477 0
1.076 0.952 0.186429 0.00718104 0
1.0765 0.952 0.19233 0.0108119 0
1.077 0.952 0.196772 0.00581577 0
1.0775 0.952 0.203111 0.00683397 0
1.078 0.952 0.198133 0.00695094 0
1.0785 0.952 0.203497 0.0078077 0
1.079 0.952 0.203018 0.00800485 0
1.0795 0.9565 0.201862 0.00554082 0
1.08 0.9565 0.208385 0.0072881 0
1.0805 0.9565 0.218703 0.00552229 0
1.081 0.9595 0.220009 0.00677265 0
1.0815 0.9595 0.221154 0.00817109 0
1.082 0.9595 0.231907 0.00620421 0
1.0825 0.9595 0.233557 0.00636709 0
1.083 0.9595 0.233463 0.0059155 0
1.0835 0.9595 0.243884 0.00723765 0
1.084 0.9595 0.252399 0.00715623 0
1.0845 0.9595 0.252975 0.00563264 0
1.085 0.9595 0.25297 0.00585821 0
1.0855 0.9595 0.253943 0.00623346 0
1.086 0.965 0.253409 0.00812131 0
1.0865 0.965 0.253678 0.00485927 0
1.087 0.965 0.246251 0.0060567 0
1.0875 0.965 0.244173 0.00421516 0
1.088 0.965 0.245667 0.00482543 0
1.0885 0.965 0.253866 0.0039302 0
1.089 0.965 0.250954 0.00449199 0
1.0895 0.965 0.247108 0.00567067 0
1.09 0.965 0.24839 0.00410584 0
1.0905 0.965 0.249252 0.00562788 0
1.091 0.965 0.248641 0.00349697 0
1.0915 0.965 0.244709 0.00566775 0
1.092 0.965 0.243491 0.00531335 0
1.0925 0.965 0.242437 0.00664306 0
1.093 0.9655 0.247381 0.00395893 0
1.0935 0.969 0.248613 0.00504265 0
1.094 0.969 0.246455 0.00480807 0
1.0945 0.969 0.249929 0.00363537 0
1.095 0.969 0.250766 0.00495107 0
1.0955 0.969 0.248942 0.00358834 0
1.096 0.969 0.245054 0.00716894 0
1.0965 0.969 0.289608 0.00568783 0
1.097 0.97 0.291649 0.0044745 0
1.0975 0.97 0.293615 0.00397619 0
1.098 0.97 0.2978 0.00347325 0
1.0985 0.97 0.297385 0.00385551 0
1.099 0.97 0.299085 0.00337218 0
1.0995 0.97 0.300267 0.00429339 0
1.1 0.97 0.302464 0.00358212 0
1.1005 0.97 0.317928 0.00732676 0
1.101 0.97 0.331152 0.00333539 0
1.1015 0.97 0.336931 0.00366237 0
1.102 0.97 0.340159 0.00460772 0
1.1025 0.97 0.3417 0.00431457 0
1.103 0.97 0.341859 0.00300585 0
1.1035 0.97 0.342464 0.00311875 0
1.104 0.97 0.349021 0.00408415 0
1.1045 0.97 0.348633 0.00503813 0
1.105 0.97 0.347395 0.00491919 0
1.1055 0.97 0.349929 0.0034498 0
1.106 0.97 0.348828 0.00422017 0
1.1065 0.97 0.350019 0.00334204 0
1.107 0.97 0.348053 0.00465657 0
1.1075 0.97 0.345822 0.0055601 0
1.108 0.97 0.348335 0.00357484 0
1.1085 0.9705 0.352017 0.00319188 0
1.109 0.9705 0.350642 0.0040404 0
1.1095 0.9705 0.352452 0.00470482 0
1.11 0.971 0.355674 0.00420469 0
1.1105 0.971 0.354532 0.00579382 0
1.111 0.971 0.358185 0.00361624 0
1.1115 0.971 0.350159 0.00402838 0
1.112 0.971 0.35189 0.00430771 0
1.1125 0.971 0.380419 0.0100316 0
1.113 0.9715 0.384629 0.00478701 0
1.1135 0.9715 0.386109 0.00245455 0
1.114 0.9715 0.38984 0.00428075 0
1.1145 0.9715 0.390759 0.00475693 0
1.115 0.973 0.394453 0.00459524 0
1.1155 0.973 0.393871 0.00402136 0
1.116 0.973 0.399457 0.00314465 0
1.1165 0.973 0.398813 0.00419226 0
1.117 0.973 0.396249 0.00290885 0
1.1175 0.973 0.398075 0.00359002 0
1.118 0.973 0.40306 0.00423113 0
1.1185 0.973 0.402627 0.00432577 0
1.119 0.973 0.404961 0.00425873 0
1.1195 0.973 0.405913 0.00380513 0
1.12 0.973 0.405475 0.00381239 0
1.1205 0.973 0.412815 0.00403532 0
1.121 0.973 0.401174 0.00398892 0
1.1215 0.973 0.402796 0.00311713 0
1.122 0.973 0.408667 0.00317546 0
1.1225 0.9735 0.409202 0.00362064 0
1.123 0.9735 0.409743 0.00310345 0
1.1235 0.9735 0.403659 0.00574571 0
1.124 0.9735 0.401542 0.00421817 0
1.1245 0.9735 0.402325 0.00312209 0
1.125 0.9735 0.395249 0.00432496 0
1.1255 0.9735 0.396055 0.003678 0
1.126 0.9735 0.395624 0.00384121 0
1.1265 0.9735 0.407177 0.0050179 0
1.127 0.977 0.40664 0.00414361 0
1.1275 0.977 0.408359 0.00205806 0
1.128 0.977 0.494268 0.0778289 0
1.1285 0.977 0.663533 0.0169212 0
1.129 0.977 0.67914 0.00242906 0
1.1295 0.977 0.678831 0.00280857 0
1.13 0.977 0.680099 0.00261075 0
1.1305 0.977 0.685207 0.00352709 0
1.131 0.977 0.684599 0.00257273 0
1.1315 0.977 0.68579 0.00240992 0
1.132 0.977 0.688743 0.00343508 0
1.1325 0.977 0.689428 0.00214284 0
1.133 0.977 0.689781 0.00279498 0
1.1335 0.9775 0.692217 0.00193421 0
1.134 0.9775 0.692657 0.00262381 0
1.1345 0.9775 0.692877 0.0026276 0
1.135 0.9775 0.694214 0.00226285 0
1.1355 0.9775 0.694128 0.00230615 0
1.136 0.9775 0.696448 0.0030808 0
1.1365 0.9775 0.697254 0.00326937 0
1.137 0.9785 0.699397 0.00253301 0
1.1375 0.9785 0.700453 0.00282007 0
1.138 0.9785 0.703093 0.0027662 0
1.1385 0.9785 0.746696 0.0221295 0
1.139 0.9785 0.759712 0.00210509 0
1.1395 0.9785 0.76147 0.00177094 0
1.14 0.9785 0.766727 0.00259601 0
1.1405 0.9785 0.770241 0.00180767 0
1.141 0.9785 0.770924 0.00366041 0
1.1415 0.9785 0.769372 0.00323523 0
1.142 0.9785 0.772532 0.00320831 0
1.1425 0.9785 0.770921 0.0022196 0
1.143 0.9785 0.770415 0.00305484 0
1.1435 0.9785 0.775977 0.00228398 0
1.144 0.9785 0.775555 0.00199386 0
1.1445 0.9785 0.776022 0.00258738 0
1.145 0.98 0.776625 0.00285321 0
1.1455 0.98 0.777023 0.00263814 0
1.146 0.98 0.777678 0.00204131 0
1.1465 0.98 0.778154 0.00257256 0
1.147 0.98 0.776704 0.00293978 0
1.1475 0.98 0.777505 0.00315534 0
1.148 0.98 0.777978 0.00198781 0
1.1485 0.98 0.77715 0.00199751 0
1.149 0.98 0.777581 0.00253435 0
1.1495 0.98 0.778716 0.00243987 0
1.15 0.98 0.77973 0.0030243 0
1.1505 0.98 0.780565 0.00278211 0
1.151 0.98 0.781922 0.00342321 0
1.1515 0.98 0.780108 0.00197522 0
1.152 0.98 0.782321 0.00315169 0
1.1525 0.98 0.782652 0.0027899 0
1.153 0.98 0.780812 0.00243182 0
1.1535 0.98 0.784697 0.00167795 0
1.154 0.98 0.784139 0.00228936 0
1.1545 0.98 0.784265 0.00367579 0
1.155 0.98 0.786165 0.00283857 0
1.1555 0.98 0.784672 0.00307635 0
1.156 0.98 0.785768 0.00314391 0
1.1565 0.98 0.786317 0.00392255 0
1.157 0.98 0.785483 0.00253976 0
1.1575 0.98 0.785809 0.00188214 0
1.158 0.98 0.786496 0.00221904 0
1.1585 0.98 0.786246 0.00264036 0
1.159 0.98 0.786739 0.00227089 0
1.1595 0.98 0.787541 0.00278563 0
1.16 0.98 0.787873 0.00335011 0
1.1605 0.98 0.7881 0.00415559 0
1.161 0.9805 0.797155 0.00680079 0
1.1615 0.9805 0.799636 0.00273295 0
1.162 0.9805 0.799869 0.00263639 0
1.1625 0.9805 0.802334 0.00204637 0
1.163 0.9805 0.801035 0.00199073 0
1.1635 0.9805 0.801141 0.00171468 0
1.164 0.9805 0.815645 0.00680568 0
1.1645 0.9805 0.816903 0.00308294 0
1.165 0.9805 0.819307 0.00378231 0
1.1655 0.9805 0.818258 0.00315762 0
1.166 0.9805 0.817467 0.00319065 0
1.1665 0.9805 0.820208 0.0029994 0
1.167 0.9805 0.81995 0.00239149 0
1.1675 0.981 0.820686 0.00288997 0
1.168 0.981 0.819072 0.00229353 0
1.1685 0.981 0.819183 0.00264747 0
1.169 0.981 0.820119 0.0024355 0
1.1695 0.981 0.835976 0.00682224 0
1.17 0.981 0.83844 0.00271369 0
1.1705 0.981 0.839613 0.00294691 0
1.171 0.981 0.842469 0.00381862 0
1.1715 0.981 0.842021 0.00324079 0
1.172 0.981 0.842952 0.00255383 0
1.1725 0.981 0.843301 0.0026526 0
1.173 0.981 0.842574 0.00183505 0
1.1735 0.981 0.843269 0.00335747 0
1.174 0.9815 0.843244 0.0022772 0
1.1745 0.9815 0.842691 0.00281416 0
1.175 0.9815 0.844103 0.00223635 0
1.1755 0.9815 0.844584 0.00310786 0
1.176 0.9815 0.843026 0.00293852 0
1.1765 0.9815 0.845079 0.00211754 0
1.177 0.9815 0.844238 0.00287178 0
1.1775 0.9815 0.843278 0.00201303 0
1.178 0.9815 0.84778 0.00309936 0
1.1785 0.9815 0.846063 0.00188643 0
1.179 0.9815 0.846263 0.0023975 0
1.1795 0.9815 0.848929 0.0030523 0
1.18 0.9815 0.846611 0.00292843 0
1.1805 0.9815 0.84715 0.00199987 0
1.181 0.982 0.849171 0.00202991 0
1.1815 0.982 0.846119 0.00219716 0
1.182 0.9825 0.848315 0.00208169 0
1.1825 0.9825 0.848737 0.00133967 0
1.183 0.9825 0.84693 0.0021513 0
1.1835 0.9825 0.850271 0.00196372 0
1.184 0.9825 0.849546 0.00276754 0
1.1845 0.9825 0.850728 0.00271731 0
1.185 0.9825 0.852767 0.00346435 0
1.1855 0.9825 0.851752 0.00301376 0
1.186 0.9825 0.853724 0.00352564 0
1.1865 0.9825 0.855138 0.00183499 0
1.187 0.9825 0.853372 0.00216271 0
1.1875 0.9825 0.855585 0.00262585 0
1.188 0.9825 0.856533 0.00163112 0
1.1885 0.9825 0.855327 0.00273925 0
1.189 0.9825 0.856383 0.0027654 0
1.1895 0.9835 0.856294 0.00298531 0
1.19 0.9835 0.857374 0.00253327 0
1.1905 0.9835 0.856728 0.00409758 0
1.191 0.9835 0.857481 0.0026535 0
1.1915 0.9835 0.857765 0.00190405 0
1.192 0.9835 0.856562 0.00190559 0
1.1925 0.9835 0.858079 0.00158488 0
1.193 0.9835 0.858745 0.00123295 0
1.1935 0.9835 0.858397 0.00169877 0
1.194 0.9835 0.859608 0.00211196 0
1.1945 0.9835 0.859027 0.0026462 0
1.195 0.9835 0.859158 0.00284623 0
1.1955 0.9835 0.859958 0.00332463 0
1.196 0.9835 0.858908 0.00223692 0
1.1965 0.9835 0.859511 0.00239551 0
1.197 0.984 0.859544 0.00209247 0
1.1975 0.984 0.859479 0.00311958 0
1.198 0.984 0.861535 0.00150211 0
1.1985 0.984 0.860631 0.00146048 0
1.199 0.984 0.861445 0.00208374 0
1.1995 0.984 0.86496 0.00283684 0
1.2 0.984 0.864974 0.00295399 0
1.2005 0.9845 0.864899 0.002084 0
1.201 0.9845 0.865214 0.00306902 0
1.2015 0.9845 0.865203 0.00340543 0
1.202 0.9845 0.86648 0.00223979 0
1.2025 0.9845 0.866509 0.00147399 0
1.203 0.9845 0.866505 0.0024536 0
1.2035 0.9845 0.866643 0.00221805 0
1.204 0.9845 0.866246 0.00225618 0
1.2045 0.9845 0.867211 0.00197822 0
1.205 0.985 0.866719 0.00321815 0
1.2055 0.985 0.866824 0.00286072 0
1.206 0.9855 0.867796 0.00316066 0
1.2065 0.9855 0.867273 0.00194724 0
1.207 0.9855 0.868828 0.00190748 0
1.2075 0.9855 0.868491 0.00157319 0
1.208 0.9855 0.868495 0.00189874 0
1.2085 0.9855 0.86937 0.00177001 0
1.209 0.9855 0.868897 0.00207014 0
1.2095 0.986 0.869396 0.00340556 0
1.21 0.986 0.870137 0.00292994 0
1.2105 0.986 0.869911 0.00335868 0
1.211 0.986 0.871694 0.00215236 0
1.2115 0.986 0.871935 0.00302712 0
1.212 0.986 0.872474 0.00184172 0
1.2125 0.986 0.87413 0.00235236 0
1.213 0.986 0.874363 0.00179906 0
1.2135 0.986 0.874774 0.00221706 0
1.214 0.986 0.874867 0.00286371 0
1.2145 0.986 0.874018 0.00310871 0
1.215 0.986 0.875592 0.00247865 0
1.2155 0.986 0.874657 0.00296058 0
1.216 0.986 0.875032 0.00354295 0
1.2165 0.986 0.875409 0.00208701 0
1.217 0.986 0.875326 0.00199299 0
1.2175 0.9865 0.876284 0.0019279 0
1.218 0.9865 0.876216 0.00221146 0
1.2185 0.9865 0.877802 0.00151849 0
1.219 0.9865 0.879698 0.00211711 0
1.2195 0.987 0.879737 0.00242139 0
1.22 0.987 0.880262 0.00314104 0
1.2205 0.987 0.88061 0.00308582 0
1.221 0.987 0.880839 0.00295997 0
1.2215 0.9875 0.881318 0.00174121 0
1.222 0.9875 0.8805 0.00197127 0
1.2225 0.9875 0.881507 0.00181037 0
1.223 0.9875 0.882185 0.00207124 0
1.2235 0.9875 0.88167 0.00241632 0
1.224 0.9875 0.882818 0.00244418 0
1.2245 0.9875 0.881827 0.00329672 0
1.225 0.9875 0.881831 0.00251262 0
1.2255 0.9875 0.883487 0.00275256 0
1.226 0.9875 0.883062 0.00199165 0
1.2265 0.9875 0.883741 0.00280921 0
1.227 0.9875 0.884342 0.00239523 0
1.2275 0.9875 0.883164 0.00182395 0
1.228 0.9875 0.884852 0.00196602 0
1.2285 0.9875 0.884719 0.00285369 0
1.229 0.9875 0.884328 0.00267556 0
1.2295 0.9875 0.885027 0.00207683 0
1.23 0.9875 0.884664 0.00257765 0
1.2305 0.9875 0.88483 0.00324451 0
1.231 0.9875 0.885075 0.00234018 0
1.2315 0.9875 0.885366 0.00205306 0
1.232 0.9875 0.886389 0.00177287 0
1.2325 0.988 0.885742 0.00249723 0
1.233 0.988 0.887081 0.00186846 0
1.2335 0.988 0.886564 0.00187741 0
1.234 0.988 0.88685 0.00240579 0
1.2345 0.988 0.887632 0.00236711 0
1.235 0.988 0.887151 0.00354897 0
1.2355 0.9885 0.887646 0.0024611 0
1.236 0.9885 0.888721 0.00259052 0
1.2365 0.9885 0.887112 0.00146923 0
1.237 0.9885 0.88886 0.00256192 0
1.2375 0.9885 0.888951 0.00192028 0
1.238 0.9885 0.887604 0.00211028 0
1.2385 0.9885 0.889192 0.0016971 0
1.239 0.9885 0.88864 0.00282462 0
1.2395 0.9885 0.888214 0.00269674 0
1.24 0.9885 0.890722 0.00293987 0
1.2405 0.989 0.889643 0.00225161 0
1.241 0.989 0.889683 0.00283936 0
1.2415 0.9895 0.891006 0.00199958 0
1.242 0.9895 0.890935 0.00227426 0
1.2425 0.9895 0.890912 0.00162827 0
1.243 0.9895 0.891464 0.00231537 0
1.2435 0.9895 0.891272 0.0017964 0
1.244 0.9895 0.890935 0.00254057 0
1.2445 0.9895 0.891283 0.00214373 0
1.245 0.9895 0.892227 0.00268482 0
1.2455 0.9895 0.891844 0.00162169 0
1.246 0.9895 0.891873 0.00259035 0
1.2465 0.9895 0.892705 0.00198048 0
1.247 0.9895 0.8914 0.00261767 0
1.2475 0.9895 0.892037 0.0013918 0
1.248 0.9895 0.893354 0.00220023 0
1.2485 0.9895 0.891869 0.00213929 0
1.249 0.9895 0.893316 0.00258742 0
1.2495 0.9895 0.902174 0.00331734 0
1.25 0.9895 0.900605 0.00234893 0
1.2505 0.9895 0.902175 0.00202397 0
1.251 0.9895 0.902624 0.00301336 0
1.2515 0.9895 0.900711 0.00174388 0
1.252 0.9895 0.902568 0.00186467 0
1.2525 0.9895 0.902402 0.0020823 0
1.253 0.9895 0.904419 0.00229705 0
1.2535 0.9895 0.908308 0.00236853 0
1.254 0.9895 0.908029 0.00234692 0
1.2545 0.9895 0.907141 0.00186241 0
1.255 0.9895 0.908657 0.00212321 0
1.2555 0.9895 0.908722 0.00250204 0
1.256 0.9895 0.909194 0.00279677 0
1.2565 0.9895 0.910023 0.00182 0
1.257 0.9895 0.910764 0.00164465 0
1.2575 0.9895 0.910307 0.00156896 0
1.258 0.9895 0.909738 0.00263997 0
1.2585 0.9895 0.910867 0.00200298 0
1.259 0.9895 0.910041 0.00251133 0
1.2595 0.9895 0.910052 0.00197292 0
1.26 0.9895 0.91183 0.00216244 0
1.2605 0.9895 0.910194 0.00271132 0
1.261 0.9895 0.9097 0.00290188 0
1.2615 0.9895 0.911638 0.00159619 0
1.262 0.9895 0.910229 0.00184747 0
1.2625 0.9895 0.91052 0.00227245 0
1.263 0.992 0.911927 0.00221102 0
1.2635 0.992 0.911808 0.0013788 0
1.264 0.992 0.912445 0.00160594 0
1.2645 0.992 0.913439 0.00170022 0
1.265 0.992 0.912448 0.00159492 0
1.2655 0.992 0.913081 0.00120345 0
1.266 0.992 0.913139 0.00127753 0
1.2665 0.992 0.912718 0.00163813 0
1.267 0.992 0.913367 0.00140119 0
1.2675 0.992 0.913201 0.0010768 0
1.268 0.992 0.913743 0.00117877 0
1.2685 0.992 0.91371 0.00189097 0
1.269 0.992 0.913671 0.00113038 0
1.2695 0.992 0.913636 0.00153279 0
1.27 0.992 0.913101 0.00144837 0
1.2705 0.992 0.914725 0.00180202 0
1.271 0.992 0.915264 0.00110273 0
1.2715 0.992 0.914257 0.00149773 0
1.272 0.9925 0.915193 0.00135909 0
1.2725 0.9925 0.915093 0.00126428 0
1.273 0.9925 0.914559 0.00167245 0
1.2735 0.9925 0.916086 0.0015547 0
1.274 0.9925 0.915342 0.00146802 0
1.2745 0.9925 0.91537 0.00138968 0
1.275 0.9925 0.916761 0.0017049 0
1.2755 0.9925 0.915184 0.0012401 0
1.276 0.9925 0.915728 0.00117596 0
1.2765 0.9935 0.916766 0.00128927 0
1.277 0.9935 0.916307 0.00108511 0
1.2775 0.9935 0.917494 0.0012973 0
1.278 0.9935 0.917607 0.00120175 0
1.2785 0.9935 0.917669 0.00149435 0
1.279 0.9935 0.921878 0.00172805 0
1.2795 0.9935 0.921899 0.00146639 0
1.28 0.9935 0.922277 0.00102017 0
1.2805 0.9935 0.922661 0.00116026 0
1.281 0.9935 0.922484 0.0010949 0
1.2815 0.9935 0.922761 0.00137274 0
1.282 0.9935 0.922423 0.00149337 0
1.2825 0.9935 0.922701 0.0011259 0
1.283 0.9935 0.922766 0.00137534 0
1.2835 0.9935 0.922166 0.00148096 0
1.284 0.9935 0.923402 0.0015176 0
1.2845 0.994 0.923536 0.0012138 0
1.285 0.994 0.923423 0.0010483 0
1.2855 0.994 0.924839 0.00122983 0
1.286 0.994 0.924028 0.0013267 0
1.2865 0.994 0.923679 0.000931088 0
1.287 0.994 0.925236 0.00109269 0
1.2875 0.994 0.923833 0.00119778 0
1.288 0.994 0.924437 0.00117786 0
1.2885 0.994 0.925327 0.00139846 0
1.289 0.994 0.923958 0.000812484 0
1.2895 0.994 0.925346 0.00141347 0
1.29 0.994 0.926092 0.00127697 0
1.2905 0.994 0.924806 0.00107951 0
1.291 0.994 0.925919 0.00118323 0
1.2915 0.994 0.925796 0.00110743 0
1.292 0.994 0.925611 0.00168008 0
1.2925 0.994 0.926496 0.000952156 0
1.293 0.994 0.926211 0.0007394 0
1.2935 0.994 0.926141 0.00117149 0
1.294 0.994 0.92651 0.00183948 0
1.2945 0.994 0.926542 0.00101672 0
1.295 0.994 0.926844 0.00120622 0
1.2955 0.994 0.926699 0.00161626 0
1.296 0.994 0.927143 0.001572 0
1.2965 0.994 0.927196 0.000928513 0
1.297 0.994 0.926709 0.000892669 0
1.2975 0.994 0.927787 0.00105644 0
1.298 0.994 0.926687 0.00125147 0
1.2985 0.9945 0.927067 0.00114698 0
1.299 0.9945 0.92755 0.00124508 0
1.2995 0.9945 0.926922 0.00134605 0
1.3 0.9945 0.926963 0.00150948 0
1.3005 0.9945 0.928725 0.00141491 0
1.301 0.9945 0.927923 0.000976712 0
1.3015 0.9945 0.928574 0.000773772 0
1.302 0.9945 0.928491 0.00130724 0
1.3025 0.9945 0.927903 0.00107847 0
1.303 0.9945 0.92895 0.00106116 0
1.3035 0.9945 0.928189 0.00117535 0
1.304 0.9945 0.928239 0.00147315 0
1.3045 0.9945 0.928884 0.00146232 0
1.305 0.9945 0.928285 0.00123127 0
1.3055 0.9945 0.928768 0.000890905 0
1.306 0.9945 0.92874 0.00151178 0
1.3065 0.9945 0.928033 0.000960298 0
1.307 0.9945 0.929055 0.00102809 0
1.3075 0.9945 0.928747 0.00116598 0
1.308 0.9945 0.928817 0.00120089 0
1.3085 0.9945 0.92929 0.00145807 0
1.309 0.9945 0.928528 0.00107211 0
1.3095 0.9945 0.935334 0.00140104 0
1.31 0.9945 0.93555 0.00117358 0
1.3105 0.9945 0.935022 0.00131462 0
1.311 0.9945 0.936684 0.0011994 0
1.3115 0.9945 0.936223 0.00134465 0
1.312 0.9945 0.936334 0.00103451 0
1.3125 0.9945 0.936874 0.00134798 0
1.313 0.9945 0.936055 0.00116524 0
1.3135 0.9945 0.939607 0.00111205 0
1.314 0.9945 0.942497 0.00112498 0
1.3145 0.9945 0.941851 0.00104604 0
1.315 0.9945 0.94347 0.00160968 0
1.3155 0.9945 0.943113 0.001207 0
1.316 0.9945 0.943059 0.00104836 0
1.3165 0.9945 0.943569 0.0013947 0
1.317 0.9945 0.942471 0.00143843 0
1.3175 0.9945 0.943068 0.00103091 0
1.318 0.9945 0.943283 0.000851638 0
1.3185 0.9945 0.942887 0.000994339 0
1.319 0.9945 0.943634 0.00141427 0
1.3195 0.9945 0.943401 0.00118727 0
1.32 0.9945 0.943341 0.00117377 0
1.3205 0.9945 0.944049 0.00142931 0
1.321 0.9945 0.943295 0.00156224 0
1.3215 0.9945 0.94375 0.00119138 0
1.322 0.9945 0.943901 0.000880518 0
1.3225 0.9945 0.943372 0.00109508 0
1.323 0.9945 0.944209 0.000983238 0
1.3235 0.9945 0.943843 0.00129303 0
1.324 0.9945 0.943734 0.00103091 0
1.3245 0.9945 0.944502 0.00146084 0
1.325 0.9945 0.94376 0.00124604 0
1.3255 0.9945 0.944384 0.00138539 0
1.326 0.9945 0.944763 0.0014037 0
1.3265 0.9945 0.944066 0.000913266 0
1.327 0.9945 0.944976 0.000953226 0
1.3275 0.9945 0.944298 0.00134159 0
1.328 0.9945 0.944551 0.00119088 0
1.3285 0.9945 0.945382 0.000970775 0
1.329 0.9945 0.944713 0.0012492 0
1.3295 0.9945 0.945043 0.00149888 0
1.33 0.9945 0.945522 0.00136947 0
1.3305 0.9945 0.944914 0.000838228 0
1.331 0.9945 0.946372 0.000993874 0
1.3315 0.9945 0.945807 0.00170999 0
1.332 0.9945 0.945465 0.000995063 0
1.3325 0.9945 0.946353 0.001008 0
1.333 0.9945 0.94568 0.00111957 0
1.3335 0.9945 0.946255 0.00143473 0
1.334 0.9945 0.946365 0.00128386 0
1.3345 0.9945 0.945741 0.000754838 0
1.335 0.9945 0.946786 0.00115529 0
1.3355 0.9945 0.946526 0.00163925 0
1.336 0.9945 0.947864 0.00101382 0
1.3365 0.9945 0.948823 0.00114869 0
1.337 0.9945 0.948002 0.00120242 0
1.3375 0.9945 0.948648 0.00137906 0
1.338 0.9945 0.94882 0.00141715 0
1.3385 0.9945 0.948099 0.000821664 0
1.339 0.9945 0.948881 0.000987198 0
1.3395 0.9945 0.948644 0.00118177 0
1.34 0.9945 0.948523 0.00119373 0
1.3405 0.9945 0.950084 0.00124523 0
1.341 0.9945 0.949581 0.0013657 0
1.3415 0.9945 0.950099 0.00137389 0
1.342 0.995 0.950443 0.00143999 0
1.3425 0.995 0.949903 0.00118513 0
1.343 0.995 0.950811 0.000802812 0
1.3435 0.995 0.950412 0.00113515 0
1.344 0.995 0.950833 0.000863717 0
1.3445 0.995 0.951474 0.00118299 0
1.345 0.995 0.95071 0.00107029 0
1.3455 0.995 0.951017 0.00149247 0
1.346 0.995 0.951544 0.00126188 0
1.3465 0.995 0.950895 0.00125955 0
1.347 0.995 0.95162 0.00108209 0
1.3475 0.995 0.951227 0.00127803 0
1.348 0.995 0.950929 0.00103478 0
1.3485 0.995 0.952092 0.000735324 0
1.349 0.995 0.951239 0.00119517 0
1.3495 0.995 0.951695 0.00112426 0
1.35 0.995 0.952105 0.00142493 0
1.3505 0.995 0.951609 0.0010366 0
1.351 0.995 0.952161 0.00118938 0
1.3515 0.995 0.951917 0.00143188 0
1.352 0.995 0.95144 0.00100312 0
1.3525 0.995 0.952933 0.00100