1	10	58	-0.472671	0.383865	-0.472671	0.383865
2	44	55	-0.42571	0.417402	-0.42571	0.417402
3	52	15	-0.313009	0.473952	-0.313009	0.473952
4	51	54	-0.254091	-0.429483	-0.254091	-0.429483
5	4	28	-0.464457	0.313898	-0.464457	0.313898
6	47	23	0.0948091	-0.417217	0.0948091	-0.417217
7	39	17	0.479209	-0.27627	0.479209	-0.27627
8	45	49	-0.0306783	0.286483	-0.0306783	0.286483
9	50	13	0.223915	0.437207	0.223915	0.437207
10	8	54	0.407081	-0.379007	0.407081	-0.429483
11	37	53	0.342684	-0.374141	0.342684	-0.374141
12	34	43	0.428023	-0.318693	0.428023	-0.318693
13	30	54	0.0981995	-0.358819	0.0981995	-0.429483
14	13	57	0.403369	-0.111705	0.437207	-0.111705
15	38	15	-0.330317	0.465756	-0.330317	0.473952
16	29	55	-0.485995	0.409811	-0.485995	0.417402
17	18	56	-0.471934	-0.0235312	-0.471934	-0.0235312
18	40	3	0.446712	0.0671666	0.446712	0.0671666
19	31	15	-0.43538	0.461304	-0.43538	0.473952
20	5	40	-0.478532	0.429943	-0.478532	0.446712
21	18	14	-0.456587	0.348045	-0.471934	0.348045
22	50	56	0.267101	-0.0381089	0.223915	-0.0235312
23	42	13	-0.212143	0.390629	-0.212143	0.437207
24	5	15	-0.471012	0.44782	-0.478532	0.473952
25	26	6	0.399434	-0.480534	0.399434	-0.480534
26	48	1	0.108096	-0.422088	0.108096	-0.422088
27	23	14	-0.403355	0.340544	-0.417217	0.348045
28	9	24	-0.324408	-0.0107661	-0.324408	-0.0107661
29	6	58	-0.472906	0.377046	-0.480534	0.383865
30	58	43	0.368103	-0.310047	0.383865	-0.318693
31	8	9	0.398438	-0.301626	0.407081	-0.324408
32	5	39	-0.463236	0.470069	-0.478532	0.479209
33	34	10	0.419237	-0.467545	0.428023	-0.472671
34	46	29	0.319211	-0.478922	0.319211	-0.485995
35	6	46	-0.463884	0.311223	-0.480534	0.319211
36	39	4	0.464016	-0.455761	0.479209	-0.464457
37	58	32	0.356283	-0.134584	0.383865	-0.134584
38	37	6	0.334093	-0.452362	0.342684	-0.480534
39	22	20	-0.238847	-0.173916	-0.238847	-0.173916
40	55	23	0.40138	-0.395688	0.417402	-0.417217
41	41	46	0.125215	0.3059	0.125215	0.319211
42	54	41	-0.330211	0.176617	-0.429483	0.125215
43	4	26	-0.446903	0.392899	-0.464457	0.399434
44	36	5	0.111018	-0.458768	0.111018	-0.478532
45	1	40	-0.410194	0.423302	-0.422088	0.446712
46	26	21	0.384835	-0.233337	0.399434	-0.233337
47	51	16	-0.323893	0.206727	-0.254091	0.206727
48	16	18	0.19466	-0.451159	0.206727	-0.471934
49	15	23	0.442897	-0.388502	0.473952	-0.417217
50	11	9	0.061757	-0.294052	0.061757	-0.324408
51	8	20	0.390408	-0.206381	0.407081	-0.173916
52	37	25	0.326287	-0.0897251	0.342684	-0.0897251
53	8	27	0.377019	-0.0728981	0.407081	-0.0728981
54	40	7	0.411676	-0.0776217	0.446712	-0.0776217
55	14	19	0.330603	-0.108665	0.348045	-0.108665
56	49	3	0.265321	0.0859626	0.286483	0.0671666
57	12	1	0.207447	-0.40185	0.207447	-0.422088
58	30	29	0.0811753	-0.469207	0.0981995	-0.485995
59	21	53	-0.223228	-0.365488	-0.233337	-0.374141
60	24	39	-0.0374616	0.44993	-0.0107661	0.479209
61	55	53	0.396281	-0.293484	0.417402	-0.374141
62	6	40	-0.454069	0.394164	-0.480534	0.446712
63	32	41	-0.122089	0.157065	-0.134584	0.125215
64	31	0	-0.428063	-0.0223758	-0.43538	-0.0223758
65	58	4	0.342917	-0.435545	0.383865	-0.464457
66	56	5	-0.015827	-0.451477	-0.0235312	-0.478532
67	18	13	-0.444834	0.374816	-0.471934	0.437207
68	15	45	0.440278	-0.0041854	0.473952	-0.0306783
69	1	13	-0.389676	0.365452	-0.422088	0.437207
70	1	47	-0.381355	0.0816473	-0.422088	0.0948091
71	29	27	-0.457729	-0.0589061	-0.485995	-0.0728981
72	51	14	-0.315308	0.31357	-0.254091	0.348045
73	12	5	0.195284	-0.422617	0.207447	-0.478532
74	37	4	0.308957	-0.429868	0.342684	-0.464457
75	42	26	-0.200502	0.374972	-0.212143	0.399434
76	37	1	0.292823	-0.386104	0.342684	-0.422088
77	13	9	0.340129	-0.268527	0.437207	-0.324408
78	15	10	0.421158	-0.459291	0.473952	-0.472671
79	5	34	-0.414687	0.40934	-0.478532	0.428023
80	18	32	-0.422759	-0.0949419	-0.471934	-0.134584
81	44	45	-0.418155	0.0147374	-0.42571	-0.0306783
82	4	40	-0.420346	0.389	-0.464457	0.446712
83	55	6	0.387037	-0.434256	0.417402	-0.480534
84	18	59	-0.40162	0.0197675	-0.471934	0.0197675
85	15	41	0.414337	0.122888	0.473952	0.125215
86	17	49	-0.267191	0.216204	-0.27627	0.286483
87	51	40	-0.288426	0.379486	-0.254091	0.446712
88	1	28	-0.362436	0.305314	-0.422088	0.313898
89	23	40	-0.379824	0.361485	-0.417217	0.446712
90	55	9	0.373204	-0.252709	0.417402	-0.324408
91	21	33	-0.286476	0.0742132	-0.233337	0.0742132
92	1	39	-0.33833	0.441261	-0.422088	0.479209
93	23	26	-0.370315	0.363338	-0.417217	0.399434
94	35	6	0.0156984	-0.427868	0.0156984	-0.480534
95	20	55	-0.20077	0.351726	-0.173916	0.417402
96	19	21	-0.0934624	-0.278347	-0.108665	-0.233337
97	39	45	0.435811	0.00262689	0.479209	-0.0306783
98	9	39	-0.245764	0.423972	-0.324408	0.479209
99	5	55	-0.401157	0.354886	-0.478532	0.417402
100	56	13	-0.0349121	0.322837	-0.0235312	0.437207
101	16	6	0.180926	-0.419112	0.206727	-0.480534
102	39	54	0.396416	-0.347627	0.479209	-0.429483
103	24	34	-0.0218413	0.404299	-0.0107661	0.428023
104	5	1	-0.396691	-0.312387	-0.478532	-0.422088
105	33	18	0.0479954	-0.401126	0.0742132	-0.471934
106	44	28	-0.403439	0.294672	-0.42571	0.313898
107	54	28	-0.334441	0.288036	-0.429483	0.313898
108	50	26	0.252099	0.354116	0.223915	0.399434
109	32	16	-0.129743	0.165608	-0.134584	0.206727
110	8	5	0.365182	-0.336777	0.407081	-0.478532
111	18	39	-0.368591	0.398107	-0.471934	0.479209
112	47	9	0.0648909	-0.231298	0.0948091	-0.324408
113	4	34	-0.413043	0.384742	-0.464457	0.428023
114	1	59	-0.35149	0.00181027	-0.422088	0.0197675
115	15	17	0.396369	-0.243604	0.473952	-0.27627
116	12	17	0.17297	-0.235959	0.207447	-0.27627
117	44	21	-0.394557	-0.162925	-0.42571	-0.233337
118	17	1	-0.228469	-0.344353	-0.27627	-0.422088
119	18	50	-0.361899	0.304174	-0.471934	0.223915
120	34	18	0.379509	-0.356489	0.428023	-0.471934
