1	1	384	0.415411	-0.390303	0.415411	-0.390303
2	117	455	-0.295955	0.271469	-0.295955	0.271469
3	327	460	-0.424753	0.419457	-0.424753	0.419457
4	248	483	-0.485113	0.477055	-0.485113	0.477055
5	34	108	0.409951	-0.482592	0.409951	-0.482592
6	288	174	0.493979	-0.451132	0.493979	-0.451132
7	425	269	0.366785	-0.438144	0.366785	-0.438144
8	452	399	0.450656	-0.407846	0.450656	-0.407846
9	240	82	0.469097	-0.472227	0.469097	-0.472227
10	71	352	0.450477	-0.373479	0.450477	-0.373479
11	184	177	0.413889	-0.46273	0.413889	-0.46273
12	407	65	-0.134966	0.422788	-0.134966	0.422788
13	410	354	0.464021	-0.398189	0.464021	-0.398189
14	385	256	-0.45832	0.424168	-0.45832	0.424168
15	332	350	-0.43626	0.488705	-0.43626	0.488705
16	291	225	0.471892	-0.350052	0.471892	-0.350052
17	432	282	0.263702	-0.176701	0.263702	-0.176701
18	175	100	0.142341	-0.406239	0.142341	-0.406239
19	323	32	0.301927	-0.49248	0.301927	-0.49248
20	260	480	-0.391138	0.28293	-0.391138	0.28293
21	313	211	0.409151	-0.433026	0.409151	-0.433026
22	287	196	-0.34816	0.418355	-0.34816	0.418355
23	71	298	0.442612	-0.483203	0.450477	-0.483203
24	409	491	0.44379	-0.444226	0.44379	-0.444226
25	300	195	0.463491	-0.480475	0.463491	-0.480475
26	291	491	0.464187	-0.437434	0.471892	-0.444226
27	258	491	0.210527	-0.429782	0.210527	-0.444226
28	107	473	0.437698	-0.246085	0.437698	-0.246085
29	89	343	-0.386613	0.487873	-0.386613	0.487873
30	313	295	0.401552	-0.388446	0.409151	-0.388446
31	118	395	0.429097	-0.487118	0.429097	-0.487118
32	390	15	-0.435186	0.4525	-0.435186	0.4525
33	174	76	-0.444431	0.454037	-0.451132	0.454037
34	398	265	0.491646	-0.490556	0.491646	-0.490556
35	270	240	0.190578	0.462135	0.190578	0.469097
36	80	202	0.499891	-0.452782	0.499891	-0.452782
37	300	123	0.456694	-0.450538	0.463491	-0.450538
38	206	174	0.360775	-0.437377	0.360775	-0.451132
39	393	293	-0.473945	0.46208	-0.473945	0.46208
40	23	437	0.446568	-0.496927	0.446568	-0.496927
41	276	255	-0.44893	0.423729	-0.44893	0.423729
42	103	42	0.310506	-0.252473	0.310506	-0.252473
43	452	476	0.442679	-0.123135	0.450656	-0.123135
44	32	229	-0.484262	0.468927	-0.49248	0.468927
45	470	38	-0.422311	0.449237	-0.422311	0.449237
46	71	82	0.436355	-0.465239	0.450477	-0.472227
47	335	248	0.431495	-0.47831	0.431495	-0.485113
48	126	21	-0.428552	0.427591	-0.428552	0.427591
49	32	350	-0.476748	0.481827	-0.49248	0.488705
50	391	347	-0.310729	0.332359	-0.310729	0.332359
51	380	374	-0.461288	0.472041	-0.461288	0.472041
52	269	347	-0.429638	0.321601	-0.438144	0.332359
53	398	191	0.484559	-0.377868	0.491646	-0.377868
54	17	288	-0.297312	0.486232	-0.297312	0.493979
55	288	32	0.479021	-0.472619	0.493979	-0.49248
56	300	46	0.448691	-0.460622	0.463491	-0.460622
57	72	271	0.352902	-0.357062	0.352902	-0.357062
58	339	483	-0.36809	0.470154	-0.36809	0.477055
59	220	195	0.482836	-0.473327	0.482836	-0.480475
60	398	497	0.476883	-0.396188	0.491646	-0.396188
61	489	390	-0.0439529	-0.428261	-0.0439529	-0.435186
62	291	437	0.457915	-0.490087	0.471892	-0.496927
63	335	202	0.42479	-0.445612	0.431495	-0.452782
64	416	466	-0.480098	0.168478	-0.480098	0.168478
65	393	452	-0.466472	0.430419	-0.473945	0.450656
66	340	395	0.142354	-0.479946	0.142354	-0.487118
67	479	2	0.492479	-0.480482	0.492479	-0.480482
68	359	291	-0.146189	0.451309	-0.146189	0.471892
69	128	360	-0.303283	0.399437	-0.303283	0.399437
70	324	265	0.205359	-0.484324	0.205359	-0.490556
71	184	368	0.406055	-0.456653	0.413889	-0.456653
72	238	490	-0.402115	0.485523	-0.402115	0.485523
73	71	78	0.427647	-0.363981	0.450477	-0.363981
74	240	354	0.435486	-0.390435	0.469097	-0.398189
75	80	123	0.492919	-0.440784	0.499891	-0.450538
76	174	424	-0.42838	0.46719	-0.451132	0.46719
77	378	395	0.394003	-0.470335	0.394003	-0.487118
78	178	298	0.249313	-0.477747	0.249313	-0.483203
79	360	304	0.389666	-0.244978	0.399437	-0.244978
80	167	418	-0.404394	0.424071	-0.404394	0.424071
81	64	416	0.377168	-0.470052	0.377168	-0.480098
82	456	53	-0.41987	0.000890493	-0.41987	0.000890493
83	184	385	0.405358	-0.451402	0.413889	-0.45832
84	383	105	-0.418637	0.319629	-0.418637	0.319629
85	355	478	-0.276932	0.246705	-0.276932	0.246705
86	237	339	0.475873	-0.360778	0.475873	-0.36809
87	398	158	0.472354	-0.485327	0.491646	-0.485327
88	231	425	-0.367447	0.358389	-0.367447	0.366785
89	2	350	-0.474101	0.477589	-0.480482	0.488705
90	299	99	0.433093	-0.234591	0.433093	-0.234591
91	345	260	0.132124	-0.38155	0.132124	-0.391138
92	250	486	0.336792	-0.227252	0.336792	-0.227252
93	434	158	0.438439	-0.478397	0.438439	-0.485327
94	380	457	-0.453991	0.411034	-0.461288	0.411034
95	184	189	0.370883	-0.331232	0.413889	-0.331232
96	386	491	0.213887	-0.423462	0.213887	-0.444226
97	232	410	-0.387081	0.457006	-0.387081	0.464021
98	177	418	-0.458343	0.416704	-0.46273	0.424071
99	296	311	0.403832	-0.281659	0.403832	-0.281659
100	223	288	-0.265198	0.475692	-0.265198	0.493979
101	77	107	-0.253791	0.427477	-0.253791	0.437698
102	46	479	-0.45639	0.487462	-0.460622	0.492479
103	225	460	-0.341941	0.411777	-0.350052	0.419457
104	288	100	0.462561	-0.394699	0.493979	-0.406239
105	35	330	-0.14804	0.287829	-0.14804	0.287829
106	479	286	0.48125	-0.293446	0.492479	-0.293446
107	350	269	0.470584	-0.422143	0.488705	-0.438144
108	66	82	0.328365	-0.461653	0.328365	-0.472227
109	38	384	0.441656	-0.382447	0.449237	-0.390303
110	82	18	-0.446654	0.41652	-0.472227	0.41652
111	494	484	0.124503	0.362976	0.124503	0.362976
112	334	452	-0.412465	0.423532	-0.412465	0.450656
113	284	255	-0.434534	0.416113	-0.434534	0.423729
114	184	2	0.372046	-0.467072	0.413889	-0.480482
115	129	177	0.174682	-0.451579	0.174682	-0.46273
116	126	188	-0.420289	0.383318	-0.428552	0.383318
117	424	29	0.460787	-0.423889	0.46719	-0.423889
118	379	491	0.386589	-0.422651	0.386589	-0.444226
119	23	158	0.437006	-0.469546	0.446568	-0.485327
120	434	13	0.431427	-0.397521	0.438439	-0.397521
121	395	54	-0.461253	0.191906	-0.487118	0.191906
122	135	383	0.25743	-0.409174	0.25743	-0.418637
123	295	364	-0.380306	0.232494	-0.388446	0.232494
124	158	229	-0.468393	0.463312	-0.485327	0.468927
125	210	395	0.479198	-0.451069	0.479198	-0.487118
126	256	491	0.416146	-0.396828	0.424168	-0.444226
127	315	409	-0.437286	0.434672	-0.437286	0.44379
128	387	33	-0.385006	0.238461	-0.385006	0.238461
129	50	107	-0.235348	0.417802	-0.235348	0.437698
130	298	141	-0.468491	0.432021	-0.483203	0.432021
131	130	483	-0.280133	0.458884	-0.280133	0.477055
132	31	117	0.359778	-0.284944	0.359778	-0.295955
133	195	181	-0.466988	0.493538	-0.480475	0.493538
134	226	123	0.365724	-0.433962	0.365724	-0.450538
135	112	302	0.127283	-0.296578	0.127283	-0.296578
136	78	318	-0.359496	0.468582	-0.363981	0.468582
137	38	202	0.43347	-0.440295	0.449237	-0.452782
138	300	464	0.441399	-0.44966	0.463491	-0.44966
139	195	214	-0.463073	0.45424	-0.480475	0.45424
140	452	257	0.411831	-0.214042	0.450656	-0.214042
141	287	377	-0.340098	0.238773	-0.34816	0.238773
142	350	366	0.462076	-0.411007	0.488705	-0.411007
143	379	126	0.378539	-0.411728	0.386589	-0.428552
144	186	399	0.338025	-0.402932	0.338025	-0.407846
145	114	314	0.479868	-0.25484	0.479868	-0.25484
146	174	460	-0.427243	0.403452	-0.451132	0.419457
147	82	242	-0.446824	0.119089	-0.472227	0.119089
148	437	293	-0.486648	0.454709	-0.496927	0.46208
149	472	123	0.229469	-0.426469	0.229469	-0.450538
150	416	313	-0.462638	0.392912	-0.480098	0.409151
151	49	374	-0.39211	0.465656	-0.39211	0.472041
152	221	227	-0.244563	0.309493	-0.244563	0.309493
153	393	140	-0.458875	0.237049	-0.473945	0.237049
154	114	393	0.471469	-0.448687	0.479868	-0.473945
155	480	354	0.272361	-0.385056	0.28293	-0.398189
156	380	118	-0.446	0.423134	-0.461288	0.429097
157	220	89	0.473391	-0.379019	0.482836	-0.386613
158	490	29	0.478076	-0.413931	0.485523	-0.423889
159	28	299	-0.0810803	0.422716	-0.0810803	0.433093
160	114	366	0.463381	-0.403302	0.479868	-0.411007
161	214	276	0.446724	-0.441722	0.45424	-0.44893
162	419	312	0.215828	-0.0908373	0.215828	-0.0908373
163	374	265	0.456467	-0.47435	0.472041	-0.490556
164	195	34	-0.459871	0.402649	-0.480475	0.409951
165	225	184	-0.332887	0.36892	-0.350052	0.413889
166	80	248	0.48817	-0.473668	0.499891	-0.485113
167	250	416	0.326332	-0.451481	0.336792	-0.480098
168	395	402	-0.442679	0.3222	-0.487118	0.3222
169	240	462	0.427272	-0.34708	0.469097	-0.34708
170	76	393	0.4483	-0.435123	0.454037	-0.473945
171	32	490	-0.468559	0.473291	-0.49248	0.485523
172	167	229	-0.396759	0.457807	-0.404394	0.468927
173	444	191	0.309291	-0.3692	0.309291	-0.377868
174	291	162	0.439384	-0.334772	0.471892	-0.334772
175	7	404	0.225294	-0.154959	0.225294	-0.154959
176	108	1	-0.475685	0.406981	-0.482592	0.415411
177	7	352	0.206198	-0.36712	0.225294	-0.373479
178	181	315	0.488393	-0.429813	0.493538	-0.437286
179	374	287	0.450592	-0.328992	0.472041	-0.34816
180	203	497	0.448334	-0.387769	0.448334	-0.396188
181	455	191	0.260417	-0.358653	0.271469	-0.377868
182	464	413	-0.440391	0.357283	-0.44966	0.357283
183	323	438	0.293519	-0.397208	0.301927	-0.397208
184	327	31	-0.414557	0.350053	-0.424753	0.359778
185	298	182	-0.459039	0.0562588	-0.483203	0.0562588
186	265	483	-0.460377	0.457089	-0.490556	0.477055
187	299	195	0.410424	-0.452952	0.433093	-0.480475
188	220	201	0.470133	-0.437462	0.482836	-0.437462
189	256	136	0.408362	-0.261019	0.424168	-0.261019
190	167	65	-0.388153	0.410912	-0.404394	0.422788
191	34	391	0.390305	-0.299609	0.409951	-0.310729
192	62	1	-0.269732	0.400685	-0.269732	0.415411
193	160	315	0.278269	-0.421874	0.278269	-0.437286
194	211	137	-0.424532	0.25238	-0.433026	0.25238
195	32	319	-0.466793	0.497806	-0.49248	0.497806
196	79	158	0.287613	-0.453844	0.287613	-0.485327
197	456	200	-0.403026	0.29081	-0.41987	0.29081
198	378	208	0.386863	-0.292988	0.394003	-0.292988
199	437	31	-0.482211	0.339571	-0.496927	0.359778
200	424	159	0.453292	-0.368634	0.46719	-0.368634
201	396	235	-0.347491	0.354436	-0.347491	0.354436
202	32	15	-0.460935	0.445094	-0.49248	0.4525
203	479	315	0.470313	-0.415359	0.492479	-0.437286
204	126	12	-0.408361	0.276911	-0.428552	0.276911
205	350	46	0.445877	-0.449653	0.488705	-0.460622
206	410	395	0.455881	-0.430954	0.464021	-0.487118
207	249	271	0.467782	-0.348812	0.467782	-0.357062
208	123	321	-0.418119	0.347192	-0.450538	0.347192
209	108	103	-0.462005	0.299926	-0.482592	0.310506
210	18	201	0.408923	-0.428465	0.41652	-0.437462
211	479	260	0.467788	-0.364478	0.492479	-0.391138
212	318	174	0.460864	-0.41032	0.468582	-0.451132
213	238	237	-0.393784	0.468588	-0.402115	0.475873
214	212	275	-0.398407	0.189307	-0.398407	0.189307
215	195	135	-0.440352	0.248107	-0.480475	0.25743
216	48	288	-0.384591	0.457255	-0.384591	0.493979
217	296	177	0.395295	-0.442913	0.403832	-0.46273
218	211	483	-0.415739	0.450516	-0.433026	0.477055
219	292	351	0.0113282	-0.273009	0.0113282	-0.273009
220	23	326	0.426817	-0.376913	0.446568	-0.376913
221	464	1	-0.433277	0.391269	-0.44966	0.415411
222	120	107	-0.463081	0.410655	-0.463081	0.437698
223	398	284	0.465289	-0.428387	0.491646	-0.434534
224	452	231	0.410741	-0.357973	0.450656	-0.367447
225	384	229	-0.373736	0.449052	-0.390303	0.468927
226	493	227	-0.24654	0.297716	-0.24654	0.309493
227	380	105	-0.438992	0.31079	-0.461288	0.319629
228	434	416	0.41992	-0.448573	0.438439	-0.480098
229	326	145	-0.369827	0.261005	-0.376913	0.261005
230	318	491	0.453103	-0.381382	0.468582	-0.444226
231	30	416	0.265368	-0.440155	0.265368	-0.480098
232	121	399	0.20567	-0.391077	0.20567	-0.407846
233	318	395	0.444823	-0.422412	0.468582	-0.487118
234	206	366	0.352691	-0.390817	0.360775	-0.411007
235	392	281	0.327999	-0.316461	0.327999	-0.316461
236	141	339	0.424219	-0.355463	0.432021	-0.36809
237	319	368	0.489862	-0.448504	0.497806	-0.456653
238	315	210	-0.407292	0.47257	-0.437286	0.479198
239	295	457	-0.370431	0.400634	-0.388446	0.411034
240	177	214	-0.423697	0.443885	-0.46273	0.45424
241	335	399	0.412641	-0.377816	0.431495	-0.407846
242	94	293	-0.27335	0.444265	-0.27335	0.46208
243	410	287	0.450772	-0.321614	0.464021	-0.34816
244	259	495	0.20241	-0.136599	0.20241	-0.136599
245	460	191	0.392027	-0.350587	0.419457	-0.377868
246	268	220	-0.402095	0.455661	-0.402095	0.482836
247	448	284	0.432827	-0.419493	0.432827	-0.434534
248	72	108	0.34342	-0.449174	0.352902	-0.482592
249	490	265	0.462	-0.454785	0.485523	-0.490556
250	319	212	0.483991	-0.386205	0.497806	-0.398407
251	36	483	-0.395561	0.442926	-0.395561	0.477055
252	333	99	0.42228	-0.224819	0.42228	-0.234591
253	201	64	-0.418793	0.369551	-0.437462	0.377168
254	313	228	0.384672	-0.29447	0.409151	-0.29447
255	410	238	0.439664	-0.385439	0.464021	-0.402115
256	163	295	0.229334	-0.367005	0.229334	-0.388446
257	82	249	-0.419996	0.459879	-0.472227	0.467782
258	195	490	-0.425817	0.464757	-0.480475	0.485523
259	49	300	-0.384647	0.434906	-0.39211	0.463491
260	114	280	0.457595	-0.161976	0.479868	-0.161976
261	417	300	-0.34359	0.422698	-0.34359	0.463491
262	220	298	0.455864	-0.447343	0.482836	-0.483203
263	342	203	-0.380249	0.441047	-0.380249	0.448334
264	496	149	0.157976	-0.200523	0.157976	-0.200523
265	434	248	0.420953	-0.46095	0.438439	-0.485113
266	215	384	-0.0978905	-0.35958	-0.0978905	-0.390303
267	375	310	-0.344035	0.220607	-0.344035	0.220607
268	477	398	-0.251742	0.456876	-0.251742	0.491646
269	2	27	-0.461692	0.3541	-0.480482	0.3541
270	120	379	-0.455695	0.36559	-0.463081	0.386589
271	253	34	-0.192702	0.393977	-0.192702	0.409951
272	3	491	0.342462	-0.392947	0.342462	-0.444226
273	343	120	0.480277	-0.447756	0.487873	-0.463081
274	380	163	-0.430705	0.224167	-0.461288	0.229334
275	437	227	-0.459326	0.281007	-0.496927	0.309493
276	350	211	0.458904	-0.407038	0.488705	-0.433026
277	201	80	-0.40914	0.480074	-0.437462	0.499891
278	296	464	0.387634	-0.422147	0.403832	-0.44966
279	387	76	-0.374534	0.443945	-0.385006	0.454037
280	114	265	0.448474	-0.44836	0.479868	-0.490556
281	16	334	0.244574	-0.406277	0.244574	-0.412465
282	121	462	0.195429	-0.339084	0.20567	-0.34708
283	483	399	0.435894	-0.368035	0.477055	-0.407846
284	299	328	0.402083	-0.290351	0.433093	-0.290351
285	355	321	-0.26491	0.338889	-0.276932	0.347192
286	387	144	-0.366189	-0.0833049	-0.385006	-0.0833049
287	351	411	-0.246665	0.262988	-0.273009	0.262988
288	380	210	-0.417767	0.463943	-0.461288	0.479198
289	118	177	0.415995	-0.424213	0.429097	-0.46273
290	29	80	-0.409669	0.471811	-0.423889	0.499891
291	221	335	-0.237523	0.418784	-0.244563	0.431495
292	347	332	0.313268	-0.426721	0.332359	-0.43626
293	252	268	0.28104	-0.39462	0.28104	-0.402095
294	36	479	-0.385994	0.460851	-0.395561	0.492479
295	417	65	-0.335148	0.400308	-0.34359	0.422788
296	391	313	-0.291377	0.380026	-0.310729	0.409151
297	298	187	-0.43272	0.16065	-0.483203	0.16065
298	276	402	-0.434651	0.31305	-0.44893	0.3222
299	141	395	0.422651	-0.409843	0.432021	-0.487118
300	377	195	0.226518	-0.401141	0.238773	-0.480475
301	232	236	-0.378472	0.358038	-0.387081	0.358038
302	418	2	0.409616	-0.445743	0.424071	-0.480482
303	494	440	0.155378	-0.386973	0.124503	-0.386973
304	104	319	-0.116126	0.47448	-0.116126	0.497806
305	352	460	-0.349547	0.382509	-0.373479	0.419457
306	210	284	0.466492	-0.411914	0.479198	-0.434534
307	160	174	0.269326	-0.407114	0.278269	-0.451132
308	141	336	0.401526	-0.258812	0.432021	-0.258812
309	72	315	0.335374	-0.401854	0.352902	-0.437286
310	23	440	0.436134	-0.374577	0.446568	-0.386973
311	232	377	-0.37551	0.217648	-0.387081	0.238773
312	432	189	0.248356	-0.321742	0.263702	-0.331232
313	120	180	-0.442715	0.413709	-0.463081	0.413709
314	293	248	0.433193	-0.462265	0.46208	-0.485113
315	401	440	0.324289	-0.368988	0.324289	-0.386973
316	343	437	0.473202	-0.460089	0.487873	-0.496927
317	181	49	0.477224	-0.375724	0.493538	-0.39211
318	383	220	-0.399084	0.453273	-0.418637	0.482836
319	111	384	0.241726	-0.334803	0.241726	-0.390303
320	484	211	0.334567	-0.408178	0.362976	-0.433026
321	453	470	0.286499	-0.413292	0.286499	-0.422311
322	398	28	0.438632	-0.0678406	0.491646	-0.0810803
323	184	265	0.367046	-0.453066	0.413889	-0.490556
324	15	136	0.436196	-0.251384	0.4525	-0.261019
325	296	368	0.375193	-0.444137	0.403832	-0.456653
326	158	288	-0.446921	0.448526	-0.485327	0.493979
327	497	347	-0.386036	0.307483	-0.396188	0.332359
328	163	231	0.214812	-0.347708	0.229334	-0.367447
329	394	71	-0.248488	0.423557	-0.248488	0.450477
330	392	211	0.318347	-0.380803	0.327999	-0.433026
331	319	248	0.46044	-0.460153	0.497806	-0.485113
332	161	401	-0.315285	0.312728	-0.315285	0.324289
333	491	214	-0.356844	0.428526	-0.444226	0.45424
334	448	151	0.422929	-0.0712439	0.432827	-0.0712439
335	23	380	0.429794	-0.398905	0.446568	-0.461288
336	237	231	0.458058	-0.33313	0.475873	-0.367447
337	107	383	0.395597	-0.39554	0.437698	-0.418637
338	232	64	-0.357197	0.361888	-0.387081	0.377168
339	318	399	0.423278	-0.359701	0.468582	-0.407846
340	287	350	-0.317484	0.447623	-0.34816	0.488705
341	47	287	0.136629	-0.302692	0.136629	-0.34816
342	32	203	-0.430253	0.435215	-0.49248	0.448334
343	15	117	0.423716	-0.27306	0.4525	-0.295955
344	333	302	0.412065	-0.279393	0.42228	-0.296578
345	196	170	0.410428	-0.413509	0.418355	-0.413509
346	229	177	0.443972	-0.428053	0.468927	-0.46273
347	366	445	-0.392922	0.37576	-0.411007	0.37576
348	424	248	0.445744	-0.43789	0.46719	-0.485113
349	265	267	-0.449195	0.0786968	-0.490556	0.0786968
350	166	437	0.358427	-0.455086	0.358427	-0.496927
351	203	385	0.425489	-0.449503	0.448334	-0.45832
352	458	46	0.188821	-0.430425	0.188821	-0.460622
353	196	393	0.400758	-0.44049	0.418355	-0.473945
354	318	142	0.42743	-0.36841	0.468582	-0.36841
355	252	238	0.271987	-0.387899	0.28104	-0.402115
356	101	166	-0.0823498	0.351325	-0.0823498	0.358427
357	195	288	-0.402003	0.437778	-0.480475	0.493979
358	483	287	0.421856	-0.2935	0.477055	-0.34816
359	342	343	-0.369496	0.469271	-0.380249	0.487873
360	288	248	0.427181	-0.4316	0.493979	-0.485113
361	350	44	0.431248	-0.273846	0.488705	-0.273846
362	2	452	-0.43086	0.396177	-0.480482	0.450656
363	49	343	-0.371157	0.452639	-0.39211	0.487873
364	38	48	0.424202	-0.379379	0.449237	-0.384591
365	254	315	0.350313	-0.401068	0.350313	-0.437286
366	191	319	-0.33735	0.458623	-0.377868	0.497806
367	188	2	0.372766	-0.445232	0.383318	-0.480482
368	374	390	0.44249	-0.410606	0.472041	-0.435186
369	121	473	0.181601	-0.2364	0.20567	-0.246085
370	215	321	-0.130786	0.329262	-0.0978905	0.347192
371	440	184	-0.35243	0.352496	-0.386973	0.413889
372	93	301	-0.0088791	-0.171593	-0.0088791	-0.171593
373	319	29	0.440867	-0.399609	0.497806	-0.423889
374	174	134	-0.404938	0.260654	-0.451132	0.260654
375	151	413	-0.0572358	0.351588	-0.0712439	0.357283
376	41	276	0.315796	-0.423385	0.315796	-0.44893
377	227	332	0.280182	-0.423105	0.309493	-0.43626
378	15	295	0.41738	-0.350278	0.4525	-0.388446
379	27	316	0.342512	-0.282756	0.3541	-0.282756
380	158	18	-0.424295	0.39306	-0.485327	0.41652
381	181	120	0.47482	-0.436357	0.493538	-0.463081
382	410	17	0.422298	-0.289132	0.464021	-0.297312
383	249	2	0.452786	-0.417505	0.467782	-0.480482
384	120	249	-0.428971	0.439534	-0.463081	0.467782
385	37	165	-0.288655	0.403904	-0.288655	0.403904
386	158	418	-0.441947	0.399276	-0.485327	0.424071
387	195	80	-0.394123	0.447286	-0.480475	0.499891
388	208	71	-0.28403	0.405015	-0.292988	0.450477
389	57	202	0.258093	-0.432258	0.258093	-0.452782
390	361	462	0.335991	-0.324176	0.335991	-0.34708
391	268	217	-0.38629	-0.011555	-0.402095	-0.011555
392	385	374	-0.43685	0.432065	-0.45832	0.472041
393	496	416	0.1402	-0.427681	0.157976	-0.480098
394	391	135	-0.281546	0.235417	-0.310729	0.25743
395	80	138	0.452102	-0.350107	0.499891	-0.350107
396	332	114	-0.415647	0.445208	-0.43626	0.479868
397	300	355	0.410115	-0.252969	0.463491	-0.276932
398	214	447	0.422572	-0.219225	0.45424	-0.219225
399	13	38	-0.388402	0.414561	-0.397521	0.449237
400	82	256	-0.426705	0.401315	-0.472227	0.424168
401	82	333	-0.419784	0.401378	-0.472227	0.42228
402	457	161	0.397551	-0.30562	0.411034	-0.315285
403	378	263	0.370332	-0.281453	0.394003	-0.281453
404	417	333	-0.329351	0.394873	-0.34359	0.42228
405	167	210	-0.382558	0.452415	-0.404394	0.479198
406	188	368	0.358575	-0.435914	0.383318	-0.456653
407	298	299	-0.434049	0.392164	-0.483203	0.433093
408	343	268	0.442931	-0.363431	0.487873	-0.402095
409	424	177	0.431637	-0.404235	0.46719	-0.46273
410	418	238	0.390801	-0.370137	0.424071	-0.402115
411	1	380	0.385164	-0.405	0.415411	-0.461288
412	393	291	-0.422228	0.433032	-0.473945	0.471892
413	490	440	0.440137	-0.345945	0.485523	-0.386973
414	293	269	0.429543	-0.414229	0.46208	-0.438144
415	288	78	0.428986	-0.360855	0.493979	-0.363981
416	206	328	0.344264	-0.280941	0.360775	-0.290351
417	437	360	-0.438722	0.380455	-0.496927	0.399437
418	188	158	0.359181	-0.419147	0.383318	-0.485327
419	209	429	-0.129976	0.185425	-0.129976	0.185425
420	487	394	0.151937	-0.239121	0.151937	-0.248488
421	483	314	0.423469	-0.244918	0.477055	-0.25484
422	203	355	0.417827	-0.243017	0.448334	-0.276932
423	384	321	-0.33325	0.311776	-0.390303	0.347192
424	276	80	-0.419951	0.457007	-0.44893	0.499891
425	368	229	-0.422913	0.418756	-0.456653	0.468927
426	74	302	0.392978	-0.27083	0.392978	-0.296578
427	484	393	0.32329	-0.419044	0.362976	-0.473945
428	248	374	-0.443773	0.427295	-0.485113	0.472041
429	410	279	0.39205	-0.160538	0.464021	-0.160538
430	41	284	0.304778	-0.396038	0.315796	-0.434534
431	313	354	0.374802	-0.369903	0.409151	-0.398189
432	326	229	-0.357607	0.426781	-0.376913	0.468927
433	235	108	0.345272	-0.452444	0.354436	-0.482592
434	73	1	-0.186665	0.381869	-0.186665	0.415411
435	418	456	0.376476	-0.394569	0.424071	-0.41987
436	21	395	0.419435	-0.419665	0.427591	-0.487118
437	73	64	-0.175088	0.342454	-0.186665	0.377168
438	343	352	0.445642	-0.343304	0.487873	-0.373479
439	418	475	0.381182	-0.144289	0.424071	-0.144289
440	181	46	0.469884	-0.421659	0.493538	-0.460622
441	464	237	-0.420747	0.453832	-0.44966	0.475873
442	286	58	-0.285189	0.291842	-0.293446	0.291842
443	132	332	0.326153	-0.402193	0.326153	-0.43626
444	374	159	0.427285	-0.359157	0.472041	-0.368634
445	396	445	-0.338021	0.368151	-0.347491	0.37576
446	300	202	0.396977	-0.42494	0.463491	-0.452782
447	352	452	-0.339138	0.373116	-0.373479	0.450656
448	76	373	0.435762	-0.0479894	0.454037	-0.0479894
449	497	461	-0.374571	0.371274	-0.396188	0.371274
450	444	126	0.300273	-0.388031	0.309291	-0.428552
451	214	201	0.416118	-0.408661	0.45424	-0.437462
452	378	167	0.384089	-0.37516	0.394003	-0.404394
453	145	4	0.250735	-0.360872	0.261005	-0.360872
454	15	311	0.401694	-0.271221	0.4525	-0.281659
455	38	380	0.419577	-0.395321	0.449237	-0.461288
456	2	235	-0.430149	0.335648	-0.480482	0.354436
457	405	385	0.294619	-0.436429	0.294619	-0.45832
458	457	125	0.393438	-0.0572778	0.411034	-0.0572778
459	201	411	-0.403517	0.250636	-0.437462	0.262988
460	327	237	-0.410641	0.446353	-0.424753	0.475873
461	349	348	-0.110382	0.249473	-0.110382	0.249473
462	413	302	0.331267	-0.251513	0.357283	-0.296578
463	238	72	-0.366154	0.328616	-0.402115	0.352902
464	286	467	-0.273354	0.0636011	-0.293446	0.0636011
465	413	212	0.322016	-0.378527	0.357283	-0.398407
466	265	134	-0.420974	0.252624	-0.490556	0.260654
467	313	334	0.351268	-0.393664	0.409151	-0.412465
468	80	284	0.436338	-0.405647	0.499891	-0.434534
469	38	142	0.407201	-0.360501	0.449237	-0.36841
470	66	269	0.320634	-0.406683	0.328365	-0.438144
471	395	79	-0.402101	0.278261	-0.487118	0.287613
472	99	350	-0.21874	0.419897	-0.234591	0.488705
473	85	416	0.262292	-0.406523	0.262292	-0.480098
474	158	71	-0.395534	0.39219	-0.485327	0.450477
475	203	36	0.396902	-0.380242	0.448334	-0.395561
476	461	456	0.361732	-0.385925	0.371274	-0.41987
477	281	237	-0.3064	0.44384	-0.316461	0.475873
478	229	470	0.432689	-0.405047	0.468927	-0.422311
479	141	167	0.409226	-0.342299	0.432021	-0.404394
480	87	399	0.201327	-0.345717	0.201327	-0.407846
481	44	140	-0.264686	0.228285	-0.273846	0.237049
482	321	497	0.30443	-0.361706	0.347192	-0.396188
483	65	49	0.394218	-0.369828	0.422788	-0.39211
484	256	212	0.38821	-0.37076	0.424168	-0.398407
485	437	409	-0.426269	0.427172	-0.496927	0.44379
486	15	150	0.39362	0.0356997	0.4525	0.0356997
487	196	315	0.398715	-0.36634	0.418355	-0.437286
488	247	315	0.0690702	-0.370239	0.0690702	-0.437286
489	16	4	0.236114	-0.353167	0.244574	-0.360872
490	170	229	-0.407748	0.409905	-0.413509	0.468927
491	195	131	-0.399683	0.268863	-0.480475	0.268863
492	341	1	0.118595	0.34626	0.118595	0.415411
493	410	158	0.401535	-0.405426	0.464021	-0.485327
494	364	393	0.221135	-0.421616	0.232494	-0.473945
495	268	15	-0.349995	0.38723	-0.402095	0.4525
496	118	393	0.407582	-0.413696	0.429097	-0.473945
497	195	330	-0.377431	0.272959	-0.480475	0.287829
498	303	13	0.317207	-0.377484	0.317207	-0.397521
499	385	278	-0.421172	0.123739	-0.45832	0.123739
500	108	181	-0.446422	0.458483	-0.482592	0.493538
501	76	126	0.417819	-0.385935	0.454037	-0.428552
502	166	464	0.334271	-0.414285	0.358427	-0.44966
503	88	226	-0.365283	0.358744	-0.365283	0.365724
504	264	291	-0.148752	0.418618	-0.148752	0.471892
505	299	368	0.384844	-0.409014	0.433093	-0.456653
506	380	133	-0.387204	0.210419	-0.461288	0.210419
507	128	54	-0.293563	0.17949	-0.303283	0.191906
508	425	149	0.350657	-0.182812	0.366785	-0.200523
509	360	50	0.375683	-0.227977	0.399437	-0.235348
510	64	46	0.33493	-0.413955	0.377168	-0.460622
511	89	3	-0.377978	0.332981	-0.386613	0.342462
512	353	181	-0.125003	0.451267	-0.125003	0.493538
513	448	177	0.406307	-0.376545	0.432827	-0.46273
514	258	48	0.202528	-0.365924	0.210527	-0.384591
515	375	460	-0.332055	0.368696	-0.344035	0.419457
516	202	220	-0.419128	0.415218	-0.452782	0.482836
517	448	440	0.399539	-0.350644	0.432827	-0.386973
518	271	418	-0.340464	0.351778	-0.357062	0.424071
519	319	314	0.44282	-0.240479	0.497806	-0.25484
520	425	352	0.332333	-0.330692	0.366785	-0.373479
521	210	295	0.434764	-0.33438	0.479198	-0.388446
522	498	251	-0.264026	0.233936	-0.264026	0.233936
523	76	17	0.404541	-0.273513	0.454037	-0.297312
524	74	470	0.381136	-0.393314	0.392978	-0.422311
525	368	249	-0.392511	0.440053	-0.456653	0.467782
526	265	179	-0.39622	0.310757	-0.490556	0.310757
527	424	414	0.432101	-0.271917	0.46719	-0.271917
528	65	298	0.393503	-0.401252	0.422788	-0.483203
529	196	244	0.388176	-0.317764	0.418355	-0.317764
530	137	202	0.24216	-0.394712	0.25238	-0.452782
531	46	33	-0.406654	0.227541	-0.460622	0.238461
532	317	164	0.286822	-0.304733	0.286822	-0.304733
533	343	100	0.434107	-0.381439	0.487873	-0.406239
534	74	440	0.378887	-0.325996	0.392978	-0.386973
535	113	438	0.298769	-0.388176	0.298769	-0.397208
536	122	123	0.237328	-0.411221	0.237328	-0.450538
537	425	185	0.333577	-0.199208	0.366785	-0.199208
538	462	299	-0.316672	0.364093	-0.34708	0.433093
539	141	438	0.390749	-0.369985	0.432021	-0.397208
540	319	437	0.441779	-0.438544	0.497806	-0.496927
541	123	220	-0.387804	0.423483	-0.450538	0.482836
542	438	74	-0.372731	0.367891	-0.397208	0.392978
543	205	226	-0.282364	0.347039	-0.282364	0.365724
544	59	165	-0.0922754	0.394258	-0.0922754	0.403904
545	78	494	-0.335493	0.141856	-0.363981	0.124503
546	38	120	0.399521	-0.424222	0.449237	-0.463081
547	256	327	0.377116	-0.399966	0.424168	-0.424753
548	260	319	-0.363223	0.428051	-0.391138	0.497806
549	118	295	0.402581	-0.32974	0.429097	-0.388446
550	102	202	0.281003	-0.40549	0.281003	-0.452782
551	165	191	0.379782	-0.320459	0.403904	-0.377868
552	326	333	-0.349387	0.393455	-0.376913	0.42228
553	103	32	0.290807	-0.400127	0.310506	-0.49248
554	174	303	-0.386024	0.307581	-0.451132	0.317207
555	255	208	0.417393	-0.267475	0.423729	-0.292988
556	350	437	0.418888	-0.413103	0.488705	-0.496927
557	51	343	-0.0676416	0.397387	-0.0676416	0.487873
558	368	23	-0.387636	0.411916	-0.456653	0.446568
559	352	236	-0.321414	0.350525	-0.373479	0.358038
560	343	417	0.392747	-0.312275	0.487873	-0.34359
561	158	293	-0.370817	0.412205	-0.485327	0.46208
562	177	319	-0.387475	0.413163	-0.46273	0.497806
563	76	399	0.385787	-0.327884	0.454037	-0.407846
564	220	158	0.396529	-0.385131	0.482836	-0.485327
565	416	249	-0.42102	0.438514	-0.480098	0.467782
566	460	339	0.382736	-0.344244	0.419457	-0.36809
567	319	354	0.409796	-0.357912	0.497806	-0.398189
568	271	402	-0.329591	0.304762	-0.357062	0.3222
569	291	96	0.431508	-0.270899	0.471892	-0.270899
570	288	219	0.432255	-0.293006	0.493979	-0.293006
571	147	53	0.0672835	-0.0153856	0.0672835	0.000890493
572	291	17	0.386388	-0.272085	0.471892	-0.297312
573	220	284	0.394368	-0.381944	0.482836	-0.434534
574	141	498	0.375742	-0.250897	0.432021	-0.264026
575	424	327	0.420293	-0.396514	0.46719	-0.424753
576	58	212	0.279824	-0.351336	0.291842	-0.398407
577	132	304	0.318453	-0.23627	0.326153	-0.244978
578	138	27	-0.342739	0.32791	-0.350107	0.3541
579	108	453	-0.440644	0.27719	-0.482592	0.286499
580	65	385	0.380649	-0.393692	0.422788	-0.45832
581	318	202	0.430615	-0.386374	0.468582	-0.452782
582	112	366	0.109663	-0.371344	0.127283	-0.411007
583	108	303	-0.409401	0.301534	-0.482592	0.317207
584	240	120	0.416523	-0.416043	0.469097	-0.463081
585	335	32	0.402106	-0.413059	0.431495	-0.49248
586	134	334	0.237211	-0.38293	0.260654	-0.412465
587	189	409	-0.307784	0.418787	-0.331232	0.44379
588	211	294	-0.375603	0.187435	-0.433026	0.187435
589	211	378	-0.38076	0.369098	-0.433026	0.394003
590	451	457	-0.234367	0.368729	-0.234367	0.411034
591	22	141	-0.167064	0.378169	-0.167064	0.432021
592	342	460	-0.363562	0.3569	-0.380249	0.419457
593	437	132	-0.401697	0.307225	-0.496927	0.326153
594	283	37	0.297556	-0.280047	0.297556	-0.288655
595	248	107	-0.422582	0.394482	-0.485113	0.437698
596	85	271	0.252277	-0.320938	0.262292	-0.357062
597	434	375	0.39883	-0.319633	0.438439	-0.344035
598	49	64	-0.353346	0.332077	-0.39211	0.377168
599	102	142	0.270692	-0.348617	0.281003	-0.36841
600	432	279	0.237273	-0.147329	0.263702	-0.160538
601	210	49	0.43422	-0.327046	0.479198	-0.39211
602	458	437	0.179414	-0.40841	0.188821	-0.496927
603	437	479	-0.373803	0.439731	-0.496927	0.492479
604	360	219	0.366139	-0.28413	0.399437	-0.293006
605	339	252	-0.339802	0.255064	-0.36809	0.28104
606	255	385	0.395726	-0.385067	0.423729	-0.45832
607	233	38	-0.127458	0.409096	-0.127458	0.449237
608	288	232	0.402948	-0.349458	0.493979	-0.387081
609	160	231	0.255176	-0.31613	0.278269	-0.367447
610	300	36	0.406954	-0.386531	0.463491	-0.395561
611	413	117	0.304019	-0.264707	0.357283	-0.295955
612	42	402	-0.241419	0.309624	-0.252473	0.3222
613	80	385	0.440907	-0.393051	0.499891	-0.45832
614	117	160	-0.257506	0.25279	-0.295955	0.278269
615	34	271	0.372565	-0.318339	0.409951	-0.357062
616	410	399	0.359736	-0.328613	0.464021	-0.407846
617	350	78	0.423352	-0.319261	0.488705	-0.363981
618	480	189	0.258626	-0.302776	0.28293	-0.331232
619	293	315	0.412013	-0.365714	0.46208	-0.437286
620	12	158	0.268475	-0.368578	0.276911	-0.485327
621	52	2	0.325349	-0.411374	0.325349	-0.480482
622	350	271	0.386995	-0.298359	0.488705	-0.357062
623	180	390	0.406372	-0.39942	0.413709	-0.435186
624	293	491	0.412261	-0.341342	0.46208	-0.444226
625	219	333	-0.273962	0.377164	-0.293006	0.42228
626	66	276	0.313242	-0.401144	0.328365	-0.44893
627	398	332	0.429486	-0.395968	0.491646	-0.43626
628	220	271	0.41417	-0.299867	0.482836	-0.357062
629	167	261	-0.346166	0.332629	-0.404394	0.332629
630	268	203	-0.348397	0.40579	-0.402095	0.448334
631	46	41	-0.405307	0.290894	-0.460622	0.315796
632	326	165	-0.338971	0.368866	-0.376913	0.403904
633	264	308	-0.14381	-0.205453	-0.148752	-0.205453
634	232	452	-0.340027	0.385286	-0.387081	0.450656
635	79	142	0.267037	-0.336194	0.287613	-0.36841
636	333	211	0.355104	-0.354135	0.42228	-0.433026
637	2	171	-0.370152	0.170648	-0.480482	0.170648
638	108	398	-0.410881	0.408103	-0.482592	0.491646
639	293	202	0.388695	-0.353903	0.46208	-0.452782
640	229	304	0.382966	-0.227303	0.468927	-0.244978
641	225	348	-0.323574	0.22951	-0.350052	0.249473
642	100	235	-0.374954	0.319187	-0.406239	0.354436
643	220	142	0.385768	-0.331291	0.482836	-0.36841
644	29	479	-0.393256	0.441847	-0.423889	0.492479
645	203	46	0.391173	-0.373059	0.448334	-0.460622
646	50	305	-0.216483	0.157307	-0.235348	0.157307
647	397	138	0.355178	-0.334746	0.355178	-0.350107
648	424	100	0.403394	-0.376605	0.46719	-0.406239
649	64	385	0.321652	-0.365049	0.377168	-0.45832
650	393	27	-0.377899	0.325429	-0.473945	0.3541
651	386	159	0.202702	-0.352643	0.213887	-0.368634
652	210	73	0.432437	-0.160344	0.479198	-0.186665
653	68	181	-0.239147	0.420711	-0.239147	0.493538
654	184	13	0.305206	-0.373577	0.413889	-0.397521
655	3	44	0.318671	-0.245666	0.342462	-0.273846
656	284	306	-0.382729	0.156848	-0.434534	0.156848
657	220	311	0.343549	-0.263943	0.482836	-0.281659
658	374	366	0.394777	-0.363522	0.472041	-0.411007
659	333	208	0.342647	-0.269071	0.42228	-0.292988
660	326	480	-0.313184	0.256357	-0.376913	0.28293
661	368	236	-0.370912	0.336718	-0.456653	0.358038
662	288	25	0.402184	-0.124572	0.493979	-0.124572
663	257	186	-0.201973	0.326113	-0.214042	0.338025
664	252	89	0.251122	-0.35895	0.28104	-0.386613
665	161	1	-0.294598	0.326089	-0.315285	0.415411
666	271	250	-0.275659	0.314233	-0.357062	0.336792
667	334	196	-0.37434	0.372593	-0.412465	0.418355
668	2	23	-0.362822	0.392096	-0.480482	0.446568
669	259	201	0.181728	-0.361381	0.20241	-0.437462
670	352	401	-0.296563	0.306387	-0.373479	0.324289
671	293	497	0.369807	-0.353289	0.46208	-0.396188
672	380	58	-0.366076	0.271864	-0.461288	0.291842
673	293	316	0.404979	-0.272461	0.46208	-0.282756
674	23	399	0.382939	-0.304114	0.446568	-0.407846
675	418	248	0.326561	-0.40934	0.424071	-0.485113
676	343	416	0.385682	-0.383851	0.487873	-0.480098
677	237	185	0.431967	-0.186621	0.475873	-0.199208
678	479	248	0.425775	-0.409726	0.492479	-0.485113
679	195	47	-0.373001	0.121851	-0.480475	0.136629
680	71	106	0.376581	-0.162331	0.450477	-0.162331
681	398	366	0.423878	-0.344923	0.491646	-0.411007
682	335	142	0.391799	-0.328515	0.431495	-0.36841
683	254	416	0.344101	-0.379401	0.350313	-0.480098
684	208	409	-0.256491	0.42037	-0.292988	0.44379
685	206	159	0.33279	-0.338445	0.360775	-0.368634
686	196	440	0.375903	-0.32316	0.418355	-0.386973
687	232	306	-0.335991	0.14446	-0.387081	0.156848
688	74	327	0.356209	-0.380023	0.392978	-0.424753
689	436	342	0.211265	-0.347427	0.211265	-0.380249
690	287	434	-0.29081	0.39976	-0.34816	0.438439
691	347	368	0.288756	-0.384091	0.332359	-0.456653
692	384	313	-0.303006	0.35276	-0.390303	0.409151
693	335	29	0.367139	-0.373263	0.431495	-0.423889
694	165	437	0.365556	-0.381696	0.403904	-0.496927
695	438	181	-0.364322	0.425564	-0.397208	0.493538
696	205	374	-0.272536	0.382045	-0.282364	0.472041
697	416	296	-0.362935	0.361605	-0.480098	0.403832
698	71	96	0.360195	-0.260815	0.450477	-0.270899
699	226	68	0.33808	-0.230827	0.365724	-0.239147
700	57	177	0.249598	-0.345904	0.258093	-0.46273
701	166	393	0.331404	-0.385953	0.358427	-0.473945
702	460	473	0.342973	-0.21899	0.419457	-0.246085
703	343	456	0.394659	-0.378407	0.487873	-0.41987
704	440	288	-0.31255	0.37974	-0.386973	0.493979
705	41	440	0.292592	-0.309163	0.315796	-0.386973
706	13	145	-0.361533	0.229913	-0.397521	0.261005
707	76	276	0.38092	-0.403356	0.454037	-0.44893
708	17	261	-0.248459	0.323939	-0.297312	0.332629
709	174	227	-0.350094	0.253398	-0.451132	0.309493
710	484	339	0.308667	-0.324413	0.362976	-0.36809
711	202	140	-0.31	0.209293	-0.452782	0.237049
712	377	416	0.187751	-0.349688	0.238773	-0.480098
713	255	164	0.38792	-0.293307	0.423729	-0.304733
714	474	126	0.135547	-0.386981	0.135547	-0.428552
715	170	409	-0.384136	0.393518	-0.413509	0.44379
716	2	64	-0.366304	0.337696	-0.480482	0.377168
717	328	472	-0.272661	0.217828	-0.290351	0.229469
718	180	32	0.398265	-0.424332	0.413709	-0.49248
719	232	397	-0.312844	0.34777	-0.387081	0.355178
720	323	89	0.287514	-0.361211	0.301927	-0.386613
721	158	340	-0.314467	0.131022	-0.485327	0.142354
722	498	288	-0.235795	0.3208	-0.264026	0.493979
723	396	452	-0.328638	0.354962	-0.347491	0.450656
724	4	452	-0.350647	0.337886	-0.360872	0.450656
725	120	490	-0.413007	0.436882	-0.463081	0.485523
726	319	390	0.406606	-0.399004	0.497806	-0.435186
727	114	387	0.433829	-0.341169	0.479868	-0.385006
728	452	383	0.32086	-0.377194	0.450656	-0.418637
729	319	493	0.391029	-0.233278	0.497806	-0.24654
730	298	203	-0.408736	0.391217	-0.483203	0.448334
731	142	75	-0.295553	0.414462	-0.36841	0.414462
732	195	41	-0.351416	0.278853	-0.480475	0.315796
733	318	231	0.410594	-0.308519	0.468582	-0.367447
734	291	443	0.368185	-0.238883	0.471892	-0.238883
735	420	334	0.0898548	-0.35899	0.0898548	-0.412465
736	271	291	-0.268782	0.345364	-0.357062	0.471892
737	18	486	0.388249	-0.213094	0.41652	-0.227252
738	416	214	-0.34561	0.371917	-0.480098	0.45424
739	167	21	-0.330849	0.410377	-0.404394	0.427591
740	470	398	-0.394022	0.40194	-0.422311	0.491646
741	219	478	-0.250836	0.23305	-0.293006	0.246705
742	74	399	0.342303	-0.277289	0.392978	-0.407846
743	52	248	0.311205	-0.379426	0.325349	-0.485113
744	245	383	0.201604	-0.367715	0.201604	-0.418637
745	270	332	0.221053	-0.392501	0.190578	-0.43626
746	203	136	0.345367	-0.250399	0.448334	-0.261019
747	327	11	-0.358	0.262909	-0.424753	0.262909
748	332	196	-0.389737	0.33379	-0.43626	0.418355
749	384	445	-0.293243	0.354281	-0.390303	0.37576
750	456	313	-0.36576	0.33313	-0.41987	0.409151
751	288	36	0.375553	-0.35235	0.493979	-0.395561
752	288	94	0.315688	-0.260266	0.493979	-0.27335
753	208	52	-0.210583	0.296419	-0.292988	0.325349
754	349	41	-0.0912912	0.261426	-0.110382	0.315796
755	89	137	-0.336658	0.233772	-0.386613	0.25238
756	82	57	-0.394162	0.235355	-0.472227	0.258093
757	281	18	-0.300769	0.380961	-0.316461	0.41652
758	378	6	0.336144	-0.0673488	0.394003	-0.0673488
759	299	159	0.344058	-0.335776	0.433093	-0.368634
760	334	424	-0.349225	0.398155	-0.412465	0.46719
761	238	183	-0.339951	-0.132979	-0.402115	-0.132979
762	375	15	-0.313388	0.367247	-0.344035	0.4525
763	455	308	0.250601	-0.168889	0.271469	-0.205453
764	123	65	-0.386482	0.369506	-0.450538	0.422788
765	236	238	0.324568	-0.32589	0.358038	-0.402115
766	332	364	-0.366877	0.218216	-0.43626	0.232494
767	123	234	-0.376469	0.300188	-0.450538	0.300188
768	74	366	0.324128	-0.346921	0.392978	-0.411007
769	7	470	0.188129	-0.382191	0.225294	-0.422311
770	88	21	-0.356082	0.400202	-0.365283	0.427591
771	282	310	-0.160937	0.207341	-0.176701	0.220607
772	281	111	-0.285724	0.226575	-0.316461	0.241726
773	136	480	-0.240011	0.233906	-0.261019	0.28293
774	3	416	0.305451	-0.344812	0.342462	-0.480098
775	490	464	0.386792	-0.394578	0.485523	-0.44966
776	400	319	-0.0896707	0.389179	-0.0896707	0.497806
777	228	203	-0.293467	0.365248	-0.29447	0.448334
778	12	170	0.245017	-0.381279	0.276911	-0.413509
779	80	142	0.38366	-0.303065	0.499891	-0.36841
780	419	232	0.191419	-0.293455	0.215828	-0.387081
781	18	342	0.373907	-0.350083	0.41652	-0.380249
782	2	75	-0.380502	0.40406	-0.480482	0.414462
783	123	379	-0.365027	0.36183	-0.450538	0.386589
784	269	141	-0.386869	0.376136	-0.438144	0.432021
785	161	255	-0.285466	0.383506	-0.315285	0.423729
786	21	223	0.378223	-0.262348	0.427591	-0.265198
787	65	136	0.36456	-0.217977	0.422788	-0.261019
788	118	62	0.34504	-0.262558	0.429097	-0.269732
789	7	201	0.180604	-0.37824	0.225294	-0.437462
790	65	177	0.338679	-0.359857	0.422788	-0.46273
791	460	126	0.318685	-0.357454	0.419457	-0.428552
792	335	498	0.237669	-0.23443	0.431495	-0.264026
793	236	375	0.306153	-0.31055	0.358038	-0.344035
794	135	485	0.198409	-0.1553	0.25743	-0.1553
795	260	287	-0.309134	0.0380998	-0.391138	-0.34816
796	416	401	-0.217766	0.292675	-0.480098	0.324289
797	229	315	0.368673	-0.309557	0.468927	-0.437286
798	71	327	0.351491	-0.321866	0.450477	-0.424753
799	354	200	-0.309589	0.282181	-0.398189	0.29081
800	451	409	-0.221505	0.304892	-0.234367	0.44379
801	423	447	-0.0782296	-0.202486	-0.0782296	-0.219225
802	454	309	0.158231	-0.0671058	0.158231	-0.0671058
803	283	211	0.287913	-0.227933	0.297556	-0.433026
804	159	235	-0.250816	0.289343	-0.368634	0.354436
805	254	383	0.301122	-0.323725	0.350313	-0.418637
806	457	314	0.356049	-0.201155	0.411034	-0.25484
807	357	326	0.157082	-0.222533	0.157082	-0.376913
808	181	100	0.223296	-0.322329	0.493538	-0.406239
809	105	315	0.295558	-0.320343	0.319629	-0.437286
810	444	228	0.285213	-0.274308	0.309291	-0.29447
811	157	152	0.366941	-0.178091	0.366941	-0.178091
812	240	281	0.395057	-0.276253	0.469097	-0.316461
813	408	317	-0.254298	0.274137	-0.254298	0.286822
814	128	476	-0.278531	-0.0968393	-0.303283	-0.123135
815	131	22	0.248508	-0.154489	0.268863	-0.167064
816	438	34	-0.314255	0.327158	-0.397208	0.409951
817	189	461	-0.262768	0.349317	-0.331232	0.371274
818	164	113	-0.284738	0.292111	-0.304733	0.298769
819	226	473	0.309056	-0.200776	0.365724	-0.246085
820	197	82	0.224216	-0.353997	0.224216	-0.472227
821	161	310	-0.262797	0.188503	-0.315285	0.220607
822	457	366	0.335238	-0.312204	0.411034	-0.411007
823	107	32	0.378598	-0.36857	0.437698	-0.49248
824	167	103	-0.314828	0.276517	-0.404394	0.310506
825	284	324	-0.363152	0.194925	-0.434534	0.205359
826	317	120	0.254013	-0.213555	0.286822	-0.463081
827	483	96	0.134263	-0.237104	0.477055	-0.270899
828	392	316	0.302037	-0.249526	0.327999	-0.282756
829	157	390	0.35543	-0.35035	0.366941	-0.435186
830	371	240	-0.133922	0.370487	-0.133922	0.469097
831	461	205	0.333753	-0.248979	0.371274	-0.282364
832	388	325	0.290911	-0.141722	0.290911	-0.141722
833	225	178	-0.249882	0.233548	-0.350052	0.249313
834	425	189	0.263933	-0.224076	0.366785	-0.331232
835	456	180	-0.34314	0.359117	-0.41987	0.413709
836	244	30	-0.300055	0.253963	-0.317764	0.265368
837	227	99	0.144856	-0.151935	0.309493	-0.234591
838	96	165	-0.174352	0.327564	-0.270899	0.403904
839	71	86	0.173021	-0.220639	0.450477	-0.220639
840	130	405	-0.264809	0.28001	-0.280133	0.294619
841	286	15	-0.221851	0.272834	-0.293446	0.4525
842	75	435	0.378714	-0.213286	0.414462	-0.213286
843	162	237	-0.324093	0.351954	-0.334772	0.475873
844	234	290	0.280048	-0.21062	0.300188	-0.21062
845	211	330	-0.179084	0.253485	-0.433026	0.287829
846	137	470	0.171991	-0.186124	0.25238	-0.422311
847	281	479	-0.252827	0.060744	-0.316461	0.492479
848	331	130	0.0289934	-0.249256	0.0289934	-0.280133
849	317	162	0.248157	-0.308707	0.286822	-0.334772
850	261	88	0.291478	-0.342398	0.332629	-0.365283
851	240	396	0.31262	-0.299252	0.469097	-0.347491
852	438	303	-0.244035	0.250384	-0.397208	0.317207
853	476	445	-0.154116	0.320304	-0.123135	0.37576
854	226	69	0.290678	-0.00428519	0.365724	-0.00428519
855	329	35	0.275095	-0.128321	0.275095	-0.14804
856	108	155	-0.204729	0.335289	-0.482592	0.335289
857	240	13	0.352315	-0.285016	0.469097	-0.397521
858	387	405	-0.299318	0.258208	-0.385006	0.294619
859	209	389	-0.106821	0.141144	-0.129976	0.141144
860	129	483	0.148088	0.0200359	0.174682	0.477055
861	357	4	0.12125	-0.323144	0.157082	-0.360872
862	435	370	-0.201769	0.125507	-0.213286	0.125507
863	14	397	-0.0998988	0.327934	-0.0998988	0.355178
864	86	330	-0.197754	0.20614	-0.220639	0.287829
865	86	272	-0.167495	0.243948	-0.220639	0.243948
866	66	414	0.282614	-0.249642	0.328365	-0.271917
867	242	128	0.0931121	-0.23908	0.119089	-0.303283
868	269	359	-0.301489	-0.132851	-0.438144	-0.146189
869	336	113	-0.245709	0.276469	-0.258812	0.298769
870	272	17	0.226938	-0.129816	0.243948	-0.297312
871	445	212	0.292976	-0.321911	0.37576	-0.398407
872	155	138	0.323836	-0.31143	0.335289	-0.350107
873	440	394	0.0260326	-0.202784	-0.386973	-0.248488
874	409	396	0.25019	-0.286427	0.44379	-0.347491
875	289	215	0.290058	-0.103264	0.290058	-0.0978905
876	323	48	0.225192	-0.330318	0.301927	-0.384591
877	36	32	-0.170115	0.0373952	-0.395561	-0.49248
878	223	289	-0.235743	0.273676	-0.265198	0.290058
879	157	314	0.346407	-0.096363	0.366941	-0.25484
880	100	122	-0.169742	0.219465	-0.406239	0.237328
881	108	296	-0.152745	0.247622	-0.482592	0.403832
882	227	316	0.0188764	-0.242326	0.309493	-0.282756
883	228	329	-0.218062	0.259043	-0.29447	0.275095
884	295	409	-0.0514716	0.0905728	-0.388446	0.44379
885	206	477	0.243994	-0.234597	0.360775	-0.251742
886	303	189	0.22002	-0.119641	0.317207	-0.331232
887	466	396	0.143777	-0.171052	0.168478	-0.347491
888	88	153	-0.326117	0.144432	-0.365283	0.144432
889	44	226	-0.215132	0.240485	-0.273846	0.365724
890	316	338	-0.177867	0.070764	-0.282756	0.070764
891	374	257	0.0192917	-0.181808	0.472041	-0.214042
892	378	308	0.10053	-0.150234	0.394003	-0.205453
893	268	249	-0.252781	0.175526	-0.402095	0.467782
894	58	55	0.233402	-0.191429	0.291842	-0.191429
895	323	383	0.172013	-0.241941	0.301927	-0.418637
896	412	45	-0.177725	0.0792297	-0.177725	0.0792297
897	21	311	0.346173	-0.206855	0.427591	-0.281659
898	309	155	-0.0318323	0.312536	-0.0671058	0.335289
899	209	234	-0.0748915	0.268526	-0.129976	0.300188
900	105	77	0.222664	-0.238876	0.319629	-0.253791
901	157	6	0.314735	-0.0298184	0.366941	-0.0673488
902	403	4	0.127579	-0.282227	0.127579	-0.360872
903	365	107	-0.132728	0.207343	-0.132728	0.437698
904	426	300	-0.0324191	0.0206869	-0.0324191	0.463491
905	233	286	-0.0932788	-0.19319	-0.127458	-0.293446
906	351	397	-0.236715	0.313207	-0.273009	0.355178
907	21	219	0.307216	-0.201489	0.427591	-0.293006
908	16	43	0.204857	-0.136555	0.244574	-0.136555
909	197	4	0.203014	-0.278996	0.224216	-0.360872
910	21	416	0.262744	0.0244812	0.427591	-0.480098
911	389	162	0.104515	-0.273981	0.141144	-0.334772
912	132	2	0.24542	0.0149589	0.326153	-0.480482
913	87	367	0.181202	-0.112454	0.201327	-0.112454
914	213	404	-0.0918616	-0.120742	-0.0918616	-0.154959
915	155	4	0.274894	-0.278439	0.335289	-0.360872
916	223	432	-0.211833	0.168181	-0.265198	0.263702
917	390	165	-0.312694	0.246576	-0.435186	0.403904
918	496	464	0.101591	-0.237013	0.157976	-0.44966
919	287	275	0.0188769	0.177552	-0.34816	0.189307
920	448	213	0.273229	-0.109838	0.432827	-0.0918616
921	417	66	-0.168188	0.240392	-0.34359	0.328365
922	34	431	0.220506	-0.0124434	0.409951	-0.0124434
923	18	22	0.261871	-0.122938	0.41652	-0.167064
924	126	112	-0.254795	0.0176645	-0.428552	0.127283
925	262	138	0.300259	-0.300695	0.300259	-0.350107
926	483	128	0.0191221	-0.206549	0.477055	-0.303283
927	305	88	0.136942	-0.298421	0.157307	-0.365283
928	336	262	-0.224357	0.291903	-0.258812	0.300259
929	157	13	0.284375	-0.132862	0.366941	-0.397521
930	388	316	0.27554	-0.0846467	0.290911	-0.282756
931	341	359	0.108572	-0.134442	0.118595	-0.146189
932	135	443	0.178249	-0.214841	0.25743	-0.238883
933	360	485	0.298404	-0.125241	0.399437	-0.1553
934	191	84	-0.186719	0.0163916	-0.377868	0.0163916
935	244	492	-0.285376	0.0249546	-0.317764	0.0249546
936	414	357	-0.22905	0.0885243	-0.271917	0.157082
937	469	354	-0.163723	-0.133139	-0.163723	-0.398189
938	427	20	-0.0815683	0.0646284	-0.0815683	0.0646284
939	109	459	-0.0466856	0.0751736	-0.0466856	0.0751736
940	330	238	0.178987	-0.127541	0.287829	-0.402115
941	328	408	-0.227508	-0.241546	-0.290351	-0.254298
942	374	243	0.0166141	0.211463	0.472041	0.211463
943	360	39	0.27678	-0.176571	0.399437	-0.176571
944	244	289	-0.266755	0.249879	-0.317764	0.290058
945	328	465	-0.235611	0.0214414	-0.290351	0.0214414
946	226	339	0.183771	-0.123733	0.365724	-0.36809
947	269	439	-0.177062	0.0459536	-0.438144	0.0459536
948	188	205	0.241905	-0.206289	0.383318	-0.282364
949	348	185	0.200034	-0.111775	0.249473	-0.199208
950	494	228	0.0896828	-0.21174	0.124503	-0.29447
951	125	348	0.018495	0.121572	-0.0572778	0.249473
952	261	146	0.251103	-0.0948197	0.332629	-0.0948197
953	355	455	-0.13174	0.215264	-0.276932	0.271469
954	404	151	-0.0998677	0.0174987	-0.154959	-0.0712439
955	401	493	0.159156	-0.173709	0.324289	-0.24654
956	337	204	-0.0375825	-0.159823	-0.0375825	-0.159823
957	361	412	0.324663	-0.149777	0.335991	-0.177725
958	356	430	-0.227525	-0.0192535	-0.227525	-0.0192535
959	411	185	0.237227	0.0171212	0.262988	-0.199208
960	5	274	0.0504731	0.180455	0.0504731	0.180455
961	307	314	0.00327098	0.0206301	0.00327098	-0.25484
962	81	474	-0.0392544	0.109768	-0.0392544	0.135547
963	122	263	0.175747	-0.261989	0.237328	-0.281453
964	88	234	-0.26676	0.239182	-0.365283	0.300188
965	30	475	0.23598	-0.121553	0.265368	-0.144289
966	330	200	0.0414262	0.25218	0.287829	0.29081
967	493	157	-0.133929	0.214619	-0.24654	0.366941
968	394	113	-0.160935	0.233931	-0.248488	0.298769
969	151	171	-0.0631003	0.147134	-0.0712439	0.170648
970	349	54	0.0194359	0.13925	-0.110382	0.191906
971	478	390	0.201188	-0.226284	0.246705	-0.435186
972	304	75	-0.163612	0.359577	-0.244978	0.414462
973	283	356	0.268065	-0.188035	0.297556	-0.227525
974	138	448	-0.286059	0.254882	-0.350107	0.432827
975	329	328	0.241338	-0.236565	0.275095	-0.290351
976	16	149	0.149708	-0.111666	0.244574	-0.200523
977	156	390	-0.0300728	-0.155189	-0.0300728	-0.435186
978	316	295	-0.0303332	0.0171906	-0.282756	-0.388446
979	131	387	0.226302	-0.26272	0.268863	-0.385006
980	289	248	0.230438	0.016597	0.290058	-0.485113
981	58	359	0.205121	-0.0586191	0.291842	-0.146189
982	195	329	0.0202924	0.22015	-0.480475	0.275095
983	467	122	0.0186837	0.139552	0.0636011	0.237328
984	3	159	0.210038	-0.109807	0.342462	-0.368634
985	128	219	-0.113203	-0.0525311	-0.303283	-0.293006
986	4	411	-0.0803779	0.182849	-0.360872	0.262988
987	257	317	-0.122393	0.20737	-0.214042	0.286822
988	361	421	0.312398	-0.0562102	0.335991	-0.0562102
989	333	71	0.0181203	0.0203045	0.42228	0.450477
990	432	477	0.158822	-0.217656	0.263702	-0.251742
991	244	358	-0.272957	0.168761	-0.317764	0.168761
992	428	268	0.0993617	-0.160039	0.0993617	-0.402095
993	153	217	0.124634	0.0168482	0.144432	-0.011555
994	403	147	0.0789659	0.0193261	0.127579	0.0672835
995	11	456	0.244431	-0.18275	0.262909	-0.41987
996	224	303	0.0704718	0.0194265	0.0704718	0.317207
997	294	78	0.16783	-0.0288695	0.187435	-0.363981
998	475	29	-0.096325	0.0205117	-0.144289	-0.423889
999	351	436	-0.220279	0.196514	-0.273009	0.211265
1000	405	443	0.247264	-0.180204	0.294619	-0.238883
1001	1	298	0.0209318	0.0223543	0.415411	-0.483203
1002	329	52	0.127934	0.206828	0.275095	0.325349
1003	413	280	0.182557	-0.13991	0.357283	-0.161976
1004	251	375	0.213463	-0.14768	0.233936	-0.344035
1005	351	133	-0.186024	0.18974	-0.273009	0.210419
1006	290	254	-0.194617	0.272333	-0.21062	0.350313
1007	398	190	0.0210712	0.078492	0.491646	0.078492
1008	387	250	-0.236084	0.27019	-0.385006	0.336792
1009	33	383	0.193775	-0.143703	0.238461	-0.418637
1010	361	469	0.292849	-0.175961	0.335991	-0.163723
1011	244	388	-0.24601	0.259039	-0.317764	0.290911
1012	269	336	0.0216623	-0.204076	-0.438144	-0.258812
1013	478	318	0.0948629	0.0229962	0.246705	0.468582
1014	406	314	0.204547	0.024061	0.204547	-0.25484
1015	38	52	0.024564	0.189151	0.449237	0.325349
1016	204	316	-0.0987029	0.0233279	-0.159823	-0.282756
1017	166	263	0.202263	-0.230938	0.358427	-0.281453
1018	14	390	-0.0821065	-0.149885	-0.0998988	-0.435186
1019	164	82	-0.242067	0.0235648	-0.304733	-0.472227
1020	132	118	0.154962	0.0248691	0.326153	0.429097
1021	169	86	0.187393	-0.137124	0.187393	-0.220639
1022	154	152	0.0572589	-0.149711	0.0572589	-0.178091
1023	186	37	0.294967	-0.26581	0.338025	-0.288655
1024	30	48	0.213368	-0.278083	0.265368	-0.384591
1025	139	263	0.0888392	-0.193894	0.0888392	-0.281453
1026	470	40	0.0184848	-0.10707	-0.422311	-0.10707
1027	94	111	-0.22314	0.16816	-0.27335	0.241726
1028	223	283	-0.0830317	0.248417	-0.265198	0.297556
1029	454	408	0.112633	-0.224963	0.158231	-0.254298
1030	102	363	0.211943	-0.0736798	0.281003	-0.0736798
1031	180	430	0.303115	-0.0591375	0.413709	-0.0192535
1032	243	413	0.196069	0.0751463	0.211463	0.357283
1033	24	248	-0.0111317	0.0234159	-0.0111317	-0.485113
1034	412	214	-0.139844	0.0858503	-0.177725	0.45424
1035	463	221	0.160655	-0.184513	0.160655	-0.244563
1036	261	94	0.220105	-0.180927	0.332629	-0.27335
1037	31	197	0.282694	0.149169	0.359778	0.224216
1038	490	302	0.024386	-0.117923	0.485523	-0.296578
1039	282	178	-0.118447	0.197034	-0.176701	0.249313
1040	130	44	-0.246534	-0.100838	-0.280133	-0.273846
1041	250	0	0.216951	-0.0720136	0.336792	-0.0720136
1042	207	246	0.173534	0.0746074	0.173534	0.0746074
1043	53	325	0.0187397	-0.126413	0.000890493	-0.141722
1044	80	20	0.0193425	-0.00846995	0.499891	0.0646284
1045	300	251	0.019921	0.170681	0.463491	0.233936
1046	245	457	0.172893	0.0202328	0.201604	0.411034
1047	117	468	-0.100827	0.0101442	-0.295955	0.0101442
1048	170	429	-0.301012	0.159854	-0.413509	0.185425
1049	113	486	0.195246	-0.181177	0.298769	-0.227252
1050	78	162	0.020466	-0.223495	-0.363981	-0.334772
1051	272	478	0.183395	0.0932767	0.243948	0.246705
1052	133	447	0.16012	-0.140753	0.210419	-0.219225
1053	25	467	-0.0944215	0.0693955	-0.124572	0.0636011
1054	314	419	0.0199015	0.164788	-0.25484	0.215828
1055	386	347	0.125293	0.0212554	0.213887	0.332359
1056	342	80	-0.190406	0.0180497	-0.380249	0.499891
1057	396	271	-0.00707801	0.0180837	-0.347491	-0.357062
1058	220	138	0.0191405	-0.233704	0.482836	-0.350107
1059	320	199	-0.0905857	0.0241231	-0.0905857	0.0241231
1060	364	387	0.0183174	-0.123643	0.232494	-0.385006
1061	448	414	0.187947	-0.13402	0.432827	-0.271917
1062	328	182	-0.216023	0.0216804	-0.290351	0.0562588
1063	145	317	0.0929179	0.145211	0.261005	0.286822
1064	75	462	0.338121	-0.240223	0.414462	-0.34708
1065	447	405	-0.116174	0.193961	-0.219225	0.294619
1066	97	85	-0.12249	0.2016	-0.12249	0.262292
1067	29	224	-0.057454	0.0189688	-0.423889	0.0704718
1068	461	279	0.266063	-0.0572359	0.371274	-0.160538
1069	388	375	0.221919	0.0217512	0.290911	-0.344035
1070	258	342	0.163593	-0.0112289	0.210527	-0.380249
1071	8	235	0.127656	0.0196393	0.127656	0.354436
1072	250	408	0.163731	-0.193187	0.336792	-0.254298
1073	444	152	0.232062	-0.106787	0.309291	-0.178091
1074	99	282	0.0188826	0.0203595	-0.234591	-0.176701
1075	230	416	-0.157785	0.0178788	-0.157785	-0.480098
1076	186	20	0.269446	0.0181297	0.338025	0.0646284
1077	50	112	-0.144576	0.0170671	-0.235348	0.127283
1078	62	250	-0.224777	0.116445	-0.269732	0.336792
1079	63	431	0.195832	0.016084	0.195832	-0.0124434
1080	392	259	0.201171	0.150601	0.327999	0.20241
1081	278	55	0.0883849	-0.164506	0.123739	-0.191429
1082	397	281	0.273302	0.0156324	0.355178	-0.316461
1083	347	159	0.0923445	0.0174064	0.332359	-0.368634
1084	313	86	0.019199	-0.10497	0.409151	-0.220639
1085	266	440	0.18618	0.017344	0.18618	-0.386973
1086	34	382	0.193192	-0.00587001	0.409951	-0.00587001
1087	445	176	0.145874	0.020016	0.37576	0.020016
1088	198	314	0.0844672	0.0168176	0.0844672	-0.25484
1089	379	301	0.207995	-0.103463	0.386589	-0.171593
1090	234	110	0.149709	0.016022	0.300188	0.016022
1091	390	225	-0.0880073	0.017723	-0.435186	-0.350052
1092	102	462	0.165973	-0.20109	0.281003	-0.34708
1093	447	66	-0.107224	0.0198124	-0.219225	0.328365
1094	429	448	0.129332	0.105402	0.185425	0.432827
1095	59	130	-0.0558846	-0.200144	-0.0922754	-0.280133
1096	197	236	0.220067	0.0195338	0.224216	0.358038
1097	354	475	-0.153974	-0.00836595	-0.398189	-0.144289
1098	179	106	0.293711	-0.141857	0.310757	-0.162331
1099	62	448	-0.180864	0.118516	-0.269732	0.432827
1100	232	379	0.0160818	0.143314	-0.387081	0.386589
1101	27	308	0.180329	-0.136498	0.3541	-0.205453
1102	49	497	0.0183608	0.0189008	-0.39211	-0.396188
1103	327	397	0.0171756	0.159252	-0.424753	0.355178
1104	234	339	0.183142	0.0194284	0.300188	-0.36809
1105	164	235	-0.195474	0.139309	-0.304733	0.354436
1106	402	253	0.176624	-0.173099	0.3222	-0.192702
1107	478	253	0.126107	-0.119064	0.246705	-0.192702
1108	212	307	-0.108626	0.0215403	-0.398407	0.00327098
1109	289	247	0.114671	0.0202215	0.290058	0.0690702
1110	31	209	0.261011	0.0181682	0.359778	-0.129976
1111	439	244	0.0214459	-0.0801987	0.0459536	-0.317764
1112	9	173	-0.0113654	0.0958144	-0.0113654	0.0958144
1113	145	472	0.0317229	0.179109	0.261005	0.229469
1114	418	451	0.0206063	-0.174721	0.424071	-0.234367
1115	37	275	-0.228823	0.109359	-0.288655	0.189307
1116	87	48	0.155224	-0.215403	0.201327	-0.384591
1117	215	470	0.020068	-0.0803171	-0.0978905	-0.422311
1118	98	370	-0.0246507	0.104778	-0.0246507	0.125507
1119	191	408	0.0173692	-0.171226	-0.377868	-0.254298
1120	186	114	0.197712	0.0443873	0.338025	0.479868
1121	356	483	-0.176463	0.0192609	-0.227525	0.477055
1122	261	43	0.0939509	-0.103341	0.332629	-0.136555
1123	39	319	-0.151642	0.018899	-0.176571	0.497806
1124	75	328	0.287708	-0.173055	0.414462	-0.290351
1125	11	220	0.215649	0.0189714	0.262909	0.482836
1126	277	143	-0.0119938	0.10587	-0.0119938	0.10587
1127	238	433	0.0189214	0.104521	-0.402115	0.104521
1128	273	77	0.075019	-0.207704	0.075019	-0.253791
1129	169	293	0.163598	0.0200847	0.187393	0.46208
1130	111	167	0.0961348	0.0205552	0.241726	-0.404394
1131	297	186	-0.051879	0.193252	-0.051879	0.338025
1132	358	48	0.139456	-0.0790899	0.168761	-0.384591
1133	361	338	0.221831	0.0192034	0.335991	0.070764
1134	105	321	0.148134	0.0217503	0.319629	0.347192
1135	354	339	-0.151235	0.0227759	-0.398189	-0.36809
1136	384	72	0.0196676	0.113656	-0.390303	0.352902
1137	253	131	0.0227224	0.148009	-0.192702	0.268863
1138	262	100	0.259183	0.00218777	0.300259	-0.406239
1139	351	177	-0.113128	0.0217587	-0.273009	-0.46273
1140	229	283	0.0214992	0.123065	0.468927	0.297556
1141	131	406	0.0230759	0.185636	0.268863	0.204547
1142	250	390	0.0257239	-0.0723608	0.336792	-0.435186
1143	120	423	0.0229866	-0.0499213	-0.463081	-0.0782296
1144	284	28	0.0219321	0.0213033	-0.434534	-0.0810803
1145	359	453	0.0213126	0.226712	-0.146189	0.286499
1146	162	123	-0.188421	0.0208128	-0.334772	-0.450538
1147	75	260	0.222354	-0.201069	0.414462	-0.391138
1148	7	448	0.0214823	0.0206962	0.225294	0.432827
1149	415	160	0.167672	0.0218457	0.167672	0.278269
1150	264	54	-0.117278	0.0231477	-0.148752	0.191906
1151	12	477	0.188651	-0.128427	0.276911	-0.251742
1152	272	469	0.0755659	-0.128382	0.243948	-0.163723
1153	267	329	0.0189152	0.109453	0.0786968	0.275095
1154	386	188	0.02054	0.124508	0.213887	0.383318
1155	187	493	0.136428	0.0201811	0.16065	-0.24654
1156	126	415	0.0207957	0.156833	-0.428552	0.167672
1157	6	180	0.0212282	0.21174	-0.0673488	0.413709
1158	17	441	0.0209922	-0.0535415	-0.297312	-0.0535415
1159	26	97	-0.0565192	-0.10118	-0.0565192	-0.12249
1160	78	308	-0.00410949	-0.0510352	-0.363981	-0.205453
1161	70	418	0.0947793	0.021937	0.0947793	0.424071
1162	183	325	-0.106906	-0.0666885	-0.132979	-0.141722
1163	324	286	0.10554	-0.103971	0.205359	-0.293446
1164	471	40	-0.0247732	-0.0742992	-0.0247732	-0.10707
1165	361	408	0.215787	-0.0798241	0.335991	-0.254298
1166	151	91	0.0205078	0.0284422	-0.0712439	0.0284422
1167	357	220	0.0206775	0.022521	0.157082	0.482836
1168	400	99	-0.0592759	0.0212482	-0.0896707	-0.234591
1169	387	179	0.0204928	0.27608	-0.385006	0.310757
1170	399	270	0.0211839	0.108926	-0.407846	0.190578
1171	122	293	0.0226198	0.0212525	0.237328	0.46208
1172	194	230	0.032751	-0.141266	0.032751	-0.157785
1173	370	62	0.0317858	0.0219942	0.125507	-0.269732
1174	321	244	0.0215911	0.0219919	0.347192	-0.317764
1175	116	299	-0.0253014	0.0215874	-0.0253014	0.433093
1176	484	317	0.166618	0.0215838	0.362976	0.286822
1177	186	482	0.0216571	0.239392	0.338025	0.239392
1178	438	77	0.021583	-0.103911	-0.397208	-0.253791
1179	368	381	0.0212212	0.131044	-0.456653	0.131044
1180	494	331	0.0201891	0.0238548	0.124503	0.0289934
1181	84	221	0.0201653	-0.155529	0.0163916	-0.244563
1182	363	227	-0.0279448	0.0219473	-0.0736798	0.309493
1183	42	406	-0.198211	0.139251	-0.252473	0.204547
1184	344	148	-0.126619	0.111149	-0.126619	0.111149
1185	407	79	-0.108932	0.140156	-0.134966	0.287613
1186	11	293	0.125586	0.0212597	0.262909	0.46208
1187	133	258	0.0225584	0.0222962	0.210419	0.210527
1188	339	177	0.0215762	0.0213749	-0.36809	-0.46273
1189	103	176	0.105744	0.0225886	0.310506	0.020016
1190	112	175	0.0229749	0.104137	0.127283	0.142341
1191	44	474	-0.102531	0.0235508	-0.273846	0.135547
1192	273	220	0.0237862	0.0210773	0.075019	0.482836
1193	40	401	-0.0541239	0.0218477	-0.10707	0.324289
1194	494	117	0.0223123	-0.175713	0.124503	-0.295955
1195	383	306	0.0216013	0.0219334	-0.418637	0.156848
1196	259	6	0.182428	0.0204273	0.20241	-0.0673488
1197	318	482	0.0227407	0.218643	0.468582	0.239392
1198	285	486	0.0501131	-0.0596881	0.0501131	-0.227252
1199	392	320	0.167946	-0.0332313	0.327999	-0.0905857
1200	261	431	0.0216567	0.0237288	0.332629	-0.0124434
1201	51	197	-0.0225874	0.140744	-0.0676416	0.224216
1202	262	197	0.209028	0.0232882	0.300259	0.224216
1203	254	495	0.20333	-0.110962	0.350313	-0.136599
1204	164	286	-0.0274599	-0.0301918	-0.304733	-0.293446
1205	373	361	0.022774	0.0363155	-0.0479894	0.335991
1206	371	496	-0.107511	0.0225854	-0.133922	0.157976
1207	14	60	-0.028496	0.0827947	-0.0998988	0.0827947
1208	68	200	-0.183296	0.208704	-0.239147	0.29081
1209	365	76	-0.11149	0.0223496	-0.132728	0.454037
1210	49	163	0.0225638	0.0223858	-0.39211	0.229334
1211	339	38	0.0217963	0.0231643	-0.36809	0.449237
1212	126	68	0.0198615	-0.12624	-0.428552	-0.239147
1213	108	67	0.0214973	0.145849	-0.482592	0.145849
1214	5	427	0.115464	-0.0416586	0.0504731	-0.0815683
1215	6	362	0.0209868	-0.0677915	-0.0673488	-0.0677915
1216	485	263	-0.0545455	-0.0301197	-0.1553	-0.281453
1217	266	498	0.167067	-0.0519344	0.18618	-0.264026
1218	264	425	-0.0318366	0.0227749	-0.148752	0.366785
1219	267	497	0.0209264	0.0213107	0.0786968	-0.396188
1220	114	29	0.0690247	0.0209082	0.479868	-0.423889
1221	35	361	-0.02996	0.0218349	-0.14804	0.335991
1222	60	302	0.021383	0.0218314	0.0827947	-0.296578
1223	55	357	-0.0910933	0.0218341	-0.191429	0.157082
1224	380	391	0.0207538	-0.0790578	-0.461288	-0.310729
1225	248	487	0.0210471	0.122888	-0.485113	0.151937
1226	406	451	0.0697235	-0.0695907	0.204547	-0.234367
1227	461	475	0.0177501	0.0207129	0.371274	-0.144289
1228	376	331	0.094946	0.0177977	0.094946	0.0289934
1229	474	160	0.0211325	0.0797256	0.135547	0.278269
1230	311	467	0.0210342	0.0205623	-0.281659	0.0636011
1231	390	190	0.0212332	0.02121	-0.435186	0.078492
1232	170	377	-0.213965	0.021739	-0.413509	0.238773
1233	336	166	-0.130455	0.0939545	-0.258812	0.358427
1234	188	481	0.0690578	0.0215702	0.383318	0.0215702
1235	236	221	0.0206866	-0.112267	0.358038	-0.244563
1236	127	333	0.051401	0.0194738	0.051401	0.42228
1237	446	249	0.09683	0.0201935	0.09683	0.467782
1238	296	389	0.0207264	0.0746615	0.403832	0.141144
1239	393	101	0.0203103	-0.0349353	-0.473945	-0.0823498
1240	340	172	0.0197994	0.0767144	0.142354	0.0767144
1241	92	228	0.112317	0.0196397	0.112317	-0.29447
1242	362	415	-0.00716824	0.070233	-0.0677915	0.167672
1243	347	165	0.0201851	0.0214157	0.332359	0.403904
1244	410	392	0.0208044	0.0467536	0.464021	0.327999
1245	346	474	0.0698754	0.020462	0.0698754	0.135547
1246	224	11	0.0204552	0.0208444	0.0704718	0.262909
1247	216	108	-0.0505155	0.020232	-0.0505155	-0.482592
1248	213	188	-0.0522718	0.0213657	-0.0918616	0.383318
1249	31	496	0.0957782	0.0202541	0.359778	0.157976
1250	234	122	0.0187694	0.01872	0.300188	0.237328
1251	393	282	0.0195033	0.0196195	-0.473945	-0.176701
1252	100	163	0.0196626	0.0198212	-0.406239	0.229334
1253	314	38	0.019276	0.0205204	-0.25484	0.449237
1254	316	106	0.0180632	-0.115034	-0.282756	-0.162331
1255	327	85	0.0192972	0.167947	-0.424753	0.262292
1256	163	17	0.0202943	0.0201645	0.229334	-0.297312
1257	358	412	0.0195559	0.0198129	0.168761	-0.177725
1258	258	401	0.0201776	0.0200753	0.210527	0.324289
1259	437	294	0.0201171	0.0959971	-0.496927	0.187435
1260	87	89	0.0248684	0.0201663	0.201327	-0.386613
1261	141	60	0.0208804	0.0208223	0.432021	0.0827947
1262	149	59	0.0200758	-0.0688555	-0.200523	-0.0922754
1263	15	331	0.0202785	0.0226538	0.4525	0.0289934
1264	220	344	0.0206961	-0.095689	0.482836	-0.126619
1265	190	482	0.0203087	0.169791	0.078492	0.239392
1266	427	268	0.0203523	0.0206531	-0.0815683	-0.402095
1267	179	473	0.217065	0.0205441	0.310757	-0.246085
1268	318	496	0.0213929	0.0204587	0.468582	0.157976
1269	372	182	0.01835	0.021906	0.01835	0.0562588
1270	167	71	0.0210044	0.0212355	-0.404394	0.450477
1271	253	322	0.0206959	0.0965654	-0.192702	0.0965654
1272	204	392	-0.0926375	0.0453605	-0.159823	0.327999
1273	218	294	-0.114413	0.0214073	-0.114413	0.187435
1274	239	187	-0.0198061	0.0208409	-0.0198061	0.16065
1275	110	432	0.0204274	0.021053	0.016022	0.263702
1276	378	243	0.021224	0.125308	0.394003	0.211463
1277	200	218	0.0804174	-0.0803393	0.29081	-0.114413
1278	244	162	0.0213135	0.0214682	-0.317764	-0.334772
1279	231	369	0.0215177	0.0490296	-0.367447	0.0490296
1280	50	80	0.021446	0.0213048	-0.235348	0.499891
1281	416	94	0.0215331	0.0213877	-0.480098	-0.27335
1282	300	276	0.0217597	0.0215546	0.463491	-0.44893
1283	303	306	0.0209815	0.0208926	0.317207	0.156848
1284	202	135	0.0207977	0.021217	-0.452782	0.25743
1285	132	50	0.0217232	0.0222412	0.326153	-0.235348
1286	232	312	0.0217003	-0.0551821	-0.387081	-0.0908373
1287	132	337	0.0210118	-0.0703143	0.326153	-0.0375825
1288	169	39	0.0947357	-0.087693	0.187393	-0.176571
1289	260	483	-0.0540783	0.0208567	-0.391138	0.477055
1290	5	410	0.0197944	0.0212551	0.0504731	0.464021
1291	404	101	0.0207087	0.0201571	-0.154959	-0.0823498
1292	450	17	-0.018261	0.0209235	-0.018261	-0.297312
1293	8	391	0.0868693	0.0205972	0.127656	-0.310729
1294	47	130	0.0206967	-0.0310595	0.136629	-0.280133
1295	58	42	0.0207198	-0.0988868	0.291842	-0.252473
1296	206	252	0.0198591	0.0197402	0.360775	0.28104
1297	25	454	0.0200595	0.0774191	-0.124572	0.158231
1298	176	204	0.0203877	-0.0321729	0.020016	-0.159823
1299	89	356	0.0202722	-0.106336	-0.386613	-0.227525
1300	215	13	0.0197673	0.0195214	-0.0978905	-0.397521
1301	34	122	0.0196333	0.0195084	0.409951	0.237328
1302	350	307	0.0199352	0.0198266	0.488705	0.00327098
1303	276	399	0.0196772	0.0197183	-0.44893	-0.407846
1304	126	205	0.0195683	0.0197353	-0.428552	-0.282364
1305	103	315	0.0197303	0.0199318	0.310506	-0.437286
1306	112	279	0.0199099	0.0198891	0.127283	-0.160538
1307	299	121	0.0195688	0.0196321	0.433093	0.20567
1308	57	97	0.0199209	-0.0701086	0.258093	-0.12249
1309	122	403	0.0191967	0.0203476	0.237328	0.127579
1310	455	290	0.0197335	-0.135642	0.271469	-0.21062
1311	330	95	0.0191805	-0.0823083	0.287829	-0.0823083
1312	328	126	0.0186165	0.0191012	-0.290351	-0.428552
1313	461	498	0.0192359	0.0184067	0.371274	-0.264026
1314	492	223	0.0195449	0.0191789	0.0249546	-0.265198
1315	53	313	0.0202176	0.0192843	0.000890493	0.409151
1316	245	59	0.12149	0.0193718	0.201604	-0.0922754
1317	355	319	0.0196651	0.0200894	-0.276932	0.497806
1318	180	495	0.0196852	-0.0278492	0.413709	-0.136599
1319	259	296	0.0191467	0.0193557	0.20241	0.403832
1320	42	166	0.0196443	0.0197491	-0.252473	0.358427
1321	125	357	0.019579	0.0195726	-0.0572778	0.157082
1322	302	263	0.0195461	-0.0289432	-0.296578	-0.281453
1323	288	422	0.0193493	0.0364811	0.493979	0.0364811
1324	120	183	0.0194472	-0.0927766	-0.463081	-0.132979
1325	283	56	0.0179797	-0.0885544	0.297556	-0.0885544
1326	232	402	0.0192994	0.0192521	-0.387081	0.3222
1327	166	129	0.0191126	0.0190587	0.358427	0.174682
1328	428	469	0.0194968	0.0191261	0.0993617	-0.163723
1329	338	219	0.0189886	0.0190952	0.070764	-0.293006
1330	352	151	0.0191583	0.0190283	-0.373479	-0.0712439
1331	438	211	0.0201201	0.0192484	-0.397208	-0.433026
1332	268	301	0.0191694	-0.0775267	-0.402095	-0.171593
1333	443	478	-0.0695666	0.0189538	-0.238883	0.246705
1334	41	20	0.0184536	0.0190269	0.315796	0.0646284
1335	300	136	0.0187514	0.0185459	0.463491	-0.261019
1336	477	426	0.0188203	0.0188367	-0.251742	-0.0324191
1337	382	192	0.018765	0.108044	-0.00587001	0.108044
1338	339	224	0.0189616	0.0190314	-0.36809	0.0704718
1339	308	49	0.0185941	0.0187674	-0.205453	-0.39211
1340	203	418	0.0189637	0.0188467	0.448334	0.424071
1341	394	241	0.0190712	0.0336586	-0.248488	0.0336586
1342	63	461	0.167157	0.019007	0.195832	0.371274
1343	289	12	0.019145	0.0189484	0.290058	0.276911
1344	207	32	0.124071	0.0192395	0.173534	-0.49248
1345	11	61	0.0193187	0.0186236	0.262909	0.0186236
1346	337	263	0.0192516	0.0192984	-0.0375825	-0.281453
1347	2	438	0.0192012	0.018043	-0.480482	-0.397208
1348	299	22	0.019094	0.0190744	0.433093	-0.167064
1349	24	30	0.0190246	0.0190453	-0.0111317	0.265368
1350	207	298	0.114115	0.0191142	0.173534	-0.483203
1351	237	57	0.0191185	0.0199091	0.475873	0.258093
1352	332	390	0.0193755	0.0195265	-0.43626	-0.435186
1353	215	450	0.0193812	0.0193909	-0.0978905	-0.018261
1354	221	363	0.0188439	0.0191922	-0.244563	-0.0736798
1355	489	81	0.0192897	0.0192694	-0.0439529	-0.0392544
1356	208	262	0.0192087	0.140572	-0.292988	0.300259
1357	41	179	0.0197014	0.0195335	0.315796	0.310757
1358	246	132	0.0835865	0.0197066	0.0746074	0.326153
1359	77	407	0.0200711	-0.0289842	-0.253791	-0.134966
1360	227	172	0.0198914	0.0505094	0.309493	0.0767144
1361	127	468	0.0201837	0.0202356	0.051401	0.0101442
1362	59	203	0.0203253	0.0204302	-0.0922754	0.448334
1363	87	445	0.020584	0.0202253	0.201327	0.37576
1364	469	116	0.0201745	0.0201857	-0.163723	-0.0253014
1365	486	264	0.0200719	0.0201604	-0.227252	-0.148752
1366	446	385	0.0201687	0.0203599	0.09683	-0.45832
1367	139	284	0.0201932	0.0200887	0.0888392	-0.434534
1368	89	406	0.020366	0.020252	-0.386613	0.204547
1369	159	193	0.0201137	0.0676475	-0.368634	0.0676475
1370	22	186	0.0202667	0.0210311	-0.167064	0.338025
1371	75	194	0.0190655	-0.00268229	0.414462	0.032751
1372	7	322	0.0199502	0.0199245	0.225294	0.0965654
1373	480	328	0.0200667	0.0201071	0.28293	-0.290351
1374	235	72	0.0201514	0.0202487	0.354436	0.352902
1375	79	212	0.0460723	0.0202145	0.287613	-0.398407
1376	146	32	-0.0583116	0.0199088	-0.0948197	-0.49248
1377	423	343	0.0199093	0.0198405	-0.0782296	0.487873
1378	466	208	0.0197041	0.0197159	0.168478	-0.292988
1379	233	244	-0.0433578	0.0186877	-0.127458	-0.317764
1380	451	66	0.0196739	0.0196607	-0.234367	0.328365
1381	144	475	-0.0504038	0.0193771	-0.0833049	-0.144289
1382	346	179	0.0194885	0.0196615	0.0698754	0.310757
1383	249	411	0.0195617	0.0194618	0.467782	0.262988
1384	313	155	0.0195718	0.0195173	0.409151	0.335289
1385	340	258	0.0193626	0.0194303	0.142354	0.210527
1386	88	131	0.0194209	0.0193979	-0.365283	0.268863
1387	118	458	0.0193807	0.0726845	0.429097	0.188821
1388	65	416	0.0194226	0.0194578	0.422788	-0.480098
1389	407	348	0.0195143	0.0195284	-0.134966	0.249473
1390	136	367	0.0194803	-0.0808334	-0.261019	-0.112454
1391	225	15	0.0193565	0.0194072	-0.350052	0.4525
1392	68	333	0.0193237	0.0194854	-0.239147	0.42228
1393	156	474	0.0194007	0.0193772	-0.0300728	0.135547
1394	194	460	0.0163909	0.0191535	0.032751	0.419457
1395	296	436	0.0193039	0.114294	0.403832	0.211265
1396	161	465	0.0195622	0.0196103	-0.315285	0.0214414
1397	407	272	0.0194826	0.0193842	-0.134966	0.243948
1398	278	309	0.019546	0.0195497	0.123739	-0.0671058
1399	77	90	0.019567	-0.038936	-0.253791	-0.038936
1400	277	311	0.046938	0.0193948	-0.0119938	-0.281659
1401	486	100	0.0195191	0.0193685	-0.227252	-0.406239
1402	186	463	0.0191902	0.131292	0.338025	0.160655
1403	489	383	0.0196354	0.0195948	-0.0439529	-0.418637
1404	121	311	0.0196864	0.019654	0.20567	-0.281659
1405	150	481	0.019613	0.0195868	0.0356997	0.0215702
1406	484	153	0.0195534	0.0194852	0.362976	0.144432
1407	187	382	0.0196424	0.0231515	0.16065	-0.00587001
1408	46	106	0.0195515	0.0198142	-0.460622	-0.162331
1409	487	119	0.0195787	0.0922772	0.151937	0.0922772
1410	443	311	0.0194512	0.019476	-0.238883	-0.281659
1411	202	343	0.019455	0.0194051	-0.452782	0.487873
1412	478	75	0.0194373	0.0184719	0.246705	0.414462
1413	185	14	0.0194712	0.0195132	-0.199208	-0.0998988
1414	76	143	0.0194458	0.0456376	0.454037	0.10587
1415	25	190	0.0195364	0.0195061	-0.124572	0.078492
1416	266	221	0.0688981	0.0199091	0.18618	-0.244563
1417	301	188	-0.0614024	0.0196225	-0.171593	0.383318
1418	66	441	0.019369	0.0193933	0.328365	-0.0535415
1419	410	453	0.0193503	0.143562	0.464021	0.286499
1420	435	52	-0.142145	0.019642	-0.213286	0.325349
1421	23	17	0.0196495	0.0195248	0.446568	-0.297312
1422	495	227	0.019371	0.0197744	-0.136599	0.309493
1423	142	267	0.0194688	0.0193824	-0.36841	0.0786968
1424	480	411	0.0195396	0.0195379	0.28293	0.262988
1425	341	479	0.019558	0.0195426	0.118595	0.492479
1426	478	441	0.0196591	0.0194878	0.246705	-0.0535415
1427	98	456	0.0202011	0.0201212	-0.0246507	-0.41987
1428	0	274	-0.0148267	0.14946	-0.0720136	0.180455
1429	320	498	-0.0113823	0.0193818	-0.0905857	-0.264026
1430	416	26	0.019468	-0.0400466	-0.480098	-0.0565192
1431	275	102	0.0190403	0.01918	0.189307	0.281003
1432	110	144	0.0191453	0.0190848	0.016022	-0.0833049
1433	490	284	0.0190229	0.0190981	0.485523	-0.434534
1434	145	49	0.016614	0.0190668	0.261005	-0.39211
1435	19	283	-0.092606	0.0188321	-0.092606	0.297556
1436	113	427	0.0190561	0.0193176	0.298769	-0.0815683
1437	140	483	0.0192196	0.0190588	0.237049	0.477055
1438	39	125	0.0192353	0.0192654	-0.176571	-0.0572778
1439	451	447	0.0193196	0.0193119	-0.234367	-0.219225
1440	108	440	0.0190471	0.0191953	-0.482592	-0.386973
1441	433	414	0.0453328	0.0191508	0.104521	-0.271917
1442	264	37	0.0192615	-0.0550951	-0.148752	-0.288655
1443	215	311	0.0192128	0.0190754	-0.0978905	-0.281659
1444	337	417	0.01933	0.0191757	-0.0375825	-0.34359
1445	170	217	0.0192564	0.0190286	-0.413509	-0.011555
1446	50	328	0.0191159	0.0191671	-0.235348	-0.290351
1447	86	370	0.0192698	0.0190443	-0.220639	0.125507
1448	417	406	0.0191256	0.0191545	-0.34359	0.204547
1449	348	449	0.019232	0.111434	0.249473	0.111434
1450	392	481	0.0196017	0.0189072	0.327999	0.0215702
1451	372	465	0.0193258	0.0193393	0.01835	0.0214414
1452	300	374	0.0191687	0.0192874	0.463491	0.472041
1453	419	64	0.0193004	0.0192776	0.215828	0.377168
1454	60	390	0.0192121	0.0192833	0.0827947	-0.435186
1455	241	292	0.018438	0.0191975	0.0336586	0.0113282
1456	57	95	0.0191529	-0.0379555	0.258093	-0.0823083
1457	53	366	0.0180977	0.019207	0.000890493	-0.411007
1458	37	35	0.0195238	0.019223	-0.288655	-0.14804
1459	0	223	0.022308	0.0188653	-0.0720136	-0.265198
1460	301	477	-0.0110023	0.0190071	-0.171593	-0.251742
1461	450	221	0.0189483	0.0190222	-0.018261	-0.244563
1462	442	338	-0.0636892	0.0186523	-0.0636892	0.070764
1463	434	82	0.0187708	0.0187892	0.438439	-0.472227
1464	498	26	0.0187399	0.0185399	-0.264026	-0.0565192
1465	56	164	-0.0538495	0.0187284	-0.0885544	-0.304733
1466	208	60	0.018598	0.0185686	-0.292988	0.0827947
1467	157	263	0.0187724	0.0186531	0.366941	-0.281453
1468	148	300	0.051385	0.018562	0.111149	0.463491
1469	213	124	0.0185971	0.00646728	-0.0918616	0.00646728
1470	8	447	0.0185171	0.0186153	0.127656	-0.219225
1471	365	105	0.0185999	0.0184564	-0.132728	0.319629
1472	147	164	0.0188627	0.0185363	0.0672835	-0.304733
1473	169	47	0.0186031	0.018605	0.187393	0.136629
1474	123	254	0.0186237	0.0218979	-0.450538	0.350313
1475	303	195	0.018574	0.0186231	0.317207	-0.480475
1476	464	482	0.0184904	0.018215	-0.44966	0.239392
1477	262	243	0.0185513	0.0181351	0.300259	0.211463
1478	54	298	0.0183937	0.0183906	0.191906	-0.483203
1479	64	211	0.0185808	0.018595	0.377168	-0.433026
1480	3	455	0.0185597	0.0184851	0.342462	0.271469
1481	129	209	0.0185994	0.0185361	0.174682	-0.129976
1482	185	230	0.0185175	-0.0516723	-0.199208	-0.157785
1483	87	159	0.0182963	0.0182806	0.201327	-0.368634
1484	211	363	0.0184079	0.0184505	-0.433026	-0.0736798
1485	8	10	0.0183469	0.0794045	0.127656	0.0794045
1486	90	253	0.0185898	0.0185443	-0.038936	-0.192702
1487	76	403	0.0185683	0.018765	0.454037	0.127579
1488	52	406	0.0187433	0.0185152	0.325349	0.204547
1489	185	264	0.0185652	0.0185125	-0.199208	-0.148752
1490	279	370	0.0184484	0.0192917	-0.160538	0.125507
1491	405	223	0.0185297	0.0187584	0.294619	-0.265198
1492	62	399	0.0184956	0.0184282	-0.269732	-0.407846
1493	89	435	0.0184294	-0.0368826	-0.386613	-0.213286
1494	245	447	0.0183569	0.0184359	0.201604	-0.219225
1495	331	481	0.0183488	0.0183661	0.0289934	0.0215702
1496	44	97	0.018322	0.0183263	-0.273846	-0.12249
1497	386	2	0.0183207	0.0183191	0.213887	-0.480482
1498	177	250	0.0183932	0.0183348	-0.46273	0.336792
1499	407	52	0.0185767	0.0182942	-0.134966	0.325349
1500	349	264	0.0182316	0.0182987	-0.110382	-0.148752
