1	321	333	-0.4116	0.294205	-0.4116	0.294205
2	27	478	0.42717	-0.304876	0.42717	-0.304876
3	259	457	0.421684	-0.461301	0.421684	-0.461301
4	74	75	-0.491179	0.49181	-0.491179	0.49181
5	42	321	0.276348	-0.40259	0.276348	-0.4116
6	171	284	0.197252	-0.478236	0.197252	-0.478236
7	411	293	-0.261519	0.459035	-0.261519	0.459035
8	465	413	0.361298	-0.315586	0.361298	-0.315586
9	251	127	0.237019	-0.491947	0.237019	-0.491947
10	291	149	-0.468762	0.373165	-0.468762	0.373165
11	25	41	-0.163771	0.466085	-0.163771	0.466085
12	372	61	-0.3802	0.462982	-0.3802	0.462982
13	105	95	-0.454507	0.333897	-0.454507	0.333897
14	447	439	-0.401451	0.438764	-0.401451	0.438764
15	29	278	0.474646	-0.42917	0.474646	-0.42917
16	281	200	-0.482576	0.475672	-0.482576	0.475672
17	24	175	0.461383	-0.242153	0.461383	-0.242153
18	206	472	0.171056	-0.392863	0.171056	-0.392863
19	202	435	-0.485644	0.44226	-0.485644	0.44226
20	372	189	-0.371635	0.497878	-0.3802	0.497878
21	18	291	0.461006	-0.46042	0.461006	-0.468762
22	105	265	-0.446448	0.291393	-0.454507	0.291393
23	344	405	-0.368284	0.409167	-0.368284	0.409167
24	471	395	-0.340994	0.440144	-0.340994	0.440144
25	284	444	-0.471027	0.361824	-0.478236	0.361824
26	428	20	-0.375297	0.144975	-0.375297	0.144975
27	463	75	-0.248468	0.484602	-0.248468	0.49181
28	151	6	-0.425941	0.194369	-0.425941	0.194369
29	457	405	-0.454752	0.400202	-0.461301	0.409167
30	202	241	-0.477708	0.345163	-0.485644	0.345163
31	167	429	-0.488316	0.424556	-0.488316	0.424556
32	292	389	-0.44051	0.41562	-0.44051	0.41562
33	320	260	-0.460611	0.498727	-0.460611	0.498727
34	151	439	-0.417829	0.430427	-0.425941	0.438764
35	58	423	-0.341588	0.438799	-0.341588	0.438799
36	74	391	-0.483663	0.449301	-0.491179	0.449301
37	352	457	0.352143	-0.452131	0.352143	-0.461301
38	216	52	-0.4782	0.400175	-0.4782	0.400175
39	307	286	-0.431544	0.382196	-0.431544	0.382196
40	69	27	-0.349148	0.418614	-0.349148	0.42717
41	317	439	-0.293885	0.416699	-0.293885	0.438764
42	194	61	-0.306963	0.453962	-0.306963	0.462982
43	145	187	-0.34031	0.343546	-0.34031	0.343546
44	89	342	-0.464394	0.344151	-0.464394	0.344151
45	235	425	0.491493	-0.475234	0.491493	-0.475234
46	215	235	-0.438498	0.485054	-0.438498	0.491493
47	473	65	0.312112	-0.356906	0.312112	-0.356906
48	246	352	-0.318696	0.344096	-0.318696	0.352143
49	422	91	0.460944	-0.489257	0.460944	-0.489257
50	334	329	0.466779	-0.346277	0.466779	-0.346277
51	456	273	0.293791	-0.478404	0.293791	-0.478404
52	293	477	0.449084	-0.499365	0.459035	-0.499365
53	339	95	-0.244588	0.326686	-0.244588	0.333897
54	69	81	-0.34009	0.428976	-0.349148	0.428976
55	442	467	0.344853	-0.0140814	0.344853	-0.0140814
56	466	9	0.270559	-0.41647	0.270559	-0.41647
57	246	130	-0.308691	0.476688	-0.318696	0.476688
58	499	463	0.462214	-0.241643	0.462214	-0.248468
59	344	485	-0.360094	0.390325	-0.368284	0.390325
60	381	144	-0.431286	0.455971	-0.431286	0.455971
61	45	389	-0.426646	0.407663	-0.426646	0.41562
62	339	144	-0.234862	0.448255	-0.244588	0.455971
63	457	337	-0.430517	0.453807	-0.461301	0.453807
64	189	91	0.490194	-0.482922	0.497878	-0.489257
65	420	180	-0.364221	0.425991	-0.364221	0.425991
66	77	329	0.468284	-0.336827	0.468284	-0.346277
67	449	84	-0.422065	0.381845	-0.422065	0.381845
68	52	425	0.391924	-0.466918	0.400175	-0.475234
69	149	443	0.365998	-0.417402	0.373165	-0.417402
70	364	293	-0.345235	0.443537	-0.345235	0.459035
71	96	265	-0.436691	0.283351	-0.436691	0.291393
72	176	314	-0.371097	0.477015	-0.371097	0.477015
73	166	144	-0.423604	0.437583	-0.423604	0.455971
74	56	223	0.424356	-0.263873	0.424356	-0.263873
75	216	293	-0.46988	0.433601	-0.4782	0.459035
76	409	316	0.416605	-0.412049	0.416605	-0.412049
77	165	484	-0.407225	0.201595	-0.407225	0.201595
78	189	196	0.480909	-0.225437	0.497878	-0.225437
79	447	120	-0.397001	0.468237	-0.401451	0.468237
80	272	127	0.472031	-0.48249	0.472031	-0.491947
81	261	280	-0.412983	0.486523	-0.412983	0.486523
82	215	50	-0.433186	0.350274	-0.438498	0.350274
83	405	338	0.393844	-0.486241	0.409167	-0.486241
84	422	176	0.453378	-0.364241	0.460944	-0.371097
85	468	29	-0.299108	0.468026	-0.299108	0.474646
86	143	167	0.340282	-0.479906	0.340282	-0.488316
87	152	23	0.149622	-0.330959	0.149622	-0.330959
88	35	442	-0.485464	0.326082	-0.485464	0.344853
89	435	387	0.432877	-0.491155	0.44226	-0.491155
90	297	338	0.247461	-0.477924	0.247461	-0.486241
91	29	364	0.458306	-0.338565	0.474646	-0.345235
92	342	151	0.336238	-0.40873	0.344151	-0.425941
93	218	202	0.410416	-0.465461	0.410416	-0.485644
94	272	105	0.464988	-0.435865	0.472031	-0.454507
95	272	320	0.458828	-0.453628	0.472031	-0.460611
96	368	316	0.333666	-0.403926	0.333666	-0.412049
97	61	367	0.448067	-0.40399	0.462982	-0.40399
98	142	202	0.189514	-0.461947	0.189514	-0.485644
99	189	82	0.474976	-0.268421	0.497878	-0.268421
100	492	202	0.487995	-0.456907	0.487995	-0.485644
101	225	429	-0.309941	0.416817	-0.309941	0.424556
102	200	289	0.468895	-0.376621	0.475672	-0.376621
103	381	423	-0.427244	0.429877	-0.431286	0.438799
104	18	367	0.456214	-0.395291	0.461006	-0.40399
105	165	391	-0.394344	0.440835	-0.407225	0.449301
106	391	105	0.435207	-0.439191	0.449301	-0.454507
107	387	218	-0.485652	0.404741	-0.491155	0.410416
108	273	452	-0.470028	0.320161	-0.478404	0.320161
109	274	353	-0.354049	0.380928	-0.354049	0.380928
110	492	105	0.481779	-0.419407	0.487995	-0.454507
111	320	499	-0.449056	0.454363	-0.460611	0.462214
112	215	247	-0.423418	0.338651	-0.438498	0.338651
113	362	259	-0.288848	0.418692	-0.288848	0.421684
114	351	176	0.333142	-0.361127	0.333142	-0.371097
115	288	417	-0.269574	0.473027	-0.269574	0.473027
116	477	423	-0.493119	0.425713	-0.499365	0.438799
117	58	177	-0.331467	0.326704	-0.341588	0.326704
118	171	105	0.185622	-0.418562	0.197252	-0.454507
119	225	395	-0.300582	0.432444	-0.309941	0.440144
120	431	55	0.391278	-0.169186	0.391278	-0.169186
121	442	449	0.318437	-0.416026	0.344853	-0.422065
122	374	352	-0.406541	0.333713	-0.406541	0.352143
123	22	84	-0.183926	0.375041	-0.183926	0.381845
124	374	180	-0.400397	0.41786	-0.406541	0.425991
125	431	74	0.382135	-0.474834	0.391278	-0.491179
126	286	355	0.372535	-0.188186	0.382196	-0.188186
127	472	84	-0.38332	0.363391	-0.392863	0.381845
128	218	39	0.390498	-0.121273	0.410416	-0.121273
129	144	447	0.434003	-0.387237	0.455971	-0.401451
130	104	468	0.398184	-0.292288	0.398184	-0.299108
131	260	147	0.49253	-0.305176	0.498727	-0.305176
132	189	396	0.468298	-0.437753	0.497878	-0.437753
133	370	307	0.488621	-0.424599	0.488621	-0.431544
134	246	499	-0.299642	0.440986	-0.318696	0.462214
135	34	370	-0.416839	0.48124	-0.416839	0.488621
136	341	452	-0.315618	0.313085	-0.315618	0.320161
137	215	417	-0.409218	0.466135	-0.438498	0.473027
138	457	452	-0.425095	0.300821	-0.461301	0.320161
139	439	129	0.412099	-0.44764	0.438764	-0.44764
140	457	260	-0.432611	0.483956	-0.461301	0.498727
141	461	435	-0.0950283	0.434092	-0.0950283	0.44226
142	33	74	0.363403	-0.467853	0.363403	-0.491179
143	337	35	0.447425	-0.479178	0.453807	-0.485464
144	260	244	0.47215	-0.20248	0.498727	-0.20248
145	190	213	0.251026	-0.335673	0.251026	-0.335673
146	120	129	0.461307	-0.43978	0.468237	-0.44764
147	176	203	-0.352808	0.292501	-0.371097	0.292501
148	425	417	-0.462254	0.451976	-0.475234	0.473027
149	4	202	0.34404	-0.453446	0.34404	-0.485644
150	391	91	0.418697	-0.478888	0.449301	-0.489257
151	375	14	0.359073	-0.40129	0.359073	-0.40129
152	129	485	-0.432293	0.38133	-0.44764	0.390325
153	387	66	-0.473316	0.309475	-0.491155	0.309475
154	293	338	0.426812	-0.472028	0.459035	-0.486241
155	280	127	0.479641	-0.474591	0.486523	-0.491947
156	284	482	-0.462324	0.384317	-0.478236	0.384317
157	236	334	-0.35917	0.457731	-0.35917	0.466779
158	372	473	-0.367005	0.304562	-0.3802	0.312112
159	374	365	-0.389151	0.378445	-0.406541	0.378445
160	24	166	0.452793	-0.413772	0.461383	-0.423604
161	320	439	-0.43445	0.41075	-0.460611	0.438764
162	105	476	-0.40243	0.211956	-0.454507	0.211956
163	35	391	-0.471366	0.416902	-0.485464	0.449301
164	225	259	-0.284933	0.399449	-0.309941	0.421684
165	261	389	-0.406036	0.407627	-0.412983	0.41562
166	338	395	-0.456473	0.423974	-0.486241	0.440144
167	167	24	-0.473874	0.443392	-0.488316	0.461383
168	4	284	0.33683	-0.446477	0.34404	-0.478236
169	284	230	-0.448974	0.473872	-0.478236	0.473872
170	478	174	-0.29407	0.185457	-0.304876	0.185457
171	278	15	-0.422701	0.399701	-0.42917	0.399701
172	164	281	0.342906	-0.475429	0.342906	-0.482576
173	365	291	0.369913	-0.452228	0.378445	-0.468762
174	77	188	0.459586	-0.450088	0.468284	-0.450088
175	132	409	-0.276619	0.406989	-0.276619	0.416605
176	188	499	-0.441803	0.44121	-0.450088	0.462214
177	344	27	-0.349754	0.408858	-0.368284	0.42717
178	248	130	-0.103299	0.469157	-0.103299	0.476688
179	247	381	0.326416	-0.421358	0.338651	-0.431286
180	418	166	0.414202	-0.401432	0.414202	-0.423604
181	230	406	0.467776	-0.407507	0.473872	-0.407507
182	406	134	-0.400146	0.329819	-0.407507	0.329819
183	280	273	0.46861	-0.463272	0.486523	-0.478404
184	190	249	0.240027	-0.115041	0.251026	-0.115041
185	477	18	-0.491941	0.453352	-0.499365	0.461006
186	417	372	0.443563	-0.354745	0.473027	-0.3802
187	180	396	0.408697	-0.431901	0.425991	-0.437753
188	452	89	0.289312	-0.455674	0.320161	-0.464394
189	328	89	0.345908	-0.450296	0.345908	-0.464394
190	213	179	-0.326325	0.287854	-0.335673	0.287854
191	316	75	-0.397974	0.480655	-0.412049	0.49181
192	127	75	-0.467393	0.464168	-0.491947	0.49181
193	138	61	-0.359251	0.443218	-0.359251	0.462982
194	230	273	0.457507	-0.452779	0.473872	-0.478404
195	272	267	0.453361	-0.320096	0.472031	-0.320096
196	373	435	-0.217644	0.416088	-0.217644	0.44226
197	130	291	0.459101	-0.439631	0.476688	-0.468762
198	73	407	-0.240496	0.313195	-0.240496	0.313195
199	337	341	0.434042	-0.30718	0.453807	-0.315618
200	320	314	-0.440545	0.466428	-0.460611	0.477015
201	74	18	-0.455116	0.439404	-0.491179	0.461006
202	65	301	-0.353721	0.333902	-0.356906	0.333902
203	321	189	-0.394757	0.461109	-0.4116	0.497878
204	167	293	-0.465555	0.418888	-0.488316	0.459035
205	421	352	-0.318546	0.317097	-0.318546	0.352143
206	35	164	-0.454219	0.336007	-0.485464	0.342906
207	149	127	0.35716	-0.4509	0.373165	-0.491947
208	292	337	-0.429137	0.428244	-0.44051	0.453807
209	21	215	0.12172	-0.397549	0.12172	-0.438498
210	301	381	0.326774	-0.400947	0.333902	-0.431286
211	84	137	0.356432	-0.344455	0.381845	-0.344455
212	23	448	-0.315399	0.314296	-0.330959	0.314296
213	120	170	0.455998	-0.355844	0.468237	-0.355844
214	52	225	0.384124	-0.274212	0.400175	-0.309941
215	485	135	0.373262	-0.159053	0.390325	-0.159053
216	162	99	0.2578	-0.236873	0.2578	-0.236873
217	416	265	-0.123865	0.278107	-0.123865	0.291393
218	331	188	0.00949955	-0.430334	0.00949955	-0.450088
219	28	303	0.399439	-0.265379	0.399439	-0.265379
220	343	443	0.225721	-0.405256	0.225721	-0.417402
221	216	485	-0.465913	0.36194	-0.4782	0.390325
222	253	171	-0.37475	0.171528	-0.37475	0.197252
223	338	272	-0.459242	0.437476	-0.486241	0.472031
224	260	195	0.470183	-0.178099	0.498727	-0.178099
225	316	293	-0.383267	0.392589	-0.412049	0.459035
226	445	413	0.444694	-0.305607	0.444694	-0.315586
227	144	74	0.4373	-0.446093	0.455971	-0.491179
228	86	167	0.270239	-0.454574	0.270239	-0.488316
229	353	202	0.370096	-0.450151	0.380928	-0.485644
230	96	422	-0.42936	0.449122	-0.436691	0.460944
231	420	409	-0.352461	0.397054	-0.364221	0.416605
232	182	74	0.0898765	-0.448093	0.0898765	-0.491179
233	294	418	-0.0591426	0.408926	-0.0591426	0.414202
234	321	286	-0.385509	0.361433	-0.4116	0.382196
235	235	82	0.480801	-0.26181	0.491493	-0.268421
236	422	321	0.4443	-0.372731	0.460944	-0.4116
237	337	74	0.420353	-0.450527	0.453807	-0.491179
238	477	8	-0.475756	-0.0885956	-0.499365	-0.0885956
239	16	256	0.258784	-0.289499	0.258784	-0.289499
240	291	328	-0.445965	0.334603	-0.468762	0.345908
241	188	258	-0.418309	0.398538	-0.450088	0.398538
242	126	61	-0.0855006	0.423695	-0.0855006	0.462982
243	288	18	-0.260541	0.438534	-0.269574	0.461006
244	188	462	-0.417463	0.455734	-0.450088	0.455734
245	29	74	0.454468	-0.4228	0.474646	-0.491179
246	260	216	0.46458	-0.45612	0.498727	-0.4782
247	4	269	0.327709	-0.217078	0.34404	-0.217078
248	418	411	0.390366	-0.251387	0.414202	-0.261519
249	18	114	0.4326	-0.294445	0.461006	-0.294445
250	189	425	0.456085	-0.454273	0.497878	-0.475234
251	270	499	-0.122763	0.421729	-0.122763	0.462214
252	259	217	0.400929	-0.0831278	0.421684	-0.0831278
253	76	236	0.276052	-0.35037	0.276052	-0.35917
254	12	291	0.01918	-0.436545	0.01918	-0.468762
255	365	211	0.365073	-0.440685	0.378445	-0.440685
256	381	277	-0.413671	0.0348705	-0.431286	0.0348705
257	367	260	-0.390512	0.444996	-0.40399	0.498727
258	334	188	0.445424	-0.390463	0.466779	-0.450088
259	389	176	0.383313	-0.333205	0.41562	-0.371097
260	422	310	0.433746	-0.300106	0.460944	-0.300106
261	130	208	0.453068	-0.439331	0.476688	-0.439331
262	127	52	-0.449051	0.387752	-0.491947	0.400175
263	320	427	-0.421481	0.000260293	-0.460611	0.000260293
264	81	329	0.417134	-0.329211	0.428976	-0.346277
265	23	251	-0.303562	0.227599	-0.330959	0.237019
266	18	281	0.421196	-0.466706	0.461006	-0.482576
267	65	144	-0.341406	0.390003	-0.356906	0.455971
268	34	448	-0.40605	0.303759	-0.416839	0.314296
269	74	130	-0.441433	0.446756	-0.491179	0.476688
270	275	260	-0.312673	0.446496	-0.312673	0.498727
271	134	488	0.319319	-0.245047	0.329819	-0.245047
272	429	245	0.403189	-0.373373	0.424556	-0.373373
273	449	462	-0.411882	0.447518	-0.422065	0.455734
274	489	211	0.140831	-0.437214	0.140831	-0.440685
275	61	307	0.418241	-0.417335	0.462982	-0.431544
276	147	309	-0.29889	0.372857	-0.305176	0.372857
277	387	429	-0.469364	0.409641	-0.491155	0.424556
278	418	454	0.38122	-0.241126	0.414202	-0.241126
279	389	99	0.376739	-0.220447	0.41562	-0.236873
280	26	381	0.19021	-0.380284	0.19021	-0.431286
281	156	374	0.34281	-0.376942	0.34281	-0.406541
282	74	280	-0.421719	0.468844	-0.491179	0.486523
283	301	348	0.307146	-0.41261	0.333902	-0.41261
284	235	105	0.457579	-0.40502	0.491493	-0.454507
285	9	7	-0.408437	0.286632	-0.41647	0.286632
286	59	200	-0.352097	0.460325	-0.352097	0.475672
287	304	429	-0.230222	0.385968	-0.230222	0.424556
288	260	137	0.43147	-0.335174	0.498727	-0.344455
289	72	299	0.275938	-0.128129	0.275938	-0.128129
290	258	340	0.390088	-0.285114	0.398538	-0.285114
291	477	153	-0.469625	0.0195674	-0.499365	0.0195674
292	353	167	0.370777	-0.451403	0.380928	-0.488316
293	348	409	-0.402253	0.387395	-0.41261	0.416605
294	181	208	0.23955	-0.431881	0.23955	-0.439331
295	215	439	-0.401923	0.405511	-0.438498	0.438764
296	246	146	-0.282297	0.181165	-0.318696	0.181165
297	146	281	0.167345	-0.467145	0.181165	-0.482576
298	438	337	-0.357415	0.423119	-0.357415	0.453807
299	307	462	-0.411323	0.427714	-0.431544	0.455734
300	273	189	-0.459796	0.450434	-0.478404	0.497878
301	267	41	-0.310267	0.457419	-0.320096	0.466085
302	46	261	0.414465	-0.398557	0.414465	-0.412983
303	91	286	-0.47119	0.350593	-0.489257	0.382196
304	69	95	-0.345714	0.313898	-0.349148	0.333