# Relevant parameters to reproduce this network:
# node_nr=1000	 k_max=100
# initial_seed=10	 delta_t=0.05	 max_steps=5000	 in_between=0
# fg_m=1	 fg_alpha=4	 fg_t_min=0	 fg_t_max=4	 fg_t_number=4000	 fg_weff_lower_frequency=-1e+08	 fg_weff_max_steps=5000	 fg_weff_in_between=0
# K Giant_component <r> sigma_r*sqrt(NODE_NR) clustering
0 0.002 0.0291637 0.0142314 0
0.001 0.002 0.0287008 0.0185076 0
0.002 0.002 0.0299948 0.013804 0
0.003 0.002 0.0276868 0.0157807 0
0.004 0.002 0.0269549 0.0136934 0
0.005 0.002 0.0289338 0.0161499 0
0.006 0.002 0.0279645 0.014775 0
0.007 0.002 0.0275551 0.0143203 0
0.008 0.002 0.030662 0.0182965 0
0.009 0.002 0.0299622 0.0143352 0
0.01 0.002 0.0271507 0.0122055 0
0.011 0.002 0.0315931 0.0158531 0
0.012 0.002 0.0249936 0.0130531 0
0.013 0.002 0.0296831 0.01672 0
0.014 0.002 0.0305339 0.0162175 0
0.015 0.002 0.0279479 0.0124176 0
0.016 0.002 0.0286252 0.0137561 0
0.017 0.002 0.0275452 0.0137723 0
0.018 0.002 0.0307164 0.0155135 0
0.019 0.002 0.0268539 0.0135528 0
0.02 0.002 0.024909 0.0119734 0
0.021 0.002 0.0298856 0.0139161 0
0.022 0.002 0.0285906 0.0130982 0
0.023 0.002 0.0272611 0.01313 0
0.024 0.002 0.0288322 0.0175335 0
0.025 0.002 0.0322951 0.0119321 0
0.026 0.002 0.027283 0.0142796 0
0.027 0.002 0.0265779 0.0143755 0
0.028 0.002 0.0270462 0.0138188 0
0.029 0.002 0.0279471 0.0144718 0
0.03 0.002 0.0279583 0.0114639 0
0.031 0.002 0.0324056 0.0161715 0
0.032 0.002 0.0259468 0.0137947 0
0.033 0.002 0.0296482 0.0167833 0
0.034 0.002 0.0284474 0.0146217 0
0.035 0.002 0.0307186 0.015513 0
0.036 0.002 0.0255801 0.0138237 0
0.037 0.002 0.029725 0.013828 0
0.038 0.002 0.030722 0.0171068 0
0.039 0.002 0.0294213 0.0140192 0
0.04 0.002 0.0270712 0.0118514 0
0.041 0.002 0.028675 0.0159391 0
0.042 0.002 0.0295967 0.015068 0
0.043 0.002 0.0296733 0.0162787 0
0.044 0.002 0.02804 0.0144542 0
0.045 0.002 0.0267476 0.0166032 0
0.046 0.002 0.0289495 0.014952 0
0.047 0.002 0.0243892 0.0121132 0
0.048 0.002 0.029884 0.0153532 0
0.049 0.002 0.0242228 0.0143922 0
0.05 0.002 0.0285677 0.0142848 0
0.051 0.002 0.0278298 0.0146552 0
0.052 0.002 0.0273106 0.0146121 0
0.053 0.002 0.0276763 0.0152417 0
0.054 0.002 0.0296534 0.0166099 0
0.055 0.002 0.0253897 0.0117369 0
0.056 0.002 0.0275493 0.0143267 0
0.057 0.002 0.0286056 0.0139278 0
0.058 0.002 0.0290978 0.0145042 0
0.059 0.002 0.0257873 0.0137139 0
0.06 0.002 0.0292811 0.014515 0
0.061 0.002 0.0273798 0.0136291 0
0.062 0.002 0.031081 0.0140008 0
0.063 0.002 0.0298872 0.0153268 0
0.064 0.002 0.0299274 0.0161478 0
0.065 0.002 0.0298146 0.0157658 0
0.066 0.002 0.0233582 0.0110847 0
0.067 0.002 0.0286415 0.0133125 0
0.068 0.002 0.0260278 0.014672 0
0.069 0.002 0.0284956 0.0147801 0
0.07 0.002 0.0292766 0.0165334 0
0.071 0.002 0.0275076 0.0154357 0
0.072 0.002 0.0297218 0.0146938 0
0.073 0.002 0.0298773 0.0141005 0
0.074 0.002 0.029583 0.0136898 0
0.075 0.002 0.0274211 0.016346 0
0.076 0.002 0.0277954 0.0140322 0
0.077 0.002 0.0261301 0.0159177 0
0.078 0.002 0.0309493 0.015564 0
0.079 0.002 0.0292702 0.0149109 0
0.08 0.002 0.030841 0.0165947 0
0.081 0.002 0.0300394 0.013684 0
0.082 0.002 0.0260805 0.0142981 0
0.083 0.002 0.0267332 0.0134863 0
0.084 0.002 0.0293668 0.0161414 0
0.085 0.002 0.0295928 0.0129498 0
0.086 0.003 0.0339484 0.0180511 0
0.087 0.003 0.0322966 0.0145263 0
0.088 0.003 0.0278689 0.013555 0
0.089 0.003 0.0277259 0.0148051 0
0.09 0.003 0.0265713 0.0131293 0
0.091 0.003 0.0297958 0.0158742 0
0.092 0.003 0.0277837 0.0147722 0
0.093 0.003 0.0318655 0.0177214 0
0.094 0.003 0.024763 0.0139319 0
0.095 0.003 0.0295743 0.0145617 0
0.096 0.003 0.0281576 0.0143915 0
0.097 0.003 0.0270693 0.0127107 0
0.098 0.003 0.0286029 0.0130111 0
0.099 0.003 0.0294681 0.012865 0
0.1 0.003 0.0260816 0.0151626 0
0.101 0.003 0.0308655 0.0132974 0
0.102 0.003 0.0261909 0.0144377 0
0.103 0.003 0.0292936 0.0151237 0
0.104 0.003 0.0315956 0.0148773 0
0.105 0.003 0.0285114 0.0164179 0
0.106 0.003 0.0278757 0.0135112 0
0.107 0.003 0.0266533 0.0145729 0
0.108 0.003 0.0312116 0.0168228 0
0.109 0.003 0.0266389 0.0140833 0
0.11 0.003 0.0300802 0.0167594 0
0.111 0.003 0.0297081 0.0159635 0
0.112 0.003 0.0291978 0.0156181 0
0.113 0.003 0.0272056 0.0141856 0
0.114 0.003 0.0281261 0.0151464 0
0.115 0.003 0.0282226 0.0146257 0
0.116 0.003 0.0310731 0.0158436 0
0.117 0.003 0.0255473 0.0126778 0
0.118 0.003 0.0243705 0.0134437 0
0.119 0.003 0.0279652 0.0153735 0
0.12 0.003 0.0280769 0.0134062 0
0.121 0.003 0.0330128 0.0145385 0
0.122 0.003 0.0264998 0.013863 0
0.123 0.003 0.0260879 0.0153204 0
0.124 0.003 0.0277078 0.0138331 0
0.125 0.003 0.0274413 0.0140562 0
0.126 0.003 0.0290727 0.0140539 0
0.127 0.003 0.0283721 0.0154244 0
0.128 0.003 0.027072 0.0125725 0
0.129 0.003 0.026785 0.0144697 0
0.13 0.003 0.026865 0.0131722 0
0.131 0.003 0.029976 0.0157874 0
0.132 0.003 0.032216 0.0169216 0
0.133 0.003 0.0291194 0.0168598 0
0.134 0.003 0.0349642 0.0160223 0
0.135 0.003 0.0259316 0.0134118 0
0.136 0.003 0.0288488 0.0171829 0
0.137 0.003 0.0291921 0.0148895 0
0.138 0.003 0.0284384 0.0141115 0
0.139 0.003 0.0273067 0.0123552 0
0.14 0.003 0.0265647 0.0118904 0
0.141 0.003 0.034427 0.0151951 0
0.142 0.003 0.0243288 0.0114245 0
0.143 0.003 0.0315712 0.0151894 0
0.144 0.003 0.0299484 0.0175507 0
0.145 0.003 0.0280792 0.013605 0
0.146 0.003 0.0330785 0.0138848 0
0.147 0.003 0.0266234 0.0131834 0
0.148 0.003 0.0257952 0.0138507 0
0.149 0.003 0.0344705 0.0173339 0
0.15 0.003 0.0264273 0.0131072 0
0.151 0.003 0.0289973 0.014504 0
0.152 0.003 0.0277685 0.0150672 0
0.153 0.003 0.0316923 0.0166222 0
0.154 0.003 0.0304449 0.016898 0
0.155 0.003 0.0263518 0.0122883 0
0.156 0.003 0.0338839 0.0149561 0
0.157 0.003 0.0272332 0.0131383 0
0.158 0.003 0.0279501 0.0160017 0
0.159 0.003 0.0300906 0.014605 0
0.16 0.003 0.0282478 0.0147874 0
0.161 0.003 0.0329444 0.0160255 0
0.162 0.003 0.0258922 0.0152546 0
0.163 0.003 0.0332055 0.0162436 0
0.164 0.003 0.0307677 0.0146784 0
0.165 0.003 0.0271706 0.0135876 0
0.166 0.003 0.0314113 0.0178332 0
0.167 0.003 0.0273639 0.0144412 0
0.168 0.003 0.0272857 0.0144337 0
0.169 0.003 0.0280836 0.0140092 0
0.17 0.003 0.0253135 0.0122333 0
0.171 0.003 0.0251543 0.0129493 0
0.172 0.003 0.0257509 0.0135535 0
0.173 0.003 0.0350628 0.0145355 0
0.174 0.003 0.0297598 0.0162288 0
0.175 0.003 0.0291552 0.0165907 0
0.176 0.003 0.0315752 0.0152177 0
0.177 0.003 0.0273402 0.0123891 0
0.178 0.004 0.0269777 0.0134361 0
0.179 0.004 0.0303089 0.0149248 0
0.18 0.004 0.0266969 0.0131851 0
0.181 0.004 0.0271578 0.0129564 0
0.182 0.004 0.0264953 0.0169028 0
0.183 0.004 0.0302026 0.0150132 0
0.184 0.004 0.0305066 0.0156455 0
0.185 0.004 0.0329229 0.0164651 0
0.186 0.004 0.0307386 0.0160261 0
0.187 0.004 0.025859 0.0126068 0
0.188 0.004 0.024737 0.0134039 0
0.189 0.004 0.0298757 0.0167212 0
0.19 0.004 0.0229743 0.0113827 0
0.191 0.004 0.0244886 0.0131362 0
0.192 0.004 0.0293249 0.0162611 0
0.193 0.004 0.0234111 0.0124069 0
0.194 0.004 0.0293352 0.0138667 0
0.195 0.004 0.0274201 0.0150318 0
0.196 0.004 0.025656 0.0125657 0
0.197 0.004 0.028347 0.0136957 0
0.198 0.004 0.0276917 0.0138805 0
0.199 0.004 0.0270269 0.0166657 0
0.2 0.004 0.0287045 0.0139488 0
0.201 0.004 0.0269817 0.0139596 0
0.202 0.004 0.0310158 0.0121378 0
0.203 0.004 0.0280852 0.0163403 0
0.204 0.004 0.0287449 0.0146893 0
0.205 0.004 0.0280854 0.0148323 0
0.206 0.004 0.0298821 0.0155218 0
0.207 0.004 0.0304096 0.0138695 0
0.208 0.004 0.0283599 0.0147779 0
0.209 0.004 0.0273045 0.0132041 0
0.21 0.004 0.0292018 0.0149196 0
0.211 0.004 0.0238048 0.0124874 0
0.212 0.004 0.0253918 0.0148845 0
0.213 0.004 0.0255693 0.0122895 0
0.214 0.004 0.0312551 0.0161469 0
0.215 0.004 0.024463 0.0120509 0
0.216 0.004 0.0249863 0.0139104 0
0.217 0.004 0.0308583 0.0146277 0
0.218 0.004 0.0302025 0.0154198 0
0.219 0.004 0.0311954 0.0171101 0
0.22 0.004 0.0286781 0.0136959 0
0.221 0.004 0.0288766 0.0163166 0
0.222 0.004 0.0282809 0.0150765 0
0.223 0.004 0.0270751 0.0159264 0
0.224 0.004 0.0325052 0.0132743 0
0.225 0.004 0.0303891 0.0149825 0
0.226 0.004 0.0290749 0.01747 0
0.227 0.004 0.0268423 0.0132553 0
0.228 0.004 0.029409 0.0172909 0
0.229 0.004 0.0289572 0.0153748 0
0.23 0.004 0.0284052 0.014412 0
0.231 0.004 0.0321635 0.0168248 0
0.232 0.004 0.031165 0.0143889 0
0.233 0.004 0.025096 0.012356 0
0.234 0.004 0.0293948 0.0148211 0
0.235 0.004 0.0276605 0.0134478 0
0.236 0.004 0.0288828 0.0161816 0
0.237 0.004 0.0288099 0.0157878 0
0.238 0.004 0.0317299 0.0150167 0
0.239 0.004 0.0244672 0.0131483 0
0.24 0.004 0.0307477 0.0174987 0
0.241 0.004 0.0249881 0.0129364 0
0.242 0.004 0.0273449 0.0146707 0
0.243 0.004 0.0300654 0.0169924 0
0.244 0.004 0.0323804 0.0160027 0
0.245 0.004 0.0247519 0.0134199 0
0.246 0.004 0.0294246 0.0155061 0
0.247 0.004 0.0300641 0.0146155 0
0.248 0.004 0.0306194 0.0159802 0
0.249 0.004 0.0286514 0.016886 0
0.25 0.004 0.0284921 0.0151139 0
0.251 0.004 0.029604 0.0142757 0
0.252 0.004 0.0307096 0.016935 0
0.253 0.004 0.0313753 0.0155975 0
0.254 0.004 0.0300587 0.0143594 0
0.255 0.004 0.028686 0.0153993 0
0.256 0.004 0.0248102 0.0128794 0
0.257 0.004 0.0272267 0.0128952 0
0.258 0.004 0.0298731 0.0154556 0
0.259 0.004 0.0301159 0.0177889 0
0.26 0.004 0.0259765 0.0129723 0
0.261 0.004 0.0283838 0.0150833 0
0.262 0.004 0.0262933 0.0130356 0
0.263 0.004 0.0282953 0.0138534 0
0.264 0.004 0.0292923 0.0142294 0
0.265 0.004 0.0279553 0.015968 0
0.266 0.004 0.0297072 0.0171898 0
0.267 0.004 0.0294778 0.0156083 0
0.268 0.004 0.0315603 0.0145026 0
0.269 0.004 0.0295046 0.0150594 0
0.27 0.004 0.0285115 0.0165557 0
0.271 0.004 0.0299682 0.0157701 0
0.272 0.004 0.0281328 0.0172001 0
0.273 0.004 0.0266264 0.0139196 0
0.274 0.004 0.0281538 0.0150274 0
0.275 0.004 0.0308515 0.0161167 0
0.276 0.004 0.0287931 0.0162995 0
0.277 0.004 0.0288762 0.0124355 0
0.278 0.004 0.0266864 0.0129653 0
0.279 0.004 0.028413 0.0153688 0
0.28 0.004 0.0265104 0.0123008 0
0.281 0.004 0.0275298 0.0145462 0
0.282 0.004 0.0287018 0.0139232 0
0.283 0.004 0.0312125 0.0150515 0
0.284 0.004 0.0286055 0.0158008 0
0.285 0.004 0.0328604 0.0162423 0
0.286 0.004 0.0314874 0.0164283 0
0.287 0.004 0.0322807 0.0163355 0
0.288 0.004 0.0321667 0.0154682 0
0.289 0.004 0.0275988 0.0140902 0
0.29 0.004 0.0275056 0.0130544 0
0.291 0.004 0.0245341 0.011345 0
0.292 0.004 0.0264881 0.0141259 0
0.293 0.004 0.029862 0.0145853 0
0.294 0.004 0.029583 0.0163849 0
0.295 0.004 0.0297448 0.0157925 0
0.296 0.004 0.0261578 0.0123359 0
0.297 0.004 0.0271837 0.0123159 0
0.298 0.004 0.0292539 0.0142752 0
0.299 0.004 0.0256593 0.0132671 0
0.3 0.004 0.0292787 0.0177536 0
0.301 0.004 0.0275502 0.0163956 0
0.302 0.004 0.0271705 0.0147087 0
0.303 0.004 0.0277521 0.014498 0
0.304 0.004 0.0236687 0.012942 0
0.305 0.004 0.0293361 0.0125671 0
0.306 0.004 0.0315265 0.0158821 0
0.307 0.004 0.0296206 0.0147902 0
0.308 0.004 0.0295529 0.0155158 0
0.309 0.004 0.0286615 0.0143008 0
0.31 0.004 0.0301547 0.0160409 0
0.311 0.004 0.0280378 0.0133679 0
0.312 0.004 0.0305715 0.0157636 0
0.313 0.004 0.0329265 0.0147031 0
0.314 0.004 0.0306112 0.0150739 0
0.315 0.004 0.031891 0.0150129 0
0.316 0.004 0.0264036 0.0135608 0
0.317 0.004 0.0258958 0.0129692 0
0.318 0.004 0.0293485 0.0152314 0
0.319 0.004 0.0319916 0.0142854 0
0.32 0.004 0.0256174 0.012383 0
0.321 0.004 0.0279868 0.0163089 0
0.322 0.004 0.0283719 0.0153943 0
0.323 0.004 0.0245217 0.0134135 0
0.324 0.004 0.0324492 0.0168411 0
0.325 0.004 0.0280519 0.0144201 0
0.326 0.004 0.0302958 0.0162495 0
0.327 0.004 0.0268302 0.0162629 0
0.328 0.004 0.028028 0.013158 0
0.329 0.004 0.0275173 0.0132243 0
0.33 0.004 0.0333869 0.0187335 0
0.331 0.004 0.0296521 0.0145203 0
0.332 0.004 0.029582 0.0147715 0
0.333 0.004 0.0278355 0.0135882 0
0.334 0.004 0.028622 0.0134528 0
0.335 0.004 0.0348521 0.0190217 0
0.336 0.004 0.0282158 0.0148282 0
0.337 0.004 0.0254336 0.012927 0
0.338 0.004 0.029295 0.0136624 0
0.339 0.004 0.0287187 0.0139186 0
0.34 0.004 0.0342949 0.0163204 0
0.341 0.004 0.028537 0.0142412 0
0.342 0.004 0.029138 0.0135658 0
0.343 0.004 0.0270904 0.0160913 0
0.344 0.004 0.029292 0.0154747 0
0.345 0.004 0.0301937 0.0139428 0
0.346 0.004 0.0259874 0.014096 0
0.347 0.004 0.0301922 0.0156229 0
0.348 0.004 0.0283936 0.0112067 0
0.349 0.004 0.0282385 0.0152706 0
0.35 0.004 0.0241001 0.012861 0
0.351 0.004 0.0309383 0.0167193 0
0.352 0.004 0.0268242 0.0149065 0
0.353 0.004 0.0280779 0.0149304 0
0.354 0.004 0.0247738 0.0115913 0
0.355 0.004 0.0308617 0.0159054 0
0.356 0.004 0.0258979 0.0142589 0
0.357 0.004 0.0290171 0.0155757 0
0.358 0.004 0.0257395 0.0129724 0
0.359 0.004 0.0304157 0.0159975 0
0.36 0.004 0.0300663 0.016227 0
0.361 0.004 0.0273713 0.0129635 0
0.362 0.005 0.0298589 0.013464 0
0.363 0.005 0.0304358 0.0169226 0
0.364 0.005 0.029713 0.01368 0
0.365 0.005 0.0297358 0.013229 0
0.366 0.005 0.0323223 0.0169211 0
0.367 0.005 0.0263222 0.0144477 0
0.368 0.005 0.0310672 0.0157201 0
0.369 0.005 0.0273777 0.013168 0
0.37 0.005 0.025198 0.0123388 0
0.371 0.005 0.0239689 0.0130212 0
0.372 0.005 0.0274675 0.0151065 0
0.373 0.005 0.0269673 0.0123298 0
0.374 0.005 0.0346715 0.0185376 0
0.375 0.005 0.03124 0.0169096 0
0.376 0.005 0.0272741 0.0145939 0
0.377 0.005 0.0309133 0.0157091 0
0.378 0.005 0.026929 0.0135337 0
0.379 0.005 0.0245721 0.013143 0
0.38 0.005 0.0291807 0.0158162 0
0.381 0.005 0.0306396 0.0167013 0
0.382 0.005 0.0281076 0.0143054 0
0.383 0.005 0.0294456 0.0156064 0
0.384 0.005 0.0269933 0.0123156 0
0.385 0.005 0.0266241 0.0139186 0
0.386 0.005 0.0288388 0.0129621 0
0.387 0.005 0.0310449 0.016788 0
0.388 0.005 0.0299469 0.0130418 0
0.389 0.005 0.0336307 0.0175372 0
0.39 0.005 0.0300153 0.0141305 0
0.391 0.005 0.0277648 0.0152999 0
0.392 0.005 0.0263014 0.0139425 0
0.393 0.005 0.0318524 0.0135984 0
0.394 0.005 0.0264035 0.013844 0
0.395 0.005 0.0278898 0.0136307 0
0.396 0.005 0.0319703 0.0169406 0
0.397 0.005 0.0267192 0.0138068 0
0.398 0.005 0.0276485 0.014093 0
0.399 0.005 0.0298912 0.0155345 0
0.4 0.005 0.0299843 0.0146362 0
0.401 0.005 0.0272647 0.0144101 0
0.402 0.005 0.0267034 0.0148099 0
0.403 0.005 0.0290126 0.0147025 0
0.404 0.005 0.0274574 0.014874 0
0.405 0.005 0.026983 0.0147651 0
0.406 0.005 0.0322623 0.0179852 0
0.407 0.005 0.030297 0.0155394 0
0.408 0.005 0.0302272 0.0159855 0
0.409 0.005 0.0290329 0.0135655 0
0.41 0.005 0.0283682 0.0139668 0
0.411 0.005 0.0285039 0.013082 0
0.412 0.005 0.0263793 0.0145156 0
0.413 0.005 0.0261675 0.015676 0
0.414 0.005 0.0300396 0.0164999 0
0.415 0.005 0.0249124 0.0137809 0
0.416 0.005 0.0303846 0.0151412 0
0.417 0.005 0.0284496 0.0133317 0
0.418 0.005 0.0299607 0.0161337 0
0.419 0.005 0.0295561 0.0151275 0
0.42 0.005 0.029671 0.0143825 0
0.421 0.005 0.0282124 0.0131065 0
0.422 0.005 0.0276945 0.0161638 0
0.423 0.005 0.0291655 0.0163546 0
0.424 0.005 0.0237245 0.0119343 0
0.425 0.005 0.0273818 0.0138602 0
0.426 0.005 0.0292683 0.0142009 0
0.427 0.005 0.0259172 0.0142494 0
0.428 0.005 0.0312462 0.015601 0
0.429 0.005 0.0262204 0.0129819 0
0.43 0.005 0.0303188 0.0141044 0
0.431 0.005 0.0296118 0.0141191 0
0.432 0.005 0.030599 0.0133538 0
0.433 0.005 0.0296394 0.0133753 0
0.434 0.005 0.0302944 0.0143767 0
0.435 0.005 0.0305782 0.0129301 0
0.436 0.005 0.0323862 0.0154539 0
0.437 0.005 0.0318082 0.0152543 0
0.438 0.005 0.0315567 0.0167141 0
0.439 0.005 0.0306431 0.0124701 0
0.44 0.005 0.0274903 0.0149181 0
0.441 0.005 0.0302293 0.0137079 0
0.442 0.005 0.0320527 0.0164647 0
0.443 0.005 0.0232856 0.0130419 0
0.444 0.005 0.0292064 0.0149265 0
0.445 0.005 0.0281836 0.0131716 0
0.446 0.005 0.0311626 0.0149141 0
0.447 0.005 0.0316265 0.0174344 0
0.448 0.005 0.0300016 0.0145521 0
0.449 0.005 0.0301847 0.0153239 0
0.45 0.005 0.0259251 0.0126992 0
0.451 0.005 0.0248913 0.0169054 0
0.452 0.005 0.0299308 0.0166054 0
0.453 0.005 0.0289279 0.0139793 0
0.454 0.005 0.0280994 0.0158991 0
0.455 0.005 0.0300445 0.0143168 0
0.456 0.005 0.0283455 0.0159923 0
0.457 0.005 0.0263684 0.0165697 0
0.458 0.006 0.033567 0.0167893 0
0.459 0.006 0.0272806 0.0158574 0
0.46 0.006 0.0326647 0.0169972 0
0.461 0.006 0.0282196 0.0141061 0
0.462 0.006 0.0265408 0.0136679 0
0.463 0.006 0.0283405 0.0151107 0
0.464 0.006 0.0330003 0.0187768 0
0.465 0.006 0.0257587 0.0114037 0
0.466 0.006 0.029467 0.0152003 0
0.467 0.006 0.0295036 0.0156716 0
0.468 0.006 0.0361158 0.0190878 0
0.469 0.006 0.0282461 0.0141805 0
0.47 0.006 0.0245393 0.0125145 0
0.471 0.006 0.026788 0.0163523 0
0.472 0.006 0.0272092 0.0138876 0
0.473 0.006 0.0271761 0.0164378 0
0.474 0.006 0.0305479 0.0151147 0
0.475 0.006 0.0303458 0.0150265 0
0.476 0.006 0.0270111 0.0154157 0
0.477 0.006 0.0280187 0.015449 0
0.478 0.006 0.0290767 0.0115839 0
0.479 0.006 0.0283912 0.0153146 0
0.48 0.006 0.0265039 0.0136709 0
0.481 0.006 0.0266696 0.0127879 0
0.482 0.006 0.0299241 0.0150447 0
0.483 0.006 0.027178 0.0156967 0
0.484 0.006 0.0311838 0.0160364 0
0.485 0.006 0.0262374 0.0120634 0
0.486 0.006 0.027269 0.0147515 0
0.487 0.006 0.0248672 0.0136213 0
0.488 0.006 0.029756 0.0150031 0
0.489 0.006 0.0270934 0.0129093 0
0.49 0.006 0.0304083 0.0161655 0
0.491 0.006 0.0278608 0.0120037 0
0.492 0.006 0.0292563 0.0163487 0
0.493 0.006 0.0279917 0.0163007 0
0.494 0.006 0.0288816 0.015815 0
0.495 0.006 0.027867 0.0140316 0
0.496 0.006 0.027957 0.014737 0
0.497 0.006 0.0245445 0.0135017 0
0.498 0.006 0.0306569 0.0152239 0
0.499 0.006 0.0274299 0.0139578 0
0.5 0.006 0.0335765 0.0174209 0
0.501 0.006 0.0301217 0.0173876 0
0.502 0.007 0.0296534 0.0166416 0
0.503 0.007 0.0328353 0.0177228 0
0.504 0.007 0.0323476 0.0167407 0
0.505 0.007 0.0334102 0.0173259 0
0.506 0.007 0.0275465 0.015225 0
0.507 0.007 0.0354124 0.0183769 0
0.508 0.007 0.0321179 0.017863 0
0.509 0.007 0.0276546 0.0150366 0
0.51 0.007 0.0301884 0.0160735 0
0.511 0.007 0.0283901 0.0165532 0
0.512 0.007 0.024488 0.0119008 0
0.513 0.007 0.0282191 0.0134128 0
0.514 0.007 0.0292718 0.0158111 0
0.515 0.007 0.0294963 0.0138457 0
0.516 0.007 0.0324322 0.0140676 0
0.517 0.007 0.0330309 0.0147939 0
0.518 0.007 0.0289791 0.0130688 0
0.519 0.007 0.0244129 0.0134494 0
0.52 0.007 0.0260357 0.0144591 0
0.521 0.007 0.0330299 0.0160419 0
0.522 0.007 0.0293195 0.0176577 0
0.523 0.007 0.0281029 0.0190626 0
0.524 0.007 0.0285869 0.0156778 0
0.525 0.007 0.0298784 0.0150868 0
0.526 0.007 0.0301164 0.0162321 0
0.527 0.007 0.0270803 0.0146471 0
0.528 0.007 0.0296596 0.0129064 0
0.529 0.007 0.0275854 0.0144638 0
0.53 0.007 0.0301485 0.0162301 0
0.531 0.007 0.0277128 0.0163161 0
0.532 0.007 0.0261461 0.0139353 0
0.533 0.007 0.0262582 0.0131359 0
0.534 0.007 0.0261673 0.0143818 0
0.535 0.007 0.0308895 0.0176318 0
0.536 0.007 0.0284816 0.0154748 0
0.537 0.007 0.0254471 0.0130066 0
0.538 0.007 0.0270642 0.0147715 0
0.539 0.007 0.0244563 0.0141226 0
0.54 0.007 0.0252223 0.0141205 0
0.541 0.007 0.0274729 0.0137372 0
0.542 0.007 0.0280721 0.0127487 0
0.543 0.007 0.0270657 0.013563 0
0.544 0.007 0.0289105 0.0180315 0
0.545 0.007 0.030388 0.0133001 0
0.546 0.007 0.0295578 0.0134679 0
0.547 0.007 0.0253653 0.0125892 0
0.548 0.007 0.0292169 0.0165446 0
0.549 0.007 0.0282026 0.0140308 0
0.55 0.007 0.0290399 0.0157078 0
0.551 0.007 0.0278552 0.0141602 0
0.552 0.007 0.0315713 0.0148873 0
0.553 0.007 0.0293874 0.0150495 0
0.554 0.007 0.0255119 0.0148221 0
0.555 0.007 0.0319881 0.0163029 0
0.556 0.007 0.0285585 0.0137902 0
0.557 0.007 0.0283217 0.0150812 0
0.558 0.007 0.0304625 0.0133221 0
0.559 0.007 0.0273275 0.0154665 0
0.56 0.007 0.0293142 0.0145604 0
0.561 0.007 0.0299007 0.0144631 0
0.562 0.007 0.0255777 0.0157544 0
0.563 0.007 0.0272728 0.0137842 0
0.564 0.007 0.0276451 0.0130172 0
0.565 0.007 0.0267911 0.0144383 0
0.566 0.007 0.0274605 0.0141061 0
0.567 0.007 0.0294862 0.0140462 0
0.568 0.007 0.0306488 0.0162134 0
0.569 0.007 0.0299025 0.0159819 0
0.57 0.007 0.0281074 0.0133532 0
0.571 0.007 0.0306692 0.0148166 0
0.572 0.007 0.0265192 0.0156999 0
0.573 0.007 0.0279047 0.0137513 0
0.574 0.007 0.0315572 0.0150612 0
0.575 0.007 0.0296509 0.0161537 0
0.576 0.007 0.0246332 0.0147658 0
0.577 0.007 0.031396 0.0168953 0
0.578 0.007 0.0262473 0.0141175 0
0.579 0.007 0.0361921 0.0195369 0
0.58 0.007 0.0316808 0.0155598 0
0.581 0.007 0.0321409 0.0157574 0
0.582 0.007 0.0279254 0.0154671 0
0.583 0.007 0.0290596 0.0151669 0
0.584 0.007 0.0287715 0.0187047 0
0.585 0.007 0.0282082 0.0139304 0
0.586 0.007 0.0266707 0.012742 0
0.587 0.007 0.0265554 0.0142954 0
0.588 0.007 0.0301095 0.0152596 0
0.589 0.008 0.0321529 0.0159484 0
0.59 0.008 0.0304345 0.0170822 0
0.591 0.008 0.0283463 0.0164692 0
0.592 0.008 0.0300179 0.0164775 0
0.593 0.008 0.0260673 0.0140942 0
0.594 0.008 0.0311196 0.0160045 0
0.595 0.008 0.0269031 0.013147 0
0.596 0.008 0.0269161 0.0158741 0
0.597 0.008 0.0300003 0.0129412 0
0.598 0.008 0.0306968 0.0162017 0
0.599 0.008 0.0261205 0.0143626 0
0.6 0.008 0.0286932 0.0145872 0
0.601 0.008 0.0243708 0.0137336 0
0.602 0.008 0.0313667 0.0161123 0
0.603 0.008 0.0274865 0.01301 0
0.604 0.008 0.0261471 0.0119254 0
0.605 0.008 0.0292094 0.0120364 0
0.606 0.008 0.0281901 0.0126269 0
0.607 0.008 0.0292465 0.0130927 0
0.608 0.008 0.0288431 0.0146878 0
0.609 0.008 0.0319609 0.0154967 0
0.61 0.008 0.0312168 0.0156147 0
0.611 0.008 0.0255943 0.0148719 0
0.612 0.008 0.0259086 0.0113862 0
0.613 0.008 0.0314074 0.0143929 0
0.614 0.008 0.0304275 0.0151467 0
0.615 0.008 0.0260767 0.0143587 0
0.616 0.008 0.0257892 0.0133312 0
0.617 0.008 0.0308556 0.0153317 0
0.618 0.008 0.0290999 0.0173299 0
0.619 0.008 0.031442 0.0156677 0
0.62 0.008 0.0269039 0.0130134 0
0.621 0.008 0.0276555 0.0152415 0
0.622 0.008 0.0316907 0.014853 0
0.623 0.008 0.0301217 0.0161644 0
0.624 0.008 0.0310053 0.0165704 0
0.625 0.008 0.0289819 0.0160889 0
0.626 0.008 0.0295448 0.015345 0
0.627 0.008 0.0284294 0.0158244 0
0.628 0.008 0.0291788 0.0170609 0
0.629 0.008 0.0288615 0.01505 0
0.63 0.008 0.0299668 0.0168055 0
0.631 0.008 0.0266654 0.0137704 0
0.632 0.008 0.0241216 0.0127853 0
0.633 0.008 0.0287455 0.0165614 0
0.634 0.008 0.0311257 0.0171579 0
0.635 0.008 0.0279935 0.0132806 0
0.636 0.008 0.0257678 0.0132221 0
0.637 0.008 0.0327056 0.0159036 0
0.638 0.008 0.031076 0.0160567 0
0.639 0.008 0.0278297 0.0135235 0
0.64 0.008 0.0294366 0.0144015 0
0.641 0.008 0.029719 0.0145495 0
0.642 0.008 0.0291463 0.0165272 0
0.643 0.008 0.0323971 0.015445 0
0.644 0.008 0.0331852 0.0148778 0
0.645 0.008 0.0280684 0.0126927 0
0.646 0.008 0.0295798 0.0159628 0
0.647 0.008 0.0290944 0.0183134 0
0.648 0.008 0.0313594 0.0197269 0
0.649 0.008 0.0307446 0.0167963 0
0.65 0.008 0.0265869 0.0150124 0
0.651 0.008 0.0268248 0.0113898 0
0.652 0.008 0.0263619 0.0121231 0
0.653 0.008 0.0294964 0.015274 0
0.654 0.008 0.0302569 0.0149142 0
0.655 0.008 0.0264926 0.0137246 0
0.656 0.008 0.0290508 0.014396 0
0.657 0.008 0.030926 0.0157932 0
0.658 0.008 0.0257015 0.0134697 0
0.659 0.008 0.0355492 0.0183657 0
0.66 0.008 0.0292581 0.016098 0
0.661 0.008 0.0289995 0.0166361 0
0.662 0.008 0.034293 0.0165549 0
0.663 0.008 0.0294373 0.0148596 0
0.664 0.008 0.0260297 0.0141909 0
0.665 0.008 0.0274241 0.0155117 0
0.666 0.008 0.0290425 0.0134907 0
0.667 0.008 0.0303244 0.0141069 0
0.668 0.008 0.030039 0.0194921 0
0.669 0.008 0.0310191 0.0195448 0
0.67 0.008 0.0306347 0.0131624 0
0.671 0.008 0.0289917 0.0154616 0
0.672 0.008 0.0315449 0.015001 0
0.673 0.01 0.0282104 0.0160387 0
0.674 0.01 0.0316901 0.0155193 0
0.675 0.012 0.03164 0.0145698 0
0.676 0.012 0.0292998 0.0147211 0
0.677 0.012 0.0273253 0.0149021 0
0.678 0.012 0.0312171 0.0180912 0
0.679 0.012 0.0282876 0.0160055 0
0.68 0.012 0.0322707 0.016281 0
0.681 0.012 0.0289312 0.0131636 0
0.682 0.012 0.028433 0.0129314 0
0.683 0.012 0.0305639 0.0140696 0
0.684 0.012 0.0292762 0.0147039 0
0.685 0.012 0.0274218 0.0155683 0
0.686 0.012 0.028341 0.0142589 0
0.687 0.012 0.0278073 0.0164657 0
0.688 0.012 0.0268759 0.0150726 0
0.689 0.012 0.0313523 0.0145093 0
0.69 0.012 0.0283427 0.0156701 0
0.691 0.012 0.0252481 0.0138616 0
0.692 0.012 0.0256259 0.0143375 0
0.693 0.012 0.0267369 0.0124369 0
0.694 0.012 0.0279919 0.0145592 0
0.695 0.012 0.0282134 0.0146478 0
0.696 0.012 0.0301255 0.017362 0
0.697 0.012 0.032045 0.0159658 0
0.698 0.012 0.0291566 0.0158965 0
0.699 0.012 0.0294532 0.0170551 0
0.7 0.012 0.0267381 0.0135146 0
0.701 0.012 0.0290142 0.0169196 0
0.702 0.012 0.0271863 0.0183106 0
0.703 0.012 0.0304089 0.0147252 0
0.704 0.012 0.0259516 0.0124714 0
0.705 0.012 0.028755 0.0150593 0
0.706 0.013 0.0297475 0.0148491 0
0.707 0.013 0.0293713 0.0146701 0
0.708 0.013 0.0281601 0.0143344 0
0.709 0.013 0.0324328 0.0160028 0
0.71 0.013 0.0292392 0.0144674 0
0.711 0.013 0.0275252 0.0145695 0
0.712 0.013 0.0305115 0.0158564 0
0.713 0.013 0.0293739 0.0151793 0
0.714 0.013 0.0290057 0.0135228 0
0.715 0.013 0.0334673 0.0162972 0
0.716 0.013 0.0288287 0.0137686 0
0.717 0.013 0.0304052 0.0143039 0
0.718 0.013 0.0338574 0.0177401 0
0.719 0.013 0.0285962 0.0152554 0
0.72 0.013 0.026753 0.0143392 0
0.721 0.013 0.0259695 0.0137952 0
0.722 0.014 0.0278684 0.0147237 0
0.723 0.014 0.0315261 0.0158274 0
0.724 0.014 0.0302012 0.0129054 0
0.725 0.014 0.0289839 0.0146305 0
0.726 0.014 0.035086 0.0167807 0
0.727 0.014 0.0279784 0.0150092 0
0.728 0.014 0.0304578 0.0130739 0
0.729 0.014 0.0308636 0.0127761 0
0.73 0.014 0.0312476 0.0165169 0
0.731 0.014 0.0288417 0.0154141 0
0.732 0.014 0.0295609 0.0149377 0
0.733 0.014 0.0300514 0.0129998 0
0.734 0.014 0.0299911 0.0156068 0
0.735 0.014 0.0289711 0.0142899 0
0.736 0.014 0.0303251 0.0170066 0
0.737 0.014 0.0304704 0.0155751 0
0.738 0.014 0.0299629 0.0152983 0
0.739 0.014 0.0289207 0.0138971 0
0.74 0.014 0.0268365 0.0144182 0
0.741 0.014 0.0274042 0.0139494 0
0.742 0.014 0.0284435 0.0164839 0
0.743 0.014 0.0297696 0.0132991 0
0.744 0.014 0.0293798 0.0163188 0
0.745 0.014 0.0268156 0.0130676 0
0.746 0.014 0.034886 0.0156345 0
0.747 0.014 0.0266318 0.014426 0
0.748 0.015 0.0326655 0.0160273 0
0.749 0.015 0.0280679 0.0162972 0
0.75 0.015 0.0285006 0.0139917 0
0.751 0.015 0.0341063 0.0197869 0
0.752 0.015 0.03069 0.0146816 0
0.753 0.015 0.0284631 0.0135058 0
0.754 0.015 0.0261331 0.0165752 0
0.755 0.015 0.0353514 0.017948 0
0.756 0.015 0.0291942 0.0168097 0
0.757 0.015 0.0325264 0.0179918 0
0.758 0.015 0.0322866 0.0171555 0
0.759 0.015 0.0364072 0.0177637 0
0.76 0.015 0.0281875 0.0144278 0
0.761 0.015 0.0284222 0.0150767 0
0.762 0.017 0.0325554 0.0169977 0
0.763 0.017 0.0308912 0.01735 0
0.764 0.017 0.0294686 0.0132165 0
0.765 0.017 0.0275665 0.0130998 0
0.766 0.017 0.0339065 0.0169691 0
0.767 0.017 0.0255152 0.0131735 0
0.768 0.017 0.0294647 0.0143807 0
0.769 0.017 0.0277224 0.0133306 0
0.77 0.017 0.0295831 0.0143329 0
0.771 0.017 0.0288964 0.0153472 0
0.772 0.017 0.0266871 0.011446 0
0.773 0.017 0.0300928 0.0162595 0
0.774 0.017 0.029272 0.016059 0
0.775 0.017 0.0322764 0.0174729 0
0.776 0.017 0.0308782 0.0157672 0
0.777 0.017 0.0313507 0.0142913 0
0.778 0.017 0.0270674 0.013023 0
0.779 0.017 0.0313935 0.0166544 0
0.78 0.017 0.0345004 0.0155568 0
0.781 0.017 0.0283423 0.0132276 0
0.782 0.017 0.0298708 0.0180454 0
0.783 0.017 0.0274964 0.0136987 0
0.784 0.017 0.0294816 0.0132666 0
0.785 0.019 0.0316045 0.0173248 0
0.786 0.019 0.0269199 0.0141337 0
0.787 0.019 0.0316565 0.0169992 0
0.788 0.019 0.0305708 0.0149182 0
0.789 0.019 0.0330821 0.0151096 0
0.79 0.02 0.0284768 0.0118797 0
0.791 0.02 0.0265146 0.0137689 0
0.792 0.02 0.0328515 0.0177526 0
0.793 0.02 0.0310753 0.0164483 0
0.794 0.02 0.0232296 0.0133712 0
0.795 0.02 0.0280765 0.0138785 0
0.796 0.02 0.0290943 0.0158233 0
0.797 0.02 0.0379063 0.0191305 0
0.798 0.02 0.0306983 0.0165584 0
0.799 0.02 0.0301255 0.0151431 0
0.8 0.02 0.0346995 0.0171098 0
0.801 0.026 0.0295912 0.015528 0
0.802 0.026 0.0257098 0.0125846 0
0.803 0.026 0.0277879 0.0154546 0
0.804 0.026 0.0293438 0.0158943 0
0.805 0.026 0.0320485 0.0159613 0
0.806 0.026 0.0308884 0.0141188 0
0.807 0.026 0.0332671 0.0148028 0
0.808 0.026 0.0320028 0.0160707 0
0.809 0.026 0.0280647 0.014615 0
0.81 0.026 0.0322531 0.0148086 0
0.811 0.026 0.0250449 0.0132218 0
0.812 0.026 0.0335021 0.0159418 0
0.813 0.026 0.0280933 0.0147809 0
0.814 0.026 0.0320757 0.0160494 0
0.815 0.026 0.0291482 0.0158444 0
0.816 0.026 0.029534 0.0175274 0
0.817 0.027 0.0280507 0.01437 0
0.818 0.027 0.0289579 0.0137188 0
0.819 0.028 0.0265611 0.0136203 0
0.82 0.028 0.0267725 0.0136488 0
0.821 0.028 0.031325 0.0151471 0
0.822 0.028 0.0318279 0.0164873 0
0.823 0.028 0.0292545 0.0144959 0
0.824 0.028 0.0288167 0.0153516 0
0.825 0.028 0.0321478 0.0156754 0
0.826 0.028 0.0274266 0.0145871 0
0.827 0.028 0.0304468 0.0161994 0
0.828 0.028 0.0319328 0.0171791 0
0.829 0.028 0.0290588 0.0193826 0
0.83 0.028 0.0347917 0.0171618 0
0.831 0.028 0.0319328 0.0131997 0
0.832 0.028 0.0297643 0.017417 0
0.833 0.028 0.0301055 0.0158367 0
0.834 0.028 0.0341879 0.0194913 0
0.835 0.028 0.0314402 0.0143354 0
0.836 0.028 0.030393 0.0187953 0
0.837 0.028 0.0280551 0.0139795 0
0.838 0.028 0.0341204 0.0200849 0
0.839 0.028 0.0265807 0.0140193 0
0.84 0.028 0.0318133 0.0163876 0
0.841 0.028 0.031965 0.0155755 0
0.842 0.028 0.0287305 0.0191226 0
0.843 0.028 0.0283223 0.0134164 0
0.844 0.028 0.0277678 0.013307 0
0.845 0.028 0.0264415 0.0133162 0
0.846 0.031 0.0300386 0.0152284 0
0.847 0.036 0.0269468 0.0148621 0
0.848 0.036 0.0324555 0.0138978 0
0.849 0.036 0.0324922 0.0165977 0
0.85 0.036 0.0323755 0.0155687 0
0.851 0.036 0.0284028 0.0159211 0
0.852 0.036 0.02405 0.0120024 0
0.853 0.036 0.0312184 0.0168051 0
0.854 0.036 0.0274917 0.0144383 0
0.855 0.036 0.0292254 0.0164937 0
0.856 0.039 0.0296543 0.0143459 0
0.857 0.039 0.0267547 0.0125022 0
0.858 0.039 0.0258429 0.01473 0
0.859 0.039 0.031582 0.0147491 0
0.86 0.039 0.0340469 0.0166845 0
0.861 0.039 0.0343491 0.0188373 0
0.862 0.039 0.0275089 0.0130097 0
0.863 0.039 0.032588 0.0173493 0
0.864 0.039 0.0347711 0.0169862 0
0.865 0.039 0.0237087 0.0117964 0
0.866 0.039 0.0300319 0.0174301 0
0.867 0.039 0.0282626 0.0144586 0
0.868 0.039 0.0285633 0.0153451 0
0.869 0.039 0.0317003 0.0171378 0
0.87 0.039 0.0270945 0.0144528 0
0.871 0.039 0.0278796 0.013655 0
0.872 0.039 0.0351726 0.0180968 0
0.873 0.039 0.0313886 0.0153393 0
0.874 0.039 0.0301327 0.0145049 0
0.875 0.044 0.0273234 0.0127402 0
0.876 0.044 0.0326695 0.0148143 0
0.877 0.044 0.0292163 0.0140948 0
0.878 0.044 0.0279063 0.015043 0
0.879 0.044 0.0308521 0.0144462 0
0.88 0.044 0.0288736 0.015236 0
0.881 0.044 0.0300777 0.0127517 0
0.882 0.044 0.0292864 0.0164365 0
0.883 0.044 0.0263072 0.01545 0
0.884 0.044 0.0320703 0.0141335 0
0.885 0.044 0.0301307 0.0139905 0
0.886 0.044 0.0313121 0.0180277 0
0.887 0.044 0.0302015 0.0172401 0
0.888 0.044 0.032442 0.0161621 0
0.889 0.044 0.0319983 0.016733 0
0.89 0.044 0.0344221 0.0155665 0
0.891 0.057 0.032528 0.0157851 0
0.892 0.057 0.0300398 0.0162846 0
0.893 0.057 0.0286117 0.0152307 0
0.894 0.057 0.0324216 0.0136393 0
0.895 0.058 0.0285713 0.0153247 0
0.896 0.058 0.0298449 0.0156533 0
0.897 0.058 0.0295771 0.0173239 0
0.898 0.058 0.0275783 0.0164188 0
0.899 0.058 0.0262558 0.0138324 0
0.9 0.058 0.0297909 0.0156175 0
0.901 0.058 0.0236934 0.0114785 0
0.902 0.058 0.0331266 0.0150106 0
0.903 0.058 0.0358562 0.0192925 0
0.904 0.094 0.036636 0.0178089 0
0.905 0.094 0.0303063 0.0140849 0
0.906 0.094 0.0292954 0.0157242 0
0.907 0.094 0.0299796 0.0161921 0
0.908 0.094 0.029916 0.0158968 0
0.909 0.094 0.0313989 0.0156924 0
0.91 0.094 0.0333462 0.014496 0
0.911 0.094 0.0286218 0.0140554 0
0.912 0.094 0.0309888 0.0148935 0
0.913 0.094 0.0294469 0.0140881 0
0.914 0.094 0.032045 0.0165828 0
0.915 0.094 0.027216 0.0136252 0
0.916 0.094 0.0237701 0.0142642 0
0.917 0.094 0.0319218 0.0153067 0
0.918 0.094 0.0294431 0.0153923 0
0.919 0.094 0.0298727 0.0174348 0
0.92 0.094 0.0301805 0.014701 0
0.921 0.094 0.0279342 0.0136284 0
0.922 0.094 0.0287533 0.0154004 0
0.923 0.094 0.028144 0.0142751 0
0.924 0.134 0.0306307 0.0155352 0
0.925 0.134 0.0296956 0.0136301 0
0.926 0.134 0.0273758 0.0127344 0
0.927 0.134 0.025999 0.0136303 0
0.928 0.176 0.0308947 0.016334 0
0.929 0.176 0.0321679 0.0163911 0
0.93 0.176 0.0314395 0.0147867 0
0.931 0.19 0.0355614 0.0153244 0
0.932 0.19 0.030475 0.0158382 0
0.933 0.19 0.0285605 0.0130266 0
0.934 0.19 0.0262542 0.0130033 0
0.935 0.19 0.0324201 0.0155885 0
0.936 0.195 0.0334991 0.0158816 0
0.937 0.241 0.0288759 0.0172354 0
0.938 0.281 0.0288878 0.0192462 0
0.939 0.379 0.0268636 0.0146227 0
0.94 0.379 0.0289109 0.013408 0
0.941 0.379 0.029003 0.0141496 0
0.942 0.574 0.0298073 0.0139232 0
0.943 0.574 0.0298052 0.0159378 0
0.944 0.907 0.0306016 0.0174988 0
0.945 0.907 0.030575 0.0146886 0
0.946 0.907 0.0297155 0.0178356 0
0.947 0.921 0.0298357 0.0176419 0
0.948 0.921 0.0276829 0.0144827 0
0.949 0.921 0.0249661 0.0128969 0
0.95 0.921 0.0370998 0.0189792 0
0.951 0.922 0.0317391 0.0168966 0
0.952 0.939 0.0338489 0.0171606 0
0.953 0.94 0.0286448 0.0149118 0
0.954 0.94 0.0306432 0.0140339 0
0.955 0.941 0.0357351 0.0182628 0
0.956 0.941 0.0287732 0.0126269 0
0.957 0.941 0.0307612 0.0140079 0
0.958 0.941 0.024225 0.0118499 0
0.959 0.942 0.0303203 0.0147892 0
0.96 0.943 0.0259922 0.0153271 0
0.961 0.943 0.0282439 0.0143658 0
0.962 0.943 0.0282939 0.0133291 0
0.963 0.944 0.0261181 0.0161756 0
0.964 0.944 0.0326784 0.014424 0
0.965 0.945 0.0339279 0.0168568 0
0.966 0.945 0.0304927 0.014875 0
0.967 0.945 0.0307125 0.0158029 0
0.968 0.945 0.0336786 0.0163483 0
0.969 0.945 0.0347435 0.0177745 0
0.97 0.945 0.029863 0.0162426 0
0.971 0.945 0.0313545 0.0169277 0
0.972 0.945 0.0290303 0.0154186 0
0.973 0.945 0.0344104 0.0161715 0
0.974 0.946 0.0313008 0.0158064 0
0.975 0.946 0.0309 0.0181753 0
0.976 0.946 0.0338852 0.0168094 0
0.977 0.946 0.0286831 0.0183728 0
0.978 0.947 0.032129 0.0168607 0
0.979 0.947 0.0279164 0.0148763 0
0.98 0.947 0.0313865 0.0133128 0
0.981 0.947 0.0325416 0.0131249 0
0.982 0.947 0.0275932 0.0144017 0
0.983 0.947 0.034328 0.0157979 0
0.984 0.948 0.0296096 0.0148397 0
0.985 0.948 0.0331125 0.018742 0
0.986 0.948 0.0310594 0.0149218 0
0.987 0.949 0.0291483 0.0146512 0
0.988 0.949 0.0263684 0.0167654 0
0.989 0.949 0.0310412 0.0179946 0
0.99 0.949 0.030598 0.0150719 0
0.991 0.949 0.0281633 0.0173278 0
0.992 0.95 0.025917 0.0146335 0
0.993 0.95 0.0294871 0.0152618 0
0.994 0.95 0.0272206 0.0163561 0
0.995 0.952 0.0266532 0.0147355 0
0.996 0.952 0.0326057 0.0191531 0
0.997 0.953 0.0283837 0.0154673 0
0.998 0.953 0.0291212 0.0163072 0
0.999 0.953 0.031856 0.014317 0
1 0.955 0.0275281 0.0157534 0
1.001 0.955 0.0262343 0.0159546 0
1.002 0.955 0.031329 0.019194 0
1.003 0.955 0.0287375 0.0152598 0
1.004 0.955 0.0270674 0.0125134 0
1.005 0.957 0.027738 0.0139485 0
1.006 0.957 0.0275269 0.0150043 0
1.007 0.957 0.0275225 0.0123636 0
1.008 0.957 0.0307425 0.0155063 0
1.009 0.957 0.0333148 0.0135224 0
1.01 0.957 0.0343597 0.0169915 0
1.011 0.957 0.0311332 0.0148411 0
1.012 0.957 0.0283805 0.0154193 0
1.013 0.957 0.0279519 0.0143507 0
1.014 0.957 0.0338874 0.0202883 0
1.015 0.957 0.0324052 0.0137694 0
1.016 0.957 0.0295068 0.0174482 0
1.017 0.957 0.0298244 0.0158257 0
1.018 0.957 0.0259105 0.0165968 0
1.019 0.959 0.0244157 0.0131368 0
1.02 0.959 0.0275435 0.0161572 0
1.021 0.959 0.0302772 0.0142038 0
1.022 0.959 0.0319086 0.0152222 0
1.023 0.959 0.0304286 0.0149124 0
1.024 0.959 0.0299393 0.0153754 0
1.025 0.959 0.029236 0.0150411 0
1.026 0.96 0.0319156 0.0146948 0
1.027 0.96 0.0300062 0.0158522 0
1.028 0.96 0.0290011 0.0157092 0
1.029 0.961 0.029346 0.0139754 0
1.03 0.961 0.0324548 0.0148772 0
1.031 0.962 0.0306279 0.0147832 0
1.032 0.963 0.0333613 0.0168691 0
1.033 0.964 0.0296046 0.0160965 0
1.034 0.964 0.0388096 0.0188434 0
1.035 0.964 0.0301861 0.0158342 0
1.036 0.964 0.0336805 0.0158932 0
1.037 0.965 0.0312981 0.0142799 0
1.038 0.965 0.0344628 0.0181049 0
1.039 0.965 0.0315706 0.0162095 0
1.04 0.965 0.0239048 0.0136222 0
1.041 0.966 0.0287061 0.0139004 0
1.042 0.966 0.0292143 0.0166957 0
1.043 0.966 0.0369342 0.0175352 0
1.044 0.966 0.0272063 0.014788 0
1.045 0.966 0.0287516 0.0134085 0
1.046 0.966 0.0311772 0.0168014 0
1.047 0.966 0.0299016 0.0174034 0
1.048 0.966 0.0286082 0.0167562 0
1.049 0.966 0.0308045 0.0165224 0
1.05 0.967 0.0261297 0.0160669 0
1.051 0.967 0.0299058 0.0132923 0
1.052 0.967 0.0281241 0.0137499 0
1.053 0.967 0.0285801 0.0148753 0
1.054 0.967 0.030687 0.017904 0
1.055 0.967 0.0254278 0.0129818 0
1.056 0.967 0.0280726 0.0188332 0
1.057 0.967 0.0319394 0.0146464 0
1.058 0.967 0.030387 0.0140549 0
1.059 0.967 0.0261231 0.0147897 0
1.06 0.967 0.0306067 0.015925 0
1.061 0.967 0.0297292 0.0169125 0
1.062 0.967 0.0262889 0.0139378 0
1.063 0.967 0.0290487 0.0134566 0
1.064 0.967 0.0240826 0.0126708 0
1.065 0.967 0.0328907 0.0153328 0
1.066 0.967 0.0285825 0.0152729 0
1.067 0.967 0.0291715 0.0178431 0
1.068 0.967 0.0291992 0.0134195 0
1.069 0.967 0.0337129 0.0179026 0
1.07 0.967 0.0291718 0.0154046 0
1.071 0.967 0.0271084 0.0131453 0
1.072 0.967 0.025713 0.0138998 0
1.073 0.968 0.033227 0.0185716 0
1.074 0.968 0.0337585 0.0168424 0
1.075 0.968 0.033456 0.0167971 0
1.076 0.968 0.0274145 0.0153732 0
1.077 0.968 0.0260504 0.0122851 0
1.078 0.968 0.0374004 0.0181834 0
1.079 0.968 0.0278864 0.0153145 0
1.08 0.968 0.033511 0.0149692 0
1.081 0.968 0.0285794 0.0152859 0
1.082 0.968 0.0268993 0.0131234 0
1.083 0.968 0.0350159 0.0168566 0
1.084 0.968 0.0271119 0.0147797 0
1.085 0.968 0.0292716 0.0177263 0
1.086 0.968 0.0306042 0.0145065 0
1.087 0.968 0.0305404 0.0151593 0
1.088 0.969 0.0299417 0.0161376 0
1.089 0.969 0.033193 0.0165523 0
1.09 0.969 0.0329118 0.0178344 0
1.091 0.969 0.0294956 0.0172561 0
1.092 0.97 0.0237044 0.0134833 0
1.093 0.971 0.0297946 0.0168502 0
1.094 0.971 0.0334689 0.0172922 0
1.095 0.971 0.0336619 0.017592 0
1.096 0.971 0.0257497 0.0136838 0
1.097 0.971 0.0277172 0.0131604 0
1.098 0.971 0.0293886 0.0166666 0
1.099 0.971 0.0357239 0.0162687 0
1.1 0.971 0.0289874 0.0135815 0
1.101 0.971 0.0302906 0.0144161 0
1.102 0.971 0.0275529 0.0154929 0
1.103 0.971 0.0310738 0.0146829 0
1.104 0.971 0.0310905 0.0163029 0
1.105 0.971 0.028403 0.0144111 0
1.106 0.971 0.0265415 0.014544 0
1.107 0.973 0.0305383 0.0178079 0
1.108 0.973 0.0294729 0.0141629 0
1.109 0.973 0.0332646 0.0173982 0
1.11 0.973 0.0331683 0.0193786 0
1.111 0.973 0.0306702 0.0146365 0
1.112 0.974 0.0278348 0.0162351 0
1.113 0.974 0.0260394 0.0166781 0
1.114 0.974 0.0310163 0.0168944 0
1.115 0.978 0.0329341 0.0156334 0
1.116 0.978 0.0335106 0.0170711 0
1.117 0.978 0.0321007 0.0154833 0
1.118 0.978 0.0299502 0.0159755 0
1.119 0.978 0.0335044 0.0154213 0
1.12 0.978 0.0248081 0.0125671 0
1.121 0.978 0.030946 0.0164588 0
1.122 0.978 0.0307919 0.0134998 0
1.123 0.978 0.0332694 0.016137 0
1.124 0.978 0.0318958 0.0148969 0
1.125 0.978 0.0334618 0.0160075 0
1.126 0.978 0.0294848 0.015502 0
1.127 0.979 0.0317904 0.0145956 0
1.128 0.979 0.0293047 0.0164614 0
1.129 0.979 0.0333266 0.0154414 0
1.13 0.979 0.0320521 0.0155025 0
1.131 0.979 0.02995 0.0144234 0
1.132 0.979 0.0333023 0.0182897 0
1.133 0.979 0.0333141 0.01547 0
1.134 0.979 0.0245863 0.0137042 0
1.135 0.979 0.0318825 0.0172365 0
1.136 0.979 0.029818 0.0157636 0
1.137 0.979 0.0324806 0.0185078 0
1.138 0.979 0.028997 0.013787 0
1.139 0.979 0.0325291 0.0160595 0
1.14 0.979 0.030691 0.0148319 0
1.141 0.979 0.0308401 0.0161108 0
1.142 0.979 0.0352588 0.0176896 0
1.143 0.979 0.0301218 0.0166413 0
1.144 0.979 0.0320916 0.0180024 0
1.145 0.979 0.028213 0.0126679 0
1.146 0.979 0.0311596 0.0184902 0
1.147 0.979 0.0289309 0.0139793 0
1.148 0.979 0.0298115 0.0170031 0
1.149 0.979 0.0284407 0.0153259 0
1.15 0.98 0.0304127 0.0169104 0
1.151 0.98 0.0305048 0.0192353 0
1.152 0.98 0.0319374 0.0164101 0
1.153 0.98 0.0279707 0.0144029 0
1.154 0.98 0.032639 0.0168322 0
1.155 0.98 0.033565 0.0167501 0
1.156 0.981 0.0277725 0.0151888 0
1.157 0.981 0.0325713 0.0178007 0
1.158 0.981 0.0337351 0.0165683 0
1.159 0.981 0.02794 0.0159987 0
1.16 0.981 0.0300227 0.0179915 0
1.161 0.981 0.0291671 0.0171283 0
1.162 0.981 0.036911 0.0199788 0
1.163 0.983 0.0299094 0.0146364 0
1.164 0.983 0.0318063 0.0150092 0
1.165 0.984 0.0366902 0.0162467 0
1.166 0.984 0.0323395 0.0166293 0
1.167 0.984 0.0306854 0.0136302 0
1.168 0.984 0.0306974 0.0161989 0
1.169 0.984 0.0291371 0.01858 0
1.17 0.984 0.029269 0.0131426 0
1.171 0.984 0.0283415 0.0162717 0
1.172 0.984 0.0281655 0.014623 0
1.173 0.984 0.0313895 0.0180863 0
1.174 0.984 0.0300859 0.0151725 0
1.175 0.984 0.0345201 0.0176951 0
1.176 0.984 0.0328784 0.0190054 0
1.177 0.984 0.0301703 0.014886 0
1.178 0.984 0.0279617 0.0163602 0
1.179 0.984 0.0290665 0.017648 0
1.18 0.984 0.0294403 0.0131203 0
1.181 0.984 0.033792 0.0170057 0
1.182 0.984 0.0255485 0.0154072 0
1.183 0.984 0.0316725 0.0157245 0
1.184 0.984 0.033525 0.0176101 0
1.185 0.984 0.0300276 0.0188395 0
1.186 0.984 0.0256764 0.0130508 0
1.187 0.984 0.0317183 0.0163124 0
1.188 0.984 0.0297291 0.0124525 0
1.189 0.984 0.0307559 0.0161487 0
1.19 0.984 0.0373902 0.0190422 0
1.191 0.984 0.0312171 0.0150062 0
1.192 0.984 0.0371994 0.0164102 0
1.193 0.984 0.0281788 0.0157625 0
1.194 0.984 0.0307134 0.0143703 0
1.195 0.985 0.0335958 0.0164574 0
1.196 0.985 0.0288859 0.0171653 0
1.197 0.985 0.0278638 0.0162739 0
1.198 0.985 0.0333589 0.0168878 0
1.199 0.985 0.0290967 0.0165894 0
1.2 0.985 0.0314038 0.0152764 0
1.201 0.985 0.0322309 0.0180483 0
1.202 0.985 0.0296703 0.0133033 0
1.203 0.985 0.0339453 0.018501 0
1.204 0.985 0.0337281 0.0185178 0
1.205 0.985 0.0299069 0.015487 0
1.206 0.985 0.0358756 0.0171511 0
1.207 0.985 0.03581 0.0173645 0
1.208 0.985 0.0296512 0.0157263 0
1.209 0.985 0.034723 0.0215323 0
1.21 0.985 0.0307394 0.0145542 0
1.211 0.985 0.0266936 0.0154154 0
1.212 0.985 0.0315822 0.0179338 0
1.213 0.985 0.0283026 0.0155935 0
1.214 0.985 0.0356641 0.0158896 0
1.215 0.985 0.0307481 0.0163337 0
1.216 0.985 0.0340997 0.019132 0
1.217 0.985 0.0326397 0.0176954 0
1.218 0.986 0.0313519 0.0159004 0
1.219 0.986 0.029326 0.0156639 0
1.22 0.986 0.0284174 0.0144891 0
1.221 0.986 0.0358572 0.0195376 0
1.222 0.987 0.0336443 0.0157302 0
1.223 0.987 0.0339616 0.0160416 0
1.224 0.987 0.0280955 0.0139553 0
1.225 0.987 0.0307672 0.0143205 0
1.226 0.987 0.0312635 0.0152252 0
1.227 0.987 0.0265151 0.0142962 0
1.228 0.987 0.0331033 0.0158558 0
1.229 0.988 0.0275193 0.0150994 0
1.23 0.988 0.0327829 0.0154918 0
1.231 0.988 0.0340208 0.016509 0
1.232 0.988 0.0332741 0.018056 0
1.233 0.989 0.0312188 0.0187975 0
1.234 0.989 0.0339965 0.0157222 0
1.235 0.989 0.0329836 0.0185586 0
1.236 0.989 0.0294198 0.0130274 0
1.237 0.989 0.0314729 0.0145804 0
1.238 0.989 0.0323081 0.0156093 0
1.239 0.989 0.0302497 0.015937 0
1.24 0.989 0.0331551 0.0168594 0
1.241 0.989 0.0297274 0.0141025 0
1.242 0.989 0.0324434 0.0166269 0
1.243 0.989 0.0279625 0.012816 0
1.244 0.989 0.029572 0.0163983 0
1.245 0.989 0.0316547 0.0177386 0
1.246 0.989 0.0277215 0.0157009 0
1.247 0.989 0.0285475 0.0148454 0
1.248 0.989 0.0297259 0.0155365 0
1.249 0.989 0.0305254 0.0158943 0
1.25 0.989 0.028599 0.0158585 0
1.251 0.989 0.032528 0.0137645 0
1.252 0.989 0.0313863 0.0152312 0
1.253 0.989 0.0303683 0.014614 0
1.254 0.989 0.0291904 0.0161872 0
1.255 0.989 0.0279608 0.0151012 0
1.256 0.989 0.0342183 0.016627 0
1.257 0.989 0.0321099 0.0171291 0
1.258 0.989 0.0350708 0.0153612 0
1.259 0.989 0.0361704 0.0184806 0
1.26 0.989 0.0322284 0.0179106 0
1.261 0.989 0.0346753 0.0153041 0
1.262 0.989 0.0327219 0.0159719 0
1.263 0.989 0.0324734 0.0162536 0
1.264 0.989 0.0303423 0.0158011 0
1.265 0.989 0.0349659 0.0167434 0
1.266 0.989 0.0328152 0.01434 0
1.267 0.989 0.0243993 0.0130694 0
1.268 0.989 0.0336628 0.0170838 0
1.269 0.989 0.0327381 0.0138818 0
1.27 0.989 0.033051 0.0178259 0
1.271 0.989 0.0315428 0.0141197 0
1.272 0.989 0.0370009 0.0164504 0
1.273 0.989 0.0309477 0.0177546 0
1.274 0.989 0.0360949 0.0176768 0
1.275 0.989 0.0333736 0.0179099 0
1.276 0.989 0.0321368 0.0141135 0
1.277 0.989 0.0290157 0.0145706 0
1.278 0.989 0.0353721 0.0179121 0
1.279 0.99 0.029682 0.0159823 0
1.28 0.99 0.0315333 0.01591 0
1.281 0.99 0.0319226 0.0147211 0
1.282 0.99 0.032973 0.0147619 0
1.283 0.99 0.0341848 0.017153 0
1.284 0.99 0.0282714 0.0160498 0
1.285 0.99 0.0304209 0.0156827 0
1.286 0.99 0.0344997 0.0158873 0
1.287 0.99 0.026753 0.0149796 0
1.288 0.99 0.0363956 0.016283 0
1.289 0.99 0.034797 0.0155034 0
1.29 0.99 0.0352032 0.0187186 0
1.291 0.99 0.0352561 0.0215497 0
1.292 0.99 0.0294152 0.013731 0
1.293 0.99 0.03074 0.014453 0
1.294 0.99 0.0304748 0.0177611 0
1.295 0.99 0.0276196 0.0181577 0
1.296 0.991 0.0415033 0.0238689 0
1.297 0.991 0.0329788 0.0144127 0
1.298 0.991 0.0326289 0.0149302 0
1.299 0.991 0.0292253 0.0129752 0
1.3 0.991 0.0358528 0.0207675 0
1.301 0.991 0.0322325 0.0144986 0
1.302 0.991 0.0293836 0.0149467 0
1.303 0.991 0.0296387 0.0165272 0
1.304 0.991 0.0333756 0.0153728 0
1.305 0.991 0.0317144 0.0164847 0
1.306 0.991 0.0319576 0.0156603 0
1.307 0.991 0.0326312 0.0195942 0
1.308 0.991 0.0302882 0.0143794 0
1.309 0.991 0.0360959 0.0150422 0
1.31 0.991 0.0286034 0.0147027 0
1.311 0.991 0.0335664 0.0157216 0
1.312 0.991 0.0294194 0.0169918 0
1.313 0.991 0.0322543 0.016617 0
1.314 0.991 0.0324637 0.0150101 0
1.315 0.991 0.0278522 0.0155027 0
1.316 0.991 0.0314534 0.0150664 0
1.317 0.991 0.0340903 0.0179552 0
1.318 0.991 0.0279054 0.015585 0
1.319 0.991 0.0326548 0.0154761 0
1.32 0.991 0.0334155 0.0149509 0
1.321 0.991 0.0316086 0.0161724 0
1.322 0.991 0.0324771 0.0163384 0
1.323 0.991 0.0329903 0.0161676 0
1.324 0.991 0.0320833 0.0152933 0
1.325 0.991 0.0287379 0.0135883 0
1.326 0.991 0.0321064 0.0152871 0
1.327 0.991 0.0306049 0.0180815 0
1.328 0.991 0.0293132 0.0152581 0
1.329 0.991 0.0332974 0.0155386 0
1.33 0.991 0.0323659 0.0159664 0
1.331 0.991 0.039943 0.0197823 0
1.332 0.991 0.0261419 0.012439 0
1.333 0.991 0.0349393 0.0144394 0
1.334 0.991 0.031207 0.0158536 0
1.335 0.991 0.0352484 0.0157969 0
1.336 0.991 0.0249676 0.0116153 0
1.337 0.991 0.0307343 0.0188339 0
1.338 0.991 0.0341608 0.0189155 0
1.339 0.991 0.0295063 0.0150295 0
1.34 0.991 0.0344119 0.0175361 0
1.341 0.991 0.0352265 0.0177239 0
1.342 0.991 0.0282182 0.0148052 0
1.343 0.991 0.0328167 0.0190877 0
1.344 0.991 0.0337175 0.0176745 0
1.345 0.991 0.033394 0.0143682 0
1.346 0.991 0.0336647 0.0150815 0
1.347 0.991 0.0334191 0.0178984 0
1.348 0.991 0.0358086 0.0167573 0
1.349 0.991 0.0334101 0.0182698 0
1.35 0.991 0.0335752 0.0157758 0
1.351 0.991 0.033447 0.0140372 0
1.352 0.991 0.032851 0.0175943 0
1.353 0.991 0.0304797 0.0144298 0
1.354 0.991 0.0352669 0.0198828 0
1.355 0.991 0.0362791 0.0169091 0
1.356 0.991 0.0304805 0.0141417 0
1.357 0.991 0.0354671 0.0185555 0
1.358 0.991 0.0352054 0.0176028 0
1.359 0.991 0.0311557 0.0153275 0
1.36 0.991 0.034607 0.0184025 0
1.361 0.992 0.0276444 0.0135015 0
1.362 0.992 0.0314338 0.0170946 0
1.363 0.992 0.0290837 0.0144882 0
1.364 0.992 0.0361895 0.019251 0
1.365 0.992 0.0325788 0.0158037 0
1.366 0.992 0.0285356 0.0148878 0
1.367 0.992 0.0361499 0.0204528 0
1.368 0.992 0.0327438 0.0166195 0
1.369 0.992 0.0336678 0.0170173 0
1.37 0.992 0.029426 0.0147028 0
1.371 0.992 0.0313331 0.0162705 0
1.372 0.992 0.0345069 0.02069 0
1.373 0.992 0.0336149 0.016247 0
1.374 0.992 0.0364782 0.017766 0
1.375 0.992 0.0336204 0.0141669 0
1.376 0.992 0.0302219 0.0171154 0
1.377 0.992 0.0317041 0.0171319 0
1.378 0.992 0.0301916 0.0158009 0
1.379 0.992 0.0288418 0.0152506 0
1.38 0.992 0.0325246 0.0155636 0
1.381 0.992 0.034579 0.0175613 0
1.382 0.992 0.0318011 0.0168451 0
1.383 0.992 0.031483 0.0150518 0
1.384 0.992 0.0345998 0.0160464 0
1.385 0.992 0.0296078 0.0148092 0
1.386 0.992 0.0337632 0.0204949 0
1.387 0.992 0.0303669 0.0157137 0
1.388 0.992 0.0292619 0.0147103 0
1.389 0.992 0.0352325 0.020262 0
1.39 0.992 0.0316755 0.0131661 0
1.391 0.993 0.032686 0.0168705 0
1.392 0.993 0.0347899 0.0140001 0
1.393 0.993 0.0309703 0.0148702 0
1.394 0.993 0.0297232 0.0162124 0
1.395 0.993 0.0344522 0.0169767 0
1.396 0.993 0.0269245 0.0149638 0
1.397 0.993 0.0345211 0.0187099 0
1.398 0.993 0.0291128 0.0177119 0
1.399 0.993 0.0338356 0.0160167 0
1.4 0.993 0.0304593 0.0165245 0
1.401 0.993 0.0286328 0.0138613 0
1.402 0.993 0.0349365 0.0167978 0
1.403 0.993 0.0281802 0.0160411 0
1.404 0.993 0.0375137 0.0210148 0
1.405 0.993 0.0304749 0.016668 0
1.406 0.993 0.0300542 0.0162566 0
1.407 0.993 0.0378884 0.0193035 0
1.408 0.993 0.0347787 0.0194928 0
1.409 0.993 0.0351598 0.0201856 0
1.41 0.993 0.0356541 0.0179281 0
1.411 0.993 0.0332512 0.0160387 0
1.412 0.993 0.0285572 0.0133174 0
1.413 0.993 0.0336095 0.0180098 0
1.414 0.993 0.0292525 0.0174676 0
1.415 0.993 0.0296079 0.0166536 0
1.416 0.993 0.0348511 0.01669 0
1.417 0.993 0.0326487 0.0171426 0
1.418 0.993 0.029761 0.0158713 0
1.419 0.993 0.0307985 0.0178362 0
1.42 0.993 0.0343343 0.0155496 0
1.421 0.993 0.0337722 0.0163052 0
1.422 0.994 0.0274256 0.0141039 0
1.423 0.994 0.0311594 0.0148129 0
1.424 0.994 0.0327904 0.0172941 0
1.425 0.994 0.0322465 0.0144294 0
1.426 0.994 0.0369032 0.0175979 0
1.427 0.994 0.0346218 0.0192451 0
1.428 0.994 0.0353689 0.0161792 0
1.429 0.994 0.032249 0.0149606 0
1.43 0.994 0.037544 0.018934 0
1.431 0.994 0.0337795 0.014825 0
1.432 0.994 0.0314452 0.0150279 0
1.433 0.994 0.0305466 0.0148784 0
1.434 0.994 0.0291177 0.0129091 0
1.435 0.994 0.0307414 0.0163127 0
1.436 0.994 0.0366503 0.0193685 0
1.437 0.994 0.0349432 0.0172258 0
1.438 0.994 0.0329544 0.0185787 0
1.439 0.994 0.0320587 0.014242 0
1.44 0.994 0.0346574 0.0193536 0
1.441 0.994 0.0333388 0.0150275 0
1.442 0.994 0.0307897 0.0152501 0
1.443 0.994 0.0346177 0.0172105 0
1.444 0.994 0.0332179 0.0149768 0
1.445 0.994 0.035128 0.0203547 0
1.446 0.994 0.0313068 0.0154503 0
1.447 0.994 0.0346679 0.0158206 0
1.448 0.994 0.036204 0.0167709 0
1.449 0.994 0.0295901 0.0157555 0
1.45 0.994 0.0356537 0.0170396 0
1.451 0.994 0.0402081 0.0184989 0
1.452 0.994 0.0387377 0.0211237 0
1.453 0.994 0.0312119 0.0174508 0
1.454 0.994 0.0328957 0.0180163 0
1.455 0.994 0.0379049 0.018863 0
1.456 0.994 0.0323949 0.016207 0
1.457 0.994 0.0333069 0.0190093 0
1.458 0.994 0.0351088 0.0208385 0
1.459 0.994 0.0327443 0.0179773 0
1.46 0.994 0.0347282 0.0208504 0
1.461 0.994 0.0309157 0.0153337 0
1.462 0.994 0.0308863 0.0136912 0
1.463 0.994 0.0347802 0.0170948 0
1.464 0.994 0.0351166 0.0156342 0
1.465 0.994 0.0322756 0.0184976 0
1.466 0.994 0.032635 0.0179594 0
1.467 0.994 0.0323771 0.0165793 0
1.468 0.994 0.0309241 0.0155215 0
1.469 0.994 0.0323567 0.0156928 0
1.47 0.994 0.0340029 0.0200236 0
1.471 0.994 0.0343186 0.0176154 0
1.472 0.994 0.0388773 0.0175287 0
1.473 0.995 0.0392223 0.0176688 0
1.474 0.995 0.0344932 0.0177056 0
1.475 0.995 0.03158 0.0137007 0
1.476 0.995 0.0356703 0.0159872 0
1.477 0.995 0.0288362 0.0155308 0
1.478 0.995 0.0325202 0.0176643 0
1.479 0.995 0.0357328 0.0183591 0
1.48 0.995 0.0374804 0.017069 0
1.481 0.995 0.0331261 0.0144425 0
1.482 0.995 0.0372757 0.018821 0
1.483 0.995 0.0374343 0.0184616 0
1.484 0.995 0.0378051 0.0166691 0
1.485 0.995 0.036098 0.0199341 0
1.486 0.995 0.038824 0.0184917 0
1.487 0.995 0.027697 0.0134737 0
1.488 0.995 0.0342553 0.0165355 0
1.489 0.995 0.0299745 0.0143064 0
1.49 0.995 0.0349298 0.0159068 0
1.491 0.995 0.0339263 0.0136615 0
1.492 0.995 0.0325589 0.0178252 0
1.493 0.995 0.0329544 0.0193885 0
1.494 0.995 0.033156 0.0155448 0
1.495 0.995 0.0288058 0.0159391 0
1.496 0.995 0.0332527 0.0166444 0
1.497 0.995 0.0358538 0.0201522 0
1.498 0.995 0.0368698 0.0193653 0
1.499 0.995 0.0323156 0.0144238 0
1.5 0.995 0.0316739 0.0178414 0
1.501 0.995 0.0341608 0.0151482 0
1.502 0.995 0.0325204 0.0184078 0
1.503 0.995 0.0287143 0.0165297 0
1.504 0.995 0.0356588 0.0188743 0
1.505 0.995 0.0295124 0.0176461 0
1.506 0.995 0.0382219 0.0199025 0
1.507 0.995 0.0324903 0.0177219 0
1.508 0.995 0.0347495 0.0200388 0
1.509 0.995 0.0337156 0.0166214 0
1.51 0.995 0.0396013 0.0171778 0
1.511 0.995 0.0303809 0.0179359 0
1.512 0.995 0.033438 0.0207328 0
1.513 0.995 0.0359599 0.0173433 0
1.514 0.995 0.0345098 0.0192421 0
1.515 0.995 0.0343999 0.0174693 0
1.516 0.995 0.0367946 0.0194975 0
1.517 0.996 0.034956 0.0180679 0
1.518 0.996 0.0346224 0.0162957 0
1.519 0.996 0.0326535 0.0178613 0
1.52 0.996 0.0344279 0.0220568 0
1.521 0.996 0.0318136 0.0157599 0
1.522 0.996 0.0296067 0.0158188 0
1.523 0.996 0.0341754 0.0174195 0
1.524 0.996 0.0325071 0.0158788 0
1.525 0.996 0.032156 0.0142713 0
1.526 0.996 0.0431909 0.0189842 0
1.527 0.996 0.0326464 0.0183658 0
1.528 0.996 0.0324041 0.0173857 0
1.529 0.996 0.034425 0.0191344 0
1.53 0.996 0.0323128 0.0173712 0
1.531 0.996 0.0298153 0.0135256 0
1.532 0.996 0.036176 0.0166341 0
1.533 0.996 0.0331818 0.0176552 0
1.534 0.996 0.031517 0.0164229 0
1.535 0.996 0.0332505 0.015982 0
1.536 0.996 0.0328465 0.0164151 0
1.537 0.996 0.0360273 0.020523 0
1.538 0.996 0.0335238 0.0195365 0
1.539 0.996 0.0321968 0.0169787 0
1.54 0.996 0.031033 0.0137006 0
1.541 0.996 0.0309001 0.0134132 0
1.542 0.996 0.02875 0.0160991 0
1.543 0.996 0.0345521 0.017709 0
1.544 0.996 0.03582 0.0166417 0
1.545 0.996 0.0373436 0.0209139 0
1.546 0.996 0.0337941 0.0162836 0
1.547 0.996 0.0331551 0.0141213 0
1.548 0.996 0.0375025 0.0156199 0
1.549 0.996 0.03341 0.0160385 0
1.55 0.996 0.034066 0.0167362 0
1.551 0.996 0.0283892 0.0158632 0
1.552 0.996 0.0345224 0.0186498 0
1.553 0.996 0.0380208 0.0204816 0
1.554 0.996 0.037341 0.0181766 0
1.555 0.996 0.0286667 0.0146176 0
1.556 0.996 0.0334308 0.0176399 0
1.557 0.996 0.0309208 0.0164367 0
1.558 0.996 0.0352622 0.0181206 0
1.559 0.996 0.0323122 0.0184727 0
1.56 0.996 0.0365512 0.0165888 0
1.561 0.996 0.0344702 0.0192015 0
1.562 0.996 0.0313805 0.0162939 0
1.563 0.996 0.032275 0.018968 0
1.564 0.997 0.0312026 0.0153629 0
1.565 0.997 0.0365149 0.0176709 0
1.566 0.997 0.0301394 0.0175282 0
1.567 0.997 0.03278 0.0176462 0
1.568 0.997 0.0320006 0.0159227 0
1.569 0.997 0.03445 0.0152223 0
1.57 0.997 0.0363508 0.0165737 0
1.571 0.997 0.0325047 0.0171502 0
1.572 0.997 0.0314317 0.0172635 0
1.573 0.997 0.0354259 0.0208534 0
1.574 0.997 0.0326607 0.0186142 0
1.575 0.997 0.0334395 0.0209931 0
1.576 0.997 0.0312064 0.015921 0
1.577 0.997 0.0364467 0.0169218 0
1.578 0.997 0.0319535 0.0146003 0
1.579 0.997 0.0332585 0.0161285 0
1.58 0.997 0.0380158 0.0179673 0
1.581 0.997 0.0330819 0.0172568 0
1.582 0.997 0.0346653 0.0175011 0
1.583 0.997 0.0382256 0.0172392 0
1.584 0.997 0.0377452 0.0169754 0
1.585 0.997 0.0322982 0.0166987 0
1.586 0.997 0.0367108 0.0211278 0
1.587 0.997 0.0338773 0.0162709 0
1.588 0.997 0.0343485 0.0156699 0
1.589 0.997 0.0393246 0.0194621 0
1.59 0.997 0.0394739 0.0192168 0
1.591 0.997 0.0376378 0.024304 0
1.592 0.997 0.042955 0.0202656 0
1.593 0.997 0.0360388 0.018849 0
1.594 0.997 0.0401978 0.0190197 0
1.595 0.997 0.0382558 0.0231167 0
1.596 0.997 0.0318867 0.0161853 0
1.597 0.997 0.0397103 0.0181108 0
1.598 0.997 0.0325764 0.018998 0
1.599 0.997 0.0324902 0.015842 0
1.6 0.997 0.0365008 0.0182496 0
1.601 0.997 0.0376535 0.0193102 0
1.602 0.997 0.0334538 0.0153362 0
1.603 0.997 0.0301612 0.0144926 0
1.604 0.997 0.0373305 0.0190168 0
1.605 0.997 0.0314556 0.0165119 0
1.606 0.997 0.0332035 0.0168065 0
1.607 0.997 0.0346566 0.0179614 0
1.608 0.997 0.0346371 0.0171514 0
1.609 0.997 0.036004 0.0170138 0
1.61 0.997 0.032796 0.015654 0
1.611 0.997 0.0354817 0.0192726 0
1.612 0.997 0.0322152 0.0148617 0
1.613 0.997 0.0357702 0.0200458 0
1.614 0.997 0.0300099 0.0138418 0
1.615 0.997 0.0406798 0.0235481 0
1.616 0.997 0.0382002 0.0183413 0
1.617 0.997 0.0392687 0.0170397 0
1.618 0.997 0.0318702 0.0170111 0
1.619 0.997 0.0336532 0.0174477 0
1.62 0.997 0.0314456 0.0146183 0
1.621 0.997 0.0399255 0.0182877 0
1.622 0.997 0.0356106 0.0179163 0
1.623 0.997 0.0332076 0.016976 0
1.624 0.997 0.0323667 0.0169885 0
1.625 0.997 0.0320128 0.014379 0
1.626 0.997 0.0391127 0.0164903 0
1.627 0.997 0.0329594 0.0180011 0
1.628 0.997 0.0305243 0.0150821 0
1.629 0.997 0.0344256 0.0165736 0
1.63 0.997 0.0327614 0.0188329 0
1.631 0.997 0.0361465 0.0144812 0
1.632 0.997 0.0341094 0.0186114 0
1.633 0.997 0.0316292 0.0168144 0
1.634 0.997 0.0324095 0.0177178 0
1.635 0.997 0.0303527 0.0190452 0
1.636 0.997 0.0370239 0.0142266 0
1.637 0.997 0.033922 0.0137501 0
1.638 0.997 0.0333328 0.0155183 0
1.639 0.997 0.0383585 0.0182729 0
1.64 0.997 0.0297707 0.016589 0
1.641 0.997 0.0336015 0.018208 0
1.642 0.997 0.0372476 0.0168436 0
1.643 0.997 0.0340889 0.0221146 0
1.644 0.997 0.0379851 0.0192127 0
1.645 0.997 0.0374973 0.0211371 0
1.646 0.997 0.030169 0.0141219 0
1.647 0.997 0.0361417 0.0176502 0
1.648 0.997 0.0338742 0.0157515 0
1.649 0.997 0.036914 0.0207659 0
1.65 0.997 0.0288583 0.0177791 0
1.651 0.997 0.0400073 0.0207883 0
1.652 0.997 0.0366894 0.0220905 0
1.653 0.997 0.0346321 0.0196396 0
1.654 0.997 0.0376527 0.0188471 0
1.655 0.997 0.0386076 0.0172848 0
1.656 0.997 0.028568 0.0147313 0
1.657 0.997 0.0381774 0.0207267 0
1.658 0.997 0.0336761 0.0181232 0
1.659 0.997 0.0351086 0.0183656 0
1.66 0.997 0.0372534 0.0221985 0
1.661 0.997 0.0381059 0.0179421 0
1.662 0.997 0.02998 0.0140056 0
1.663 0.997 0.0393457 0.0162305 0
1.664 0.997 0.0383934 0.01913 0
1.665 0.997 0.0354889 0.0162724 0
1.666 0.997 0.0355905 0.0207326 0
1.667 0.997 0.0389545 0.0212248 0
1.668 0.997 0.0311951 0.0169564 0
1.669 0.997 0.0335101 0.0180846 0
1.67 0.997 0.0346921 0.0153265 0
1.671 0.997 0.037448 0.01924 0
1.672 0.997 0.0400614 0.0168606 0
1.673 0.997 0.036474 0.0197434 0
1.674 0.997 0.037272 0.0191658 0
1.675 0.997 0.0354213 0.0186892 0
1.676 0.997 0.0364914 0.0195253 0
1.677 0.997 0.0365001 0.0159076 0
1.678 0.997 0.0378278 0.0190465 0
1.679 0.997 0.0371028 0.0183655 0
1.68 0.997 0.0391997 0.0192607 0
1.681 0.997 0.0329149 0.0167872 0
1.682 0.997 0.0378729 0.0148714 0
1.683 0.997 0.0283561 0.0184706 0
1.684 0.997 0.0340843 0.0179061 0
1.685 0.997 0.0369274 0.0189113 0
1.686 0.997 0.0354904 0.0173341 0
1.687 0.997 0.0341309 0.0174366 0
1.688 0.997 0.0324928 0.0163626 0
1.689 0.997 0.0350471 0.0184802 0
1.69 0.997 0.0361473 0.0212881 0
1.691 0.997 0.0339061 0.0202908 0
1.692 0.997 0.0410451 0.0201619 0
1.693 0.997 0.0388856 0.019313 0
1.694 0.997 0.0364516 0.0187114 0
1.695 0.997 0.0357486 0.0190844 0
1.696 0.997 0.0361737 0.0202578 0
1.697 0.997 0.031195 0.0150602 0
1.698 0.997 0.0362573 0.017322 0
1.699 0.997 0.0338557 0.020146 0
1.7 0.997 0.0335906 0.0157334 0
1.701 0.997 0.0374801 0.0164936 0
1.702 0.997 0.0370985 0.0192702 0
1.703 0.997 0.033932 0.0195292 0
1.704 0.997 0.0392773 0.0215608 0
1.705 0.997 0.0366987 0.0188874 0
1.706 0.997 0.0379638 0.0221352 0
1.707 0.997 0.0344574 0.0200421 0
1.708 0.997 0.0460083 0.0215701 0
1.709 0.997 0.0333955 0.0160014 0
1.71 0.997 0.033348 0.0175994 0
1.711 0.997 0.0353017 0.0176448 0
1.712 0.997 0.0340091 0.0158539 0
1.713 0.997 0.0394609 0.0219308 0
1.714 0.997 0.0349847 0.0163581 0
1.715 0.997 0.0310243 0.0161114 0
1.716 0.997 0.0338242 0.0169389 0
1.717 0.997 0.0389447 0.0186839 0
1.718 0.997 0.0306681 0.0178724 0
1.719 0.997 0.0357822 0.0168064 0
1.72 0.997 0.0370712 0.020554 0
1.721 0.997 0.0426539 0.0231026 0
1.722 0.997 0.0380452 0.0195725 0
1.723 0.997 0.0366065 0.0204923 0
1.724 0.997 0.0373439 0.0211175 0
1.725 0.997 0.0353937 0.0184532 0
1.726 0.997 0.0352539 0.0147789 0
1.727 0.997 0.0298411 0.014537 0
1.728 0.997 0.0296044 0.0156473 0
1.729 0.997 0.0353453 0.016664 0
1.73 0.997 0.0329729 0.0161132 0
1.731 0.997 0.0355519 0.0193737 0
1.732 0.997 0.0306319 0.0120428 0
1.733 0.997 0.0374257 0.0225138 0
1.734 0.997 0.034089 0.0176248 0
1.735 0.997 0.0358149 0.0200104 0
1.736 0.997 0.0364294 0.0195581 0
1.737 0.997 0.0405037 0.0238439 0
1.738 0.997 0.0357892 0.0178001 0
1.739 0.997 0.0365635 0.0169247 0
1.74 0.997 0.0335203 0.0159755 0
1.741 0.997 0.0454844 0.0204254 0
1.742 0.997 0.0340805 0.0156832 0
1.743 0.997 0.0414066 0.0224966 0
1.744 0.997 0.0377531 0.0182312 0
1.745 0.997 0.0381302 0.0213368 0
1.746 0.997 0.0312862 0.0142916 0
1.747 0.997 0.0315449 0.0139438 0
1.748 0.997 0.0367997 0.0152792 0
1.749 0.997 0.039655 0.0210488 0
1.75 0.997 0.0320472 0.0155662 0
1.751 0.997 0.0368815 0.020507 0
1.752 0.997 0.0356535 0.0182747 0
1.753 0.997 0.0308153 0.0175816 0
1.754 0.997 0.0335954 0.0196929 0
1.755 0.997 0.0378514 0.0205269 0
1.756 0.997 0.0400863 0.0202021 0
1.757 0.997 0.0387695 0.0178956 0
1.758 0.997 0.0379467 0.0187199 0
1.759 0.997 0.0320992 0.014768 0
1.76 0.997 0.0328737 0.0165697 0
1.761 0.997 0.0363456 0.0157578 0
1.762 0.997 0.0373007 0.0187432 0
1.763 0.997 0.0331865 0.0147887 0
1.764 0.997 0.0300441 0.0147355 0
1.765 0.997 0.0351677 0.019851 0
1.766 0.997 0.0390923 0.0186776 0
1.767 0.998 0.0366701 0.020663 0
1.768 0.998 0.0394555 0.0206018 0
1.769 0.998 0.039411 0.0183475 0
1.77 0.998 0.0459922 0.022175 0
1.771 0.998 0.0358013 0.0167328 0
1.772 0.998 0.0375533 0.0208206 0
1.773 0.998 0.0357682 0.0184801 0
1.774 0.998 0.0329695 0.0155469 0
1.775 0.998 0.0351963 0.0174469 0
1.776 0.998 0.0368184 0.0185971 0
1.777 0.998 0.0457705 0.0246815 0
1.778 0.998 0.0344017 0.020554 0
1.779 0.998 0.0373175 0.0168143 0
1.78 0.998 0.0394396 0.0190851 0
1.781 0.998 0.032571 0.014959 0
1.782 0.998 0.0396254 0.0183937 0
1.783 0.998 0.029175 0.0145549 0
1.784 0.998 0.0387801 0.0157387 0
1.785 0.998 0.0354954 0.0160364 0
1.786 0.998 0.0388742 0.0179837 0
1.787 0.998 0.0347099 0.0169013 0
1.788 0.998 0.045472 0.0211105 0
1.789 0.998 0.0277255 0.0137313 0
1.79 0.998 0.0356927 0.0205112 0
1.791 0.998 0.0318576 0.0167405 0
1.792 0.998 0.0370641 0.0134872 0
1.793 0.998 0.0351061 0.0175873 0
1.794 0.998 0.0271898 0.0181482 0
1.795 0.998 0.0363075 0.0182626 0
1.796 0.998 0.0365629 0.0244414 0
1.797 0.998 0.0303738 0.0186876 0
1.798 0.999 0.0386558 0.0171692 0
1.799 0.999 0.0324521 0.0179511 0
1.8 0.999 0.0356447 0.0167394 0
1.801 0.999 0.0389724 0.0185055 0
1.802 0.999 0.0366366 0.0165807 0
1.803 0.999 0.0383723 0.0180891 0
1.804 0.999 0.0357575 0.0163811 0
1.805 0.999 0.0370182 0.0217442 0
1.806 0.999 0.0370986 0.0236748 0
1.807 0.999 0.0367025 0.0176569 0
1.808 0.999 0.0430193 0.0225223 0
1.809 0.999 0.0346634 0.0176721 0
1.81 0.999 0.037635 0.019361 0
1.811 0.999 0.0392469 0.0192398 0
1.812 0.999 0.0410498 0.0214145 0
1.813 0.999 0.0431243 0.0193609 0
1.814 0.999 0.0403699 0.0246879 0
1.815 0.999 0.0318411 0.0171592 0
1.816 0.999 0.0377638 0.0185045 0
1.817 0.999 0.0384758 0.0198023 0
1.818 0.999 0.0315141 0.0159681 0
1.819 0.999 0.0376346 0.016678 0
1.82 0.999 0.0327803 0.0177579 0
1.821 0.999 0.0399203 0.0157638 0
1.822 0.999 0.0441211 0.0212933 0
1.823 0.999 0.0366796 0.0185947 0
1.824 0.999 0.0389433 0.0181252 0
1.825 0.999 0.0373621 0.019181 0
1.826 0.999 0.0434307 0.0187905 0
1.827 0.999 0.0422037 0.0199093 0
1.828 0.999 0.0315079 0.0180971 0
1.829 0.999 0.0382917 0.0187248 0
1.83 0.999 0.0340421 0.0188242 0
1.831 0.999 0.0269476 0.0131726 0
1.832 0.999 0.0381309 0.017442 0
1.833 0.999 0.0350754 0.0173474 0
1.834 0.999 0.0372885 0.0167285 0
1.835 0.999 0.0417373 0.0176708 0
1.836 0.999 0.0361964 0.0232788 0
1.837 0.999 0.0327565 0.0200968 0
1.838 0.999 0.0340974 0.0156147 0
1.839 0.999 0.0405203 0.0182216 0
1.84 0.999 0.0338921 0.0180267 0
1.841 0.999 0.0325169 0.0172141 0
1.842 0.999 0.0385724 0.0190972 0
1.843 0.999 0.0418033 0.0230744 0
1.844 0.999 0.0346694 0.0187659 0
1.845 0.999 0.0330426 0.0177882 0
1.846 0.999 0.0392579 0.0198307 0
1.847 0.999 0.0414582 0.0194466 0
1.848 0.999 0.0362931 0.0172729 0
1.849 0.999 0.0411238 0.018271 0
1.85 0.999 0.0412311 0.0254824 0
1.851 0.999 0.0314754 0.0163609 0
1.852 0.999 0.0351663 0.022593 0
1.853 0.999 0.0361733 0.0153714 0
1.854 0.999 0.0366506 0.0165552 0
1.855 0.999 0.0377907 0.0199902 0
1.856 0.999 0.0345994 0.0188649 0
1.857 0.999 0.038471 0.0190285 0
1.858 0.999 0.0416087 0.0205406 0
1.859 0.999 0.0331394 0.0203133 0
1.86 0.999 0.0425675 0.021786 0
1.861 0.999 0.0356033 0.0199299 0
1.862 0.999 0.034871 0.0176962 0
1.863 0.999 0.0412797 0.0204209 0
1.864 0.999 0.0418788 0.0201015 0
1.865 0.999 0.0402334 0.0221498 0
1.866 0.999 0.0328484 0.0168207 0
1.867 0.999 0.0380487 0.0225551 0
1.868 0.999 0.0332367 0.0147399 0
1.869 0.999 0.0384312 0.0222925 0
1.87 0.999 0.0388845 0.0194713 0
1.871 0.999 0.0444196 0.0226432 0
1.872 0.999 0.0325473 0.0195976 0
1.873 0.999 0.0346545 0.0177698 0
1.874 0.999 0.036672 0.0153037 0
1.875 0.999 0.0310745 0.0173178 0
1.876 0.999 0.0341661 0.0155244 0
1.877 0.999 0.0364548 0.0186881 0
1.878 0.999 0.0349002 0.0174971 0
1.879 0.999 0.0278369 0.0132801 0
1.88 0.999 0.0408966 0.0217506 0
1.881 0.999 0.0393978 0.0164647 0
1.882 0.999 0.0433655 0.0262576 0
1.883 0.999 0.0384218 0.0221154 0
1.884 0.999 0.0358876 0.0178698 0
1.885 0.999 0.0364085 0.0204958 0
1.886 0.999 0.040306 0.0213409 0
1.887 0.999 0.041429 0.0183694 0
1.888 0.999 0.0391994 0.0215559 0
1.889 0.999 0.0421625 0.0201258 0
1.89 0.999 0.0371427 0.020758 0
1.891 0.999 0.0389352 0.0193174 0
1.892 0.999 0.0392286 0.0237287 0
1.893 0.999 0.0403828 0.0194378 0
1.894 0.999 0.0336371 0.0142343 0
1.895 0.999 0.041342 0.0204185 0
1.896 0.999 0.0372243 0.0178755 0
1.897 0.999 0.0314318 0.0141327 0
1.898 0.999 0.037613 0.0218486 0
1.899 0.999 0.0388494 0.0187445 0
1.9 0.999 0.0376296 0.0169415 0
1.901 0.999 0.0369713 0.0220597 0
1.902 0.999 0.0359533 0.0194784 0
1.903 0.999 0.0378458 0.0218271 0
1.904 0.999 0.0358312 0.0215993 0
1.905 0.999 0.0354381 0.0179395 0
1.906 0.999 0.0380995 0.0214127 0
1.907 0.999 0.0456689 0.018417 0
1.908 0.999 0.0322738 0.0170382 0
1.909 0.999 0.044421 0.0240365 0
1.91 0.999 0.0317008 0.01619 0
1.911 0.999 0.0402022 0.0192463 0
1.912 0.999 0.047451 0.0223418 0
1.913 0.999 0.0376926 0.0233126 0
1.914 0.999 0.0332582 0.0185939 0
1.915 0.999 0.0342698 0.0151554 0
1.916 0.999 0.0416064 0.0202327 0
1.917 0.999 0.0400133 0.0201818 0
1.918 0.999 0.0379704 0.0190452 0
1.919 0.999 0.0514117 0.022691 0
1.92 0.999 0.0432664 0.0238294 0
1.921 0.999 0.0368542 0.0215914 0
1.922 0.999 0.0387009 0.0189693 0
1.923 0.999 0.0425477 0.0207514 0
1.924 0.999 0.038041 0.0224354 0
1.925 0.999 0.0315238 0.0180111 0
1.926 0.999 0.0453753 0.0241821 0
1.927 0.999 0.0373596 0.0200946 0
1.928 0.999 0.0376768 0.0195137 0
1.929 0.999 0.036348 0.0198165 0
1.93 0.999 0.035072 0.019159 0
1.931 0.999 0.0415133 0.0221923 0
1.932 0.999 0.0387116 0.0185827 0
1.933 0.999 0.0377066 0.0225762 0
1.934 0.999 0.0351955 0.0182193 0
1.935 0.999 0.034709 0.0186872 0
1.936 0.999 0.0408375 0.0251009 0
1.937 0.999 0.0414139 0.0254698 0
1.938 0.999 0.0486257 0.0255917 0
1.939 0.999 0.0378863 0.0194352 0
1.94 0.999 0.0411119 0.0245536 0
1.941 0.999 0.0456382 0.0241781 0
1.942 0.999 0.0423813 0.0202969 0
1.943 0.999 0.0461528 0.0261373 0
1.944 0.999 0.0427908 0.0203599 0
1.945 0.999 0.0370728 0.0178328 0
1.946 0.999 0.0348474 0.0166436 0
1.947 0.999 0.0359768 0.0192602 0
1.948 0.999 0.038708 0.0206702 0
1.949 0.999 0.037056 0.0175465 0
1.95 0.999 0.032192 0.0149299 0
1.951 0.999 0.0400662 0.0158247 0
1.952 0.999 0.0432743 0.0212837 0
1.953 0.999 0.039531 0.0194555 0
1.954 0.999 0.0340714 0.0203932 0
1.955 0.999 0.0412213 0.018161 0
1.956 0.999 0.0372482 0.0205064 0
1.957 0.999 0.0359208 0.0180439 0
1.958 0.999 0.0460063 0.0205865 0
1.959 0.999 0.0392222 0.0203153 0
1.96 0.999 0.0405623 0.0197336 0
1.961 0.999 0.0395275 0.0210336 0
1.962 0.999 0.0419134 0.0234527 0
1.963 0.999 0.0435758 0.0200114 0
1.964 0.999 0.0419757 0.0215215 0
1.965 0.999 0.0482515 0.0261958 0
1.966 0.999 0.0464308 0.0263653 0
1.967 0.999 0.0406488 0.0182219 0
1.968 0.999 0.0382666 0.0179314 0
1.969 0.999 0.0418578 0.0219787 0
1.97 0.999 0.0490048 0.0228787 0
1.971 0.999 0.0378048 0.0184294 0
1.972 0.999 0.0372964 0.020545 0
1.973 0.999 0.0405111 0.0202877 0
1.974 0.999 0.0481349 0.019919 0
1.975 0.999 0.0377197 0.0266152 0
1.976 0.999 0.0377985 0.0214879 0
1.977 0.999 0.0357123 0.0178124 0
1.978 0.999 0.0330615 0.018928 0
1.979 0.999 0.0419726 0.0187509 0
1.98 0.999 0.0480367 0.0223222 0
1.981 0.999 0.032201 0.0181687 0
1.982 0.999 0.0418419 0.0269627 0
1.983 0.999 0.0350121 0.0175853 0
1.984 0.999 0.0405731 0.0183524 0
1.985 0.999 0.0388268 0.0207561 0
1.986 0.999 0.0382899 0.0195896 0
1.987 0.999 0.0436178 0.0197455 0
1.988 0.999 0.0389023 0.0200233 0
1.989 0.999 0.0400065 0.0199933 0
1.99 0.999 0.0378412 0.0219044 0
1.991 0.999 0.0421526 0.0214295 0
1.992 0.999 0.0445479 0.0244778 0
1.993 0.999 0.0418166 0.0218322 0
1.994 0.999 0.0391891 0.0198319 0
1.995 0.999 0.0333756 0.0183803 0
1.996 0.999 0.032522 0.016956 0
1.997 0.999 0.0409028 0.0210209 0
1.998 0.999 0.0479702 0.0258087 0
1.999 0.999 0.041724 0.0227457 0
2 0.999 0.0383139 0.0190724 0
2.001 0.999 0.041883 0.0191532 0
2.002 0.999 0.0396349 0.017476 0
2.003 0.999 0.0380172 0.0183703 0
2.004 0.999 0.0447702 0.0220803 0
2.005 0.999 0.0391305 0.0193441 0
2.006 0.999 0.0460007 0.020758 0
2.007 0.999 0.0413201 0.0210697 0
2.008 0.999 0.0467997 0.0192129 0
2.009 0.999 0.0338808 0.0170867 0
2.01 0.999 0.0415218 0.0151012 0
2.011 0.999 0.0396297 0.0192336 0
2.012 0.999 0.0365739 0.0206984 0
2.013 0.999 0.04189 0.0192425 0
2.014 0.999 0.0531412 0.0268185 0
2.015 0.999 0.0453603 0.0206384 0
2.016 0.999 0.0383971 0.0188305 0
2.017 0.999 0.050452 0.0283343 0
2.018 0.999 0.0450683 0.0208984 0
2.019 0.999 0.0459343 0.0196983 0
2.02 0.999 0.0407861 0.0210879 0
2.021 0.999 0.0444993 0.0218661 0
2.022 0.999 0.0375171 0.019006 0
2.023 0.999 0.0404212 0.020324 0
2.024 0.999 0.0444007 0.0228128 0
2.025 0.999 0.041966 0.0209137 0
2.026 0.999 0.0427465 0.0164076 0
2.027 0.999 0.0468023 0.0230644 0
2.028 0.999 0.0357758 0.0178197 0
2.029 0.999 0.0349827 0.017869 0
2.03 0.999 0.0398996 0.018342 0
2.031 0.999 0.0513829 0.0270526 0
2.032 0.999 0.0410922 0.0208486 0
2.033 0.999 0.0394112 0.0207448 0
2.034 0.999 0.0387263 0.0206324 0
2.035 0.999 0.038855 0.0199478 0
2.036 0.999 0.0401482 0.0228332 0
2.037 0.999 0.0397809 0.0202556 0
2.038 0.999 0.0400433 0.0217834 0
2.039 0.999 0.051033 0.0275018 0
2.04 0.999 0.0412638 0.0214242 0
2.041 0.999 0.0452055 0.0222757 0
2.042 0.999 0.0399649 0.0176035 0
2.043 0.999 0.0399332 0.0217982 0
2.044 0.999 0.0416229 0.021426 0
2.045 0.999 0.0445657 0.0239317 0
2.046 0.999 0.0500223 0.0228381 0
2.047 0.999 0.039338 0.020179 0
2.048 0.999 0.0368037 0.0172061 0
2.049 0.999 0.0413256 0.0188152 0
2.05 0.999 0.0406309 0.0223473 0
2.051 0.999 0.0428081 0.0202425 0
2.052 0.999 0.0494618 0.022797 0
2.053 0.999 0.037019 0.0182241 0
2.054 0.999 0.0424423 0.0202218 0
2.055 0.999 0.0444507 0.0215373 0
2.056 0.999 0.0423742 0.0256917 0
2.057 0.999 0.0384622 0.0208317 0
2.058 0.999 0.0393679 0.0163513 0
2.059 0.999 0.0370776 0.0165241 0
2.06 0.999 0.0442783 0.0242685 0
2.061 0.999 0.0354327 0.0203861 0
2.062 0.999 0.042209 0.0186969 0
2.063 0.999 0.0414066 0.017365 0
2.064 0.999 0.0428137 0.0254377 0
2.065 0.999 0.043727 0.0211926 0
2.066 0.999 0.0361758 0.0169297 0
2.067 0.999 0.0439494 0.0245368 0
2.068 0.999 0.0465198 0.0275069 0
2.069 0.999 0.0470068 0.0264106 0
2.07 0.999 0.0390864 0.018535 0
2.071 0.999 0.0456222 0.0200287 0
2.072 0.999 0.0364933 0.0208757 0
2.073 0.999 0.0450799 0.0233043 0
2.074 0.999 0.0356681 0.0187538 0
2.075 0.999 0.0488014 0.0209224 0
2.076 0.999 0.0498661 0.0258863 0
2.077 0.999 0.0464683 0.0215494 0
2.078 0.999 0.0406144 0.0188149 0
2.079 0.999 0.0399467 0.01823 0
2.08 0.999 0.0514815 0.0201941 0
2.081 0.999 0.0497128 0.0183743 0
2.082 0.999 0.0444238 0.0215384 0
2.083 0.999 0.0345973 0.0197358 0
2.084 0.999 0.0477909 0.0256147 0
2.085 0.999 0.0458183 0.0219847 0
2.086 0.999 0.0402254 0.0198347 0
2.087 0.999 0.0409522 0.0216762 0
2.088 0.999 0.0376253 0.0230527 0
2.089 0.999 0.0435002 0.0221027 0
2.09 0.999 0.0493982 0.0198201 0
2.091 0.999 0.0468958 0.0250479 0
2.092 0.999 0.0474058 0.0216157 0
2.093 0.999 0.0420633 0.0191575 0
2.094 0.999 0.0437966 0.019552 0
2.095 0.999 0.0402918 0.0224652 0
2.096 0.999 0.0487532 0.0272266 0
2.097 0.999 0.0363375 0.0170261 0
2.098 0.999 0.0521919 0.0222994 0
2.099 0.999 0.0382909 0.0188667 0
2.1 0.999 0.0417376 0.018375 0
2.101 0.999 0.0403454 0.0196561 0
2.102 0.999 0.0394982 0.0199597 0
2.103 0.999 0.0412995 0.0216706 0
2.104 0.999 0.0428217 0.0211176 0
2.105 0.999 0.0408958 0.0190718 0
2.106 0.999 0.0385887 0.0185634 0
2.107 0.999 0.0400675 0.020119 0
2.108 0.999 0.0425536 0.0226465 0
2.109 0.999 0.0463984 0.0241296 0
2.11 0.999 0.0434426 0.0202277 0
2.111 0.999 0.0387352 0.0179215 0
2.112 0.999 0.0398684 0.0160986 0
2.113 0.999 0.0504215 0.0208602 0
2.114 0.999 0.0399052 0.0218805 0
2.115 0.999 0.0400792 0.0224154 0
2.116 0.999 0.0406214 0.0199148 0
2.117 0.999 0.03728 0.0162844 0
2.118 0.999 0.0489539 0.0254817 0
2.119 0.999 0.0413173 0.0191922 0
2.12 0.999 0.0372247 0.0203773 0
2.121 0.999 0.042917 0.0270284 0
2.122 0.999 0.0464833 0.0246282 0
2.123 0.999 0.0400572 0.0213323 0
2.124 0.999 0.0479487 0.0186516 0
2.125 0.999 0.0499457 0.0289732 0
2.126 0.999 0.0439607 0.023774 0
2.127 0.999 0.0515153 0.0271228 0
2.128 0.999 0.0473295 0.0206976 0
2.129 0.999 0.0441564 0.0177579 0
2.13 0.999 0.0403409 0.0248859 0
2.131 0.999 0.0461992 0.0223242 0
2.132 0.999 0.0380507 0.0174783 0
2.133 0.999 0.0426969 0.0212451 0
2.134 0.999 0.0405852 0.0233036 0
2.135 0.999 0.045271 0.0213651 0
2.136 0.999 0.045915 0.0225232 0
2.137 0.999 0.0455218 0.0196706 0
2.138 0.999 0.0444995 0.0234272 0
2.139 0.999 0.045909 0.0210286 0
2.14 0.999 0.0366583 0.0210741 0
2.141 0.999 0.0447347 0.0230318 0
2.142 0.999 0.0373816 0.0212483 0
2.143 0.999 0.0506451 0.0238496 0
2.144 0.999 0.0340442 0.0179373 0
2.145 0.999 0.0508444 0.0236462 0
2.146 0.999 0.0452293 0.0258919 0
2.147 0.999 0.0392669 0.0227505 0
2.148 0.999 0.043985 0.0238225 0
2.149 0.999 0.0450618 0.0231653 0
2.15 0.999 0.0504564 0.0234847 0
2.151 0.999 0.0455744 0.0287519 0
2.152 0.999 0.0460821 0.0206666 0
2.153 0.999 0.0425782 0.0210729 0
2.154 0.999 0.0415697 0.024953 0
2.155 0.999 0.0309526 0.0162506 0
2.156 0.999 0.0438444 0.0190693 0
2.157 0.999 0.0484737 0.0228949 0
2.158 0.999 0.0410522 0.022287 0
2.159 0.999 0.036688 0.0190657 0
2.16 0.999 0.0479165 0.0275655 0
2.161 0.999 0.0420033 0.0218017 0
2.162 0.999 0.0515374 0.025142 0
2.163 0.999 0.0421929 0.0192219 0
2.164 0.999 0.0491066 0.026628 0
2.165 0.999 0.04641 0.0240151 0
2.166 0.999 0.0419238 0.0207286 0
2.167 0.999 0.0439209 0.0234299 0
2.168 0.999 0.0529001 0.0288165 0
2.169 0.999 0.0421685 0.0225335 0
2.17 0.999 0.0537192 0.0236556 0
2.171 0.999 0.0444868 0.0253927 0
2.172 0.999 0.0485392 0.0310987 0
2.173 0.999 0.0454277 0.0272332 0
2.174 0.999 0.0410803 0.0229859 0
2.175 0.999 0.0469675 0.0242978 0
2.176 0.999 0.049309 0.022903 0
2.177 0.999 0.0427317 0.0231053 0
2.178 0.999 0.0422809 0.0190477 0
2.179 0.999 0.0454375 0.0234545 0
2.18 0.999 0.0380058 0.020149 0
2.181 0.999 0.041225 0.0203893 0
2.182 0.999 0.0443781 0.0192661 0
2.183 0.999 0.0415816 0.0208091 0
2.184 0.999 0.0398421 0.0184419 0
2.185 0.999 0.0495915 0.0251435 0
2.186 0.999 0.0365327 0.0208055 0
2.187 0.999 0.0512864 0.0231527 0
2.188 0.999 0.0435817 0.0230545 0
2.189 0.999 0.0444132 0.0234792 0
2.19 0.999 0.0450523 0.0242127 0
2.191 0.999 0.0546312 0.0271234 0
2.192 0.999 0.0426411 0.0268894 0
2.193 0.999 0.050535 0.0215403 0
2.194 0.999 0.0383299 0.0213391 0
2.195 0.999 0.0459034 0.0249975 0
2.196 0.999 0.0493545 0.0206345 0
2.197 0.999 0.0349623 0.0166917 0
2.198 0.999 0.0531605 0.0268603 0
2.199 0.999 0.058868 0.0244903 0
2.2 0.999 0.046658 0.0250519 0
2.201 0.999 0.050056 0.0182581 0
2.202 0.999 0.0505982 0.0206353 0
2.203 0.999 0.0518204 0.0260162 0
2.204 0.999 0.0460253 0.0215388 0
2.205 0.999 0.052779 0.0269718 0
2.206 0.999 0.040241 0.0209888 0
2.207 0.999 0.0528074 0.030207 0
2.208 0.999 0.0390867 0.0199371 0
2.209 0.999 0.0476475 0.0215503 0
2.21 0.999 0.046472 0.0274921 0
2.211 0.999 0.0478116 0.0306814 0
2.212 0.999 0.0504419 0.0281833 0
2.213 0.999 0.0482243 0.0275761 0
2.214 0.999 0.0474741 0.0254704 0
2.215 0.999 0.0431666 0.0241904 0
2.216 0.999 0.052338 0.0261464 0
2.217 0.999 0.0472762 0.0222796 0
2.218 0.999 0.0458549 0.02319 0
2.219 0.999 0.0397386 0.0167998 0
2.22 0.999 0.0430188 0.0228286 0
2.221 0.999 0.0531413 0.0253019 0
2.222 0.999 0.0563528 0.0293684 0
2.223 0.999 0.0454786 0.024777 0
2.224 0.999 0.0438108 0.0222781 0
2.225 0.999 0.0500725 0.0253518 0
2.226 0.999 0.0512322 0.0267082 0
2.227 0.999 0.0443685 0.0219611 0
2.228 0.999 0.0426192 0.0244508 0
2.229 0.999 0.0629842 0.0299451 0
2.23 0.999 0.0441925 0.0235008 0
2.231 0.999 0.0510887 0.0221747 0
2.232 0.999 0.0649104 0.0284966 0
2.233 0.999 0.0567982 0.0264696 0
2.234 0.999 0.052847 0.0241978 0
2.235 0.999 0.0520246 0.0268448 0
2.236 0.999 0.046478 0.02431 0
2.237 0.999 0.047573 0.024216 0
2.238 0.999 0.047957 0.024892 0
2.239 0.999 0.0496171 0.0262601 0
2.24 0.999 0.0515951 0.0291957 0
2.241 0.999 0.0448476 0.0229383 0
2.242 0.999 0.0508029 0.0291602 0
2.243 0.999 0.0480189 0.0183703 0
2.244 0.999 0.0419436 0.0231853 0
2.245 0.999 0.0497491 0.0227437 0
2.246 0.999 0.0512416 0.0223641 0
2.247 0.999 0.0506044 0.0252833 0
2.248 0.999 0.0581558 0.0206967 0
2.249 0.999 0.0482869 0.0227897 0
2.25 0.999 0.0551358 0.0287547 0
2.251 0.999 0.0531191 0.0246223 0
2.252 0.999 0.0358433 0.0203197 0
2.253 0.999 0.0529064 0.0315381 0
2.254 0.999 0.0521137 0.0230746 0
2.255 0.999 0.0488275 0.0272812 0
2.256 0.999 0.0548282 0.0293925 0
2.257 0.999 0.0503135 0.027193 0
2.258 0.999 0.0376105 0.0166362 0
2.259 0.999 0.0431027 0.0227798 0
2.26 0.999 0.0572607 0.0288752 0
2.261 0.999 0.0433406 0.0194802 0
2.262 0.999 0.0414394 0.0196399 0
2.263 0.999 0.051652 0.0242651 0
2.264 0.999 0.0451125 0.0221155 0
2.265 0.999 0.0538134 0.0287896 0
2.266 0.999 0.0582985 0.028639 0
2.267 0.999 0.0451076 0.0225979 0
2.268 0.999 0.0467505 0.0249537 0
2.269 0.999 0.0494518 0.0229245 0
2.27 0.999 0.0484548 0.0238885 0
2.271 0.999 0.046878 0.0295965 0
2.272 0.999 0.0571884 0.0375357 0
2.273 0.999 0.0472402 0.0215912 0
2.274 0.999 0.04406 0.0200485 0
2.275 0.999 0.0513226 0.0274009 0
2.276 0.999 0.0446555 0.0256265 0
2.277 0.999 0.0501652 0.0282009 0
2.278 0.999 0.0516022 0.0277673 0
2.279 0.999 0.0365524 0.0214219 0
2.28 0.999 0.0556244 0.0298925 0
2.281 0.999 0.0537498 0.0210479 0
2.282 0.999 0.0374676 0.0164395 0
2.283 0.999 0.0535806 0.0241383 0
2.284 0.999 0.0388525 0.017661 0
2.285 0.999 0.0445364 0.0219 0
2.286 0.999 0.0557085 0.026552 0
2.287 0.999 0.0429578 0.0214566 0
2.288 0.999 0.0500184 0.0322027 0
2.289 0.999 0.0461847 0.0206759 0
2.29 0.999 0.0518113 0.0180944 0
2.291 0.999 0.047172 0.0259273 0
2.292 0.999 0.0545838 0.0257171 0
2.293 0.999 0.0524492 0.0343713 0
2.294 0.999 0.0522588 0.0235218 0
2.295 0.999 0.0546198 0.0273801 0
2.296 0.999 0.0437197 0.0210328 0
2.297 0.999 0.0511583 0.0262589 0
2.298 0.999 0.0412968 0.0208349 0
2.299 0.999 0.0578155 0.0283519 0
2.3 0.999 0.0468113 0.0224641 0
2.301 0.999 0.0535866 0.0335042 0
2.302 0.999 0.047126 0.0219108 0
2.303 0.999 0.045637 0.0259555 0
2.304 0.999 0.0585536 0.0286135 0
2.305 0.999 0.0529646 0.0255705 0
2.306 0.999 0.0489139 0.0204764 0
2.307 0.999 0.0539227 0.0265485 0
2.308 0.999 0.0427307 0.0206929 0
2.309 0.999 0.046843 0.0280002 0
2.31 0.999 0.0494793 0.0300493 0
2.311 0.999 0.0600145 0.0276796 0
2.312 0.999 0.0551083 0.0287243 0
2.313 0.999 0.0503304 0.0266151 0
2.314 0.999 0.0583238 0.0296227 0
2.315 0.999 0.0427821 0.0251072 0
2.316 0.999 0.0425382 0.0195451 0
2.317 0.999 0.0517001 0.0282324 0
2.318 0.999 0.0449332 0.0256971 0
2.319 0.999 0.0638461 0.0217277 0
2.32 0.999 0.0540562 0.0289647 0
2.321 0.999 0.0471915 0.0192045 0
2.322 0.999 0.036142 0.0221537 0
2.323 0.999 0.0586391 0.0232346 0
2.324 0.999 0.0534578 0.0262342 0
2.325 0.999 0.041739 0.0214912 0
2.326 0.999 0.0526723 0.0263593 0
2.327 0.999 0.0590091 0.0277346 0
2.328 0.999 0.0585289 0.0295139 0
2.329 0.999 0.0432155 0.025076 0
2.33 0.999 0.0463506 0.0209949 0
2.331 0.999 0.0494298 0.0264837 0
2.332 0.999 0.0498173 0.0250694 0
2.333 0.999 0.0548752 0.0263554 0
2.334 0.999 0.0844965 0.0286882 0
2.335 0.999 0.0471602 0.0223633 0
2.336 0.999 0.0434314 0.0224683 0
2.337 0.999 0.0549093 0.0258816 0
2.338 0.999 0.0504753 0.0275557 0
2.339 0.999 0.052649 0.0301072 0
2.34 0.999 0.0443305 0.0227352 0
2.341 0.999 0.0490523 0.0301575 0
2.342 0.999 0.0548874 0.0274836 0
2.343 0.999 0.0443524 0.0249714 0
2.344 0.999 0.0521141 0.0292109 0
2.345 0.999 0.0624818 0.0293034 0
2.346 0.999 0.0577795 0.0267585 0
2.347 0.999 0.0502207 0.0224891 0
2.348 0.999 0.0477283 0.027875 0
2.349 0.999 0.0582094 0.0263004 0
2.35 0.999 0.0430674 0.0227852 0
2.351 0.999 0.0644093 0.0258311 0
2.352 0.999 0.0512354 0.0260988 0
2.353 0.999 0.0587146 0.0257489 0
2.354 0.999 0.0616205 0.0323974 0
2.355 0.999 0.0493467 0.0248147 0
2.356 0.999 0.0607398 0.0293961 0
2.357 0.999 0.0609148 0.0334633 0
2.358 0.999 0.0541446 0.03171 0
2.359 0.999 0.0512785 0.0252179 0
2.36 0.999 0.0584641 0.029289 0
2.361 0.999 0.0515644 0.0278987 0
2.362 0.999 0.0588232 0.0233312 0
2.363 0.999 0.0590948 0.0338611 0
2.364 0.999 0.0525131 0.0293824 0
2.365 0.999 0.0515175 0.0237101 0
2.366 0.999 0.0590353 0.0297565 0
2.367 0.999 0.0615097 0.029274 0
2.368 0.999 0.0464749 0.0204625 0
2.369 0.999 0.0560852 0.0333608 0
2.37 0.999 0.0508041 0.0284674 0
2.371 0.999 0.0652169 0.0329243 0
2.372 0.999 0.0473134 0.025357 0
2.373 0.999 0.0586138 0.0382006 0
2.374 0.999 0.0544037 0.0262494 0
2.375 0.999 0.0596989 0.0273549 0
2.376 0.999 0.0622971 0.0305269 0
2.377 0.999 0.0486819 0.0277817 0
2.378 0.999 0.0450459 0.0215994 0
2.379 0.999 0.053562 0.0244613 0
2.38 0.999 0.0641862 0.0280492 0
2.381 0.999 0.0619466 0.0321316 0
2.382 0.999 0.0605569 0.0289888 0
2.383 0.999 0.0621447 0.0362159 0
2.384 0.999 0.0631946 0.0321764 0
2.385 0.999 0.0558587 0.0355386 0
2.386 0.999 0.0654771 0.029864 0
2.387 0.999 0.0562654 0.0345039 0
2.388 0.999 0.0582821 0.0299171 0
2.389 0.999 0.0725318 0.0289509 0
2.39 0.999 0.0574369 0.028116 0
2.391 0.999 0.042535 0.0223992 0
2.392 0.999 0.0735383 0.040539 0
2.393 0.999 0.0629352 0.0334515 0
2.394 0.999 0.0678935 0.0353991 0
2.395 0.999 0.0570949 0.0254173 0
2.396 0.999 0.063242 0.0276931 0
2.397 0.999 0.0552974 0.0302753 0
2.398 0.999 0.0515022 0.0341724 0
2.399 0.999 0.0645528 0.0406604 0
2.4 0.999 0.0468994 0.0253796 0
2.401 0.999 0.061789 0.0374366 0
2.402 0.999 0.061283 0.033728 0
2.403 0.999 0.0750045 0.0255873 0
2.404 0.999 0.0668603 0.042956 0
2.405 0.999 0.0565859 0.0330114 0
2.406 0.999 0.0582401 0.0225373 0
2.407 0.999 0.0635522 0.0306551 0
2.408 0.999 0.0518309 0.0296274 0
2.409 0.999 0.0583474 0.0299533 0
2.41 0.999 0.0672803 0.027694 0
2.411 0.999 0.0553922 0.0274476 0
2.412 0.999 0.0643643 0.0346967 0
2.413 0.999 0.0785731 0.0365262 0
2.414 0.999 0.0735226 0.03807 0
2.415 0.999 0.0499706 0.023634 0
2.416 0.999 0.0669063 0.039871 0
2.417 0.999 0.0866144 0.0315696 0
2.418 0.999 0.0583769 0.0299613 0
2.419 0.999 0.0574091 0.0326988 0
2.42 0.999 0.0607565 0.0289039 0
2.421 0.999 0.077693 0.0316803 0
2.422 0.999 0.0626407 0.0294587 0
2.423 0.999 0.0686288 0.0263026 0
2.424 0.999 0.0631351 0.0297656 0
2.425 0.999 0.0592493 0.040097 0
2.426 0.999 0.0868503 0.0435697 0
2.427 0.999 0.0768138 0.0306765 0
2.428 0.999 0.0717676 0.0317786 0
2.429 0.999 0.0720658 0.0282938 0
2.43 0.999 0.0454529 0.0286227 0
2.431 0.999 0.0706517 0.0399272 0
2.432 0.999 0.0714867 0.0378358 0
2.433 0.999 0.0836236 0.0283579 0
2.434 0.999 0.0742043 0.039217 0
2.435 0.999 0.0654341 0.0280177 0
2.436 0.999 0.0589388 0.0308295 0
2.437 0.999 0.0459837 0.0285867 0
2.438 0.999 0.0556308 0.0332069 0
2.439 0.999 0.0651034 0.0294351 0
2.44 0.999 0.0640061 0.0406952 0
2.441 0.999 0.0634048 0.029848 0
2.442 0.999 0.0678874 0.0253463 0
2.443 0.999 0.056246 0.0283053 0
2.444 0.999 0.0692491 0.0331272 0
2.445 0.999 0.0520062 0.0258666 0
2.446 0.999 0.0550672 0.0299496 0
2.447 0.999 0.0582312 0.0300699 0
2.448 0.999 0.0526358 0.0284979 0
2.449 0.999 0.0535857 0.0293401 0
2.45 0.999 0.070468 0.0304937 0
2.451 0.999 0.0725901 0.0390826 0
2.452 0.999 0.07071 0.0426445 0
2.453 0.999 0.0737992 0.0431815 0
2.454 0.999 0.0589289 0.0222427 0
2.455 0.999 0.0806311 0.027884 0
2.456 0.999 0.0637768 0.0327062 0
2.457 0.999 0.0892041 0.034297 0
2.458 0.999 0.0566451 0.0239456 0
2.459 0.999 0.0566227 0.0337489 0
2.46 0.999 0.0568613 0.0235915 0
2.461 0.999 0.0581678 0.0356054 0
2.462 0.999 0.0566817 0.0304571 0
2.463 0.999 0.0604375 0.0342326 0
2.464 0.999 0.056983 0.0320324 0
2.465 0.999 0.074807 0.0345722 0
2.466 0.999 0.0726601 0.0399277 0
2.467 0.999 0.0690303 0.0350616 0
2.468 0.999 0.0661906 0.030115 0
2.469 0.999 0.0738306 0.0359119 0
2.47 0.999 0.0858624 0.0267818 0
2.471 0.999 0.069833 0.0310093 0
2.472 0.999 0.0612126 0.0319625 0
2.473 0.999 0.0670818 0.0273239 0
2.474 0.999 0.0518996 0.0300572 0
2.475 0.999 0.0718884 0.0373382 0
2.476 0.999 0.0534144 0.0277613 0
2.477 0.999 0.070165 0.0330585 0
2.478 0.999 0.0628222 0.0320978 0
2.479 0.999 0.0748357 0.0376854 0
2.48 0.999 0.0563305 0.0295833 0
2.481 0.999 0.0707514 0.0335158 0
2.482 0.999 0.0887073 0.0285915 0
2.483 0.999 0.0669372 0.0323894 0
2.484 0.999 0.0544043 0.0266801 0
2.485 0.999 0.0490138 0.0245854 0
2.486 0.999 0.0771939 0.0455361 0
2.487 0.999 0.0598003 0.0283931 0
2.488 0.999 0.0672816 0.0244921 0
2.489 0.999 0.0643602 0.0431476 0
2.49 0.999 0.0757365 0.0318677 0
2.491 0.999 0.0594197 0.0392253 0
2.492 0.999 0.0626583 0.0318232 0
2.493 0.999 0.0677779 0.0339133 0
2.494 0.999 0.0646873 0.0354959 0
2.495 0.999 0.0991034 0.0546379 0
2.496 0.999 0.0732174 0.0314156 0
2.497 0.999 0.0602171 0.0274998 0
2.498 0.999 0.0843822 0.0508804 0
2.499 0.999 0.0949187 0.0294166 0
2.5 0.999 0.104679 0.0520193 0
2.501 0.999 0.0992104 0.0369815 0
2.502 0.999 0.0776308 0.0404498 0
2.503 0.999 0.06633 0.0268226 0
2.504 0.999 0.0848307 0.0269828 0
2.505 0.999 0.0531665 0.02293 0
2.506 0.999 0.089131 0.0474159 0
2.507 0.999 0.0624203 0.0268491 0
2.508 0.999 0.0821936 0.0316429 0
2.509 0.999 0.066798 0.0299037 0
2.51 0.999 0.124813 0.0682507 0
2.511 0.999 0.0604894 0.0295652 0
2.512 0.999 0.10742 0.0591812 0
2.513 0.999 0.0734945 0.033865 0
2.514 0.999 0.0827825 0.0510608 0
2.515 0.999 0.0669504 0.0312479 0
2.516 0.999 0.0733768 0.0395298 0
2.517 0.999 0.088726 0.040066 0
2.518 0.999 0.0610389 0.0271418 0
2.519 0.999 0.0532018 0.0337233 0
2.52 0.999 0.0980437 0.0373937 0
2.521 0.999 0.0779416 0.0404405 0
2.522 0.999 0.138759 0.0564535 0
2.523 0.999 0.0630526 0.0331695 0
2.524 0.999 0.0611345 0.0310346 0
2.525 0.999 0.0679835 0.0301604 0
2.526 0.999 0.129288 0.0678098 0
2.527 0.999 0.0787073 0.044208 0
2.528 0.999 0.0812063 0.0338602 0
2.529 0.999 0.0833092 0.039306 0
2.53 0.999 0.0767627 0.0463881 0
2.531 0.999 0.0845878 0.0332537 0
2.532 0.999 0.058572 0.0229175 0
2.533 0.999 0.0746958 0.0375457 0
2.534 0.999 0.099804 0.0432772 0
2.535 0.999 0.0641429 0.0345474 0
2.536 0.999 0.117046 0.0404782 0
2.537 0.999 0.065082 0.0282483 0
2.538 0.999 0.0944662 0.0282135 0
2.539 0.999 0.416645 0.028174 0
2.54 0.999 0.425992 0.0383063 0
2.541 0.999 0.402937 0.029964 0
2.542 0.999 0.402776 0.0365926 0
2.543 0.999 0.424406 0.03227 0
2.544 0.999 0.44557 0.026945 0
2.545 0.999 0.429785 0.0212268 0
2.546 0.999 0.416069 0.0412187 0
2.547 0.999 0.433758 0.0238815 0
2.548 0.999 0.427859 0.0258183 0
2.549 0.999 0.41393 0.0282773 0
2.55 0.999 0.414265 0.0332466 0
2.551 0.999 0.433608 0.0262338 0
2.552 0.999 0.451646 0.0293078 0
2.553 0.999 0.463369 0.0325047 0
2.554 0.999 0.450302 0.0447344 0
2.555 0.999 0.448274 0.026244 0
2.556 0.999 0.445939 0.0276042 0
2.557 0.999 0.450848 0.041576 0
2.558 0.999 0.45594 0.0207571 0
2.559 0.999 0.459064 0.0262516 0
2.56 0.999 0.459996 0.0236502 0
2.561 0.999 0.447093 0.0251695 0
2.562 0.999 0.469692 0.0226963 0
2.563 0.999 0.451821 0.0285825 0
2.564 0.999 0.449435 0.0316101 0
2.565 0.999 0.442038 0.036635 0
2.566 0.999 0.456656 0.0222251 0
2.567 0.999 0.448512 0.0342575 0
2.568 0.999 0.475033 0.0207259 0
2.569 0.999 0.448457 0.0221005 0
2.57 0.999 0.47306 0.0189226 0
2.571 0.999 0.466504 0.0318427 0
2.572 0.999 0.464594 0.0267119 0
2.573 0.999 0.4532 0.0207683 0
2.574 0.999 0.457776 0.024503 0
2.575 0.999 0.47224 0.0232169 0
2.576 0.999 0.438377 0.042758 0
2.577 0.999 0.45864 0.022565 0
2.578 0.999 0.472927 0.0184421 0
2.579 0.999 0.459635 0.042727 0
2.58 0.999 0.485743 0.0177533 0
2.581 0.999 0.453279 0.0332108 0
2.582 0.999 0.465534 0.0171193 0
2.583 0.999 0.484735 0.0285712 0
2.584 0.999 0.47955 0.030562 0
2.585 0.999 0.461714 0.0283426 0
2.586 0.999 0.469411 0.0275564 0
2.587 0.999 0.488335 0.0325651 0
2.588 0.999 0.474483 0.0223695 0
2.589 0.999 0.469933 0.0260666 0
2.59 0.999 0.474177 0.0262887 0
2.591 0.999 0.473941 0.0245611 0
2.592 0.999 0.449389 0.0333082 0
2.593 0.999 0.475391 0.0240405 0
2.594 0.999 0.46863 0.0208893 0
2.595 0.999 0.468363 0.0313297 0
2.596 0.999 0.461998 0.0233203 0
2.597 0.999 0.452848 0.0232905 0
2.598 0.999 0.45717 0.0234085 0
2.599 0.999 0.457983 0.0369654 0
2.6 0.999 0.457664 0.0273601 0
2.601 0.999 0.444549 0.0408976 0
2.602 0.999 0.481224 0.0225007 0
2.603 0.999 0.459799 0.0232974 0
2.604 0.999 0.465466 0.0320326 0
2.605 0.999 0.452092 0.0302504 0
2.606 0.999 0.46352 0.0181928 0
2.607 0.999 0.474524 0.0283997 0
2.608 0.999 0.461167 0.0320724 0
2.609 0.999 0.49042 0.0263065 0
2.61 0.999 0.490474 0.0242168 0
2.611 0.999 0.458089 0.0301219 0
2.612 0.999 0.461928 0.0190963 0
2.613 0.999 0.477533 0.0298106 0
2.614 0.999 0.489443 0.0295467 0
2.615 0.999 0.494491 0.0298965 0
2.616 0.999 0.500407 0.025879 0
2.617 0.999 0.494482 0.029135 0
2.618 0.999 0.479161 0.0308822 0
2.619 0.999 0.478941 0.0214671 0
2.62 0.999 0.504819 0.0266392 0
2.621 0.999 0.50084 0.0324468 0
2.622 0.999 0.489605 0.0216982 0
2.623 0.999 0.492886 0.0238999 0
2.624 0.999 0.476572 0.0326296 0
2.625 0.999 0.496159 0.0291278 0
2.626 0.999 0.501451 0.0209984 0
2.627 0.999 0.503232 0.0200154 0
2.628 0.999 0.507862 0.0222986 0
2.629 0.999 0.507548 0.019286 0
2.63 0.999 0.495113 0.0248973 0
2.631 0.999 0.490082 0.0337794 0
2.632 0.999 0.501935 0.0260517 0
2.633 0.999 0.493039 0.0263702 0
2.634 0.999 0.493994 0.0261855 0
2.635 0.999 0.495053 0.0269648 0
2.636 0.999 0.493008 0.0308834 0
2.637 0.999 0.500147 0.0248798 0
2.638 0.999 0.52247 0.0313317 0
2.639 0.999 0.498996 0.0203627 0
2.64 0.999 0.510165 0.0270966 0
2.641 0.999 0.529789 0.0231113 0
2.642 0.999 0.522996 0.0237314 0
2.643 0.999 0.499669 0.0218322 0
2.644 0.999 0.515204 0.0268593 0
2.645 0.999 0.513405 0.0287495 0
2.646 0.999 0.52124 0.0342987 0
2.647 0.999 0.508957 0.0304478 0
2.648 0.999 0.520063 0.032631 0
2.649 0.999 0.53796 0.0265153 0
2.65 0.999 0.471249 0.0253249 0
2.651 0.999 0.528704 0.0211147 0
2.652 0.999 0.526513 0.0251438 0
2.653 0.999 0.526924 0.0207264 0
2.654 0.999 0.527108 0.0321091 0
2.655 0.999 0.534996 0.0241637 0
2.656 0.999 0.54882 0.0309049 0
2.657 0.999 0.558807 0.022744 0
2.658 0.999 0.551999 0.0256567 0
2.659 0.999 0.546107 0.0219029 0
2.66 0.999 0.538529 0.0181707 0
2.661 0.999 0.546699 0.0217715 0
2.662 0.999 0.542657 0.0207567 0
2.663 0.999 0.528522 0.0239053 0
2.664 0.999 0.533841 0.0277653 0
2.665 0.999 0.540403 0.019167 0
2.666 0.999 0.544253 0.020609 0
2.667 0.999 0.540432 0.0264003 0
2.668 0.999 0.560176 0.0162662 0
2.669 0.999 0.557415 0.0193672 0
2.67 0.999 0.54613 0.0201445 0
2.671 0.999 0.57327 0.0196668 0
2.672 0.999 0.567562 0.0257858 0
2.673 0.999 0.557061 0.0209141 0
2.674 0.999 0.574909 0.0183999 0
2.675 0.999 0.577557 0.0204244 0
2.676 0.999 0.574543 0.0214345 0
2.677 0.999 0.579168 0.0197692 0
2.678 0.999 0.572655 0.0235928 0
2.679 0.999 0.585048 0.024138 0
2.68 0.999 0.58382 0.0176755 0
2.681 0.999 0.565923 0.0165414 0
2.682 0.999 0.587392 0.0176507 0
2.683 0.999 0.564396 0.021399 0
2.684 0.999 0.575825 0.0265872 0
2.685 0.999 0.587454 0.0226677 0
2.686 0.999 0.593068 0.0160868 0
2.687 0.999 0.577956 0.0215153 0
2.688 0.999 0.588971 0.0198932 0
2.689 0.999 0.585172 0.0199824 0
2.69 0.999 0.586915 0.0117376 0
2.691 0.999 0.583714 0.0167433 0
2.692 0.999 0.583767 0.0172043 0
2.693 0.999 0.59548 0.0152222 0
2.694 0.999 0.591904 0.0214174 0
2.695 0.999 0.588688 0.0175197 0
2.696 0.999 0.5966 0.0141254 0
2.697 0.999 0.603066 0.0187152 0
2.698 0.999 0.602376 0.0219902 0
2.699 0.999 0.598739 0.0145863 0
2.7 0.999 0.599098 0.0194479 0
2.701 0.999 0.606158 0.0185524 0
2.702 0.999 0.608513 0.0142585 0
2.703 0.999 0.607565 0.0167241 0
2.704 0.999 0.603455 0.0178851 0
2.705 0.999 0.621371 0.0170601 0
2.706 0.999 0.602683 0.0154505 0
2.707 0.999 0.617883 0.013055 0
2.708 0.999 0.621386 0.0168524 0
2.709 0.999 0.621182 0.0154622 0
2.71 0.999 0.622212 0.0160705 0
2.711 0.999 0.622312 0.0152784 0
2.712 0.999 0.625429 0.0182864 0
2.713 0.999 0.624336 0.015727 0
2.714 0.999 0.620892 0.0181718 0
2.715 0.999 0.622317 0.0175548 0
2.716 0.999 0.629711 0.0161091 0
2.717 0.999 0.624812 0.0127687 0
2.718 0.999 0.626783 0.013053 0
2.719 0.999 0.629972 0.0149829 0
2.72 0.999 0.625536 0.0159827 0
2.721 0.999 0.624909 0.0129593 0
2.722 0.999 0.624471 0.0205888 0
2.723 0.999 0.627152 0.0177789 0
2.724 0.999 0.626858 0.016391 0
2.725 0.999 0.629334 0.0142714 0
2.726 0.999 0.629946 0.0139332 0
2.727 0.999 0.629214 0.0133055 0
2.728 0.999 0.626305 0.0166303 0
2.729 0.999 0.627533 0.0139254 0
2.73 0.999 0.61699 0.0145495 0
2.731 0.999 0.623226 0.0162906 0
2.732 0.999 0.62433 0.0131656 0
2.733 0.999 0.620456 0.014624 0
2.734 0.999 0.632532 0.0143799 0
2.735 0.999 0.628152 0.0137428 0
2.736 1 0.628935 0.015491 0
2.737 1 0.627788 0.0121417 0
2.738 1 0.623247 0.0162454 0
2.739 1 0.629598 0.0134581 0
2.74 1 0.635136 0.01493 0
2.741 1 0.633071 0.0158508 0
2.742 1 0.632293 0.0159921 0
2.743 1 0.630587 0.0141779 0
2.744 1 0.636792 0.0175082 0
2.745 1 0.633267 0.0147218 0
2.746 1 0.637405 0.0243561 0
2.747 1 0.635106 0.0163266 0
2.748 1 0.634758 0.0165429 0
2.749 1 0.642084 0.0186874 0
2.75 1 0.640028 0.0165421 0
2.751 1 0.643231 0.0150572 0
2.752 1 0.642238 0.0193624 0
2.753 1 0.644825 0.0184672 0
2.754 1 0.648562 0.0199848 0
2.755 1 0.643129 0.0161385 0
2.756 1 0.637855 0.0149733 0
2.757 1 0.650498 0.0150224 0
2.758 1 0.647333 0.0129819 0
2.759 1 0.647986 0.021971 0
2.76 1 0.64093 0.0158103 0
2.761 1 0.64834 0.0140513 0
2.762 1 0.649252 0.0122426 0
2.763 1 0.652297 0.0144797 0
2.764 1 0.650498 0.0181774 0
2.765 1 0.655168 0.015798 0
2.766 1 0.65596 0.0152666 0
2.767 1 0.654415 0.0150058 0
2.768 1 0.654364 0.0117814 0
2.769 1 0.650409 0.0109977 0
2.77 1 0.653723 0.0140326 0
2.771 1 0.658602 0.0138917 0
2.772 1 0.655075 0.0147884 0
2.773 1 0.65717 0.0119414 0
2.774 1 0.656508 0.0142538 0
2.775 1 0.658033 0.0116576 0
2.776 1 0.663689 0.0149435 0
2.777 1 0.657998 0.00997025 0
2.778 1 0.666347 0.014191 0
2.779 1 0.657731 0.0177216 0
2.78 1 0.658543 0.0147025 0
2.781 1 0.663285 0.0155153 0
2.782 1 0.661424 0.0159774 0
2.783 1 0.666003 0.0139405 0
2.784 1 0.664606 0.013366 0
2.785 1 0.666561 0.0151783 0
2.786 1 0.664714 0.0138753 0
2.787 1 0.664704 0.0115407 0
2.788 1 0.664603 0.0131186 0
2.789 1 0.666061 0.0159594 0
2.79 1 0.662019 0.00989386 0
2.791 1 0.662918 0.0114222 0
2.792 1 0.663999 0.0138973 0
2.793 1 0.66339 0.0133006 0
2.794 1 0.663136 0.0138561 0
2.795 1 0.66447 0.0151735 0
2.796 1 0.66446 0.0138299 0
2.797 1 0.667994 0.0123095 0
2.798 1 0.668733 0.0143701 0
2.799 1 0.670585 0.0116088 0
2.8 1 0.665052 0.0152367 0
2.801 1 0.668273 0.015248 0
2.802 1 0.66593 0.0168557 0
2.803 1 0.674684 0.0131468 0
2.804 1 0.674333 0.011758 0
2.805 1 0.671937 0.0144581 0
2.806 1 0.670365 0.0128328 0
2.807 1 0.680056 0.0168532 0
2.808 1 0.678121 0.016325 0
2.809 1 0.677528 0.0147976 0
2.81 1 0.672566 0.0122068 0
2.811 1 0.671673 0.0138313 0
2.812 1 0.67303 0.0112938 0
2.813 1 0.675502 0.0153566 0
2.814 1 0.678405 0.0144354 0
2.815 1 0.679254 0.0128827 0
2.816 1 0.680563 0.0127822 0
2.817 1 0.681092 0.0125152 0
2.818 1 0.683645 0.0144556 0
2.819 1 0.679763 0.0141565 0
2.82 1 0.681087 0.00880063 0
2.821 1 0.684701 0.0141854 0
2.822 1 0.683084 0.0139061 0
2.823 1 0.683658 0.0137151 0
2.824 1 0.682908 0.0128245 0
2.825 1 0.684803 0.0109201 0
2.826 1 0.684128 0.0141826 0
2.827 1 0.684642 0.0150831 0
2.828 1 0.686784 0.0113197 0
2.829 1 0.682578 0.0147568 0
2.83 1 0.685194 0.0110824 0
2.831 1 0.687027 0.0127649 0
2.832 1 0.686777 0.0125111 0
2.833 1 0.688222 0.0102217 0
2.834 1 0.683676 0.0120753 0
2.835 1 0.691351 0.0126687 0
2.836 1 0.69264 0.0122684 0
2.837 1 0.68579 0.0143636 0
2.838 1 0.688826 0.0112124 0
2.839 1 0.683727 0.0115169 0
2.84 1 0.688697 0.0114631 0
2.841 1 0.688998 0.0146293 0
2.842 1 0.690225 0.0125262 0
2.843 1 0.694117 0.011061 0
2.844 1 0.690733 0.00896062 0
2.845 1 0.690566 0.0117144 0
2.846 1 0.692878 0.0112343 0
2.847 1 0.695703 0.0132441 0
2.848 1 0.693513 0.0136964 0
2.849 1 0.692805 0.01218 0
2.85 1 0.693511 0.0110899 0
2.851 1 0.696984 0.0131262 0
2.852 1 0.691949 0.014919 0
2.853 1 0.696086 0.00875263 0
2.854 1 0.69454 0.0103005 0
2.855 1 0.697729 0.0132401 0
2.856 1 0.695615 0.011194 0
2.857 1 0.697962 0.0105748 0
2.858 1 0.70168 0.0127727 0
2.859 1 0.696947 0.0110442 0
2.86 1 0.699382 0.00985908 0
2.861 1 0.700704 0.013524 0
2.862 1 0.698668 0.0108628 0
2.863 1 0.700934 0.010522 0
2.864 1 0.703271 0.00900633 0
2.865 1 0.702821 0.0109197 0
2.866 1 0.703147 0.0118235 0
2.867 1 0.705471 0.0109872 0
2.868 1 0.706676 0.0104232 0
2.869 1 0.703074 0.0101092 0
2.87 1 0.70461 0.0101517 0
2.871 1 0.703487 0.00928702 0
2.872 1 0.705206 0.0114575 0
2.873 1 0.705105 0.0116743 0
2.874 1 0.707578 0.0121758 0
2.875 1 0.709081 0.0102305 0
2.876 1 0.704363 0.0112651 0
2.877 1 0.70786 0.0114911 0
2.878 1 0.708003 0.0100995 0
2.879 1 0.71449 0.01484 0
2.88 1 0.712132 0.0141134 0
2.881 1 0.712754 0.0135005 0
2.882 1 0.71442 0.0109178 0
2.883 1 0.715042 0.00982684 0
2.884 1 0.71291 0.0129043 0
2.885 1 0.709452 0.00902164 0
2.886 1 0.712497 0.0127662 0
2.887 1 0.712164 0.0115367 0
2.888 1 0.711925 0.0108145 0
2.889 1 0.713054 0.0094464 0
2.89 1 0.710692 0.0116011 0
2.891 1 0.712449 0.0154063 0
2.892 1 0.712643 0.0109565 0
2.893 1 0.710784 0.013412 0
2.894 1 0.713449 0.00901138 0
2.895 1 0.712082 0.0120867 0
2.896 1 0.711584 0.00933576 0
2.897 1 0.712365 0.0128028 0
2.898 1 0.710868 0.0106297 0
2.899 1 0.712369 0.0101788 0
2.9 1 0.71346 0.0106633 0
2.901 1 0.717087 0.0114146 0
2.902 1 0.715537 0.0129472 0
2.903 1 0.716422 0.00975494 0
2.904 1 0.715796 0.0105647 0
2.905 1 0.717138 0.0141644 0
2.906 1 0.715098 0.0130664 0
2.907 1 0.720196 0.00766293 0
2.908 1 0.716175 0.011597 0
2.909 1 0.717142 0.0115806 0
2.91 1 0.718015 0.0122797 0
2.911 1 0.716649 0.0112933 0
2.912 1 0.717792 0.0112283 0
2.913 1 0.71954 0.011434 0
2.914 1 0.718295 0.0115758 0
2.915 1 0.721894 0.01012 0
2.916 1 0.720521 0.00948251 0
2.917 1 0.720664 0.0110103 0
2.918 1 0.720167 0.0114374 0
2.919 1 0.719136 0.00926019 0
2.92 1 0.720385 0.0103341 0
2.921 1 0.720335 0.00871964 0
2.922 1 0.719718 0.0121599 0
2.923 1 0.721696 0.0120859 0
2.924 1 0.722 0.0118401 0
2.925 1 0.72034 0.00991415 0
2.926 1 0.720507 0.0114137 0
2.927 1 0.720244 0.0105041 0
2.928 1 0.720957 0.0115541 0
2.929 1 0.721056 0.00957477 0
2.93 1 0.720924 0.00956473 0
2.931 1 0.722453 0.0122646 0
2.932 1 0.722139 0.0122806 0
2.933 1 0.723093 0.00823371 0
2.934 1 0.722236 0.00842308 0
2.935 1 0.724194 0.0126104 0
2.936 1 0.722317 0.0122192 0
2.937 1 0.723067 0.011626 0
2.938 1 0.724905 0.00887323 0
2.939 1 0.724897 0.0101121 0
2.94 1 0.725598 0.0102102 0
2.941 1 0.727446 0.0103014 0
2.942 1 0.727575 0.00994125 0
2.943 1 0.729175 0.00916198 0
2.944 1 0.727348 0.0124345 0
2.945 1 0.729726 0.0112384 0
2.946 1 0.728136 0.0098337 0
2.947 1 0.727374 0.00942276 0
2.948 1 0.727986 0.00936721