# Relevant parameters to reproduce this network:
# node_nr=100	 k_max=500
# initial_seed=1557414222	 delta_t=0.05	 max_steps=4000	 in_between=0
# fg_m=1	 fg_alpha=10	 fg_t_min=0	 fg_t_max=5	 fg_t_number=500	 fg_weff_lower_frequency=-1e+08	 fg_weff_max_steps=4000	 fg_weff_in_between=0
# K Giant_component <r> sigma_r*sqrt(NODE_NR) clustering
0 0.02 0.0947433 0.047232 0
0.01 0.02 0.102482 0.0447057 0
0.02 0.02 0.0919295 0.0451713 0
0.03 0.02 0.0907172 0.0441966 0
0.04 0.03 0.0830173 0.0404585 0
0.05 0.03 0.0941144 0.0451898 0
0.06 0.03 0.0894885 0.0461771 0
0.07 0.05 0.0938614 0.0362418 0
0.08 0.05 0.0915656 0.0481202 0
0.09 0.07 0.0858116 0.0420267 0
0.1 0.07 0.083554 0.0370613 0
0.11 0.07 0.0978822 0.0469264 0
0.12 0.07 0.0924422 0.043767 0
0.13 0.08 0.0762201 0.045426 0
0.14 0.08 0.0902219 0.0454259 0
0.15 0.08 0.0916412 0.0399686 0
0.16 0.08 0.0986894 0.0488187 0
0.17 0.08 0.100579 0.0366643 0
0.18 0.08 0.107101 0.0521289 0
0.19 0.09 0.102358 0.0535619 0
0.2 0.09 0.0930703 0.0489853 0
0.21 0.09 0.100556 0.0432674 0
0.22 0.09 0.0974479 0.0578897 0
0.23 0.09 0.0925409 0.0474415 0
0.24 0.09 0.101455 0.0510013 0
0.25 0.09 0.0899145 0.0465762 0
0.26 0.09 0.0966263 0.051691 0
0.27 0.09 0.0778541 0.0386024 0
0.28 0.09 0.0965912 0.0470651 0
0.29 0.09 0.0995215 0.0434338 0
0.3 0.09 0.107061 0.05864 0
0.31 0.14 0.107899 0.0559992 0
0.32 0.14 0.10033 0.0514197 0
0.33 0.14 0.0923536 0.054365 0
0.34 0.14 0.102603 0.0481443 0
0.35 0.14 0.0969377 0.0406194 0
0.36 0.14 0.088057 0.0510113 0
0.37 0.14 0.104212 0.0617282 0
0.38 0.15 0.100316 0.0492898 0
0.39 0.2 0.095216 0.0455805 0
0.4 0.21 0.0913661 0.0485451 0
0.41 0.21 0.108354 0.0571783 0
0.42 0.25 0.101453 0.0493104 0
0.43 0.25 0.113425 0.0621548 0
0.44 0.25 0.101379 0.0490313 0
0.45 0.25 0.107521 0.0548411 0
0.46 0.25 0.100726 0.0463243 0
0.47 0.25 0.108637 0.048221 0
0.48 0.26 0.109245 0.0581609 0
0.49 0.26 0.0985388 0.043564 0
0.5 0.26 0.0946373 0.041408 0
0.51 0.49 0.112348 0.0556786 0
0.52 0.49 0.110524 0.050209 0
0.53 0.5 0.119181 0.0534831 0
0.54 0.52 0.117543 0.0614933 0
0.55 0.53 0.110723 0.0522438 0
0.56 0.53 0.119164 0.0500009 0
0.57 0.55 0.0927365 0.0482868 0
0.58 0.56 0.114539 0.0529952 0
0.59 0.56 0.112202 0.0535065 0
0.6 0.57 0.107155 0.0609818 0
0.61 0.58 0.113595 0.0512963 0
0.62 0.59 0.104233 0.0555383 0
0.63 0.59 0.109819 0.0561383 0
0.64 0.6 0.10735 0.0630864 0
0.65 0.61 0.114906 0.0607432 0
0.66 0.61 0.116096 0.0617129 0
0.67 0.61 0.107786 0.0581871 0
0.68 0.62 0.104322 0.0638318 0
0.69 0.63 0.117214 0.0617259 0
0.7 0.63 0.102916 0.050086 0
0.71 0.64 0.107503 0.0520347 0
0.72 0.67 0.107825 0.051609 0
0.73 0.68 0.0888844 0.0470033 0
0.74 0.69 0.103393 0.057576 0
0.75 0.7 0.113514 0.0562174 0
0.76 0.7 0.123218 0.0556633 0
0.77 0.72 0.105436 0.0598371 0
0.78 0.73 0.105982 0.0584223 0
0.79 0.74 0.115971 0.0555751 0
0.8 0.74 0.0925367 0.0442382 0
0.81 0.74 0.127197 0.0740827 0
0.82 0.74 0.0924606 0.0482975 0
0.83 0.75 0.124877 0.0570386 0
0.84 0.75 0.111502 0.0563243 0
0.85 0.75 0.0918003 0.0464584 0
0.86 0.75 0.101629 0.0581421 0
0.87 0.75 0.118739 0.0657403 0
0.88 0.75 0.112366 0.0612811 0
0.89 0.75 0.122808 0.0564415 0
0.9 0.76 0.0978894 0.0526719 0
0.91 0.76 0.109654 0.0592076 0
0.92 0.77 0.117458 0.0660288 0
0.93 0.78 0.127564 0.0668428 0
0.94 0.78 0.108678 0.0543696 0
0.95 0.78 0.114581 0.062301 0
0.96 0.78 0.105883 0.0564808 0
0.97 0.78 0.111371 0.0437254 0
0.98 0.78 0.133773 0.0617318 0
0.99 0.79 0.120803 0.0503785 0
1 0.79 0.113606 0.0546921 0
1.01 0.79 0.110588 0.0617557 0
1.02 0.79 0.124111 0.0591172 0
1.03 0.79 0.107616 0.0608741 0
1.04 0.79 0.106786 0.0528149 0
1.05 0.79 0.108938 0.0555346 0
1.06 0.8 0.137084 0.0669217 0
1.07 0.81 0.123695 0.0706861 0
1.08 0.82 0.116036 0.0627399 0
1.09 0.82 0.121813 0.0658882 0
1.1 0.83 0.125007 0.0559515 0
1.11 0.84 0.127241 0.057925 0
1.12 0.84 0.104755 0.057418 0
1.13 0.84 0.134439 0.0627552 0
1.14 0.84 0.131904 0.061338 0
1.15 0.84 0.122336 0.0619518 0
1.16 0.84 0.121009 0.0697608 0
1.17 0.84 0.121051 0.0657556 0
1.18 0.84 0.11684 0.0556641 0
1.19 0.85 0.130744 0.0727838 0
1.2 0.85 0.121755 0.0582955 0
1.21 0.85 0.118486 0.0701473 0
1.22 0.85 0.125749 0.0750249 0
1.23 0.85 0.12447 0.0557028 0
1.24 0.85 0.128744 0.0609098 0
1.25 0.85 0.115785 0.0559055 0
1.26 0.85 0.118948 0.0651033 0
1.27 0.86 0.131049 0.0664621 0
1.28 0.86 0.145957 0.0630401 0
1.29 0.86 0.102676 0.0487625 0
1.3 0.86 0.121742 0.0638345 0
1.31 0.86 0.110048 0.0522722 0
1.32 0.86 0.125794 0.0509051 0
1.33 0.86 0.144229 0.0804711 0
1.34 0.86 0.103304 0.0695138 0
1.35 0.86 0.128365 0.0559029 0
1.36 0.86 0.138693 0.0641262 0
1.37 0.86 0.123731 0.0713589 0
1.38 0.86 0.140442 0.0748023 0
1.39 0.87 0.129861 0.0677415 0
1.4 0.88 0.134428 0.0664649 0
1.41 0.88 0.134556 0.0742778 0
1.42 0.88 0.130859 0.0672793 0
1.43 0.88 0.136923 0.0671486 0
1.44 0.88 0.13145 0.0616292 0
1.45 0.89 0.144831 0.0677728 0
1.46 0.89 0.124134 0.0575944 0
1.47 0.89 0.141104 0.0741701 0
1.48 0.9 0.14089 0.0677822 0
1.49 0.9 0.120023 0.0551695 0
1.5 0.9 0.153681 0.0674222 0
1.51 0.9 0.160368 0.0770927 0
1.52 0.9 0.143887 0.0778695 0
1.53 0.9 0.149013 0.0818645 0
1.54 0.9 0.148876 0.0780843 0
1.55 0.9 0.137283 0.070152 0
1.56 0.91 0.154176 0.0769313 0
1.57 0.91 0.150337 0.0786511 0
1.58 0.91 0.150745 0.065845 0
1.59 0.91 0.158294 0.0747474 0
1.6 0.91 0.164456 0.0798795 0
1.61 0.91 0.152221 0.0687257 0
1.62 0.91 0.138083 0.0697212 0
1.63 0.91 0.154824 0.0652277 0
1.64 0.91 0.169129 0.0792439 0
1.65 0.91 0.159945 0.062756 0
1.66 0.91 0.146231 0.081958 0
1.67 0.92 0.158569 0.0805746 0
1.68 0.92 0.165877 0.0891753 0
1.69 0.92 0.150754 0.0631257 0
1.7 0.92 0.17347 0.0858175 0
1.71 0.92 0.161639 0.0790708 0
1.72 0.93 0.158947 0.0785823 0
1.73 0.93 0.164442 0.081789 0
1.74 0.93 0.156551 0.075531 0
1.75 0.93 0.163845 0.0790457 0
1.76 0.93 0.168587 0.0825248 0
1.77 0.93 0.186992 0.0852957 0
1.78 0.93 0.166423 0.0851739 0
1.79 0.93 0.182713 0.0829968 0
1.8 0.93 0.18742 0.0806595 0
1.81 0.93 0.151641 0.0757097 0
1.82 0.93 0.14657 0.0753017 0
1.83 0.93 0.167072 0.0809039 0
1.84 0.93 0.188114 0.105692 0
1.85 0.94 0.163658 0.0798148 0
1.86 0.94 0.181601 0.101878 0
1.87 0.94 0.169558 0.0924747 0
1.88 0.94 0.168804 0.0731118 0
1.89 0.94 0.177367 0.0898489 0
1.9 0.94 0.176323 0.098455 0
1.91 0.94 0.142038 0.0689008 0
1.92 0.95 0.180701 0.0884164 0
1.93 0.95 0.164862 0.0794175 0
1.94 0.95 0.181756 0.0838672 0
1.95 0.95 0.186958 0.0979642 0
1.96 0.96 0.180309 0.07927 0
1.97 0.97 0.18468 0.0802767 0
1.98 0.97 0.193682 0.0925236 0
1.99 0.97 0.177984 0.0888247 0
2 0.97 0.170233 0.0837089 0
2.01 0.97 0.183093 0.0865291 0
2.02 0.97 0.184771 0.0836713 0
2.03 0.97 0.176515 0.0729319 0
2.04 0.97 0.193045 0.0810041 0
2.05 0.97 0.20105 0.103129 0
2.06 0.97 0.190489 0.103045 0
2.07 0.97 0.192051 0.108968 0
2.08 0.97 0.185192 0.0700654 0
2.09 0.97 0.196346 0.0954983 0
2.1 0.97 0.182918 0.0831365 0
2.11 0.97 0.181751 0.0902503 0
2.12 0.97 0.206437 0.10211 0
2.13 0.97 0.174069 0.0813414 0
2.14 0.97 0.178484 0.0826248 0
2.15 0.97 0.175429 0.10072 0
2.16 0.97 0.222228 0.0988885 0
2.17 0.97 0.19095 0.0892052 0
2.18 0.97 0.193059 0.0719125 0
2.19 0.97 0.1771 0.0711379 0
2.2 0.97 0.198287 0.0939661 0
2.21 0.97 0.18609 0.0954654 0
2.22 0.97 0.170514 0.091119 0
2.23 0.97 0.220047 0.0959353 0
2.24 0.97 0.187918 0.0931601 0
2.25 0.97 0.203572 0.0958472 0
2.26 0.97 0.202398 0.0975526 0
2.27 0.97 0.191018 0.0729115 0
2.28 0.97 0.207371 0.109841 0
2.29 0.97 0.199284 0.115389 0
2.3 0.97 0.230519 0.101623 0
2.31 0.97 0.215576 0.106583 0
2.32 0.97 0.201682 0.0983739 0
2.33 0.97 0.205995 0.0965145 0
2.34 0.97 0.176252 0.0850014 0
2.35 0.97 0.182729 0.0981509 0
2.36 0.97 0.214093 0.100966 0
2.37 0.98 0.196421 0.0999249 0
2.38 0.98 0.223598 0.105241 0
2.39 0.98 0.183994 0.0849027 0
2.4 0.99 0.211215 0.120197 0
2.41 0.99 0.199577 0.0964116 0
2.42 0.99 0.210318 0.0850853 0
2.43 0.99 0.201603 0.0968357 0
2.44 0.99 0.204191 0.117133 0
2.45 0.99 0.20171 0.0821633 0
2.46 0.99 0.199477 0.0952994 0
2.47 0.99 0.211922 0.092397 0
2.48 0.99 0.20429 0.110435 0
2.49 0.99 0.21041 0.0979689 0
2.5 0.99 0.230475 0.10958 0
2.51 0.99 0.215776 0.0948906 0
2.52 0.99 0.217423 0.101434 0
2.53 0.99 0.190435 0.118249 0
2.54 0.99 0.189909 0.0898183 0
2.55 0.99 0.220388 0.0780235 0
2.56 0.99 0.211458 0.0964713 0
2.57 0.99 0.210851 0.0748137 0
2.58 0.99 0.211153 0.0958489 0
2.59 0.99 0.228875 0.083665 0
2.6 0.99 0.222432 0.112935 0
2.61 0.99 0.200369 0.0858546 0
2.62 0.99 0.230104 0.127406 0
2.63 0.99 0.226348 0.102758 0
2.64 0.99 0.217451 0.0901775 0
2.65 0.99 0.203859 0.0903736 0
2.66 0.99 0.240818 0.0845587 0
2.67 0.99 0.223875 0.12557 0
2.68 0.99 0.251815 0.0905063 0
2.69 0.99 0.244842 0.113091 0
2.7 0.99 0.204861 0.101691 0
2.71 0.99 0.255532 0.087003 0
2.72 0.99 0.244927 0.11728 0
2.73 0.99 0.223593 0.0932736 0
2.74 0.99 0.198873 0.102534 0
2.75 0.99 0.218967 0.0920714 0
2.76 0.99 0.255782 0.115524 0
2.77 0.99 0.240008 0.0983485 0
2.78 0.99 0.235952 0.110728 0
2.79 0.99 0.282979 0.116921 0
2.8 1 0.245339 0.0989437 0
2.81 1 0.246862 0.111504 0
2.82 1 0.2185 0.105699 0
2.83 1 0.222474 0.0970833 0
2.84 1 0.233845 0.11128 0
2.85 1 0.235599 0.124031 0
2.86 1 0.242395 0.109323 0
2.87 1 0.213295 0.0973506 0
2.88 1 0.259393 0.0841144 0
2.89 1 0.251366 0.107692 0
2.9 1 0.252741 0.129023 0
2.91 1 0.23636 0.11065 0
2.92 1 0.216723 0.100569 0
2.93 1 0.215703 0.0931824 0
2.94 1 0.243884 0.12779 0
2.95 1 0.215743 0.0915606 0
2.96 1 0.228397 0.114205 0
2.97 1 0.230567 0.133273 0
2.98 1 0.232121 0.130115 0
2.99 1 0.227004 0.104322 0
3 1 0.253551 0.136956 0
3.01 1 0.230729 0.129615 0
3.02 1 0.279881 0.11014 0
3.03 1 0.281771 0.12098 0
3.04 1 0.319637 0.136051 0
3.05 1 0.305664 0.106797 0
3.06 1 0.308303 0.109923 0
3.07 1 0.304623 0.0933182 0
3.08 1 0.284379 0.128304 0
3.09 1 0.328407 0.106093 0
3.1 1 0.297324 0.127362 0
3.11 1 0.322808 0.120039 0
3.12 1 0.344796 0.114619 0
3.13 1 0.337417 0.139492 0
3.14 1 0.330648 0.123142 0
3.15 1 0.330271 0.122163 0
3.16 1 0.331258 0.136597 0
3.17 1 0.329392 0.114988 0
3.18 1 0.338511 0.148474 0
3.19 1 0.355087 0.119079 0
3.2 1 0.339409 0.141519 0
3.21 1 0.359753 0.123254 0
3.22 1 0.355098 0.138269 0
3.23 1 0.347082 0.112628 0
3.24 1 0.355377 0.129 0
3.25 1 0.382096 0.148366 0
3.26 1 0.361441 0.124872 0
3.27 1 0.358352 0.138443 0
3.28 1 0.370297 0.126709 0
3.29 1 0.347918 0.133975 0
3.3 1 0.35677 0.128485 0
3.31 1 0.386632 0.110544 0
3.32 1 0.383639 0.130988 0
3.33 1 0.349707 0.118394 0
3.34 1 0.374857 0.115756 0
3.35 1 0.361956 0.129739 0
3.36 1 0.380528 0.116451 0
3.37 1 0.383842 0.118388 0
3.38 1 0.359549 0.136333 0
3.39 1 0.396432 0.10747 0
3.4 1 0.396996 0.132788 0
3.41 1 0.405161 0.116156 0
3.42 1 0.40942 0.116778 0
3.43 1 0.365489 0.142973 0
3.44 1 0.388765 0.138237 0
3.45 1 0.392146 0.149976 0
3.46 1 0.365128 0.138918 0
3.47 1 0.382194 0.116409 0
3.48 1 0.380906 0.140861 0
3.49 1 0.36793 0.130008 0
3.5 1 0.388363 0.0972961 0
3.51 1 0.400602 0.129621 0
3.52 1 0.365323 0.133695 0
3.53 1 0.379308 0.139794 0
3.54 1 0.420333 0.101833 0
3.55 1 0.410195 0.116363 0
3.56 1 0.408465 0.128583 0
3.57 1 0.395674 0.10855 0
3.58 1 0.402668 0.124722 0
3.59 1 0.370814 0.0972369 0
3.6 1 0.433252 0.119398 0
3.61 1 0.40663 0.124698 0
3.62 1 0.397058 0.131127 0
3.63 1 0.423367 0.123132 0
3.64 1 0.423724 0.116531 0
3.65 1 0.421972 0.133651 0
3.66 1 0.426162 0.115513 0
3.67 1 0.496224 0.0815013 0
3.68 1 0.483985 0.0691195 0
3.69 1 0.421964 0.114591 0
3.7 1 0.488137 0.0608728 0
3.71 1 0.444108 0.101188 0
3.72 1 0.492393 0.104677 0
3.73 1 0.483285 0.0951743 0
3.74 1 0.503922 0.0751306 0
3.75 1 0.521063 0.0821684 0
3.76 1 0.554864 0.0664218 0
3.77 1 0.562936 0.0496045 0
3.78 1 0.54052 0.0585996 0
3.79 1 0.572939 0.0534022 0
3.8 1 0.551971 0.0632907 0
3.81 1 0.538117 0.0667053 0
3.82 1 0.542942 0.0566828 0
3.83 1 0.537146 0.0740711 0
3.84 1 0.558992 0.0629193 0
3.85 1 0.547156 0.0758373 0
3.86 1 0.572986 0.0650117 0
3.87 1 0.565504 0.0496623 0
3.88 1 0.572265 0.0597328 0
3.89 1 0.558767 0.0623934 0
3.9 1 0.632232 0.0473302 0
3.91 1 0.640883 0.0440331 0
3.92 1 0.626964 0.0485581 0
3.93 1 0.636678 0.0477458 0
3.94 1 0.64953 0.0430056 0
3.95 1 0.644642 0.0453982 0
3.96 1 0.664472 0.0345949 0
3.97 1 0.685876 0.0344147 0
3.98 1 0.684201 0.0497896 0
3.99 1 0.681065 0.0424705 0
4 1 0.700767 0.0319197 0
4.01 1 0.698738 0.0388756 0
4.02 1 0.706983 0.0356967 0
4.03 1 0.716189 0.0398872 0
4.04 1 0.718436 0.0379766 0
4.05 1 0.720891 0.0342061 0
4.06 1 0.721424 0.0417942 0
4.07 1 0.724755 0.0439282 0
4.08 1 0.725832 0.0435297 0
4.09 1 0.725971 0.0461877 0
4.1 1 0.729744 0.0429898 0
4.11 1 0.737632 0.0446989 0
4.12 1 0.729291 0.0341156 0
4.13 1 0.737552 0.0376589 0
4.14 1 0.732 0.036592 0
4.15 1 0.734699 0.0304022 0
4.16 1 0.743727 0.0306995 0
4.17 1 0.743134 0.0310879 0
4.18 1 0.746622 0.0262607 0
4.19 1 0.752967 0.0244606 0
4.2 1 0.757291 0.0231411 0
4.21 1 0.758121 0.0177635 0
4.22 1 0.765204 0.0190847 0
4.23 1 0.775433 0.0221436 0
4.24 1 0.782436 0.019249 0
4.25 1 0.783293 0.02228 0
4.26 1 0.784916 0.0171673 0
4.27 1 0.787674 0.0193736 0
4.28 1 0.790217 0.0175608 0
4.29 1 0.78952 0.0183445 0
4.3 1 0.793777 0.0192598 0
4.31 1 0.793902 0.0198179 0
4.32 1 0.795484 0.0178227 0
4.33 1 0.796828 0.0190593 0
4.34 1 0.796249 0.0175321 0
4.35 1 0.796429 0.0154495 0
4.36 1 0.796121 0.0160169 0
4.37 1 0.79853 0.0176511 0
4.38 1 0.799254 0.0162398 0
4.39 1 0.801213 0.0173099 0
4.4 1 0.807653 0.0159309 0
4.41 1 0.809117 0.0149101 0
4.42 1 0.806728 0.020727 0
4.43 1 0.809191 0.0126593 0
4.44 1 0.817446 0.015908 0
4.45 1 0.818261 0.00696859 0
4.46 1 0.817259 0.0168522 0
4.47 1 0.818832 0.00772042 0
4.48 1 0.819055 0.0154652 0
4.49 1 0.81812 0.00859624 0
4.5 1 0.819033 0.0152011 0
4.51 1 0.818159 0.00858948 0
4.52 1 0.820396 0.014925 0
4.53 1 0.820001 0.00733083 0
4.54 1 0.820926 0.0148391 0
4.55 1 0.821478 0.00831042 0
4.56 1 0.822046 0.0156866 0
4.57 1 0.82304 0.00940211 0
4.58 1 0.834319 0.0164437 0
4.59 1 0.836126 0.0151633 0
4.6 1 0.835374 0.013844 0
4.61 1 0.837106 0.0124056 0
4.62 1 0.841485 0.00923552 0
4.63 1 0.841674 0.00508001 0
4.64 1 0.848564 0.00892176 0
4.65 1 0.849528 0.00974543 0
4.66 1 0.849253 0.010399 0
4.67 1 0.849921 0.010381 0
4.68 1 0.850011 0.00983897 0
4.69 1 0.857939 0.0100019 0
4.7 1 0.857718 0.0122272 0
4.71 1 0.860322 0.0113316 0
4.72 1 0.860619 0.00866996 0
4.73 1 0.860139 0.00763638 0
4.74 1 0.861519 0.0096031 0
4.75 1 0.860857 0.0111813 0
4.76 1 0.861208 0.0113832 0
4.77 1 0.860953 0.0089035 0
4.78 1 0.862315 0.00771375 0
4.79 1 0.863784 0.0104861 0
4.8 1 0.864602 0.00895788 0
4.81 1 0.864987 0.0104267 0
4.82 1 0.865768 0.0109436 0
4.83 1 0.86562 0.00962524 0
4.84 1 0.866095 0.00801305 0
4.85 1 0.866663 0.00838231 0
4.86 1 0.869751 0.0108433 0
4.87 1 0.871385 0.0103799 0
4.88 1 0.87156 0.0076069 0
4.89 1 0.871613 0.0108931 0
4.9 1 0.873798 0.0101162 0
4.91 1 0.875154 0.00891725 0
4.92 1 0.876131 0.0078123 0
4.93 1 0.876121 0.00769375 0
4.94 1 0.876139 0.00774604 0
4.95 1 0.876262 0.00784585 0
4.96 1 0.876949 0.00949349 0
4.97 1 0.876353 0.00986693 0
4.98 1 0.881859 0.00908403 0
4.99 1 0.882877 0.00910755 0
5 1 0.88386 0.00845006 0
5 0 0.884547 0.00868594 0
4.99 0 0.882394 0.00878004 0
4.98 0 0.881953 0.00913182 0
4.97 0 0.877051 0.0103692 0
4.96 0 0.876402 0.00758218 0
4.95 0 0.876736 0.00973084 0
4.94 0 0.876332 0.009209 0
4.93 0 0.876221 0.00870589 0
4.92 0 0.876118 0.00954463 0
4.91 0 0.874596 0.00805314 0
4.9 0 0.874212 0.0105721 0
4.89 0 0.871767 0.00762229 0
4.88 0 0.87095 0.010069 0
4.87 0 0.871704 0.0108072 0
4.86 0 0.870478 0.00766732 0
4.85 0 0.866207 0.0101753 0
4.84 0 0.866097 0.00949571 0
4.83 0 0.865792 0.00821447 0
4.82 0 0.865429 0.0111775 0
4.81 0 0.86482 0.00788633 0
4.8 0 0.864764 0.0107115 0
4.79 0 0.864695 0.0104905 0
4.78 0 0.862243 0.00863464 0
4.77 0 0.860913 0.00768129 0
4.76 0 0.861311 0.00747627 0
4.75 0 0.861777 0.00865797 0
4.74 0 0.860529 0.0093643 0
4.73 0 0.860185 0.0105233 0
4.72 0 0.860903 0.0119288 0
4.71 0 0.859951 0.0114294 0
4.7 0 0.857957 0.0118026 0
4.69 0 0.85813 0.0128258 0
4.68 0 0.849367 0.00928168 0
4.67 0 0.850351 0.0101046 0
4.66 0 0.849635 0.0104829 0
4.65 0 0.84884 0.0104591 0
4.64 0 0.848675 0.0142634 0
4.63 0 0.842731 0.0152851 0
4.62 0 0.841183 0.0133073 0
4.61 0 0.836959 0.0114868 0
4.6 0 0.836326 0.0106238 0
4.59 0 0.835655 0.010107 0
4.58 0 0.835363 0.00934884 0
4.57 0 0.823328 0.0127654 0
4.56 0 0.822147 0.016893 0
4.55 0 0.822302 0.0126246 0
4.54 0 0.821174 0.00802349 0
4.53 0 0.820364 0.0132906 0
4.52 0 0.81974 0.0154205 0
4.51 0 0.8196 0.0112422 0
4.5 0 0.819064 0.00824319 0
4.49 0 0.818538 0.01241 0
4.48 0 0.818458 0.0149984 0
4.47 0 0.819714 0.0115029 0
4.46 0 0.818679 0.0074835 0
4.45 0 0.816464 0.0139048 0
4.44 0 0.817697 0.0163383 0
4.43 0 0.806588 0.0161885 0
4.42 0 0.808835 0.0135571 0
4.41 0 0.807815 0.0167797 0
4.4 0 0.806678 0.0151999 0
4.39 0 0.803458 0.0180617 0
4.38 0 0.800953 0.0175163 0
4.37 0 0.800049 0.0193111 0
4.36 0 0.796743 0.0182573 0
4.35 0 0.796 0.0176028 0
4.34 0 0.797969 0.016984 0
4.33 0 0.79769 0.0194525 0
4.32 0 0.794885 0.0198541 0
4.31 0 0.793027 0.0179128 0
4.3 0 0.792104 0.0166697 0
4.29 0 0.789967 0.0205264 0
4.28 0 0.790892 0.0181432 0
4.27 0 0.785773 0.0184426 0
4.26 0 0.786662 0.0195059 0
4.25 0 0.78191 0.019581 0
4.24 0 0.782121 0.017656 0
4.23 0 0.776303 0.0212987 0
4.22 0 0.766249 0.0201014 0
4.21 0 0.757937 0.0226046 0
4.2 0 0.755093 0.0204997 0
4.19 0 0.747354 0.0216483 0
4.18 0 0.749012 0.025676 0
4.17 0 0.74543 0.025766 0
4.16 0 0.740375 0.0288806 0
4.15 0 0.736902 0.0288456 0
4.14 0 0.739854 0.0285851 0
4.13 0 0.741342 0.035934 0
4.12 0 0.7325 0.0392977 0
4.11 0 0.734758 0.0362006 0
4.1 0 0.729258 0.0412932 0
4.09 0 0.724615 0.0413923 0
4.08 0 0.723364 0.0446582 0
4.07 0 0.722122 0.0472599 0
4.06 0 0.725317 0.043731 0
4.05 0 0.723092 0.0421634 0
4.04 0 0.715203 0.0407309 0
4.03 0 0.704823 0.0362618 0
4.02 0 0.711923 0.0401163 0
4.01 0 0.701968 0.0368727 0
4 0 0.696535 0.0318009 0
3.99 0 0.685639 0.0405429 0
3.98 0 0.682832 0.0364715 0
3.97 0 0.687234 0.0397093 0
3.96 0 0.666135 0.0471147 0
3.95 0 0.648203 0.0570329 0
3.94 0 0.655971 0.0475189 0
3.93 0 0.647035 0.0419759 0
3.92 0 0.641199 0.0440187 0
3.91 0 0.640467 0.0462821 0
3.9 0 0.635014 0.0457423 0
3.89 0 0.61874 0.050018 0
3.88 0 0.580335 0.0740781 0
3.87 0 0.552045 0.0710657 0
3.86 0 0.581776 0.0754859 0
3.85 0 0.538521 0.0548816 0
3.84 0 0.577898 0.0618361 0
3.83 0 0.551146 0.0707967 0
3.82 0 0.54046 0.0745636 0
3.81 0 0.580512 0.0677026 0
3.8 0 0.537827 0.0729602 0
3.79 0 0.566201 0.0577103 0
3.78 0 0.594391 0.0471543 0
3.77 0 0.560071 0.0404449 0
3.76 0 0.565547 0.0588728 0
3.75 0 0.532234 0.0707965 0
3.74 0 0.473734 0.12329 0
3.73 0 0.534854 0.0961389 0
3.72 0 0.425046 0.167681 0
3.71 0 0.447458 0.094344 0
3.7 0 0.503088 0.0909516 0
3.69 0 0.479828 0.0605028 0
3.68 0 0.455028 0.110091 0
3.67 0 0.511884 0.0733777 0
3.66 0 0.477348 0.0799468 0
3.65 0 0.472339 0.0696749 0
3.64 0 0.4746 0.0670392 0
3.63 0 0.421136 0.0964902 0
3.62 0 0.420206 0.116032 0
3.61 0 0.385039 0.115768 0
3.6 0 0.336909 0.13002 0
3.59 0 0.411924 0.0974099 0
3.58 0 0.401258 0.107132 0
3.57 0 0.331249 0.144447 0
3.56 0 0.367587 0.136083 0
3.55 0 0.401902 0.106816 0
3.54 0 0.40624 0.120659 0
3.53 0 0.349048 0.12226 0
3.52 0 0.393 0.116361 0
3.51 0 0.351628 0.150338 0
3.5 0 0.392437 0.095508 0
3.49 0 0.400149 0.136391 0
3.48 0 0.355104 0.126939 0
3.47 0 0.35957 0.139746 0
3.46 0 0.363446 0.121059 0
3.45 0 0.396355 0.134644 0
3.44 0 0.380392 0.137124 0
3.43 0 0.399287 0.12904 0
3.42 0 0.405366 0.127763 0
3.41 0 0.395552 0.126958 0
3.4 0 0.373101 0.130067 0
3.39 0 0.370558 0.116411 0
3.38 0 0.355552 0.140228 0
3.37 0 0.419865 0.13784 0
3.36 0 0.401982 0.129033 0
3.35 0 0.39229 0.0918413 0
3.34 0 0.363029 0.119412 0
3.33 0 0.391263 0.118382 0
3.32 0 0.349173 0.122891 0
3.31 0 0.400501 0.120787 0
3.3 0 0.362355 0.120214 0
3.29 0 0.343129 0.125375 0
3.28 0 0.384281 0.133085 0
3.27 0 0.339582 0.125729 0
3.26 0 0.383036 0.128374 0
3.25 0 0.309694 0.12311 0
3.24 0 0.345007 0.140058 0
3.23 0 0.347885 0.104326 0
3.22 0 0.347797 0.12571 0
3.21 0 0.358193 0.133403 0
3.2 0 0.349768 0.102387 0
3.19 0 0.352873 0.124201 0
3.18 0 0.356333 0.130687 0
3.17 0 0.333334 0.114944 0
3.16 0 0.339217 0.124364 0
3.15 0 0.329736 0.110843 0
3.14 0 0.319682 0.125121 0
3.13 0 0.326705 0.0992388 0
3.12 0 0.324852 0.14401 0
3.11 0 0.342864 0.130864 0
3.1 0 0.340347 0.118832 0
3.09 0 0.304048 0.103156 0
3.08 0 0.285129 0.140671 0
3.07 0 0.31695 0.146102 0
3.06 0 0.323017 0.126633 0
3.05 0 0.332246 0.114241 0
3.04 0 0.320987 0.126018 0
3.03 0 0.297504 0.134076 0
3.02 0 0.28886 0.11741 0
3.01 0 0.259757 0.121504 0
3 0 0.239128 0.113887 0
2.99 0 0.27864 0.106663 0
2.98 0 0.25896 0.114115 0
2.97 0 0.233394 0.115092 0
2.96 0 0.227354 0.0916678 0
2.95 0 0.294072 0.11645 0
2.94 0 0.227541 0.101628 0
2.93 0 0.237707 0.110275 0
2.92 0 0.248837 0.122789 0
2.91 0 0.237331 0.114353 0
2.9 0 0.218821 0.0980601 0
2.89 0 0.252868 0.131791 0
2.88 0 0.244095 0.11204 0
2.87 0 0.195232 0.108486 0
2.86 0 0.207931 0.100324 0
2.85 0 0.214285 0.103869 0
2.84 0 0.245051 0.115246 0
2.83 0 0.221451 0.1059 0
2.82 0 0.182273 0.0897762 0
2.81 0 0.243297 0.0965705 0
2.8 0 0.2011 0.105164 0
2.79 0 0.236655 0.0966548 0
2.78 0 0.233727 0.0990223 0
2.77 0 0.230958 0.111751 0
2.76 0 0.246598 0.119599 0
2.75 0 0.23973 0.113692 0
2.74 0 0.242379 0.108874 0
2.73 0 0.226564 0.108869 0
2.72 0 0.217287 0.102173 0
2.71 0 0.233762 0.119038 0
2.7 0 0.229857 0.0874479 0
2.69 0 0.231036 0.100826 0
2.68 0 0.226597 0.0996302 0
2.67 0 0.225015 0.0983891 0
2.66 0 0.235378 0.121423 0
2.65 0 0.208918 0.0937491 0
2.64 0 0.224216 0.105678 0
2.63 0 0.220082 0.10436 0
2.62 0 0.217301 0.0972847 0
2.61 0 0.21713 0.0962368 0
2.6 0 0.208713 0.100689 0
2.59 0 0.239392 0.100773 0
2.58 0 0.209699 0.0839685 0
2.57 0 0.185642 0.0943814 0
2.56 0 0.194651 0.106695 0
2.55 0 0.222425 0.118597 0
2.54 0 0.217016 0.0944577 0
2.53 0 0.196248 0.119289 0
2.52 0 0.204416 0.104507 0
2.51 0 0.200638 0.0926871 0
2.5 0 0.208129 0.0951063 0
2.49 0 0.222904 0.103539 0
2.48 0 0.198136 0.0839517 0
2.47 0 0.199687 0.0836641 0
2.46 0 0.221661 0.0989048 0
2.45 0 0.1908 0.102317 0
2.44 0 0.205608 0.0909277 0
2.43 0 0.226832 0.0930934 0
2.42 0 0.200513 0.0938541 0
2.41 0 0.168625 0.0829205 0
2.4 0 0.210995 0.10941 0
2.39 0 0.210667 0.077984 0
2.38 0 0.184684 0.104793 0
2.37 0 0.194269 0.104933 0
2.36 0 0.197944 0.0957583 0
2.35 0 0.204856 0.100273 0
2.34 0 0.189489 0.0916683 0
2.33 0 0.183342 0.10564 0
2.32 0 0.214912 0.0917067 0
2.31 0 0.205669 0.105493 0
2.3 0 0.212686 0.104951 0
2.29 0 0.206769 0.0869214 0
2.28 0 0.191952 0.0866661 0
2.27 0 0.195425 0.098593 0
2.26 0 0.204561 0.103171 0
2.25 0 0.178252 0.0854226 0
2.24 0 0.172289 0.087431 0
2.23 0 0.191216 0.0853749 0
2.22 0 0.18167 0.0918786 0
2.21 0 0.170089 0.080374 0
2.2 0 0.189198 0.092057 0
2.19 0 0.19379 0.0978615 0
2.18 0 0.185539 0.0831105 0
2.17 0 0.16528 0.0881432 0
2.16 0 0.190271 0.101991 0
2.15 0 0.187628 0.099419 0
2.14 0 0.194329 0.0933927 0
2.13 0 0.188863 0.10169 0
2.12 0 0.193369 0.0988979 0
2.11 0 0.195335 0.0891281 0
2.1 0 0.188939 0.0895158 0
2.09 0 0.174197 0.0910488 0
2.08 0 0.177591 0.0947526 0
2.07 0 0.1998 0.0921647 0
2.06 0 0.18385 0.0816596 0
2.05 0 0.214925 0.0944571 0
2.04 0 0.185709 0.102702 0
2.03 0 0.176054 0.0819368 0
2.02 0 0.181286 0.0834903 0
2.01 0 0.162873 0.0920193 0
2 0 0.182999 0.0805191 0
1.99 0 0.189297 0.0805613 0
1.98 0 0.186341 0.0806519 0
1.97 0 0.188801 0.0962148 0
1.96 0 0.178887 0.0902348 0
1.95 0 0.185611 0.0882176 0
1.94 0 0.18556 0.0810378 0
1.93 0 0.188474 0.0765357 0
1.92 0 0.175139 0.0907654 0
1.91 0 0.178041 0.103797 0
1.9 0 0.180985 0.0903973 0
1.89 0 0.195711 0.0925708 0
1.88 0 0.171176 0.0754507 0
1.87 0 0.194268 0.0951661 0
1.86 0 0.196327 0.0958814 0
1.85 0 0.182198 0.0855315 0
1.84 0 0.187101 0.0845664 0
1.83 0 0.188862 0.0870538 0
1.82 0 0.154308 0.0773641 0
1.81 0 0.162294 0.0820803 0
1.8 0 0.179199 0.0906744 0
1.79 0 0.175756 0.0927043 0
1.78 0 0.17676 0.0842553 0
1.77 0 0.161803 0.0875915 0
1.76 0 0.179316 0.0875378 0
1.75 0 0.156825 0.077299 0
1.74 0 0.170861 0.0896161 0
1.73 0 0.152781 0.0852718 0
1.72 0 0.174145 0.0781961 0
1.71 0 0.164232 0.0726003 0
1.7 0 0.162113 0.0803115 0
1.69 0 0.165033 0.0745846 0
1.68 0 0.131605 0.0737028 0
1.67 0 0.179334 0.0935061 0
1.66 0 0.158676 0.0701193 0
1.65 0 0.153796 0.0773693 0
1.64 0 0.160844 0.0796469 0
1.63 0 0.142539 0.0743938 0
1.62 0 0.160056 0.0823244 0
1.61 0 0.134259 0.0708883 0
1.6 0 0.149447 0.0672752 0
1.59 0 0.138688 0.0773151 0
1.58 0 0.150254 0.0732472 0
1.57 0 0.137991 0.0743925 0
1.56 0 0.145779 0.0673183 0
1.55 0 0.158076 0.0671197 0
1.54 0 0.158124 0.0708853 0
1.53 0 0.154543 0.0938898 0
1.52 0 0.131148 0.0711408 0
1.51 0 0.114702 0.0588462 0
1.5 0 0.136274 0.0663456 0
1.49 0 0.142993 0.0671392 0
1.48 0 0.150443 0.0787775 0
1.47 0 0.12875 0.0639047 0
1.46 0 0.141442 0.0705581 0
1.45 0 0.14658 0.0716394 0
1.44 0 0.131448 0.0682354 0
1.43 0 0.12858 0.0618889 0
1.42 0 0.137376 0.0683113 0
1.41 0 0.122626 0.0621803 0
1.4 0 0.116219 0.0520542 0
1.39 0 0.109014 0.0662041 0
1.38 0 0.12881 0.062194 0
1.37 0 0.140215 0.0640601 0
1.36 0 0.13046 0.0595702 0
1.35 0 0.119266 0.0703828 0
1.34 0 0.116601 0.0651897 0
1.33 0 0.097985 0.0501985 0
1.32 0 0.135356 0.0601274 0
1.31 0 0.135221 0.0839943 0
1.3 0 0.138851 0.0670529 0
1.29 0 0.130808 0.0714898 0
1.28 0 0.115692 0.0669709 0
1.27 0 0.119403 0.0612007 0
1.26 0 0.134232 0.073067 0
1.25 0 0.116224 0.0653067 0
1.24 0 0.140841 0.0640408 0
1.23 0 0.120891 0.0697393 0
1.22 0 0.126254 0.0572892 0
1.21 0 0.130559 0.0738585 0
1.2 0 0.124416 0.0607219 0
1.19 0 0.13243 0.0585094 0
1.18 0 0.11373 0.0583254 0
1.17 0 0.121822 0.0656343 0
1.16 0 0.124483 0.0686611 0
1.15 0 0.12148 0.0651192 0
1.14 0 0.125025 0.0666242 0
1.13 0 0.122169 0.0617958 0
1.12 0 0.104841 0.0497189 0
1.11 0 0.108913 0.0575053 0
1.1 0 0.122988 0.0638904 0
1.09 0 0.10585 0.0565928 0
1.08 0 0.128948 0.072265 0
1.07 0 0.132895 0.0764927 0
1.06 0 0.124471 0.0682595 0
1.05 0 0.117786 0.0610346 0
1.04 0 0.106071 0.062543 0
1.03 0 0.114781 0.0609914 0
1.02 0 0.119307 0.0631781 0
1.01 0 0.125991 0.0600963 0
1 0 0.109321 0.0535209 0
0.99 0 0.0973343 0.0478324 0
0.98 0 0.117953 0.0627997 0
0.97 0 0.122577 0.0590594 0
0.96 0 0.117437 0.0546389 0
0.95 0 0.132603 0.0669772 0
0.94 0 0.0951044 0.0522563 0
0.93 0 0.124021 0.0564679 0
0.92 0 0.0986962 0.046926 0
0.91 0 0.104983 0.060731 0
0.9 0 0.107981 0.047811 0
0.89 0 0.0999676 0.0492351 0
0.88 0 0.101004 0.0473329 0
0.87 0 0.114766 0.06156 0
0.86 0 0.109075 0.0571031 0
0.85 0 0.0956834 0.0455064 0
0.84 0 0.0920449 0.0476431 0
0.83 0 0.111697 0.0547114 0
0.82 0 0.108112 0.044479 0
0.81 0 0.115686 0.064972 0
0.8 0 0.108571 0.0607588 0
0.79 0 0.100697 0.0551744 0
0.78 0 0.115877 0.0634376 0
0.77 0 0.0972697 0.0453448 0
0.76 0 0.123694 0.0636659 0
0.75 0 0.105864 0.0533187 0
0.74 0 0.106302 0.0496384 0
0.73 0 0.114602 0.0532425 0
0.72 0 0.0882015 0.0421619 0
0.71 0 0.0987466 0.0460587 0
0.7 0 0.102322 0.0441722 0
0.69 0 0.125159 0.0643006 0
0.68 0 0.109908 0.0518495 0
0.67 0 0.090955 0.0515979 0
0.66 0 0.105088 0.0576316 0
0.65 0 0.107282 0.0589671 0
0.64 0 0.0994291 0.0425759 0
0.63 0 0.103496 0.0526226 0
0.62 0 0.109438 0.0563714 0
0.61 0 0.107046 0.0574387 0
0.6 0 0.0993208 0.0476278 0
0.59 0 0.0986106 0.0627439 0
0.58 0 0.11063 0.0611731 0
0.57 0 0.0847553 0.04941 0
0.56 0 0.0949319 0.0615471 0
0.55 0 0.0962854 0.0463495 0
0.54 0 0.107039 0.0540672 0
0.53 0 0.0875545 0.0379182 0
0.52 0 0.102276 0.0436023 0
0.51 0 0.0975848 0.0524893 0
0.5 0 0.0971292 0.0499758 0
0.49 0 0.101577 0.0535387 0
0.48 0 0.0917297 0.0410114 0
0.47 0 0.103614 0.0435128 0
0.46 0 0.102811 0.051511 0
0.45 0 0.0939243 0.0469652 0
0.44 0 0.116344 0.0622998 0
0.43 0 0.104013 0.0487104 0
0.42 0 0.10872 0.0551546 0
0.41 0 0.100989 0.0540279 0
0.4 0 0.0892042 0.0480092 0
0.39 0 0.10089 0.0541142 0
0.38 0 0.0924717 0.0444165 0
0.37 0 0.109068 0.0571839 0
0.36 0 0.0937775 0.0390811 0
0.35 0 0.103635 0.0510887 0
0.34 0 0.0880328 0.0458126 0
0.33 0 0.105895 0.0426999 0
0.32 0 0.0967642 0.0478496 0
0.31 0 0.0828899 0.0478282 0
0.3 0 0.0982242 0.0519257 0
0.29 0 0.106868 0.0572646 0
0.28 0 0.0771266 0.0366269 0
0.27 0 0.10039 0.0503898 0
0.26 0 0.0917396 0.0486793 0
0.25 0 0.0922506 0.0409273 0
0.24 0 0.0985651 0.0462754 0
0.23 0 0.0851465 0.0438369 0
0.22 0 0.0830361 0.0405543 0
0.21 0 0.0964366 0.047917 0
0.2 0 0.0876148 0.049155 0
0.19 0 0.0806462 0.0424368 0
0.18 0 0.095723 0.0524662 0
0.17 0 0.109251 0.0435752 0
0.16 0 0.110006 0.0547981 0
0.15 0 0.0950999 0.0513869 0
0.14 0 0.107517 0.051181 0
0.13 0 0.0914874 0.0464063 0
0.12 0 0.0910886 0.0443984 0
0.11 0 0.090259 0.0457271 0
0.1 0 0.0783352 0.0396949 0
0.09 0 0.0963086 0.0468609 0
0.08 0 0.0941268 0.0456247 0
0.07 0 0.0940866 0.0457735 0
0.06 0 0.10782 0.0585499 0
0.05 0 0.100581 0.0463392 0
0.04 0 0.0850375 0.0517703 0
0.03 0 0.0963234 0.0513988 0
0.02 0 0.104191 0.0506495 0
0.01 0 0.0992914 0.046716 0
6.23078e-14 0 0.0802208 0.0421103 0
