# Relevant parameters to reproduce this network:
# node_nr=1000	 k_max=100
# initial_seed=1557414222	 delta_t=0.1	 max_steps=3000	 in_between=0
# fg_m=1	 fg_alpha=0	 fg_t_min=0	 fg_t_max=1.2	 fg_t_number=1200	 fg_weff_lower_frequency=-1e+08	 fg_weff_max_steps=3000	 fg_weff_in_between=0
# K Giant_component <r> sigma_r*sqrt(NODE_NR) clustering
0 0.002 0.03471 0.0608948 0
0.001 0.002 0.0400379 0.0606218 0
0.002 0.002 0.0394737 0.061005 0
0.003 0.002 0.037812 0.0621115 0
0.004 0.002 0.0367937 0.0611863 0
0.005 0.002 0.0379482 0.0606137 0
0.006 0.002 0.0418308 0.0633618 0
0.007 0.002 0.0414288 0.0633336 0
0.008 0.002 0.0421062 0.0598634 0
0.009 0.002 0.0423542 0.0618946 0
0.01 0.003 0.0374094 0.0612336 0
0.011 0.003 0.0393507 0.0627375 0
0.012 0.003 0.0424043 0.0637572 0
0.013 0.003 0.04071 0.0647734 0
0.014 0.003 0.0403015 0.0609552 0
0.015 0.003 0.0367 0.0637229 0
0.016 0.003 0.0401234 0.059517 0
0.017 0.003 0.0399436 0.0645698 0
0.018 0.003 0.0426882 0.0596592 0
0.019 0.003 0.0378501 0.0616112 0
0.02 0.003 0.0398007 0.0606056 0
0.021 0.003 0.0395794 0.0613283 0
0.022 0.003 0.0423663 0.0606517 0
0.023 0.003 0.0376068 0.0622456 0
0.024 0.003 0.0398306 0.0619034 0
0.025 0.003 0.038652 0.0617129 0
0.026 0.003 0.0393733 0.0599907 0
0.027 0.003 0.0398212 0.0627867 0
0.028 0.003 0.0399621 0.0611346 0
0.029 0.003 0.0386586 0.0596735 0
0.03 0.003 0.0399801 0.0619296 0
0.031 0.003 0.0376604 0.0617706 0
0.032 0.003 0.0359709 0.0617891 0
0.033 0.003 0.038117 0.0636712 0
0.034 0.003 0.0400823 0.0614341 0
0.035 0.003 0.0409798 0.0630598 0
0.036 0.003 0.0409438 0.0598797 0
0.037 0.003 0.0419118 0.0630989 0
0.038 0.003 0.0389491 0.0633604 0
0.039 0.004 0.0385539 0.0581334 0
0.04 0.004 0.0363959 0.0604796 0
0.041 0.004 0.0392432 0.0641921 0
0.042 0.004 0.0404916 0.0623292 0
0.043 0.004 0.0391387 0.0606052 0
0.044 0.004 0.0421487 0.0607564 0
0.045 0.004 0.0425674 0.0636736 0
0.046 0.004 0.0383735 0.0610658 0
0.047 0.004 0.0378827 0.0605181 0
0.048 0.004 0.0387811 0.0629343 0
0.049 0.004 0.0378971 0.062485 0
0.05 0.004 0.0392821 0.0635028 0
0.051 0.004 0.0381013 0.0626974 0
0.052 0.004 0.0374076 0.0630168 0
0.053 0.004 0.0392541 0.06287 0
0.054 0.004 0.0388399 0.0603803 0
0.055 0.004 0.0420328 0.059828 0
0.056 0.004 0.0377788 0.0634978 0
0.057 0.004 0.0429829 0.0615064 0
0.058 0.004 0.0391993 0.0630387 0
0.059 0.004 0.0381047 0.0613455 0
0.06 0.004 0.0387405 0.0632906 0
0.061 0.004 0.0367665 0.0617821 0
0.062 0.004 0.038079 0.0635855 0
0.063 0.004 0.0358408 0.0616203 0
0.064 0.004 0.0386219 0.0639876 0
0.065 0.004 0.0405124 0.0625459 0
0.066 0.004 0.0434519 0.0621362 0
0.067 0.004 0.0376433 0.0640083 0
0.068 0.004 0.0411579 0.0654977 0
0.069 0.004 0.0371258 0.0633998 0
0.07 0.004 0.0381939 0.0647257 0
0.071 0.004 0.0405493 0.0633066 0
0.072 0.004 0.0390727 0.0672913 0
0.073 0.004 0.0380564 0.0604427 0
0.074 0.004 0.0393179 0.0626844 0
0.075 0.004 0.0415394 0.0638498 0
0.076 0.004 0.0405842 0.0623476 0
0.077 0.004 0.0401756 0.063902 0
0.078 0.004 0.0401239 0.0644914 0
0.079 0.004 0.04157 0.0628192 0
0.08 0.004 0.0374319 0.0630171 0
0.081 0.004 0.0393714 0.0630868 0
0.082 0.004 0.0397202 0.0617361 0
0.083 0.004 0.0395104 0.0651513 0
0.084 0.004 0.0376279 0.0613352 0
0.085 0.004 0.040036 0.0643453 0
0.086 0.004 0.0446999 0.0663682 0
0.087 0.004 0.0400094 0.0642643 0
0.088 0.004 0.0405557 0.0647657 0
0.089 0.004 0.0413336 0.0630036 0
0.09 0.004 0.0418635 0.0646108 0
0.091 0.004 0.0384224 0.0620804 0
0.092 0.004 0.0377241 0.0601257 0
0.093 0.004 0.0387275 0.0634262 0
0.094 0.004 0.0408079 0.0651893 0
0.095 0.004 0.0378828 0.0629533 0
0.096 0.004 0.0414108 0.0620927 0
0.097 0.005 0.0398569 0.0642904 0
0.098 0.005 0.0421545 0.0627284 0
0.099 0.006 0.0445476 0.0632018 0
0.1 0.006 0.0415739 0.062216 0
0.101 0.006 0.0392129 0.0656476 0
0.102 0.006 0.0400535 0.0668499 0
0.103 0.006 0.0421887 0.0660795 0
0.104 0.006 0.0402407 0.0631092 0
0.105 0.006 0.0403399 0.0653272 0
0.106 0.006 0.042109 0.06526 0
0.107 0.006 0.0431704 0.0645388 0
0.108 0.006 0.0394462 0.0633195 0
0.109 0.006 0.0417597 0.0641911 0
0.11 0.006 0.0382089 0.0634773 0
0.111 0.006 0.0422716 0.0650083 0
0.112 0.006 0.0422974 0.0649162 0
0.113 0.006 0.0373588 0.0651883 0
0.114 0.006 0.0393712 0.0634403 0
0.115 0.007 0.0388484 0.0658268 0
0.116 0.007 0.0386798 0.0645373 0
0.117 0.007 0.0459742 0.0647475 0
0.118 0.007 0.0421657 0.06585 0
0.119 0.007 0.043188 0.0635057 0
0.12 0.007 0.039994 0.0634515 0
0.121 0.007 0.0426756 0.0609073 0
0.122 0.007 0.0443652 0.0658883 0
0.123 0.007 0.0397116 0.0608502 0
0.124 0.007 0.0432678 0.063166 0
0.125 0.007 0.041099 0.0652633 0
0.126 0.007 0.0425055 0.0617517 0
0.127 0.007 0.0428949 0.0631684 0
0.128 0.007 0.0417457 0.0657183 0
0.129 0.007 0.0389598 0.0630149 0
0.13 0.007 0.0411619 0.0648731 0
0.131 0.007 0.0449987 0.0674767 0
0.132 0.007 0.0407303 0.0626696 0
0.133 0.007 0.0432924 0.0638555 0
0.134 0.007 0.0424214 0.0640149 0
0.135 0.007 0.0434875 0.0607574 0
0.136 0.007 0.0421548 0.0648076 0
0.137 0.007 0.0405232 0.0635802 0
0.138 0.007 0.0404386 0.0628995 0
0.139 0.007 0.0433059 0.0636164 0
0.14 0.007 0.0412304 0.0649893 0
0.141 0.007 0.0448342 0.0640524 0
0.142 0.007 0.0442245 0.0644228 0
0.143 0.007 0.04463 0.0624373 0
0.144 0.007 0.045195 0.063253 0
0.145 0.007 0.0469837 0.0657503 0
0.146 0.007 0.0418941 0.0649669 0
0.147 0.007 0.0393615 0.0626861 0
0.148 0.007 0.0476639 0.0646505 0
0.149 0.007 0.0386788 0.0628063 0
0.15 0.007 0.0432186 0.066296 0
0.151 0.007 0.0423277 0.0627124 0
0.152 0.007 0.0443887 0.0643461 0
0.153 0.007 0.0422716 0.064051 0
0.154 0.007 0.0431567 0.0688278 0
0.155 0.007 0.043185 0.0664896 0
0.156 0.007 0.0445546 0.0680476 0
0.157 0.007 0.0389617 0.0647029 0
0.158 0.007 0.0420776 0.065873 0
0.159 0.007 0.0430077 0.0625401 0
0.16 0.007 0.0421063 0.063549 0
0.161 0.007 0.0416253 0.0651935 0
0.162 0.007 0.0436922 0.0651968 0
0.163 0.007 0.0444317 0.0634477 0
0.164 0.007 0.0429466 0.067503 0
0.165 0.007 0.0417125 0.0670234 0
0.166 0.007 0.0436131 0.0679206 0
0.167 0.007 0.0441109 0.068562 0
0.168 0.007 0.0450102 0.0643682 0
0.169 0.007 0.04074 0.0635185 0
0.17 0.007 0.0413402 0.0636677 0
0.171 0.007 0.0403487 0.0640348 0
0.172 0.007 0.0396121 0.0669736 0
0.173 0.007 0.0413154 0.0680911 0
0.174 0.007 0.0417437 0.0660001 0
0.175 0.007 0.0406724 0.0682833 0
0.176 0.007 0.0414148 0.0685712 0
0.177 0.007 0.0421194 0.0670859 0
0.178 0.007 0.0500764 0.0624972 0
0.179 0.007 0.0423473 0.0636414 0
0.18 0.007 0.047542 0.066616 0
0.181 0.007 0.0446767 0.0661672 0
0.182 0.007 0.0394929 0.0648144 0
0.183 0.007 0.0397928 0.0621182 0
0.184 0.007 0.0459825 0.0633209 0
0.185 0.007 0.0431838 0.0681168 0
0.186 0.007 0.0441957 0.0652103 0
0.187 0.007 0.0461228 0.0633093 0
0.188 0.007 0.044872 0.0656518 0
0.189 0.007 0.0422971 0.0654999 0
0.19 0.007 0.046817 0.070165 0
0.191 0.007 0.0433128 0.0648994 0
0.192 0.007 0.0376567 0.0666911 0
0.193 0.01 0.0448523 0.0665884 0
0.194 0.01 0.0441488 0.0658441 0
0.195 0.01 0.0410586 0.0638771 0
0.196 0.01 0.0444176 0.0688614 0
0.197 0.01 0.0427126 0.0674002 0
0.198 0.01 0.0444924 0.0658905 0
0.199 0.01 0.0426041 0.0669964 0
0.2 0.01 0.0442428 0.0680612 0
0.201 0.01 0.0426374 0.0674801 0
0.202 0.01 0.0400469 0.0673941 0
0.203 0.01 0.0434812 0.0675399 0
0.204 0.01 0.0397156 0.0690663 0
0.205 0.01 0.0471144 0.0669525 0
0.206 0.01 0.0420194 0.0643985 0
0.207 0.01 0.0472024 0.0660089 0
0.208 0.01 0.0433014 0.0654437 0
0.209 0.01 0.0410376 0.0668374 0
0.21 0.01 0.0458246 0.064709 0
0.211 0.01 0.0450433 0.0678979 0
0.212 0.01 0.0452064 0.0633239 0
0.213 0.01 0.0425438 0.0680759 0
0.214 0.01 0.0403982 0.0700484 0
0.215 0.01 0.0422445 0.067518 0
0.216 0.01 0.0441154 0.0721817 0
0.217 0.01 0.0446175 0.0698444 0
0.218 0.01 0.0449801 0.0699389 0
0.219 0.01 0.0447089 0.0656581 0
0.22 0.01 0.0465941 0.0702507 0
0.221 0.01 0.0428772 0.0678642 0
0.222 0.01 0.0473675 0.0677031 0
0.223 0.01 0.0447671 0.0663669 0
0.224 0.01 0.0463015 0.0673001 0
0.225 0.01 0.0484285 0.0690109 0
0.226 0.01 0.0430229 0.0649004 0
0.227 0.01 0.044006 0.068462 0
0.228 0.01 0.0461664 0.071288 0
0.229 0.01 0.0439959 0.0682759 0
0.23 0.01 0.0442797 0.0652577 0
0.231 0.01 0.0448451 0.0680637 0
0.232 0.01 0.0411127 0.0651666 0
0.233 0.01 0.047585 0.0679044 0
0.234 0.01 0.0479039 0.0670931 0
0.235 0.01 0.0494637 0.0693457 0
0.236 0.01 0.0477516 0.0649529 0
0.237 0.01 0.0433572 0.0662748 0
0.238 0.01 0.0470404 0.0667815 0
0.239 0.01 0.0467311 0.0657984 0
0.24 0.01 0.0411581 0.0693404 0
0.241 0.01 0.0459808 0.0657747 0
0.242 0.01 0.0466809 0.0650118 0
0.243 0.01 0.0422227 0.0681126 0
0.244 0.01 0.0468895 0.0675428 0
0.245 0.01 0.0440997 0.0705742 0
0.246 0.01 0.0463596 0.0686097 0
0.247 0.01 0.051098 0.0734787 0
0.248 0.01 0.0435717 0.0694507 0
0.249 0.01 0.0420132 0.0687571 0
0.25 0.01 0.0457156 0.0673209 0
0.251 0.01 0.0495811 0.0686834 0
0.252 0.01 0.0409847 0.0714132 0
0.253 0.011 0.0474978 0.0658465 0
0.254 0.011 0.0479958 0.0696093 0
0.255 0.011 0.0468826 0.0647753 0
0.256 0.011 0.0502299 0.0690482 0
0.257 0.011 0.0480118 0.0695203 0
0.258 0.011 0.0484074 0.0694577 0
0.259 0.011 0.0473251 0.0705283 0
0.26 0.011 0.0496074 0.07234 0
0.261 0.011 0.0431364 0.0707561 0
0.262 0.011 0.0527864 0.0704162 0
0.263 0.011 0.0472571 0.0681955 0
0.264 0.011 0.0492494 0.072587 0
0.265 0.011 0.045543 0.0703395 0
0.266 0.014 0.0475533 0.0683039 0
0.267 0.015 0.0506986 0.0708249 0
0.268 0.015 0.0456161 0.0680162 0
0.269 0.015 0.0510451 0.0729997 0
0.27 0.016 0.0477633 0.066417 0
0.271 0.016 0.0538989 0.0700259 0
0.272 0.016 0.0539947 0.072778 0
0.273 0.016 0.046227 0.0663937 0
0.274 0.016 0.0497066 0.0713654 0
0.275 0.016 0.0516666 0.0680681 0
0.276 0.016 0.0558741 0.0705772 0
0.277 0.016 0.0499984 0.0719855 0
0.278 0.016 0.0486346 0.0678556 0
0.279 0.016 0.0505081 0.067403 0
0.28 0.016 0.0484791 0.0723945 0
0.281 0.016 0.0492051 0.0699348 0
0.282 0.016 0.0432837 0.0711216 0
0.283 0.017 0.0522874 0.0723208 0
0.284 0.017 0.0528306 0.0717906 0
0.285 0.017 0.0491529 0.0731827 0
0.286 0.017 0.0460123 0.0725024 0
0.287 0.017 0.0556399 0.0689293 0
0.288 0.017 0.052874 0.0663305 0
0.289 0.017 0.0535088 0.0725789 0
0.29 0.017 0.0476186 0.0688079 0
0.291 0.017 0.0551022 0.0680272 0
0.292 0.017 0.0523576 0.0726549 0
0.293 0.017 0.0518906 0.0719103 0
0.294 0.017 0.0502118 0.0677569 0
0.295 0.017 0.0501173 0.0688106 0
0.296 0.017 0.0527723 0.0704301 0
0.297 0.017 0.0553598 0.0724292 0
0.298 0.017 0.0551141 0.075261 0
0.299 0.017 0.0556511 0.0704768 0
0.3 0.017 0.0492798 0.0699232 0
0.301 0.017 0.060768 0.0723349 0
0.302 0.017 0.0551007 0.0697164 0
0.303 0.017 0.0602261 0.071887 0
0.304 0.017 0.0629952 0.0683838 0
0.305 0.017 0.0550563 0.0726853 0
0.306 0.017 0.0617271 0.0737466 0
0.307 0.018 0.0575899 0.0727543 0
0.308 0.018 0.054175 0.0694115 0
0.309 0.018 0.0586989 0.0734687 0
0.31 0.018 0.0558763 0.0701672 0
0.311 0.018 0.0529676 0.074778 0
0.312 0.019 0.0565046 0.0705782 0
0.313 0.019 0.0582236 0.0766017 0
0.314 0.019 0.0582247 0.0741699 0
0.315 0.019 0.05151 0.0696397 0
0.316 0.021 0.06121 0.0699376 0
0.317 0.021 0.0643419 0.0724758 0
0.318 0.021 0.0564798 0.0739452 0
0.319 0.021 0.0579225 0.0728738 0
0.32 0.021 0.0583493 0.0706742 0
0.321 0.021 0.0630809 0.0764923 0
0.322 0.021 0.0550878 0.0706558 0
0.323 0.021 0.0561061 0.0736008 0
0.324 0.021 0.0532397 0.0758813 0
0.325 0.021 0.0588255 0.0713229 0
0.326 0.021 0.0507457 0.0718076 0
0.327 0.021 0.061122 0.0760078 0
0.328 0.021 0.0533969 0.071626 0
0.329 0.021 0.0574241 0.075454 0
0.33 0.021 0.0537602 0.0730427 0
0.331 0.021 0.054427 0.0759932 0
0.332 0.021 0.0564692 0.0773217 0
0.333 0.021 0.0568169 0.0716445 0
0.334 0.021 0.0530612 0.0725653 0
0.335 0.021 0.0507605 0.071265 0
0.336 0.021 0.0621492 0.0788075 0
0.337 0.021 0.0536339 0.0731104 0
0.338 0.021 0.0515973 0.0733742 0
0.339 0.021 0.0577326 0.0682993 0
0.34 0.021 0.0502146 0.0739639 0
0.341 0.021 0.0517085 0.075544 0
0.342 0.021 0.054926 0.0739118 0
0.343 0.021 0.060134 0.0780954 0
0.344 0.021 0.0534148 0.0734167 0
0.345 0.021 0.0563829 0.072476 0
0.346 0.021 0.0557704 0.0768422 0
0.347 0.021 0.0585747 0.074351 0
0.348 0.021 0.0532946 0.0763006 0
0.349 0.021 0.0515799 0.0766188 0
0.35 0.021 0.0578234 0.0735876 0
0.351 0.021 0.0628049 0.0743046 0
0.352 0.021 0.0536953 0.0753952 0
0.353 0.021 0.0582073 0.0713562 0
0.354 0.021 0.0621567 0.0735607 0
0.355 0.021 0.0649851 0.0761912 0
0.356 0.021 0.0611514 0.0745566 0
0.357 0.022 0.0621113 0.0778229 0
0.358 0.022 0.0641184 0.0745804 0
0.359 0.022 0.0640186 0.0761568 0
0.36 0.022 0.060113 0.0758136 0
0.361 0.022 0.0600571 0.0720596 0
0.362 0.022 0.0585379 0.0753819 0
0.363 0.022 0.0583187 0.0807515 0
0.364 0.022 0.0587418 0.072001 0
0.365 0.022 0.0642445 0.0763644 0
0.366 0.022 0.0660135 0.0743406 0
0.367 0.022 0.0573912 0.0765531 0
0.368 0.022 0.0630367 0.0756809 0
0.369 0.022 0.0582783 0.0749004 0
0.37 0.022 0.0607242 0.0715863 0
0.371 0.022 0.0599336 0.0781255 0
0.372 0.022 0.0632719 0.0787969 0
0.373 0.022 0.06167 0.0799804 0
0.374 0.022 0.0627341 0.0742327 0
0.375 0.022 0.0633025 0.0784301 0
0.376 0.022 0.0704762 0.0771675 0
0.377 0.022 0.0578397 0.0762832 0
0.378 0.022 0.0592841 0.075256 0
0.379 0.022 0.0645403 0.0777874 0
0.38 0.022 0.0612507 0.0707897 0
0.381 0.022 0.059153 0.0758183 0
0.382 0.022 0.0553485 0.0731261 0
0.383 0.022 0.0605536 0.0746504 0
0.384 0.022 0.0681996 0.079102 0
0.385 0.022 0.0626181 0.0752017 0
0.386 0.022 0.0595644 0.073229 0
0.387 0.022 0.0596641 0.0774709 0
0.388 0.022 0.0626242 0.0754237 0
0.389 0.022 0.0654453 0.0767256 0
0.39 0.022 0.0570012 0.0779888 0
0.391 0.022 0.0599314 0.080526 0
0.392 0.022 0.0663059 0.0739723 0
0.393 0.022 0.0635083 0.0821227 0
0.394 0.022 0.0692259 0.0723545 0
0.395 0.022 0.0584024 0.0773048 0
0.396 0.022 0.0687173 0.0745576 0
0.397 0.022 0.0549434 0.0810186 0
0.398 0.022 0.0612682 0.0757384 0
0.399 0.022 0.0662505 0.0847958 0
0.4 0.022 0.0671518 0.0782231 0
0.401 0.022 0.0665089 0.0773068 0
0.402 0.022 0.0634832 0.0795114 0
0.403 0.022 0.0644836 0.0798817 0
0.404 0.022 0.0711933 0.0831755 0
0.405 0.022 0.0565751 0.0821224 0
0.406 0.023 0.061773 0.0785176 0
0.407 0.024 0.065051 0.0841405 0
0.408 0.024 0.0607685 0.0788057 0
0.409 0.024 0.0608041 0.0840432 0
0.41 0.024 0.0740456 0.0752081 0
0.411 0.024 0.072199 0.0831671 0
0.412 0.042 0.0689797 0.0771471 0
0.413 0.042 0.0676126 0.0752289 0
0.414 0.042 0.0676155 0.0771188 0
0.415 0.042 0.0691082 0.0789123 0
0.416 0.042 0.0776481 0.0797802 0
0.417 0.042 0.0682483 0.0748759 0
0.418 0.042 0.0685927 0.079174 0
0.419 0.042 0.0758642 0.0780366 0
0.42 0.042 0.0777238 0.0768597 0
0.421 0.042 0.0725761 0.0778112 0
0.422 0.042 0.0664346 0.0781298 0
0.423 0.042 0.0752234 0.0818875 0
0.424 0.042 0.0675879 0.0795638 0
0.425 0.042 0.0684104 0.0786588 0
0.426 0.042 0.0739651 0.0786302 0
0.427 0.042 0.0684173 0.0812971 0
0.428 0.042 0.0718359 0.0812288 0
0.429 0.042 0.0667766 0.079898 0
0.43 0.042 0.0776313 0.0710029 0
0.431 0.042 0.074529 0.085199 0
0.432 0.042 0.0751224 0.0777157 0
0.433 0.042 0.0747409 0.0859976 0
0.434 0.042 0.0765155 0.0833133 0
0.435 0.042 0.076064 0.0788853 0
0.436 0.042 0.0757294 0.0815387 0
0.437 0.042 0.0651978 0.07958 0
0.438 0.042 0.0736029 0.0786944 0
0.439 0.042 0.0704374 0.0836096 0
0.44 0.042 0.0708654 0.0814946 0
0.441 0.042 0.0631571 0.0777686 0
0.442 0.043 0.0807835 0.0785956 0
0.443 0.043 0.0660975 0.0792212 0
0.444 0.043 0.0794591 0.0719976 0
0.445 0.043 0.0649391 0.0838723 0
0.446 0.043 0.0746398 0.0792639 0
0.447 0.043 0.0756158 0.0822172 0
0.448 0.043 0.079888 0.0750797 0
0.449 0.043 0.0702682 0.0811412 0
0.45 0.043 0.0749651 0.0777517 0
0.451 0.043 0.0687478 0.0845402 0
0.452 0.043 0.0713954 0.0788811 0
0.453 0.043 0.0773588 0.0858304 0
0.454 0.043 0.0708173 0.0846956 0
0.455 0.043 0.0813696 0.0841917 0
0.456 0.043 0.0718241 0.0833432 0
0.457 0.043 0.0747597 0.0843119 0
0.458 0.043 0.0804646 0.0802686 0
0.459 0.043 0.0750556 0.0865365 0
0.46 0.043 0.0726662 0.0823472 0
0.461 0.043 0.072018 0.0836242 0
0.462 0.043 0.078547 0.0803737 0
0.463 0.043 0.074795 0.0868561 0
0.464 0.043 0.0765915 0.0800459 0
0.465 0.043 0.0780131 0.0787313 0
0.466 0.043 0.0736917 0.0881373 0
0.467 0.044 0.0783805 0.0861983 0
0.468 0.044 0.080995 0.0807977 0
0.469 0.044 0.0706327 0.0845854 0
0.47 0.044 0.0837919 0.0815684 0
0.471 0.044 0.0829426 0.080444 0
0.472 0.044 0.078362 0.0822153 0
0.473 0.044 0.0829522 0.0829096 0
0.474 0.044 0.0837845 0.081988 0
0.475 0.047 0.0822206 0.0863594 0
0.476 0.047 0.0904227 0.0823983 0
0.477 0.048 0.0702623 0.0808699 0
0.478 0.048 0.0799079 0.0838935 0
0.479 0.048 0.0677227 0.08354 0
0.48 0.048 0.0803501 0.081648 0
0.481 0.048 0.0706136 0.08764 0
0.482 0.048 0.083128 0.0787115 0
0.483 0.048 0.0742942 0.0866351 0
0.484 0.048 0.0704544 0.0853507 0
0.485 0.048 0.0684096 0.0830882 0
0.486 0.048 0.07587 0.0789115 0
0.487 0.048 0.0712309 0.087489 0
0.488 0.048 0.073687 0.0880236 0
0.489 0.048 0.0735708 0.0839393 0
0.49 0.048 0.0692559 0.0874778 0
0.491 0.048 0.070387 0.0878724 0
0.492 0.048 0.0720591 0.0890139 0
0.493 0.048 0.0712116 0.0835161 0
0.494 0.048 0.0780326 0.0846219 0
0.495 0.048 0.0745775 0.0792437 0
0.496 0.048 0.0744912 0.0783748 0
0.497 0.048 0.0735249 0.0836983 0
0.498 0.048 0.076725 0.0842782 0
0.499 0.048 0.0718651 0.0797762 0
0.5 0.048 0.0683957 0.0883952 0
0.501 0.049 0.0619669 0.0868276 0
0.502 0.049 0.0664734 0.0847216 0
0.503 0.049 0.0633483 0.0852781 0
0.504 0.049 0.067599 0.086799 0
0.505 0.052 0.070409 0.0882173 0
0.506 0.052 0.0674589 0.0855369 0
0.507 0.052 0.0784076 0.0767766 0
0.508 0.052 0.0743784 0.0848974 0
0.509 0.052 0.0684373 0.0776722 0
0.51 0.052 0.0806372 0.0838896 0
0.511 0.052 0.0661813 0.0815516 0
0.512 0.052 0.076358 0.0849648 0
0.513 0.052 0.0644205 0.0844869 0
0.514 0.052 0.0806591 0.0840203 0
0.515 0.052 0.0593083 0.0836477 0
0.516 0.054 0.0644971 0.0875764 0
0.517 0.054 0.0643204 0.0867157 0
0.518 0.054 0.0817513 0.0812286 0
0.519 0.054 0.0640708 0.0839922 0
0.52 0.054 0.0791411 0.0837806 0
0.521 0.054 0.0654986 0.0885836 0
0.522 0.054 0.0768102 0.0883321 0
0.523 0.054 0.0610359 0.0873078 0
0.524 0.054 0.0696347 0.0887251 0
0.525 0.055 0.0704729 0.0839434 0
0.526 0.055 0.066291 0.0851929 0
0.527 0.063 0.0703135 0.0851369 0
0.528 0.093 0.071425 0.0848402 0
0.529 0.095 0.0731778 0.0875773 0
0.53 0.097 0.0719608 0.0878687 0
0.531 0.1 0.0679877 0.0889585 0
0.532 0.1 0.0722977 0.0858562 0
0.533 0.1 0.083265 0.0912804 0
0.534 0.1 0.0749282 0.0814899 0
0.535 0.1 0.0733012 0.0910087 0
0.536 0.1 0.0835888 0.0872262 0
0.537 0.1 0.0816167 0.0839671 0
0.538 0.1 0.0821744 0.0929545 0
0.539 0.1 0.0850038 0.0870418 0
0.54 0.1 0.0851294 0.0878489 0
0.541 0.1 0.0955295 0.0915375 0
0.542 0.112 0.0838914 0.0908145 0
0.543 0.112 0.0896519 0.0993936 0
0.544 0.112 0.0818022 0.0927933 0
0.545 0.112 0.0976754 0.09767 0
0.546 0.112 0.0898173 0.0893118 0
0.547 0.112 0.0880256 0.0955772 0
0.548 0.112 0.0823893 0.0924648 0
0.549 0.112 0.0834216 0.0947658 0
0.55 0.113 0.0898772 0.0927346 0
0.551 0.113 0.114429 0.087087 0
0.552 0.113 0.115217 0.0898283 0
0.553 0.113 0.0917653 0.0955311 0
0.554 0.113 0.0857721 0.095966 0
0.555 0.113 0.0825183 0.0906093 0
0.556 0.113 0.0788602 0.0898391 0
0.557 0.113 0.0747302 0.0929621 0
0.558 0.113 0.0740968 0.0952954 0
0.559 0.114 0.0717496 0.090648 0
0.56 0.147 0.0759507 0.0977772 0
0.561 0.147 0.0753321 0.0877985 0
0.562 0.147 0.0786627 0.0923402 0
0.563 0.238 0.0803204 0.0954933 0
0.564 0.239 0.0813191 0.0910631 0
0.565 0.239 0.0827529 0.0934243 0
0.566 0.248 0.0822063 0.0951467 0
0.567 0.249 0.0816628 0.100016 0
0.568 0.25 0.0878489 0.0915179 0
0.569 0.251 0.0963601 0.0819095 0
0.57 0.251 0.101666 0.0911526 0
0.571 0.251 0.0994537 0.0953229 0
0.572 0.252 0.0990823 0.0850892 0
0.573 0.252 0.0973016 0.0929806 0
0.574 0.255 0.0923285 0.0952437 0
0.575 0.255 0.0977903 0.0936273 0
0.576 0.255 0.100278 0.0948263 0
0.577 0.257 0.0948462 0.0936173 0
0.578 0.261 0.107286 0.0983738 0
0.579 0.262 0.103726 0.0961712 0
0.58 0.262 0.106569 0.0889964 0
0.581 0.262 0.0979969 0.0899963 0
0.582 0.262 0.117148 0.0937879 0
0.583 0.262 0.117975 0.0941012 0
0.584 0.308 0.112701 0.0902019 0
0.585 0.311 0.109563 0.0920079 0
0.586 0.311 0.109359 0.0914516 0
0.587 0.314 0.116912 0.0884581 0
0.588 0.317 0.113677 0.0889457 0
0.589 0.317 0.115639 0.0928875 0
0.59 0.324 0.115798 0.0917451 0
0.591 0.326 0.111376 0.0909512 0
0.592 0.326 0.0999493 0.09211 0
0.593 0.327 0.0927149 0.104938 0
0.594 0.327 0.0990166 0.0943991 0
0.595 0.328 0.0859916 0.100687 0
0.596 0.328 0.0781937 0.0992124 0
0.597 0.328 0.0731649 0.101796 0
0.598 0.329 0.0813388 0.103113 0
0.599 0.338 0.0870396 0.104676 0
0.6 0.338 0.0884906 0.102262 0
0.601 0.338 0.0828665 0.110697 0
0.602 0.339 0.0944224 0.0942486 0
0.603 0.339 0.0958494 0.107951 0
0.604 0.339 0.0904479 0.093973 0
0.605 0.341 0.0719999 0.0980338 0
0.606 0.342 0.0781574 0.100347 0
0.607 0.344 0.0697708 0.104954 0
0.608 0.344 0.0801774 0.104147 0
0.609 0.359 0.0764362 0.100913 0
0.61 0.359 0.0805166 0.104652 0
0.611 0.392 0.0772777 0.106213 0
0.612 0.392 0.0781891 0.102227 0
0.613 0.393 0.0736196 0.104684 0
0.614 0.393 0.0864572 0.0992078 0
0.615 0.393 0.0896963 0.103684 0
0.616 0.394 0.085261 0.101271 0
0.617 0.394 0.0839645 0.110575 0
0.618 0.394 0.0834778 0.104661 0
0.619 0.394 0.0862887 0.103585 0
0.62 0.394 0.0763231 0.103973 0
0.621 0.395 0.0779535 0.106498 0
0.622 0.397 0.0761728 0.0988355 0
0.623 0.4 0.0804921 0.108266 0
0.624 0.4 0.0843532 0.107658 0
0.625 0.401 0.0813088 0.107805 0
0.626 0.401 0.0829513 0.104234 0
0.627 0.401 0.0722657 0.107903 0
0.628 0.401 0.0720884 0.102265 0
0.629 0.401 0.0842499 0.113545 0
0.63 0.401 0.0830824 0.10585 0
0.631 0.404 0.0866604 0.106067 0
0.632 0.404 0.0854967 0.104256 0
0.633 0.408 0.0913829 0.105197 0
0.634 0.411 0.0894295 0.104963 0
0.635 0.413 0.0825421 0.104896 0
0.636 0.413 0.0862822 0.110226 0
0.637 0.413 0.0892189 0.106315 0
0.638 0.416 0.0897661 0.106824 0
0.639 0.44 0.0860563 0.108891 0
0.64 0.44 0.087666 0.111848 0
0.641 0.442 0.0886715 0.114194 0
0.642 0.442 0.0901768 0.113556 0
0.643 0.443 0.0887113 0.106912 0
0.644 0.443 0.0868758 0.111375 0
0.645 0.443 0.0891816 0.113811 0
0.646 0.445 0.0880947 0.110581 0
0.647 0.445 0.0981284 0.113355 0
0.648 0.449 0.0932441 0.110544 0
0.649 0.449 0.0886343 0.102933 0
0.65 0.449 0.086511 0.115494 0
0.651 0.449 0.0930206 0.112546 0
0.652 0.45 0.0915602 0.111612 0
0.653 0.451 0.0943628 0.10931 0
0.654 0.452 0.0958051 0.113578 0
0.655 0.452 0.0980072 0.111054 0
0.656 0.452 0.100759 0.10961 0
0.657 0.452 0.104161 0.114652 0
0.658 0.453 0.098222 0.108128 0
0.659 0.456 0.104807 0.11045 0
0.66 0.457 0.098338 0.107647 0
0.661 0.459 0.0962051 0.111046 0
0.662 0.462 0.0958825 0.108659 0
0.663 0.462 0.0970223 0.111851 0
0.664 0.462 0.0995791 0.114385 0
0.665 0.467 0.0967438 0.11412 0
0.666 0.468 0.091782 0.113162 0
0.667 0.468 0.0873227 0.110257 0
0.668 0.468 0.0927999 0.110667 0
0.669 0.468 0.0923788 0.112991 0
0.67 0.469 0.0965176 0.1218 0
0.671 0.469 0.0973481 0.120248 0
0.672 0.469 0.099123 0.120168 0
0.673 0.47 0.0979152 0.114759 0
0.674 0.47 0.0961647 0.115716 0
0.675 0.474 0.0971842 0.11501 0
0.676 0.476 0.0900565 0.116781 0
0.677 0.476 0.10378 0.117255 0
0.678 0.476 0.0984256 0.119433 0
0.679 0.477 0.102664 0.123288 0
0.68 0.477 0.097889 0.11822 0
0.681 0.477 0.0983975 0.121775 0
0.682 0.478 0.090388 0.114592 0
0.683 0.479 0.0988915 0.117379 0
0.684 0.479 0.103205 0.112491 0
0.685 0.48 0.0965218 0.115178 0
0.686 0.48 0.0999735 0.113843 0
0.687 0.48 0.10376 0.11774 0
0.688 0.481 0.0852959 0.114684 0
0.689 0.481 0.0868263 0.119702 0
0.69 0.483 0.0913372 0.11648 0
0.691 0.484 0.0910015 0.120903 0
0.692 0.485 0.102882 0.106545 0
0.693 0.485 0.102385 0.114384 0
0.694 0.49 0.100184 0.115802 0
0.695 0.494 0.0956786 0.117885 0
0.696 0.494 0.0890724 0.118212 0
0.697 0.494 0.0946383 0.117419 0
0.698 0.494 0.0957022 0.117602 0
0.699 0.495 0.10442 0.122754 0
0.7 0.497 0.0936913 0.11716 0
0.701 0.497 0.0963129 0.118701 0
0.702 0.497 0.0959826 0.11338 0
0.703 0.505 0.100877 0.119097 0
0.704 0.505 0.0952352 0.116255 0
0.705 0.506 0.100574 0.119475 0
0.706 0.507 0.105189 0.119405 0
0.707 0.508 0.105733 0.124084 0
0.708 0.527 0.102619 0.117546 0
0.709 0.527 0.0976423 0.117287 0
0.71 0.527 0.10371 0.114403 0
0.711 0.531 0.104231 0.116969 0
0.712 0.531 0.097069 0.111287 0
0.713 0.533 0.103659 0.11801 0
0.714 0.534 0.10288 0.113845 0
0.715 0.539 0.105524 0.12054 0
0.716 0.539 0.0894753 0.12552 0
0.717 0.539 0.107566 0.116639 0
0.718 0.539 0.0994645 0.11795 0
0.719 0.54 0.103083 0.120073 0
0.72 0.542 0.0951156 0.12372 0
0.721 0.543 0.102733 0.125378 0
0.722 0.549 0.0936345 0.126098 0
0.723 0.553 0.0964332 0.117987 0
0.724 0.555 0.0876291 0.12303 0
0.725 0.555 0.0993412 0.125662 0
0.726 0.555 0.105918 0.115718 0
0.727 0.56 0.115209 0.120061 0
0.728 0.562 0.121272 0.118529 0
0.729 0.562 0.14592 0.115334 0
0.73 0.562 0.146145 0.105124 0
0.731 0.564 0.149711 0.106384 0
0.732 0.564 0.149788 0.108303 0
0.733 0.565 0.151988 0.10988 0
0.734 0.567 0.14303 0.109211 0
0.735 0.568 0.159469 0.105533 0
0.736 0.571 0.163862 0.104437 0
0.737 0.572 0.169472 0.109903 0
0.738 0.573 0.163688 0.108544 0
0.739 0.577 0.182313 0.107274 0
0.74 0.577 0.194034 0.0968008 0
0.741 0.578 0.186913 0.109096 0
0.742 0.578 0.221106 0.0874498 0
0.743 0.578 0.228815 0.0906605 0
0.744 0.578 0.241121 0.0830871 0
0.745 0.578 0.241078 0.0896 0
0.746 0.578 0.240366 0.0858665 0
0.747 0.578 0.237515 0.0864081 0
0.748 0.578 0.23511 0.0849594 0
0.749 0.581 0.241939 0.0884271 0
0.75 0.584 0.240881 0.0953871 0
0.751 0.585 0.245257 0.0900956 0
0.752 0.585 0.247879 0.0941832 0
0.753 0.586 0.251221 0.0971552 0
0.754 0.589 0.238281 0.0890627 0
0.755 0.589 0.24171 0.0953157 0
0.756 0.589 0.237973 0.102668 0
0.757 0.59 0.234016 0.0976696 0
0.758 0.59 0.232259 0.0993965 0
0.759 0.59 0.230481 0.101289 0
0.76 0.59 0.231684 0.0913456 0
0.761 0.591 0.239555 0.0939545 0
0.762 0.592 0.228865 0.0968968 0
0.763 0.599 0.242068 0.0891559 0
0.764 0.606 0.235446 0.0937995 0
0.765 0.607 0.230524 0.0956904 0
0.766 0.607 0.253544 0.0871599 0
0.767 0.607 0.252121 0.0957173 0
0.768 0.607 0.25593 0.0978703 0
0.769 0.607 0.276209 0.0890581 0
0.77 0.607 0.304118 0.0757478 0
0.771 0.608 0.301473 0.0777774 0
0.772 0.609 0.302066 0.0741124 0
0.773 0.613 0.30194 0.0815468 0
0.774 0.613 0.292166 0.0854116 0
0.775 0.614 0.278021 0.0806663 0
0.776 0.614 0.277072 0.0876304 0
0.777 0.617 0.287528 0.0826009 0
0.778 0.617 0.30039 0.0779255 0
0.779 0.618 0.308336 0.0835836 0
0.78 0.619 0.317506 0.0805169 0
0.781 0.62 0.305049 0.0855342 0
0.782 0.62 0.303401 0.0814041 0
0.783 0.624 0.288955 0.0860096 0
0.784 0.625 0.294728 0.0868541 0
0.785 0.625 0.294777 0.0828723 0
0.786 0.625 0.297762 0.0872324 0
0.787 0.625 0.288006 0.0916067 0
0.788 0.626 0.28781 0.0876405 0
0.789 0.627 0.278629 0.097362 0
0.79 0.627 0.273698 0.0990005 0
0.791 0.628 0.278421 0.0981999 0
0.792 0.63 0.27445 0.098106 0
0.793 0.631 0.273819 0.102619 0
0.794 0.632 0.278016 0.0944683 0
0.795 0.632 0.289049 0.089912 0
0.796 0.632 0.250126 0.0947426 0
0.797 0.632 0.261444 0.0978518 0
0.798 0.633 0.263695 0.0956153 0
0.799 0.634 0.270246 0.092905 0
0.8 0.634 0.282135 0.0910789 0
0.801 0.635 0.285571 0.0904062 0
0.802 0.635 0.302721 0.0911612 0
0.803 0.635 0.301464 0.0912773 0
0.804 0.637 0.286336 0.080014 0
0.805 0.638 0.29015 0.0960442 0
0.806 0.639 0.289078 0.0853798 0
0.807 0.639 0.285813 0.0909661 0
0.808 0.641 0.286931 0.0876309 0
0.809 0.642 0.284613 0.0885714 0
0.81 0.644 0.283157 0.0875291 0
0.811 0.645 0.290847 0.0894538 0
0.812 0.645 0.315289 0.079647 0
0.813 0.645 0.316109 0.0828926 0
0.814 0.645 0.317925 0.0812083 0
0.815 0.645 0.321551 0.083496 0
0.816 0.645 0.319886 0.0761384 0
0.817 0.645 0.321262 0.08434 0
0.818 0.645 0.328977 0.0786412 0
0.819 0.646 0.326673 0.0803669 0
0.82 0.646 0.329353 0.0798298 0
0.821 0.65 0.332532 0.0796586 0
0.822 0.651 0.335208 0.0797831 0
0.823 0.651 0.33177 0.0845543 0
0.824 0.653 0.339023 0.0838268 0
0.825 0.654 0.345228 0.0892515 0
0.826 0.654 0.342633 0.0810572 0
0.827 0.654 0.339697 0.0906929 0
0.828 0.654 0.350965 0.0822938 0
0.829 0.654 0.361814 0.0831971 0
0.83 0.655 0.359313 0.0786654 0
0.831 0.655 0.361079 0.0740705 0
0.832 0.656 0.361002 0.0801483 0
0.833 0.656 0.367956 0.0806403 0
0.834 0.658 0.356996 0.0814197 0
0.835 0.658 0.361206 0.080039 0
0.836 0.658 0.361547 0.0779037 0
0.837 0.663 0.368704 0.0785127 0
0.838 0.664 0.370721 0.0772357 0
0.839 0.665 0.370342 0.07408 0
0.84 0.676 0.34955 0.0880887 0
0.841 0.676 0.361603 0.0888606 0
0.842 0.676 0.370412 0.0833034 0
0.843 0.676 0.36723 0.0828693 0
0.844 0.676 0.363332 0.086452 0
0.845 0.676 0.370261 0.0916096 0
0.846 0.676 0.364858 0.0810785 0
0.847 0.676 0.355805 0.0875419 0
0.848 0.676 0.368324 0.0830222 0
0.849 0.684 0.35335 0.0885536 0
0.85 0.685 0.343828 0.0858323 0
0.851 0.687 0.345469 0.0947309 0
0.852 0.688 0.350784 0.0884124 0
0.853 0.689 0.350607 0.0908962 0
0.854 0.689 0.35201 0.0849419 0
0.855 0.689 0.347997 0.0911485 0
0.856 0.689 0.350144 0.0926473 0
0.857 0.69 0.353538 0.0825022 0
0.858 0.692 0.351255 0.0876829 0
0.859 0.693 0.352025 0.0856606 0
0.86 0.693 0.350774 0.0815584 0
0.861 0.693 0.345893 0.094274 0
0.862 0.693 0.352829 0.0823511 0
0.863 0.693 0.354841 0.0798444 0
0.864 0.693 0.366118 0.084856 0
0.865 0.693 0.353364 0.0866227 0
0.866 0.694 0.355748 0.0857918 0
0.867 0.695 0.366364 0.0848699 0
0.868 0.696 0.363677 0.0829695 0
0.869 0.696 0.379548 0.0727231 0
0.87 0.696 0.381276 0.0711921 0
0.871 0.704 0.386509 0.0739096 0
0.872 0.71 0.397795 0.0722206 0
0.873 0.71 0.392035 0.0822908 0
0.874 0.71 0.395229 0.0773352 0
0.875 0.71 0.399804 0.0817119 0
0.876 0.714 0.410285 0.072607 0
0.877 0.714 0.416455 0.0794577 0
0.878 0.714 0.407876 0.0782112 0
0.879 0.715 0.408098 0.0831919 0
0.88 0.715 0.405682 0.0805308 0
0.881 0.716 0.417181 0.0786254 0
0.882 0.725 0.395056 0.0794489 0
0.883 0.726 0.407376 0.0771707 0
0.884 0.731 0.407047 0.0747114 0
0.885 0.731 0.398232 0.0672128 0
0.886 0.731 0.420057 0.0682592 0
0.887 0.732 0.409989 0.0702157 0
0.888 0.733 0.424176 0.0620982 0
0.889 0.739 0.403757 0.0685585 0
0.89 0.739 0.411683 0.0639771 0
0.891 0.739 0.407712 0.063102 0
0.892 0.745 0.404827 0.0629771 0
0.893 0.746 0.399007 0.0705892 0
0.894 0.751 0.414791 0.0804499 0
0.895 0.751 0.397273 0.082695 0
0.896 0.751 0.402495 0.0758849 0
0.897 0.751 0.41112 0.0758944 0
0.898 0.751 0.412183 0.0717461 0
0.899 0.751 0.413 0.0803761 0
0.9 0.751 0.412176 0.0751809 0
0.901 0.751 0.422177 0.0770463 0
0.902 0.752 0.412016 0.0767895 0
0.903 0.753 0.425491 0.0809415 0
0.904 0.753 0.442982 0.0750464 0
0.905 0.753 0.44739 0.0741906 0
0.906 0.753 0.456773 0.0718584 0
0.907 0.753 0.463796 0.0679144 0
0.908 0.753 0.465206 0.0650571 0
0.909 0.754 0.465977 0.0704685 0
0.91 0.755 0.47223 0.0713572 0
0.911 0.755 0.473808 0.067311 0
0.912 0.755 0.470006 0.0711922 0
0.913 0.755 0.473522 0.0712699 0
0.914 0.755 0.478315 0.0720186 0
0.915 0.755 0.477225 0.0675971 0
0.916 0.756 0.472951 0.070649 0
0.917 0.76 0.478243 0.067783 0
0.918 0.76 0.479932 0.070873 0
0.919 0.76 0.474755 0.0716841 0
0.92 0.761 0.475878 0.071156 0
0.921 0.763 0.480321 0.0649545 0
0.922 0.764 0.474416 0.067601 0
0.923 0.764 0.470043 0.0601662 0
0.924 0.765 0.47247 0.0639887 0
0.925 0.766 0.474994 0.0599147 0
0.926 0.766 0.473074 0.0580497 0
0.927 0.766 0.473429 0.0613877 0
0.928 0.766 0.476097 0.0581896 0
0.929 0.766 0.476757 0.0586782 0
0.93 0.766 0.48448 0.055162 0
0.931 0.767 0.480099 0.0595708 0
0.932 0.767 0.486976 0.0547469 0
0.933 0.768 0.484372 0.053177 0
0.934 0.768 0.486411 0.0552716 0
0.935 0.769 0.493672 0.0562093 0
0.936 0.77 0.489762 0.0561039 0
0.937 0.77 0.487699 0.0604962 0
0.938 0.772 0.489786 0.0530108 0
0.939 0.773 0.496056 0.060879 0
0.94 0.773 0.50479 0.0588481 0
0.941 0.774 0.509938 0.0553081 0
0.942 0.776 0.500527 0.0634525 0
0.943 0.776 0.505536 0.0655979 0
0.944 0.776 0.491863 0.0641598 0
0.945 0.777 0.503585 0.0630727 0
0.946 0.777 0.508494 0.0591943 0
0.947 0.777 0.515298 0.0580929 0
0.948 0.777 0.511138 0.0609014 0
0.949 0.777 0.510956 0.0585828 0
0.95 0.778 0.501184 0.0612426 0
0.951 0.778 0.508303 0.0630295 0
0.952 0.778 0.511827 0.0582637 0
0.953 0.778 0.511907 0.0600386 0
0.954 0.778 0.509621 0.06185 0
0.955 0.786 0.516623 0.05729 0
0.956 0.786 0.515165 0.0566685 0
0.957 0.786 0.517335 0.0611107 0
0.958 0.787 0.518989 0.0571808 0
0.959 0.787 0.531569 0.0539192 0
0.96 0.787 0.533716 0.0493088 0
0.961 0.787 0.532234 0.0567574 0
0.962 0.787 0.552871 0.047371 0
0.963 0.788 0.557759 0.0463212 0
0.964 0.792 0.552717 0.0497581 0
0.965 0.792 0.557144 0.0504596 0
0.966 0.792 0.55784 0.0453896 0
0.967 0.794 0.558869 0.0536 0
0.968 0.794 0.557362 0.0458737 0
0.969 0.801 0.569559 0.0484878 0
0.97 0.801 0.562666 0.0443065 0
0.971 0.801 0.568645 0.0476823 0
0.972 0.802 0.572605 0.0448551 0
0.973 0.802 0.572914 0.0491102 0
0.974 0.802 0.575642 0.0438222 0
0.975 0.804 0.575978 0.0504662 0
0.976 0.804 0.573979 0.0447659 0
0.977 0.805 0.581683 0.0491457 0
0.978 0.805 0.582099 0.0448268 0
0.979 0.805 0.598013 0.0444607 0
0.98 0.805 0.596139 0.0428178 0
0.981 0.805 0.597697 0.0497677 0
0.982 0.806 0.59521 0.0402893 0
0.983 0.806 0.60103 0.0458816 0
0.984 0.806 0.597726 0.0423541 0
0.985 0.806 0.604712 0.0464879 0
0.986 0.806 0.602863 0.0446408 0
0.987 0.806 0.605736 0.0432074 0
0.988 0.806 0.607854 0.0391789 0
0.989 0.806 0.607364 0.0418548 0
0.99 0.806 0.605073 0.0402827 0
0.991 0.806 0.612002 0.0454797 0
0.992 0.806 0.622494 0.0390339 0
0.993 0.806 0.623846 0.0412897 0
0.994 0.807 0.62305 0.0399469 0
0.995 0.807 0.626832 0.0409071 0
0.996 0.808 0.627789 0.0354888 0
0.997 0.808 0.626132 0.0384633 0
0.998 0.808 0.628635 0.0417274 0
0.999 0.808 0.637027 0.0372995 0
1 0.808 0.643972 0.0353083 0
1.001 0.808 0.642058 0.0346034 0
1.002 0.808 0.642134 0.0374344 0
1.003 0.808 0.643757 0.0355257 0
1.004 0.808 0.63855 0.0337024 0
1.005 0.809 0.642779 0.032058 0
1.006 0.809 0.644746 0.0330513 0
1.007 0.809 0.645913 0.0354378 0
1.008 0.809 0.642389 0.0390156 0
1.009 0.81 0.646771 0.0388326 0
1.01 0.814 0.644078 0.0375308 0
1.011 0.815 0.642859 0.0263736 0
1.012 0.815 0.655045 0.037133 0
1.013 0.815 0.646527 0.0248017 0
1.014 0.817 0.653759 0.0357664 0
1.015 0.817 0.645351 0.0264101 0
1.016 0.818 0.655069 0.0278063 0
1.017 0.818 0.65573 0.0377297 0
1.018 0.818 0.655926 0.0244265 0
1.019 0.818 0.659089 0.0338351 0
1.02 0.818 0.660345 0.0228413 0
1.021 0.819 0.661374 0.0378836 0
1.022 0.82 0.666407 0.0244102 0
1.023 0.821 0.661682 0.0348858 0
1.024 0.821 0.663807 0.0347666 0
1.025 0.821 0.660203 0.0325979 0
1.026 0.821 0.662895 0.0339884 0
1.027 0.822 0.669172 0.0327847 0
1.028 0.823 0.666665 0.0347425 0
1.029 0.823 0.67112 0.0336873 0
1.03 0.824 0.665896 0.0340678 0
1.031 0.829 0.67732 0.0324247 0
1.032 0.829 0.675908 0.0324963 0
1.033 0.833 0.676199 0.0327262 0
1.034 0.833 0.677715 0.0260701 0
1.035 0.833 0.679326 0.0318174 0
1.036 0.834 0.679538 0.0261487 0
1.037 0.834 0.682471 0.0330089 0
1.038 0.835 0.684139 0.0230031 0
1.039 0.835 0.68447 0.0333244 0
1.04 0.835 0.685206 0.0220532 0
1.041 0.835 0.687192 0.0332694 0
1.042 0.835 0.686396 0.0220138 0
1.043 0.837 0.690529 0.0331966 0
1.044 0.837 0.687674 0.021497 0
1.045 0.837 0.689254 0.0354477 0
1.046 0.837 0.687591 0.0215679 0
1.047 0.837 0.690647 0.0313409 0
1.048 0.837 0.688545 0.021582 0
1.049 0.837 0.694676 0.0321587 0
1.05 0.838 0.689945 0.0228288 0
1.051 0.838 0.694606 0.0287706 0
1.052 0.838 0.691202 0.0224875 0
1.053 0.839 0.688115 0.031998 0
1.054 0.839 0.684851 0.0220527 0
1.055 0.839 0.690078 0.0299983 0
1.056 0.839 0.689989 0.0229456 0
1.057 0.839 0.694273 0.02802 0
1.058 0.841 0.683914 0.0267768 0
1.059 0.841 0.681852 0.0233823 0
1.06 0.843 0.685671 0.0256686 0
1.061 0.843 0.687057 0.0365869 0
1.062 0.843 0.685957 0.023322 0
1.063 0.843 0.687521 0.0335935 0
1.064 0.843 0.684623 0.0215147 0
1.065 0.843 0.686559 0.0333426 0
1.066 0.844 0.686749 0.0246866 0
1.067 0.845 0.689679 0.0335278 0
1.068 0.845 0.689039 0.0218985 0
1.069 0.845 0.689896 0.0262253 0
1.07 0.845 0.690774 0.0250498 0
1.071 0.845 0.699836 0.0278892 0
1.072 0.845 0.699753 0.0254289 0
1.073 0.845 0.705415 0.0297497 0
1.074 0.848 0.706214 0.0213193 0
1.075 0.848 0.71147 0.0307835 0
1.076 0.852 0.70881 0.0198921 0
1.077 0.852 0.711069 0.0291436 0
1.078 0.853 0.708144 0.0215533 0
1.079 0.853 0.717411 0.0262212 0
1.08 0.853 0.717795 0.0218784 0
1.081 0.855 0.71816 0.0247921 0
1.082 0.857 0.714473 0.027993 0
1.083 0.857 0.713262 0.0205068 0
1.084 0.857 0.717815 0.0269373 0
1.085 0.857 0.713556 0.0218119 0
1.086 0.858 0.716148 0.0301089 0
1.087 0.858 0.715156 0.0180967 0
1.088 0.858 0.734442 0.0186308 0
1.089 0.858 0.732893 0.0180054 0
1.09 0.859 0.735405 0.0195417 0
1.091 0.859 0.734862 0.0213703 0
1.092 0.859 0.735972 0.0187093 0
1.093 0.859 0.734971 0.0175505 0
1.094 0.859 0.736808 0.0193295 0
1.095 0.859 0.742459 0.0175679 0
1.096 0.859 0.742358 0.017414 0
1.097 0.859 0.744281 0.0183148 0
1.098 0.859 0.7429 0.0165161 0
1.099 0.859 0.743428 0.0200176 0
1.1 0.859 0.743051 0.0190964 0
1.101 0.86 0.74721 0.0180038 0
1.102 0.86 0.744433 0.0169118 0
1.103 0.861 0.746833 0.0171396 0
1.104 0.861 0.746187 0.015084 0
1.105 0.861 0.743863 0.0160963 0
1.106 0.861 0.747514 0.0164359 0
1.107 0.861 0.747306 0.0156275 0
1.108 0.861 0.746938 0.0171044 0
1.109 0.861 0.74795 0.0156107 0
1.11 0.862 0.747762 0.0173773 0
1.111 0.862 0.746253 0.0143065 0
1.112 0.862 0.748548 0.01566 0
1.113 0.862 0.750102 0.0160643 0
1.114 0.864 0.750617 0.0147037 0
1.115 0.864 0.749245 0.0146166 0
1.116 0.864 0.746199 0.0153236 0
1.117 0.864 0.749442 0.0149272 0
1.118 0.864 0.749907 0.0149444 0
1.119 0.864 0.751799 0.0145236 0
1.12 0.864 0.751505 0.01312 0
1.121 0.864 0.75105 0.0141409 0
1.122 0.867 0.747899 0.0151941 0
1.123 0.867 0.753838 0.0150257 0
1.124 0.867 0.754403 0.0168609 0
1.125 0.867 0.755014 0.0177312 0
1.126 0.868 0.758325 0.0158282 0
1.127 0.868 0.756041 0.0173492 0
1.128 0.868 0.757537 0.0177408 0
1.129 0.868 0.75745 0.0196671 0
1.13 0.869 0.756557 0.0187585 0
1.131 0.869 0.758616 0.0193983 0
1.132 0.87 0.761752 0.0198474 0
1.133 0.87 0.761484 0.0184569 0
1.134 0.87 0.762422 0.0180422 0
1.135 0.87 0.763856 0.0184898 0
1.136 0.871 0.760456 0.0192069 0
1.137 0.871 0.759153 0.015776 0
1.138 0.872 0.760236 0.0164632 0
1.139 0.872 0.764409 0.0159184 0
1.14 0.872 0.763712 0.0142782 0
1.141 0.872 0.764304 0.01339 0
1.142 0.872 0.761506 0.0133049 0
1.143 0.872 0.763631 0.0162879 0
1.144 0.872 0.762866 0.0159442 0
1.145 0.872 0.764804 0.0129746 0
1.146 0.872 0.762116 0.0130336 0
1.147 0.873 0.759911 0.0149503 0
1.148 0.873 0.763576 0.0157931 0
1.149 0.873 0.762347 0.0175937 0
1.15 0.873 0.759193 0.0178021 0
1.151 0.873 0.760377 0.017179 0
1.152 0.873 0.760968 0.0175605 0
1.153 0.873 0.763011 0.0168968 0
1.154 0.873 0.763733 0.0157123 0
1.155 0.873 0.762328 0.015115 0
1.156 0.873 0.76213 0.0138043 0
1.157 0.873 0.763865 0.0167272 0
1.158 0.874 0.765601 0.0166533 0
1.159 0.875 0.767828 0.0208092 0
1.16 0.875 0.765573 0.0168437 0
1.161 0.875 0.768533 0.0226781 0
1.162 0.876 0.769133 0.0140051 0
1.163 0.876 0.770532 0.0242651 0
1.164 0.876 0.769349 0.0143491 0
1.165 0.876 0.773023 0.0221083 0
1.166 0.877 0.771097 0.0140725 0
1.167 0.877 0.773869 0.0219933 0
1.168 0.877 0.77265 0.0153053 0
1.169 0.877 0.776254 0.0227523 0
1.17 0.878 0.771635 0.0141689 0
1.171 0.878 0.774453 0.0212107 0
1.172 0.878 0.775442 0.014917 0
1.173 0.878 0.777055 0.0241263 0
1.174 0.878 0.778333 0.0135918 0
1.175 0.879 0.779015 0.0200273 0
1.176 0.879 0.77703 0.0107657 0
1.177 0.88 0.780967 0.018531 0
1.178 0.881 0.781703 0.0115757 0
1.179 0.881 0.784273 0.0193988 0
1.18 0.881 0.781766 0.0125459 0
1.181 0.883 0.786664 0.0159146 0
1.182 0.884 0.783023 0.0125317 0
1.183 0.885 0.787321 0.0174285 0
1.184 0.885 0.790605 0.0133812 0
1.185 0.885 0.791209 0.0166978 0
1.186 0.885 0.788775 0.0167465 0
1.187 0.885 0.799511 0.0155669 0
1.188 0.885 0.798681 0.0154115 0
1.189 0.885 0.801864 0.0149239 0
1.19 0.885 0.798261 0.0151452 0
1.191 0.885 0.800514 0.0136245 0
1.192 0.885 0.80402 0.0138972 0
1.193 0.885 0.802858 0.0155319 0
1.194 0.885 0.804482 0.0149921 0
1.195 0.885 0.805652 0.0144637 0
1.196 0.885 0.805454 0.0132215 0
1.197 0.886 0.803518 0.0144482 0
1.198 0.886 0.806891 0.0108451 0
1.199 0.886 0.805277 0.0150688 0
1.2 0.887 0.805302 0.0112753 0
