# Relevant parameters to reproduce this network:
# node_nr=1000	 k_max=500
# initial_seed=10	 delta_t=0.05	 max_steps=5000	 in_between=0
# fg_m=1	 fg_alpha=5	 fg_t_min=0	 fg_t_max=4	 fg_t_number=4000	 fg_weff_lower_frequency=-1e+08	 fg_weff_max_steps=5000	 fg_weff_in_between=0
# K Giant_component <r> sigma_r*sqrt(NODE_NR) clustering
0 0.002 0.031829 0.0157862 0
0.001 0.002 0.02938 0.0149882 0
0.002 0.002 0.026193 0.0152539 0
0.003 0.002 0.0267512 0.0141806 0
0.004 0.002 0.0301592 0.0139954 0
0.005 0.002 0.0297436 0.0132029 0
0.006 0.002 0.0244876 0.0111598 0
0.007 0.002 0.0275611 0.0130418 0
0.008 0.002 0.0319811 0.0140436 0
0.009 0.002 0.0288651 0.01657 0
0.01 0.002 0.0309653 0.0159691 0
0.011 0.002 0.0312827 0.0171211 0
0.012 0.002 0.031359 0.0151264 0
0.013 0.002 0.0314898 0.0143287 0
0.014 0.002 0.029803 0.0172269 0
0.015 0.002 0.0302017 0.0147828 0
0.016 0.002 0.0318067 0.0185981 0
0.017 0.002 0.0268786 0.0159002 0
0.018 0.002 0.0291982 0.013952 0
0.019 0.002 0.0319549 0.0160837 0
0.02 0.002 0.0290518 0.0157643 0
0.021 0.002 0.0284452 0.0122233 0
0.022 0.002 0.0295214 0.0156291 0
0.023 0.002 0.0303609 0.016177 0
0.024 0.002 0.0307651 0.0167223 0
0.025 0.002 0.0318639 0.0171828 0
0.026 0.002 0.0254667 0.0129886 0
0.027 0.002 0.0295712 0.015078 0
0.028 0.002 0.0223591 0.0127205 0
0.029 0.002 0.0261545 0.013843 0
0.03 0.002 0.0298255 0.0163075 0
0.031 0.002 0.0292962 0.0170805 0
0.032 0.002 0.0245574 0.0126342 0
0.033 0.002 0.0241186 0.0127853 0
0.034 0.002 0.029194 0.0135995 0
0.035 0.002 0.0295881 0.0131456 0
0.036 0.002 0.0250181 0.0136797 0
0.037 0.002 0.025381 0.0111901 0
0.038 0.002 0.0232615 0.0123588 0
0.039 0.002 0.0261973 0.0120836 0
0.04 0.002 0.0295533 0.0159228 0
0.041 0.002 0.0240795 0.0129491 0
0.042 0.002 0.0244762 0.013883 0
0.043 0.002 0.027879 0.0124277 0
0.044 0.003 0.0252949 0.014445 0
0.045 0.003 0.0267006 0.0129342 0
0.046 0.003 0.0282961 0.0148956 0
0.047 0.003 0.0275234 0.0146131 0
0.048 0.003 0.0302085 0.0145395 0
0.049 0.003 0.0284229 0.0130952 0
0.05 0.003 0.0283583 0.0157246 0
0.051 0.003 0.0270519 0.013002 0
0.052 0.003 0.0278945 0.0164157 0
0.053 0.003 0.0253214 0.01221 0
0.054 0.003 0.0240329 0.0132233 0
0.055 0.003 0.0267668 0.014624 0
0.056 0.003 0.0276439 0.0145772 0
0.057 0.003 0.0307547 0.0167593 0
0.058 0.003 0.0256972 0.0126113 0
0.059 0.003 0.0314558 0.0161788 0
0.06 0.003 0.0270568 0.0123987 0
0.061 0.003 0.0294222 0.0152932 0
0.062 0.003 0.0299971 0.0138115 0
0.063 0.003 0.0269407 0.014992 0
0.064 0.003 0.0284435 0.0147403 0
0.065 0.003 0.0286427 0.0133492 0
0.066 0.003 0.0283043 0.014126 0
0.067 0.003 0.0306188 0.0152065 0
0.068 0.003 0.0244555 0.0120306 0
0.069 0.003 0.0297902 0.0155258 0
0.07 0.003 0.0292741 0.0132563 0
0.071 0.003 0.0247075 0.0114395 0
0.072 0.003 0.0256564 0.0142571 0
0.073 0.003 0.0270195 0.015308 0
0.074 0.003 0.0290608 0.015248 0
0.075 0.003 0.0262442 0.0141974 0
0.076 0.003 0.0284859 0.0178113 0
0.077 0.003 0.0265942 0.0154354 0
0.078 0.003 0.0253224 0.0122753 0
0.079 0.003 0.0265991 0.0130697 0
0.08 0.003 0.0299804 0.0134699 0
0.081 0.003 0.0250306 0.0116755 0
0.082 0.003 0.0271316 0.0135719 0
0.083 0.003 0.0270962 0.0139322 0
0.084 0.003 0.0298257 0.0147807 0
0.085 0.003 0.0318914 0.0147288 0
0.086 0.003 0.0315133 0.0133962 0
0.087 0.003 0.0250616 0.0143844 0
0.088 0.003 0.0283325 0.0163969 0
0.089 0.003 0.0297231 0.0139711 0
0.09 0.003 0.0304199 0.0158747 0
0.091 0.003 0.0298602 0.014228 0
0.092 0.003 0.026322 0.0146938 0
0.093 0.003 0.0267877 0.0150243 0
0.094 0.003 0.0270146 0.0144571 0
0.095 0.003 0.0285098 0.0158389 0
0.096 0.003 0.0258395 0.0149202 0
0.097 0.003 0.0298263 0.0147883 0
0.098 0.003 0.0251134 0.0143363 0
0.099 0.003 0.0288349 0.0139543 0
0.1 0.003 0.0283714 0.0137882 0
0.101 0.003 0.0245956 0.0124484 0
0.102 0.003 0.0256491 0.0129105 0
0.103 0.003 0.0267517 0.0149612 0
0.104 0.003 0.0288206 0.0169253 0
0.105 0.003 0.0265326 0.0145282 0
0.106 0.003 0.0279394 0.0150032 0
0.107 0.003 0.0273642 0.0170547 0
0.108 0.003 0.0288888 0.0139711 0
0.109 0.003 0.0271331 0.0134197 0
0.11 0.003 0.0274476 0.0137374 0
0.111 0.003 0.0234581 0.0122374 0
0.112 0.003 0.0280729 0.0147926 0
0.113 0.003 0.026809 0.0146914 0
0.114 0.003 0.0273229 0.0152945 0
0.115 0.003 0.0229048 0.0127791 0
0.116 0.003 0.0246999 0.0117132 0
0.117 0.003 0.024965 0.0132843 0
0.118 0.003 0.0263377 0.0141453 0
0.119 0.003 0.0254286 0.0127907 0
0.12 0.003 0.0283997 0.0151114 0
0.121 0.003 0.0251228 0.0105367 0
0.122 0.004 0.0295119 0.0147787 0
0.123 0.004 0.0244726 0.0134569 0
0.124 0.004 0.0275078 0.0138387 0
0.125 0.004 0.0239771 0.0125294 0
0.126 0.004 0.0274543 0.0141541 0
0.127 0.004 0.0287882 0.0161014 0
0.128 0.004 0.0315946 0.0154412 0
0.129 0.004 0.0311851 0.013793 0
0.13 0.004 0.0240696 0.013922 0
0.131 0.004 0.0305469 0.0156004 0
0.132 0.004 0.0282254 0.012569 0
0.133 0.004 0.0323261 0.0177534 0
0.134 0.004 0.0306579 0.0183551 0
0.135 0.004 0.0275991 0.0155048 0
0.136 0.004 0.027586 0.0146489 0
0.137 0.004 0.0279583 0.0148834 0
0.138 0.004 0.0273598 0.0132287 0
0.139 0.004 0.0292652 0.014334 0
0.14 0.004 0.0277529 0.0129667 0
0.141 0.004 0.0284161 0.0173131 0
0.142 0.004 0.0277332 0.0128774 0
0.143 0.004 0.0268719 0.0151628 0
0.144 0.004 0.032739 0.0159911 0
0.145 0.004 0.0273869 0.0141632 0
0.146 0.004 0.0303932 0.0146827 0
0.147 0.004 0.0292369 0.0153108 0
0.148 0.004 0.0256864 0.0120873 0
0.149 0.004 0.0286692 0.0148069 0
0.15 0.004 0.0259949 0.0148799 0
0.151 0.004 0.0289391 0.013864 0
0.152 0.004 0.0247821 0.0103025 0
0.153 0.004 0.0266332 0.0128472 0
0.154 0.004 0.0271703 0.0132405 0
0.155 0.004 0.0288052 0.0153808 0
0.156 0.004 0.0254521 0.0130217 0
0.157 0.004 0.0272769 0.0133268 0
0.158 0.004 0.0228131 0.0117369 0
0.159 0.004 0.027845 0.0136874 0
0.16 0.004 0.0273686 0.0136505 0
0.161 0.004 0.0246572 0.0134581 0
0.162 0.004 0.0295366 0.0151408 0
0.163 0.004 0.0264094 0.0144645 0
0.164 0.004 0.0285315 0.0123657 0
0.165 0.004 0.0304826 0.0157821 0
0.166 0.004 0.0253992 0.0135956 0
0.167 0.004 0.0303419 0.0145228 0
0.168 0.004 0.0261091 0.0121719 0
0.169 0.004 0.0261957 0.0128891 0
0.17 0.004 0.0286736 0.0145458 0
0.171 0.004 0.0307775 0.0146915 0
0.172 0.004 0.026375 0.014404 0
0.173 0.004 0.0290024 0.0164631 0
0.174 0.004 0.0308459 0.0166154 0
0.175 0.004 0.0278433 0.0141345 0
0.176 0.004 0.0242816 0.0113557 0
0.177 0.004 0.0300771 0.0144967 0
0.178 0.004 0.0319897 0.0163282 0
0.179 0.004 0.0261549 0.0154033 0
0.18 0.004 0.0284602 0.014589 0
0.181 0.004 0.0277855 0.0141285 0
0.182 0.004 0.0256727 0.0157099 0
0.183 0.004 0.0300888 0.0154889 0
0.184 0.004 0.0276352 0.0123072 0
0.185 0.004 0.0260087 0.0137812 0
0.186 0.004 0.0286641 0.0156427 0
0.187 0.004 0.0266645 0.0147802 0
0.188 0.004 0.0280064 0.0150888 0
0.189 0.004 0.0258061 0.0146465 0
0.19 0.004 0.0242869 0.0110876 0
0.191 0.005 0.0313268 0.0168455 0
0.192 0.005 0.0275119 0.0155153 0
0.193 0.005 0.0260933 0.0144406 0
0.194 0.005 0.0304 0.0151805 0
0.195 0.005 0.0273564 0.0136038 0
0.196 0.005 0.0254679 0.0145143 0
0.197 0.005 0.0242892 0.0114706 0
0.198 0.005 0.0305267 0.0150908 0
0.199 0.005 0.0289015 0.0165356 0
0.2 0.005 0.0294969 0.0150714 0
0.201 0.005 0.0336832 0.0185575 0
0.202 0.005 0.029438 0.0163763 0
0.203 0.005 0.0267944 0.0133702 0
0.204 0.005 0.0299001 0.0135449 0
0.205 0.005 0.0293591 0.0162604 0
0.206 0.005 0.0326287 0.01509 0
0.207 0.005 0.0305327 0.0142015 0
0.208 0.005 0.0245107 0.0119943 0
0.209 0.005 0.0246471 0.0150948 0
0.21 0.005 0.0289477 0.0155505 0
0.211 0.005 0.0266024 0.0122891 0
0.212 0.005 0.0292586 0.0147316 0
0.213 0.005 0.0254245 0.0136224 0
0.214 0.005 0.0271574 0.012494 0
0.215 0.005 0.0255547 0.0116904 0
0.216 0.005 0.0259889 0.0144142 0
0.217 0.005 0.0279494 0.0155581 0
0.218 0.005 0.0251105 0.011984 0
0.219 0.005 0.0288729 0.01271 0
0.22 0.005 0.0305972 0.0172862 0
0.221 0.005 0.0256551 0.0131272 0
0.222 0.005 0.0290296 0.0150769 0
0.223 0.005 0.0286563 0.0142696 0
0.224 0.005 0.0281569 0.0134682 0
0.225 0.005 0.0332732 0.0135342 0
0.226 0.005 0.0302148 0.0153267 0
0.227 0.005 0.0285436 0.0129683 0
0.228 0.005 0.0307275 0.0144511 0
0.229 0.005 0.0302739 0.0149933 0
0.23 0.005 0.0313406 0.0149635 0
0.231 0.005 0.0258012 0.0115311 0
0.232 0.005 0.0291265 0.0131645 0
0.233 0.005 0.0282907 0.0138398 0
0.234 0.005 0.0253346 0.0149323 0
0.235 0.005 0.0282193 0.0163047 0
0.236 0.005 0.0293265 0.0162429 0
0.237 0.005 0.0304989 0.0154032 0
0.238 0.005 0.0305016 0.0189092 0
0.239 0.005 0.0275166 0.0120448 0
0.24 0.005 0.0263099 0.0131604 0
0.241 0.005 0.0290742 0.0162561 0
0.242 0.005 0.028207 0.0153596 0
0.243 0.005 0.0304768 0.015844 0
0.244 0.005 0.0305647 0.0140915 0
0.245 0.005 0.0271502 0.0161414 0
0.246 0.005 0.027835 0.0155474 0
0.247 0.005 0.0285115 0.0126561 0
0.248 0.005 0.0270872 0.0133418 0
0.249 0.005 0.032637 0.0195939 0
0.25 0.005 0.0283938 0.018948 0
0.251 0.005 0.0301714 0.0148809 0
0.252 0.005 0.0319782 0.013698 0
0.253 0.005 0.0278558 0.0148758 0
0.254 0.005 0.0308704 0.0142661 0
0.255 0.005 0.0245258 0.0131966 0
0.256 0.005 0.0278848 0.0141543 0
0.257 0.006 0.0255798 0.0117219 0
0.258 0.006 0.0249685 0.0132063 0
0.259 0.006 0.0311179 0.0135923 0
0.26 0.006 0.0294177 0.0146542 0
0.261 0.006 0.0317869 0.0190722 0
0.262 0.006 0.0332949 0.0165558 0
0.263 0.006 0.0273209 0.0144499 0
0.264 0.006 0.030255 0.0175891 0
0.265 0.006 0.0246042 0.0146351 0
0.266 0.006 0.0259815 0.0128561 0
0.267 0.006 0.0271672 0.0142295 0
0.268 0.006 0.0332317 0.015114 0
0.269 0.006 0.028427 0.014553 0
0.27 0.006 0.0277019 0.0129676 0
0.271 0.006 0.0273619 0.0166701 0
0.272 0.006 0.0308126 0.014891 0
0.273 0.006 0.0291326 0.0160685 0
0.274 0.006 0.031222 0.0158072 0
0.275 0.006 0.0277764 0.0130507 0
0.276 0.006 0.0264924 0.0135222 0
0.277 0.006 0.0275918 0.0144055 0
0.278 0.006 0.0269749 0.0122191 0
0.279 0.006 0.0252882 0.012288 0
0.28 0.006 0.0310629 0.0175919 0
0.281 0.006 0.0284432 0.0161273 0
0.282 0.006 0.0287411 0.0143643 0
0.283 0.006 0.0287309 0.015612 0
0.284 0.006 0.0249853 0.0121321 0
0.285 0.006 0.024905 0.0138713 0
0.286 0.006 0.028319 0.0149196 0
0.287 0.006 0.0264216 0.0151039 0
0.288 0.006 0.0295968 0.0142389 0
0.289 0.006 0.0278985 0.014579 0
0.29 0.006 0.0223339 0.0137452 0
0.291 0.006 0.0295433 0.013761 0
0.292 0.006 0.0298443 0.0177582 0
0.293 0.006 0.0250956 0.013584 0
0.294 0.006 0.0269243 0.0142827 0
0.295 0.006 0.0292909 0.0144865 0
0.296 0.006 0.0297981 0.0164568 0
0.297 0.006 0.0297305 0.0172605 0
0.298 0.006 0.025561 0.0139417 0
0.299 0.006 0.0292192 0.0159901 0
0.3 0.006 0.0276384 0.0139148 0
0.301 0.006 0.0310805 0.0164592 0
0.302 0.007 0.0301324 0.0149196 0
0.303 0.007 0.0264122 0.0126166 0
0.304 0.007 0.0227474 0.0114067 0
0.305 0.007 0.0273888 0.0134078 0
0.306 0.007 0.0255635 0.0131396 0
0.307 0.007 0.0309523 0.0160266 0
0.308 0.007 0.0317065 0.017666 0
0.309 0.007 0.0302725 0.0143319 0
0.31 0.007 0.0281114 0.0148052 0
0.311 0.007 0.0288269 0.012867 0
0.312 0.007 0.029893 0.0146688 0
0.313 0.007 0.0247626 0.0137582 0
0.314 0.007 0.0305301 0.0129323 0
0.315 0.007 0.0306649 0.0140753 0
0.316 0.007 0.0280004 0.015755 0
0.317 0.007 0.0292755 0.0145273 0
0.318 0.007 0.0277322 0.0150477 0
0.319 0.007 0.0237153 0.0140977 0
0.32 0.007 0.0290399 0.0135669 0
0.321 0.007 0.0299728 0.015919 0
0.322 0.007 0.0278383 0.0163094 0
0.323 0.007 0.0295143 0.0155585 0
0.324 0.007 0.031406 0.0162918 0
0.325 0.007 0.0296073 0.0151191 0
0.326 0.007 0.0265224 0.0113446 0
0.327 0.007 0.0287912 0.0159373 0
0.328 0.007 0.0276314 0.0163676 0
0.329 0.007 0.0240469 0.0128326 0
0.33 0.007 0.0254471 0.011931 0
0.331 0.007 0.0264234 0.0143399 0
0.332 0.007 0.0286562 0.0125109 0
0.333 0.007 0.0287929 0.0180017 0
0.334 0.007 0.0308763 0.0152411 0
0.335 0.007 0.0287601 0.0144239 0
0.336 0.007 0.0304085 0.0152124 0
0.337 0.007 0.0323411 0.015772 0
0.338 0.007 0.0294209 0.0138792 0
0.339 0.007 0.0314201 0.013951 0
0.34 0.007 0.0292794 0.0142321 0
0.341 0.007 0.0292855 0.0185774 0
0.342 0.007 0.0305392 0.0170342 0
0.343 0.007 0.0284271 0.0144142 0
0.344 0.007 0.0321134 0.0138797 0
0.345 0.007 0.0282538 0.0162201 0
0.346 0.007 0.0313729 0.0169437 0
0.347 0.007 0.0280173 0.0122109 0
0.348 0.007 0.0253504 0.0124074 0
0.349 0.007 0.025723 0.013375 0
0.35 0.007 0.0269059 0.0143986 0
0.351 0.007 0.0305431 0.0158079 0
0.352 0.007 0.0332968 0.0150966 0
0.353 0.007 0.0324889 0.0142324 0
0.354 0.007 0.0345241 0.0173668 0
0.355 0.007 0.0309374 0.0147159 0
0.356 0.007 0.0272785 0.0149368 0
0.357 0.007 0.0295352 0.0172867 0
0.358 0.007 0.0275366 0.0143138 0
0.359 0.007 0.0274078 0.0146499 0
0.36 0.007 0.0316868 0.0184769 0
0.361 0.007 0.0272824 0.016913 0
0.362 0.007 0.0334044 0.0165402 0
0.363 0.007 0.0259172 0.0130259 0
0.364 0.007 0.0285199 0.0163702 0
0.365 0.007 0.0289175 0.0137262 0
0.366 0.007 0.0298439 0.0157062 0
0.367 0.007 0.0322151 0.018075 0
0.368 0.007 0.0270946 0.0127017 0
0.369 0.007 0.0311399 0.0159595 0
0.37 0.007 0.0324523 0.0154737 0
0.371 0.007 0.0279999 0.0138243 0
0.372 0.007 0.0282885 0.0133521 0
0.373 0.007 0.0264318 0.0137011 0
0.374 0.007 0.0261235 0.013 0
0.375 0.007 0.0275601 0.0151361 0
0.376 0.007 0.0278466 0.0146704 0
0.377 0.007 0.0266552 0.0137791 0
0.378 0.007 0.0305582 0.016394 0
0.379 0.007 0.0293474 0.015749 0
0.38 0.007 0.0285856 0.0140512 0
0.381 0.007 0.0287141 0.0158114 0
0.382 0.007 0.0331599 0.0154728 0
0.383 0.007 0.0300757 0.0162143 0
0.384 0.007 0.0311079 0.0153754 0
0.385 0.007 0.0280665 0.0185777 0
0.386 0.007 0.0315183 0.0143176 0
0.387 0.007 0.0275925 0.0144055 0
0.388 0.011 0.0270142 0.0145133 0
0.389 0.011 0.0280643 0.0163784 0
0.39 0.011 0.0281806 0.0141055 0
0.391 0.011 0.0310706 0.0153013 0
0.392 0.011 0.0265374 0.0125564 0
0.393 0.011 0.0285758 0.0149321 0
0.394 0.011 0.0307415 0.0166221 0
0.395 0.011 0.0284596 0.0157128 0
0.396 0.011 0.0308736 0.016819 0
0.397 0.011 0.0327296 0.0157019 0
0.398 0.011 0.0229625 0.0115561 0
0.399 0.011 0.0260631 0.0117921 0
0.4 0.011 0.0240401 0.0127647 0
0.401 0.011 0.0298581 0.0153123 0
0.402 0.011 0.0295184 0.0139075 0
0.403 0.011 0.0229638 0.0139101 0
0.404 0.011 0.0275569 0.0143903 0
0.405 0.011 0.0269926 0.0140058 0
0.406 0.011 0.0257814 0.0137889 0
0.407 0.011 0.0307673 0.0151516 0
0.408 0.011 0.0307578 0.014606 0
0.409 0.011 0.0259181 0.0127637 0
0.41 0.011 0.0303152 0.015357 0
0.411 0.011 0.0325747 0.016062 0
0.412 0.011 0.0344666 0.0175498 0
0.413 0.011 0.0259451 0.0125652 0
0.414 0.011 0.0294948 0.0126322 0
0.415 0.011 0.02566 0.0133224 0
0.416 0.011 0.0275126 0.0125974 0
0.417 0.011 0.0287556 0.0157896 0
0.418 0.011 0.0291996 0.0152052 0
0.419 0.011 0.0270449 0.0155499 0
0.42 0.011 0.0282217 0.0152664 0
0.421 0.011 0.0271036 0.0141812 0
0.422 0.011 0.0287215 0.013802 0
0.423 0.011 0.0349577 0.0164394 0
0.424 0.011 0.027966 0.0156814 0
0.425 0.011 0.0279118 0.0156119 0
0.426 0.011 0.0334227 0.0164653 0
0.427 0.011 0.0311007 0.0182481 0
0.428 0.011 0.0282838 0.0116504 0
0.429 0.011 0.0303423 0.0144161 0
0.43 0.011 0.0263744 0.014615 0
0.431 0.011 0.0273318 0.0127888 0
0.432 0.011 0.0274927 0.0130279 0
0.433 0.011 0.0313537 0.0144255 0
0.434 0.011 0.0305188 0.015731 0
0.435 0.011 0.0259516 0.016511 0
0.436 0.011 0.0271016 0.0156435 0
0.437 0.011 0.0290689 0.0150809 0
0.438 0.011 0.0273125 0.0148338 0
0.439 0.011 0.0294759 0.0164797 0
0.44 0.011 0.0276729 0.0136403 0
0.441 0.011 0.0270002 0.0137325 0
0.442 0.011 0.0300671 0.0153182 0
0.443 0.011 0.0306452 0.0157472 0
0.444 0.011 0.0269817 0.0133586 0
0.445 0.011 0.0313359 0.0144655 0
0.446 0.011 0.0258063 0.0132327 0
0.447 0.011 0.0303289 0.0160716 0
0.448 0.011 0.0301996 0.0143546 0
0.449 0.011 0.024624 0.012144 0
0.45 0.011 0.0268791 0.014996 0
0.451 0.011 0.0299903 0.0202632 0
0.452 0.011 0.0309442 0.0140345 0
0.453 0.011 0.0287713 0.0135892 0
0.454 0.013 0.0275937 0.0120342 0
0.455 0.013 0.0244475 0.0143004 0
0.456 0.013 0.027869 0.0158494 0
0.457 0.013 0.0283067 0.0154605 0
0.458 0.013 0.0277447 0.0143124 0
0.459 0.013 0.0291836 0.0186712 0
0.46 0.013 0.0270885 0.0149987 0
0.461 0.013 0.0302306 0.0157145 0
0.462 0.013 0.0326077 0.0174024 0
0.463 0.013 0.0300826 0.0151347 0
0.464 0.013 0.0298967 0.0149698 0
0.465 0.013 0.0299096 0.015274 0
0.466 0.013 0.0323359 0.0151713 0
0.467 0.013 0.0269011 0.012519 0
0.468 0.014 0.0264866 0.0157933 0
0.469 0.014 0.0298578 0.0128913 0
0.47 0.014 0.0287735 0.0130358 0
0.471 0.014 0.0286533 0.0157764 0
0.472 0.014 0.0305037 0.0170713 0
0.473 0.014 0.0308541 0.0148583 0
0.474 0.014 0.0276461 0.0135389 0
0.475 0.014 0.0323447 0.0166536 0
0.476 0.014 0.0324244 0.0152623 0
0.477 0.014 0.0252061 0.0136691 0
0.478 0.014 0.0253102 0.0143622 0
0.479 0.014 0.0301738 0.0135576 0
0.48 0.014 0.02743 0.0123136 0
0.481 0.014 0.0276012 0.0142559 0
0.482 0.014 0.0281131 0.0148638 0
0.483 0.014 0.0270095 0.0147169 0
0.484 0.014 0.0234782 0.0132471 0
0.485 0.014 0.0311276 0.0162069 0
0.486 0.014 0.027318 0.0146593 0
0.487 0.014 0.0298744 0.0140784 0
0.488 0.014 0.0312124 0.01796 0
0.489 0.014 0.0302984 0.0173935 0
0.49 0.014 0.0272442 0.0132822 0
0.491 0.014 0.0311022 0.0148996 0
0.492 0.014 0.0294955 0.0152377 0
0.493 0.014 0.0267043 0.0156971 0
0.494 0.015 0.030641 0.016214 0
0.495 0.015 0.0299037 0.0143755 0
0.496 0.017 0.0316398 0.0140831 0
0.497 0.017 0.0267533 0.0145679 0
0.498 0.017 0.0290924 0.0156136 0
0.499 0.017 0.0267935 0.0151257 0
0.5 0.017 0.0281318 0.015764 0
0.501 0.017 0.0303458 0.0138673 0
0.502 0.017 0.0307378 0.0166442 0
0.503 0.017 0.0269087 0.0162374 0
0.504 0.017 0.030032 0.0144894 0
0.505 0.017 0.0270807 0.0140553 0
0.506 0.017 0.0313446 0.0153196 0
0.507 0.017 0.0264397 0.01448 0
0.508 0.017 0.0281486 0.0148009 0
0.509 0.017 0.0291751 0.0158835 0
0.51 0.017 0.0290224 0.0142653 0
0.511 0.017 0.0273375 0.0158559 0
0.512 0.017 0.0289471 0.0130438 0
0.513 0.017 0.0307164 0.015473 0
0.514 0.017 0.0314927 0.0156326 0
0.515 0.017 0.0260053 0.0143588 0
0.516 0.017 0.0326876 0.0140127 0
0.517 0.017 0.0250991 0.0109428 0
0.518 0.017 0.0295977 0.0132914 0
0.519 0.017 0.0269466 0.0144246 0
0.52 0.017 0.0282003 0.0134395 0
0.521 0.017 0.0336797 0.0172707 0
0.522 0.017 0.0306669 0.0138621 0
0.523 0.017 0.0278533 0.0161468 0
0.524 0.017 0.0288505 0.0142394 0
0.525 0.017 0.033347 0.0179703 0
0.526 0.017 0.0293822 0.0153212 0
0.527 0.017 0.031793 0.019154 0
0.528 0.017 0.0291302 0.0134671 0
0.529 0.017 0.029131 0.0150296 0
0.53 0.017 0.028935 0.0142128 0
0.531 0.017 0.0301237 0.0144019 0
0.532 0.017 0.0295849 0.0199027 0
0.533 0.017 0.0311708 0.0146412 0
0.534 0.017 0.0296038 0.0144684 0
0.535 0.017 0.0280634 0.0149047 0
0.536 0.017 0.0287893 0.0139168 0
0.537 0.017 0.0290997 0.0148968 0
0.538 0.017 0.0268064 0.0137889 0
0.539 0.017 0.0273886 0.0155978 0
0.54 0.017 0.0276999 0.0148955 0
0.541 0.017 0.0310939 0.015833 0
0.542 0.017 0.026501 0.0122703 0
0.543 0.017 0.0302297 0.014576 0
0.544 0.017 0.032609 0.0147031 0
0.545 0.017 0.0287025 0.0145058 0
0.546 0.017 0.0300193 0.0129981 0
0.547 0.017 0.032139 0.0145574 0
0.548 0.017 0.0267312 0.0144944 0
0.549 0.017 0.0296705 0.0151768 0
0.55 0.018 0.0337344 0.0204384 0
0.551 0.018 0.0306763 0.0153082 0
0.552 0.018 0.0283547 0.0133433 0
0.553 0.018 0.0259891 0.0124914 0
0.554 0.018 0.0310872 0.0176745 0
0.555 0.018 0.0282483 0.0134851 0
0.556 0.018 0.0310904 0.0167166 0
0.557 0.018 0.0323089 0.0168908 0
0.558 0.018 0.0323582 0.0148558 0
0.559 0.018 0.0284048 0.0163504 0
0.56 0.018 0.0328993 0.016152 0
0.561 0.019 0.0245907 0.0130302 0
0.562 0.019 0.0262809 0.0137465 0
0.563 0.019 0.027451 0.0134285 0
0.564 0.019 0.028443 0.0117678 0
0.565 0.019 0.0262641 0.0125663 0
0.566 0.019 0.0290486 0.0179607 0
0.567 0.019 0.0300339 0.016315 0
0.568 0.019 0.0249796 0.0141705 0
0.569 0.019 0.0305638 0.0154033 0
0.57 0.019 0.0280781 0.016196 0
0.571 0.019 0.031939 0.0149316 0
0.572 0.019 0.0269876 0.0142058 0
0.573 0.019 0.0301208 0.0146479 0
0.574 0.019 0.0278252 0.0159717 0
0.575 0.019 0.0285989 0.014889 0
0.576 0.019 0.0313546 0.0136887 0
0.577 0.019 0.0294671 0.0132667 0
0.578 0.022 0.0292746 0.0139211 0
0.579 0.022 0.0250833 0.0116439 0
0.58 0.022 0.0313192 0.015902 0
0.581 0.022 0.0289658 0.0153045 0
0.582 0.022 0.0266297 0.0133501 0
0.583 0.022 0.0285386 0.0124124 0
0.584 0.022 0.0284318 0.01435 0
0.585 0.022 0.0314198 0.0165028 0
0.586 0.022 0.028484 0.0142134 0
0.587 0.023 0.0328831 0.0188004 0
0.588 0.023 0.0273141 0.0145281 0
0.589 0.023 0.0284123 0.012202 0
0.59 0.023 0.0276604 0.0139833 0
0.591 0.023 0.0289637 0.0134304 0
0.592 0.023 0.0298045 0.015152 0
0.593 0.023 0.0257587 0.0137571 0
0.594 0.028 0.0320922 0.0164809 0
0.595 0.028 0.0268381 0.0135796 0
0.596 0.028 0.0269684 0.0113803 0
0.597 0.028 0.028582 0.0144837 0
0.598 0.028 0.0342276 0.0155017 0
0.599 0.028 0.030853 0.0149766 0
0.6 0.028 0.0275143 0.0129205 0
0.601 0.028 0.0304513 0.0163614 0
0.602 0.028 0.0306785 0.0157513 0
0.603 0.028 0.0258404 0.0135499 0
0.604 0.028 0.0291681 0.0176369 0
0.605 0.028 0.0328112 0.0176205 0
0.606 0.028 0.0271965 0.0153859 0
0.607 0.028 0.0315377 0.0154202 0
0.608 0.028 0.0265336 0.0156336 0
0.609 0.028 0.0317804 0.0187951 0
0.61 0.028 0.0226736 0.0115595 0
0.611 0.029 0.026495 0.0128953 0
0.612 0.029 0.0284002 0.0146023 0
0.613 0.029 0.0276517 0.0158019 0
0.614 0.032 0.0316666 0.0182276 0
0.615 0.032 0.0277078 0.0160961 0
0.616 0.032 0.0303136 0.0132611 0
0.617 0.032 0.0254778 0.0158006 0
0.618 0.032 0.0261193 0.0127525 0
0.619 0.032 0.0281034 0.0157179 0
0.62 0.032 0.0252985 0.0136436 0
0.621 0.032 0.0284535 0.0144254 0
0.622 0.032 0.0287558 0.0173185 0
0.623 0.032 0.0304441 0.0181454 0
0.624 0.032 0.0331796 0.015102 0
0.625 0.032 0.0260913 0.0134792 0
0.626 0.032 0.0255711 0.0135776 0
0.627 0.032 0.0280731 0.0137928 0
0.628 0.032 0.0262699 0.0149024 0
0.629 0.032 0.0292867 0.0139689 0
0.63 0.032 0.0302136 0.0167376 0
0.631 0.032 0.0277888 0.0128574 0
0.632 0.032 0.0334171 0.0150384 0
0.633 0.032 0.0298758 0.014834 0
0.634 0.032 0.0278265 0.0143973 0
0.635 0.032 0.0305192 0.0154977 0
0.636 0.037 0.0278043 0.0177497 0
0.637 0.037 0.0294916 0.0147972 0
0.638 0.037 0.0308507 0.0155594 0
0.639 0.037 0.0311144 0.0150147 0
0.64 0.037 0.0279207 0.0152539 0
0.641 0.037 0.0281888 0.0134817 0
0.642 0.037 0.0248185 0.0170382 0
0.643 0.044 0.027816 0.015862 0
0.644 0.044 0.0301525 0.0154494 0
0.645 0.044 0.0268602 0.01588 0
0.646 0.044 0.027682 0.014086 0
0.647 0.044 0.0306672 0.0128326 0
0.648 0.044 0.0272454 0.0139035 0
0.649 0.044 0.0284518 0.0164617 0
0.65 0.044 0.0286813 0.0164112 0
0.651 0.044 0.0263265 0.011743 0
0.652 0.044 0.0291078 0.0129399 0
0.653 0.044 0.0257543 0.0157891 0
0.654 0.044 0.0298725 0.0147616 0
0.655 0.044 0.0318441 0.0148976 0
0.656 0.044 0.028951 0.0133404 0
0.657 0.044 0.0296241 0.0151403 0
0.658 0.044 0.0304123 0.0134156 0
0.659 0.044 0.0314013 0.0149479 0
0.66 0.044 0.0265198 0.0119229 0
0.661 0.044 0.0279929 0.016425 0
0.662 0.044 0.0293137 0.0147478 0
0.663 0.044 0.027394 0.0138868 0
0.664 0.044 0.0277489 0.0136913 0
0.665 0.044 0.0282394 0.0151965 0
0.666 0.044 0.0250685 0.0132587 0
0.667 0.044 0.0283409 0.0139751 0
0.668 0.044 0.0287524 0.0117844 0
0.669 0.044 0.0279076 0.0147894 0
0.67 0.044 0.0286999 0.0129044 0
0.671 0.044 0.0258917 0.012918 0
0.672 0.044 0.0263606 0.0138403 0
0.673 0.044 0.0298811 0.0156331 0
0.674 0.044 0.0321138 0.0159649 0
0.675 0.044 0.0295176 0.0157499 0
0.676 0.044 0.0287327 0.0140339 0
0.677 0.044 0.0320241 0.017863 0
0.678 0.046 0.0325388 0.016362 0
0.679 0.046 0.02984 0.0166482 0
0.68 0.06 0.0315139 0.0163609 0
0.681 0.06 0.0344263 0.0174576 0
0.682 0.06 0.0279265 0.0157062 0
0.683 0.06 0.0306059 0.0182297 0
0.684 0.06 0.0301011 0.0154983 0
0.685 0.06 0.0313239 0.0113931 0
0.686 0.06 0.0286293 0.0144386 0
0.687 0.06 0.0341228 0.0167966 0
0.688 0.06 0.0271211 0.0140953 0
0.689 0.06 0.0292868 0.0164873 0
0.69 0.06 0.0290869 0.0162837 0
0.691 0.06 0.0292446 0.0168818 0
0.692 0.06 0.0288508 0.0123774 0
0.693 0.063 0.0290779 0.0158096 0
0.694 0.063 0.0279955 0.0148901 0
0.695 0.063 0.0289199 0.0164111 0
0.696 0.063 0.0287492 0.0132878 0
0.697 0.063 0.0304752 0.0163067 0
0.698 0.064 0.0330203 0.0172159 0
0.699 0.064 0.0284144 0.0148602 0
0.7 0.064 0.0288174 0.0131636 0
0.701 0.064 0.0249217 0.0120327 0
0.702 0.064 0.0291831 0.0160078 0
0.703 0.065 0.0293243 0.0166699 0
0.704 0.065 0.027274 0.0160345 0
0.705 0.065 0.0274825 0.0140007 0
0.706 0.065 0.0301405 0.0156759 0
0.707 0.065 0.0319732 0.0155248 0
0.708 0.065 0.0269855 0.0134989 0
0.709 0.065 0.0257513 0.0130603 0
0.71 0.065 0.0277378 0.0156818 0
0.711 0.076 0.0341322 0.0162784 0
0.712 0.076 0.0280711 0.0140317 0
0.713 0.076 0.03271 0.0185243 0
0.714 0.076 0.0322703 0.0168141 0
0.715 0.076 0.0350685 0.0176141 0
0.716 0.076 0.0252268 0.0119098 0
0.717 0.076 0.0304158 0.0149101 0
0.718 0.076 0.0305209 0.0153389 0
0.719 0.076 0.0283117 0.0157553 0
0.72 0.076 0.0267257 0.0140363 0
0.721 0.076 0.0243256 0.0110806 0
0.722 0.076 0.0284394 0.0158475 0
0.723 0.076 0.0299972 0.0161344 0
0.724 0.08 0.0267483 0.0138019 0
0.725 0.08 0.0284321 0.0159139 0
0.726 0.08 0.0301381 0.0138736 0
0.727 0.08 0.0315265 0.0150193 0
0.728 0.095 0.0253914 0.0131685 0
0.729 0.095 0.0304645 0.0140627 0
0.73 0.095 0.026129 0.0152807 0
0.731 0.095 0.0307408 0.0176607 0
0.732 0.113 0.0293654 0.0108762 0
0.733 0.113 0.0282655 0.0152908 0
0.734 0.141 0.0336645 0.0169507 0
0.735 0.141 0.0284817 0.0144451 0
0.736 0.142 0.0286125 0.0143929 0
0.737 0.142 0.0289522 0.0138923 0
0.738 0.142 0.0284388 0.0146138 0
0.739 0.142 0.0268518 0.0146183 0
0.74 0.145 0.0321264 0.0191569 0
0.741 0.145 0.0267032 0.0144386 0
0.742 0.145 0.0300731 0.0146882 0
0.743 0.145 0.0313192 0.0152966 0
0.744 0.145 0.0327459 0.0132227 0
0.745 0.15 0.0273 0.0118414 0
0.746 0.151 0.0249976 0.013494 0
0.747 0.161 0.0295867 0.0134251 0
0.748 0.161 0.02802 0.0146198 0
0.749 0.204 0.0296787 0.0148732 0
0.75 0.204 0.0289244 0.0136142 0
0.751 0.208 0.0290679 0.0131838 0
0.752 0.208 0.0305205 0.0154974 0
0.753 0.208 0.0279289 0.0131768 0
0.754 0.208 0.0279464 0.015213 0
0.755 0.209 0.024385 0.0125233 0
0.756 0.209 0.0297809 0.0175435 0
0.757 0.209 0.0304515 0.0151695 0
0.758 0.21 0.0287367 0.0161774 0
0.759 0.224 0.0288836 0.0143175 0
0.76 0.224 0.0287662 0.015025 0
0.761 0.225 0.030391 0.015499 0
0.762 0.226 0.0300601 0.0157645 0
0.763 0.226 0.0332518 0.0153465 0
0.764 0.226 0.0326184 0.0168831 0
0.765 0.367 0.0335663 0.0195063 0
0.766 0.368 0.0281496 0.0151359 0
0.767 0.368 0.0278068 0.0125912 0
0.768 0.371 0.0288315 0.0146372 0
0.769 0.371 0.0289259 0.0134744 0
0.77 0.374 0.0320292 0.0157501 0
0.771 0.441 0.03283 0.0159032 0
0.772 0.442 0.0283858 0.0152353 0
0.773 0.448 0.0333059 0.0141604 0
0.774 0.448 0.0323335 0.0149182 0
0.775 0.583 0.0308105 0.0150371 0
0.776 0.591 0.0295906 0.015042 0
0.777 0.592 0.0370966 0.0172906 0
0.778 0.592 0.0324955 0.0163002 0
0.779 0.593 0.0323239 0.016347 0
0.78 0.593 0.0301089 0.0134529 0
0.781 0.596 0.028487 0.0158323 0
0.782 0.646 0.0291029 0.0145246 0
0.783 0.647 0.0298173 0.0158918 0
0.784 0.647 0.0242876 0.0139661 0
0.785 0.648 0.0264059 0.0126509 0
0.786 0.648 0.0280206 0.0118474 0
0.787 0.708 0.0321594 0.0158319 0
0.788 0.712 0.0323762 0.0168328 0
0.789 0.712 0.030018 0.015561 0
0.79 0.712 0.0278915 0.0142424 0
0.791 0.712 0.0317227 0.0147935 0
0.792 0.712 0.0285469 0.0145387 0
0.793 0.713 0.0254778 0.0150444 0
0.794 0.716 0.0348606 0.0168364 0
0.795 0.716 0.0323471 0.0161803 0
0.796 0.716 0.03053 0.0145809 0
0.797 0.718 0.030229 0.0169362 0
0.798 0.718 0.0262053 0.0139636 0
0.799 0.718 0.0264858 0.0123213 0
0.8 0.739 0.0298968 0.0154721 0
0.801 0.74 0.0305774 0.0145795 0
0.802 0.74 0.0313384 0.016468 0
0.803 0.741 0.0282471 0.0129737 0
0.804 0.741 0.0371009 0.0182452 0
0.805 0.741 0.0299015 0.0136594 0
0.806 0.742 0.0276547 0.0151236 0
0.807 0.742 0.0274436 0.013834 0
0.808 0.742 0.0263583 0.0137553 0
0.809 0.742 0.032084 0.0144193 0
0.81 0.744 0.0307381 0.017359 0
0.811 0.745 0.0268587 0.0128421 0
0.812 0.745 0.0273905 0.0152997 0
0.813 0.745 0.0338973 0.0179403 0
0.814 0.745 0.0391227 0.0127989 0
0.815 0.745 0.028752 0.0145666 0
0.816 0.746 0.0325902 0.0161501 0
0.817 0.747 0.0296705 0.014691 0
0.818 0.748 0.0282305 0.012178 0
0.819 0.749 0.0277772 0.0140409 0
0.82 0.75 0.0352343 0.0181892 0
0.821 0.75 0.0271277 0.0170028 0
0.822 0.75 0.0319212 0.0162389 0
0.823 0.751 0.0300793 0.0162211 0
0.824 0.751 0.0278802 0.0142664 0
0.825 0.751 0.0282645 0.0144289 0
0.826 0.753 0.0292372 0.0119181 0
0.827 0.754 0.029041 0.0168547 0
0.828 0.755 0.0310218 0.0183459 0
0.829 0.756 0.0299637 0.0135812 0
0.83 0.756 0.0283698 0.0170307 0
0.831 0.76 0.0253029 0.0139403 0
0.832 0.76 0.033337 0.0160601 0
0.833 0.76 0.0302927 0.014605 0
0.834 0.761 0.030602 0.0164632 0
0.835 0.762 0.0258751 0.0142443 0
0.836 0.773 0.0330024 0.0137124 0
0.837 0.773 0.0312774 0.0148372 0
0.838 0.774 0.0277612 0.0158234 0
0.839 0.774 0.0280111 0.0151319 0
0.84 0.777 0.0355177 0.0140403 0
0.841 0.778 0.0315806 0.0166237 0
0.842 0.778 0.0299216 0.0158071 0
0.843 0.778 0.0305429 0.0128868 0
0.844 0.779 0.0256409 0.012496 0
0.845 0.779 0.0274443 0.0121267 0
0.846 0.779 0.0301533 0.0151913 0
0.847 0.781 0.0293594 0.0137598 0
0.848 0.781 0.0284124 0.0151484 0
0.849 0.782 0.026682 0.010785 0
0.85 0.782 0.0284762 0.0152463 0
0.851 0.782 0.026771 0.0128541 0
0.852 0.784 0.0279619 0.0143258 0
0.853 0.785 0.0358381 0.0187245 0
0.854 0.786 0.02988 0.0163928 0
0.855 0.786 0.0294507 0.0130264 0
0.856 0.787 0.0285943 0.0156843 0
0.857 0.787 0.0276697 0.0124331 0
0.858 0.788 0.0272541 0.0140808 0
0.859 0.789 0.029852 0.0126895 0
0.86 0.792 0.0274963 0.01542 0
0.861 0.793 0.0299712 0.0180673 0
0.862 0.793 0.0282288 0.0140209 0
0.863 0.795 0.0255074 0.0132152 0
0.864 0.795 0.0292914 0.0160016 0
0.865 0.795 0.0340149 0.014827 0
0.866 0.799 0.0326019 0.0157386 0
0.867 0.8 0.0284036 0.0132808 0
0.868 0.8 0.0275196 0.0152286 0
0.869 0.8 0.0294348 0.014159 0
0.87 0.8 0.0254835 0.0140331 0
0.871 0.8 0.0275185 0.0135089 0
0.872 0.8 0.0266601 0.0127652 0
0.873 0.801 0.0312426 0.0161781 0
0.874 0.801 0.0287022 0.0156664 0
0.875 0.801 0.0268188 0.0156242 0
0.876 0.801 0.0309158 0.0152487 0
0.877 0.802 0.0304212 0.016268 0
0.878 0.802 0.0293373 0.0142122 0
0.879 0.802 0.0276329 0.0141859 0
0.88 0.802 0.0293641 0.0154908 0
0.881 0.802 0.02776 0.0135323 0
0.882 0.802 0.0259186 0.0139807 0
0.883 0.803 0.028339 0.0128605 0
0.884 0.803 0.0288895 0.0154354 0
0.885 0.803 0.0279541 0.0129389 0
0.886 0.803 0.0304683 0.0164901 0
0.887 0.804 0.0306082 0.0162925 0
0.888 0.811 0.0316197 0.0160816 0
0.889 0.811 0.0277584 0.0144789 0
0.89 0.811 0.0277354 0.0147768 0
0.891 0.812 0.0288714 0.0138223 0
0.892 0.813 0.0280916 0.0171787 0
0.893 0.813 0.0306695 0.0164683 0
0.894 0.813 0.0316521 0.0177144 0
0.895 0.813 0.0290231 0.0162294 0
0.896 0.813 0.025798 0.0145037 0
0.897 0.813 0.026363 0.0139034 0
0.898 0.813 0.0317257 0.0166627 0
0.899 0.814 0.027113 0.0118585 0
0.9 0.814 0.0321426 0.0179547 0
0.901 0.814 0.0294273 0.0156666 0
0.902 0.814 0.0342226 0.019183 0
0.903 0.814 0.0325653 0.0176072 0
0.904 0.814 0.0314318 0.0143005 0
0.905 0.814 0.0301689 0.0203796 0
0.906 0.815 0.0294235 0.0163165 0
0.907 0.815 0.0326055 0.0155941 0
0.908 0.816 0.0288201 0.0138314 0
0.909 0.816 0.0306 0.0133919 0
0.91 0.816 0.0294854 0.0142557 0
0.911 0.816 0.0321119 0.0166132 0
0.912 0.816 0.0243251 0.0130176 0
0.913 0.817 0.0291902 0.0145332 0
0.914 0.817 0.0316305 0.0151123 0
0.915 0.817 0.0325036 0.0137105 0
0.916 0.817 0.0316139 0.018195 0
0.917 0.817 0.032988 0.0152942 0
0.918 0.817 0.0273998 0.0154493 0
0.919 0.817 0.0317788 0.0143636 0
0.92 0.817 0.0271947 0.0136865 0
0.921 0.817 0.0318886 0.0166816 0
0.922 0.818 0.0299011 0.0146048 0
0.923 0.818 0.0296432 0.0140712 0
0.924 0.82 0.0325775 0.0175954 0
0.925 0.821 0.0241513 0.0114816 0
0.926 0.821 0.0307037 0.0153585 0
0.927 0.823 0.0264165 0.0108757 0
0.928 0.823 0.030948 0.0167648 0
0.929 0.825 0.0264874 0.0148571 0
0.93 0.825 0.0327641 0.0160401 0
0.931 0.825 0.0274877 0.0123859 0
0.932 0.825 0.0300292 0.0155349 0
0.933 0.825 0.0284333 0.0119998 0
0.934 0.826 0.0279515 0.015728 0
0.935 0.827 0.0273733 0.0136065 0
0.936 0.827 0.0311192 0.0177483 0
0.937 0.828 0.0306211 0.0151328 0
0.938 0.829 0.025845 0.0118953 0
0.939 0.829 0.0293318 0.0132679 0
0.94 0.829 0.0286245 0.0144908 0
0.941 0.829 0.0284927 0.0158238 0
0.942 0.829 0.0339343 0.0175117 0
0.943 0.829 0.0240195 0.0125627 0
0.944 0.829 0.0276344 0.0140852 0
0.945 0.829 0.0290254 0.0155158 0
0.946 0.829 0.0305371 0.0169558 0
0.947 0.83 0.0310577 0.0179114 0
0.948 0.831 0.0314369 0.0171501 0
0.949 0.831 0.031768 0.0163864 0
0.95 0.833 0.0261207 0.014916 0
0.951 0.833 0.0382066 0.0188546 0
0.952 0.834 0.0327348 0.0156472 0
0.953 0.834 0.0340728 0.0190079 0
0.954 0.835 0.0287837 0.0135189 0
0.955 0.836 0.0305622 0.0155774 0
0.956 0.837 0.0293355 0.0161234 0
0.957 0.837 0.0322241 0.0151779 0
0.958 0.838 0.0319618 0.0157292 0
0.959 0.839 0.0330648 0.0176014 0
0.96 0.841 0.0345716 0.0162554 0
0.961 0.842 0.028571 0.0164875 0
0.962 0.842 0.0263604 0.0128454 0
0.963 0.842 0.0306615 0.0148813 0
0.964 0.842 0.0261257 0.0165786 0
0.965 0.842 0.0293185 0.0154952 0
0.966 0.842 0.0268655 0.0129405 0
0.967 0.842 0.0310998 0.0167946 0
0.968 0.846 0.0263137 0.0126289 0
0.969 0.846 0.0327901 0.0155778 0
0.97 0.846 0.0267195 0.0133926 0
0.971 0.85 0.0344377 0.0192958 0
0.972 0.851 0.0322859 0.015673 0
0.973 0.851 0.0325823 0.017231 0
0.974 0.851 0.0295396 0.0130285 0
0.975 0.851 0.03153 0.0151831 0
0.976 0.851 0.0302019 0.0150268 0
0.977 0.852 0.0286475 0.0141888 0
0.978 0.852 0.029371 0.0166834 0
0.979 0.852 0.0344429 0.0173196 0
0.98 0.852 0.034604 0.0159846 0
0.981 0.852 0.0269615 0.0137698 0
0.982 0.852 0.0300754 0.015147 0
0.983 0.852 0.0326255 0.0168852 0
0.984 0.852 0.0309076 0.0147835 0
0.985 0.852 0.033076 0.0178757 0
0.986 0.853 0.0309164 0.0158889 0
0.987 0.853 0.0278972 0.0141176 0
0.988 0.853 0.0303555 0.0167073 0
0.989 0.853 0.0321654 0.0163816 0
0.99 0.853 0.0300829 0.0154005 0
0.991 0.854 0.0277378 0.0142347 0
0.992 0.854 0.0316418 0.0160645 0
0.993 0.854 0.0311194 0.0196509 0
0.994 0.854 0.027422 0.012206 0
0.995 0.854 0.0280725 0.0141408 0
0.996 0.854 0.0282404 0.0131561 0
0.997 0.854 0.0285387 0.0133458 0
0.998 0.854 0.0297267 0.0140527 0
0.999 0.855 0.0280244 0.0140721 0
1 0.855 0.0259131 0.014437 0
1.001 0.855 0.032157 0.0150156 0
1.002 0.855 0.0286705 0.0152132 0
1.003 0.855 0.0251025 0.0120116 0
1.004 0.855 0.0284878 0.0148941 0
1.005 0.856 0.0310262 0.0154743 0
1.006 0.856 0.0299649 0.0150726 0
1.007 0.856 0.0235052 0.0136802 0
1.008 0.856 0.0280302 0.0146789 0
1.009 0.856 0.0282974 0.0163798 0
1.01 0.856 0.0293019 0.0138314 0
1.011 0.856 0.0274829 0.0155174 0
1.012 0.856 0.0308435 0.015889 0
1.013 0.856 0.027588 0.0169146 0
1.014 0.856 0.0317846 0.0158215 0
1.015 0.856 0.0278189 0.0133915 0
1.016 0.856 0.032702 0.0165154 0
1.017 0.856 0.0288929 0.0157736 0
1.018 0.856 0.0262554 0.0134904 0
1.019 0.857 0.0286362 0.0163514 0
1.02 0.857 0.0324979 0.015476 0
1.021 0.858 0.0307333 0.016335 0
1.022 0.859 0.030639 0.0169121 0
1.023 0.859 0.0265907 0.0136085 0
1.024 0.86 0.0263412 0.0122853 0
1.025 0.861 0.0264828 0.0139103 0
1.026 0.861 0.0284109 0.012793 0
1.027 0.862 0.0298539 0.0156869 0
1.028 0.863 0.0250333 0.0135447 0
1.029 0.863 0.032603 0.0150305 0
1.03 0.863 0.033229 0.0180464 0
1.031 0.863 0.0311454 0.0153136 0
1.032 0.863 0.0302231 0.0152517 0
1.033 0.863 0.0328859 0.0161949 0
1.034 0.864 0.0335229 0.018102 0
1.035 0.864 0.0308775 0.0166365 0
1.036 0.864 0.0350194 0.018525 0
1.037 0.864 0.0297003 0.012855 0
1.038 0.864 0.0316681 0.0175801 0
1.039 0.864 0.0277358 0.0134168 0
1.04 0.864 0.0306408 0.0170817 0
1.041 0.864 0.0296422 0.0166155 0
1.042 0.865 0.0287774 0.0128414 0
1.043 0.865 0.0333567 0.0178119 0
1.044 0.866 0.0310379 0.014761 0
1.045 0.866 0.027369 0.014011 0
1.046 0.866 0.0316451 0.0170299 0
1.047 0.866 0.030541 0.0155463 0
1.048 0.866 0.0288438 0.0145279 0
1.049 0.866 0.0342973 0.016356 0
1.05 0.866 0.0308618 0.0164113 0
1.051 0.867 0.0347705 0.0164555 0
1.052 0.867 0.0296426 0.0144211 0
1.053 0.868 0.0300891 0.0136744 0
1.054 0.868 0.0253475 0.0146631 0
1.055 0.868 0.0307974 0.0132353 0
1.056 0.868 0.0310257 0.0155159 0
1.057 0.868 0.0284812 0.0138966 0
1.058 0.87 0.0321121 0.016134 0
1.059 0.87 0.0334314 0.0180173 0
1.06 0.87 0.0289686 0.0149456 0
1.061 0.87 0.0295525 0.0140135 0
1.062 0.87 0.0255763 0.0127322 0
1.063 0.87 0.0313145 0.0206952 0
1.064 0.873 0.0322423 0.0171685 0
1.065 0.873 0.0320671 0.0160734 0
1.066 0.874 0.029592 0.0156631 0
1.067 0.874 0.0292726 0.0168927 0
1.068 0.874 0.0284153 0.0137357 0
1.069 0.874 0.0297773 0.0138208 0
1.07 0.879 0.0313005 0.0150498 0
1.071 0.879 0.0281117 0.0170983 0
1.072 0.88 0.0348832 0.0170295 0
1.073 0.88 0.0287913 0.0145748 0
1.074 0.88 0.0274705 0.0140863 0
1.075 0.88 0.0287537 0.0140035 0
1.076 0.882 0.0339266 0.0153634 0
1.077 0.883 0.0292097 0.016937 0
1.078 0.883 0.0298881 0.0141427 0
1.079 0.885 0.0276267 0.0136526 0
1.08 0.885 0.0295514 0.0156679 0
1.081 0.886 0.0308894 0.0169102 0
1.082 0.887 0.0293598 0.0146622 0
1.083 0.887 0.0288482 0.0132104 0
1.084 0.887 0.0318872 0.019477 0
1.085 0.887 0.0267827 0.0157801 0
1.086 0.887 0.0283505 0.0134028 0
1.087 0.887 0.030439 0.0169482 0
1.088 0.887 0.0311329 0.0172193 0
1.089 0.887 0.0271081 0.0183477 0
1.09 0.888 0.0353404 0.0162039 0
1.091 0.888 0.0313103 0.0146914 0
1.092 0.888 0.0314413 0.0198236 0
1.093 0.89 0.033342 0.0186197 0
1.094 0.89 0.0328021 0.0154216 0
1.095 0.89 0.028972 0.0138297 0
1.096 0.891 0.0317633 0.0151297 0
1.097 0.892 0.0296703 0.0161236 0
1.098 0.892 0.0311657 0.0187452 0
1.099 0.892 0.0290779 0.0154929 0
1.1 0.892 0.0326789 0.0156026 0
1.101 0.892 0.0268074 0.011437 0
1.102 0.892 0.0290817 0.0139448 0
1.103 0.893 0.0270613 0.0156019 0
1.104 0.893 0.0299652 0.0156088 0
1.105 0.893 0.0269462 0.0152254 0
1.106 0.893 0.0327679 0.0160096 0
1.107 0.894 0.0314215 0.0154968 0
1.108 0.894 0.0348964 0.0179801 0
1.109 0.894 0.0279262 0.0143511 0
1.11 0.894 0.028363 0.0123415 0
1.111 0.895 0.028377 0.0139187 0
1.112 0.895 0.0305146 0.0145418 0
1.113 0.895 0.0274649 0.0122985 0
1.114 0.895 0.0326364 0.0170892 0
1.115 0.895 0.0381024 0.0164559 0
1.116 0.895 0.029877 0.0167528 0
1.117 0.895 0.0291553 0.0163101 0
1.118 0.896 0.0245866 0.0140473 0
1.119 0.896 0.0302574 0.0144488 0
1.12 0.896 0.0307406 0.0152475 0
1.121 0.896 0.0295839 0.0167534 0
1.122 0.897 0.0346454 0.0159227 0
1.123 0.897 0.0314136 0.0153576 0
1.124 0.898 0.0294404 0.0154141 0
1.125 0.899 0.0303031 0.0177633 0
1.126 0.899 0.0307559 0.0153218 0
1.127 0.899 0.0281298 0.0159078 0
1.128 0.899 0.0323418 0.0160394 0
1.129 0.899 0.0233273 0.0122515 0
1.13 0.9 0.0303284 0.0146427 0
1.131 0.9 0.0289039 0.0168256 0
1.132 0.901 0.0301625 0.0149557 0
1.133 0.901 0.0307796 0.0144977 0
1.134 0.901 0.0274081 0.0142801 0
1.135 0.901 0.0315329 0.0129289 0
1.136 0.901 0.0268676 0.0121893 0
1.137 0.901 0.0337479 0.0180796 0
1.138 0.901 0.0338507 0.015344 0
1.139 0.902 0.0281828 0.0158352 0
1.14 0.903 0.0285707 0.0149475 0
1.141 0.903 0.0331318 0.0178126 0
1.142 0.903 0.0304485 0.0139683 0
1.143 0.903 0.0308428 0.0154227 0
1.144 0.903 0.0296509 0.0138941 0
1.145 0.903 0.0306426 0.0144526 0
1.146 0.903 0.0322593 0.0158122 0
1.147 0.903 0.0279387 0.015847 0
1.148 0.903 0.0283139 0.0135002 0
1.149 0.903 0.030368 0.0185 0
1.15 0.903 0.0277235 0.0145547 0
1.151 0.903 0.0309871 0.0170843 0
1.152 0.904 0.0264352 0.0129836 0
1.153 0.904 0.0323972 0.0180023 0
1.154 0.904 0.0300909 0.0164074 0
1.155 0.904 0.0278704 0.0157862 0
1.156 0.905 0.0322361 0.014711 0
1.157 0.905 0.0314292 0.0136156 0
1.158 0.905 0.0354979 0.0195446 0
1.159 0.905 0.0251335 0.0131192 0
1.16 0.906 0.028321 0.0146704 0
1.161 0.906 0.0317762 0.0141131 0
1.162 0.906 0.0301002 0.0154929 0
1.163 0.907 0.0301681 0.013065 0
1.164 0.907 0.0282701 0.0153965 0
1.165 0.908 0.0279033 0.0134418 0
1.166 0.908 0.0299535 0.0158418 0
1.167 0.908 0.0326478 0.0191792 0
1.168 0.908 0.0290924 0.0164169 0
1.169 0.909 0.0331412 0.0148986 0
1.17 0.909 0.0312404 0.0171259 0
1.171 0.91 0.0292181 0.0164857 0
1.172 0.91 0.0356294 0.0184546 0
1.173 0.91 0.0314432 0.018361 0
1.174 0.91 0.0340824 0.0177034 0
1.175 0.91 0.0292063 0.0152144 0
1.176 0.91 0.0321702 0.0184945 0
1.177 0.91 0.0330324 0.0190859 0
1.178 0.911 0.031599 0.0156253 0
1.179 0.911 0.0380179 0.0162237 0
1.18 0.911 0.0314701 0.0179659 0
1.181 0.912 0.0338241 0.0184858 0
1.182 0.912 0.0327077 0.0159924 0
1.183 0.912 0.0277711 0.0123388 0
1.184 0.912 0.0320787 0.0151836 0
1.185 0.912 0.0289614 0.0169072 0
1.186 0.912 0.0388478 0.0156215 0
1.187 0.912 0.0304485 0.0148905 0
1.188 0.912 0.0321876 0.0173318 0
1.189 0.912 0.030436 0.0170106 0
1.19 0.912 0.0333806 0.0159599 0
1.191 0.912 0.0288937 0.0144025 0
1.192 0.912 0.0278236 0.0134573 0
1.193 0.912 0.0370493 0.0177016 0
1.194 0.912 0.0315263 0.0164133 0
1.195 0.912 0.029606 0.0160037 0
1.196 0.912 0.0288962 0.0129031 0
1.197 0.912 0.027326 0.0151789 0
1.198 0.913 0.0323575 0.0162498 0
1.199 0.913 0.0292874 0.0150529 0
1.2 0.913 0.0265132 0.0148655 0
1.201 0.913 0.029666 0.0165 0
1.202 0.913 0.0297967 0.0146815 0
1.203 0.913 0.0267511 0.016093 0
1.204 0.913 0.0358996 0.0149417 0
1.205 0.913 0.0323478 0.0188208 0
1.206 0.913 0.0323751 0.0159723 0
1.207 0.913 0.034316 0.016835 0
1.208 0.914 0.0319664 0.0149857 0
1.209 0.914 0.0293056 0.0128175 0
1.21 0.914 0.033485 0.0166553 0
1.211 0.914 0.0326553 0.0158972 0
1.212 0.914 0.0293573 0.0144422 0
1.213 0.914 0.0287203 0.0136975 0
1.214 0.914 0.0288408 0.0123932 0
1.215 0.914 0.0276084 0.0130793 0
1.216 0.914 0.034094 0.0172884 0
1.217 0.914 0.0327236 0.0182054 0
1.218 0.914 0.0316047 0.0180522 0
1.219 0.914 0.0344519 0.013711 0
1.22 0.914 0.0330731 0.0174289 0
1.221 0.914 0.0313197 0.0149911 0
1.222 0.914 0.0308241 0.0183244 0
1.223 0.914 0.028095 0.0153922 0
1.224 0.914 0.0340345 0.0146485 0
1.225 0.914 0.0303063 0.0156903 0
1.226 0.914 0.0336669 0.0149385 0
1.227 0.916 0.0316679 0.0159103 0
1.228 0.916 0.0307393 0.014731 0
1.229 0.916 0.0318111 0.0155821 0
1.23 0.916 0.0284838 0.0137692 0
1.231 0.916 0.0277271 0.013725 0
1.232 0.916 0.0318011 0.0165115 0
1.233 0.918 0.0356232 0.0155279 0
1.234 0.918 0.0269645 0.01637 0
1.235 0.919 0.0263967 0.0129664 0
1.236 0.919 0.0346315 0.0184703 0
1.237 0.92 0.0308338 0.0160692 0
1.238 0.92 0.0291827 0.0166475 0
1.239 0.92 0.0297989 0.0175317 0
1.24 0.92 0.0358659 0.0181643 0
1.241 0.92 0.0291295 0.0150239 0
1.242 0.92 0.0305457 0.0130535 0
1.243 0.92 0.0334348 0.0149183 0
1.244 0.921 0.0307454 0.0186761 0
1.245 0.921 0.0266649 0.0121693 0
1.246 0.921 0.0261201 0.0118731 0
1.247 0.921 0.0290225 0.0175011 0
1.248 0.921 0.0283919 0.0142455 0
1.249 0.921 0.0293671 0.0148281 0
1.25 0.921 0.0266715 0.0121637 0
1.251 0.921 0.035448 0.0147301 0
1.252 0.921 0.0302435 0.0129162 0
1.253 0.921 0.0357342 0.0167635 0
1.254 0.921 0.029094 0.0139502 0
1.255 0.921 0.0332745 0.0158206 0
1.256 0.923 0.0324978 0.0163009 0
1.257 0.924 0.0281087 0.0153816 0
1.258 0.924 0.0292002 0.0152666 0
1.259 0.924 0.0320448 0.0165448 0
1.26 0.924 0.0282139 0.0154455 0
1.261 0.924 0.0347844 0.016897 0
1.262 0.924 0.0297119 0.0144546 0
1.263 0.924 0.0318006 0.0151483 0
1.264 0.924 0.0344457 0.017338 0
1.265 0.924 0.034981 0.0167616 0
1.266 0.924 0.0332722 0.0169277 0
1.267 0.924 0.032233 0.0146161 0
1.268 0.924 0.0279726 0.0136441 0
1.269 0.924 0.028577 0.0155454 0
1.27 0.924 0.0330362 0.0177495 0
1.271 0.924 0.0353093 0.0185786 0
1.272 0.924 0.0279989 0.014094 0
1.273 0.924 0.0272518 0.0139071 0
1.274 0.924 0.0326677 0.0158278 0
1.275 0.924 0.0285028 0.0161976 0
1.276 0.925 0.0307972 0.0167049 0
1.277 0.926 0.0286123 0.0159075 0
1.278 0.926 0.0341556 0.0161524 0
1.279 0.926 0.0315486 0.0161913 0
1.28 0.926 0.0366198 0.0181988 0
1.281 0.927 0.0296249 0.0148051 0
1.282 0.927 0.0310803 0.0156922 0
1.283 0.927 0.0339948 0.0159049 0
1.284 0.928 0.0320213 0.0157622 0
1.285 0.928 0.0307977 0.0164703 0
1.286 0.928 0.0375053 0.0209362 0
1.287 0.928 0.0282901 0.0171334 0
1.288 0.928 0.0324005 0.0152105 0
1.289 0.928 0.0288705 0.01635 0
1.29 0.928 0.0297021 0.0161208 0
1.291 0.928 0.0274797 0.0140953 0
1.292 0.928 0.0319294 0.0155667 0
1.293 0.928 0.0309561 0.0165506 0
1.294 0.928 0.0310621 0.0167784 0
1.295 0.929 0.032342 0.0145354 0
1.296 0.929 0.0293884 0.013766 0
1.297 0.929 0.0333884 0.015966 0
1.298 0.929 0.0305173 0.0168465 0
1.299 0.929 0.0327513 0.0157447 0
1.3 0.929 0.0249613 0.0116769 0
1.301 0.929 0.0274921 0.0172647 0
1.302 0.929 0.0288066 0.0138205 0
1.303 0.929 0.0321105 0.0180372 0
1.304 0.929 0.0282006 0.0151315 0
1.305 0.93 0.0273182 0.0116937 0
1.306 0.93 0.0377864 0.018051 0
1.307 0.93 0.0323086 0.0187939 0
1.308 0.931 0.0341521 0.0181521 0
1.309 0.931 0.0336895 0.0169726 0
1.31 0.932 0.0357938 0.0174702 0
1.311 0.932 0.0309594 0.0156648 0
1.312 0.932 0.0312598 0.0153909 0
1.313 0.932 0.0309117 0.0166274 0
1.314 0.932 0.0319449 0.0183032 0
1.315 0.932 0.0378629 0.0168048 0
1.316 0.932 0.0351094 0.0183276 0
1.317 0.932 0.02953 0.0147386 0
1.318 0.932 0.0308176 0.0148765 0
1.319 0.932 0.0289841 0.0162049 0
1.32 0.932 0.0372334 0.0177073 0
1.321 0.932 0.0288507 0.0168725 0
1.322 0.932 0.0316366 0.0164106 0
1.323 0.933 0.0324971 0.0173369 0
1.324 0.933 0.0337414 0.0146533 0
1.325 0.933 0.0364052 0.0163674 0
1.326 0.933 0.0288307 0.0158994 0
1.327 0.934 0.0301517 0.0169522 0
1.328 0.935 0.0332161 0.0157174 0
1.329 0.935 0.0302151 0.0150121 0
1.33 0.935 0.0300822 0.0164581 0
1.331 0.935 0.0330567 0.0167676 0
1.332 0.935 0.0325729 0.020015 0
1.333 0.935 0.0297078 0.0156326 0
1.334 0.935 0.0322397 0.0165731 0
1.335 0.935 0.0315142 0.0178367 0
1.336 0.935 0.0292954 0.0163973 0
1.337 0.935 0.0379474 0.0168298 0
1.338 0.935 0.035491 0.0192018 0
1.339 0.935 0.0274061 0.0134076 0
1.34 0.937 0.027374 0.0152061 0
1.341 0.937 0.035487 0.0196636 0
1.342 0.937 0.0294133 0.0155774 0
1.343 0.937 0.0312727 0.0161198 0
1.344 0.937 0.0322002 0.0166625 0
1.345 0.937 0.0242248 0.0133162 0
1.346 0.937 0.0276811 0.0133819 0
1.347 0.937 0.0322351 0.0157433 0
1.348 0.938 0.0271243 0.0134281 0
1.349 0.938 0.0318279 0.0182172 0
1.35 0.938 0.0359651 0.0202453 0
1.351 0.938 0.0301848 0.0141191 0
1.352 0.938 0.0297846 0.0136802 0
1.353 0.938 0.0363133 0.0206018 0
1.354 0.938 0.0294455 0.0191207 0
1.355 0.939 0.0335106 0.0172541 0
1.356 0.939 0.0302556 0.0173758 0
1.357 0.939 0.0303434 0.014603 0
1.358 0.939 0.0341073 0.022367 0
1.359 0.939 0.0319632 0.0155415 0
1.36 0.939 0.0339093 0.0155072 0
1.361 0.939 0.031394 0.0123469 0
1.362 0.939 0.0334451 0.0166114 0
1.363 0.94 0.0328072 0.014727 0
1.364 0.94 0.0325778 0.0165506 0
1.365 0.94 0.027373 0.0141971 0
1.366 0.94 0.0370593 0.0196393 0
1.367 0.941 0.0321474 0.0178295 0
1.368 0.942 0.0284931 0.0150578 0
1.369 0.942 0.0344466 0.0176287 0
1.37 0.942 0.0334715 0.0179363 0
1.371 0.943 0.0364854 0.0170511 0
1.372 0.943 0.0314524 0.0145756 0
1.373 0.943 0.0336177 0.0171814 0
1.374 0.943 0.0333083 0.0175244 0
1.375 0.943 0.0253408 0.0131768 0
1.376 0.943 0.0321524 0.0191829 0
1.377 0.943 0.0357405 0.0199622 0
1.378 0.943 0.0328688 0.0186917 0
1.379 0.943 0.0329685 0.0165353 0
1.38 0.943 0.0333653 0.0165722 0
1.381 0.943 0.0313234 0.0171012 0
1.382 0.943 0.0354071 0.0180997 0
1.383 0.943 0.03062 0.016346 0
1.384 0.943 0.0334083 0.0144438 0
1.385 0.943 0.0315747 0.015636 0
1.386 0.943 0.0300133 0.0141085 0
1.387 0.943 0.0287102 0.0123982 0
1.388 0.943 0.0289477 0.0130285 0
1.389 0.943 0.0342125 0.0157774 0
1.39 0.943 0.0268276 0.0163385 0
1.391 0.943 0.0266521 0.0138088 0
1.392 0.943 0.0354831 0.0187192 0
1.393 0.943 0.0360183 0.0170658 0
1.394 0.943 0.0318699 0.0174806 0
1.395 0.943 0.0331099 0.0188605 0
1.396 0.943 0.0310179 0.0176625 0
1.397 0.943 0.0320454 0.0162731 0
1.398 0.943 0.0333929 0.0174409 0
1.399 0.943 0.0274228 0.0148337 0
1.4 0.943 0.0282151 0.0155367 0
1.401 0.943 0.0319275 0.0180748 0
1.402 0.943 0.0301411 0.0159392 0
1.403 0.943 0.0314364 0.0168713 0
1.404 0.943 0.0333817 0.0167902 0
1.405 0.943 0.0286206 0.0121776 0
1.406 0.944 0.0327873 0.0173772 0
1.407 0.944 0.0310008 0.0166235 0
1.408 0.945 0.0306273 0.0172799 0
1.409 0.945 0.0335072 0.019185 0
1.41 0.945 0.0331547 0.0180781 0
1.411 0.945 0.0335312 0.0158688 0
1.412 0.946 0.0278381 0.0154511 0
1.413 0.947 0.0393489 0.0169821 0
1.414 0.947 0.0306853 0.0138703 0
1.415 0.947 0.0387522 0.0232973 0
1.416 0.947 0.0335331 0.0159675 0
1.417 0.947 0.0372279 0.021646 0
1.418 0.947 0.0284612 0.0162617 0
1.419 0.947 0.0318453 0.0188771 0
1.42 0.947 0.0364357 0.0180436 0
1.421 0.947 0.0334041 0.0197118 0
1.422 0.947 0.0336349 0.0152273 0
1.423 0.947 0.0359162 0.0191095 0
1.424 0.947 0.0298216 0.0136448 0
1.425 0.947 0.0327116 0.0150251 0
1.426 0.947 0.0313303 0.0170471 0
1.427 0.947 0.0313777 0.014418 0
1.428 0.947 0.0326309 0.0171223 0
1.429 0.948 0.0333823 0.0209432 0
1.43 0.948 0.0322378 0.0171935 0
1.431 0.948 0.0312762 0.016094 0
1.432 0.948 0.0322852 0.0196617 0
1.433 0.948 0.0285109 0.0144547 0
1.434 0.948 0.0296169 0.0155921 0
1.435 0.948 0.0292106 0.0149563 0
1.436 0.949 0.0306125 0.0160114 0
1.437 0.949 0.0388594 0.0174572 0
1.438 0.949 0.0315263 0.0189811 0
1.439 0.949 0.0295418 0.0159675 0
1.44 0.949 0.0326192 0.0157437 0
1.441 0.949 0.0350364 0.0214243 0
1.442 0.949 0.0292797 0.0164774 0
1.443 0.949 0.0326081 0.016459 0
1.444 0.949 0.0281506 0.0139272 0
1.445 0.949 0.0334461 0.0160166 0
1.446 0.949 0.0277566 0.0141406 0
1.447 0.949 0.0310442 0.0164179 0
1.448 0.949 0.0296639 0.0135107 0
1.449 0.949 0.0359254 0.0181537 0
1.45 0.949 0.0291133 0.016201 0
1.451 0.949 0.0275216 0.0141422 0
1.452 0.949 0.0380756 0.0172274 0
1.453 0.949 0.0330812 0.0182818 0
1.454 0.949 0.0338438 0.0166435 0
1.455 0.949 0.0340896 0.0159694 0
1.456 0.949 0.0340393 0.0186691 0
1.457 0.949 0.0322606 0.0156993 0
1.458 0.949 0.0326643 0.0150593 0
1.459 0.949 0.0300007 0.0212517 0
1.46 0.949 0.0363809 0.0213301 0
1.461 0.949 0.0349899 0.0178311 0
1.462 0.949 0.0340389 0.0193695 0
1.463 0.949 0.0298912 0.0160388 0
1.464 0.949 0.0295749 0.0131988 0
1.465 0.949 0.0363579 0.0164776 0
1.466 0.949 0.0318607 0.0176064 0
1.467 0.949 0.032009 0.0160718 0
1.468 0.949 0.0338786 0.0201173 0
1.469 0.949 0.0375962 0.01759 0
1.47 0.949 0.0298349 0.014433 0
1.471 0.949 0.031797 0.0167599 0
1.472 0.949 0.035023 0.0162695 0
1.473 0.949 0.026588 0.0154487 0
1.474 0.949 0.0373756 0.0150331 0
1.475 0.949 0.0333022 0.0173317 0
1.476 0.949 0.0346557 0.0215435 0
1.477 0.949 0.0312964 0.0167831 0
1.478 0.949 0.0332167 0.0193962 0
1.479 0.949 0.0368974 0.0184971 0
1.48 0.949 0.0308824 0.0131633 0
1.481 0.949 0.036287 0.0175662 0
1.482 0.949 0.0364091 0.0209465 0
1.483 0.949 0.029666 0.0153987 0
1.484 0.949 0.036026 0.0153602 0
1.485 0.949 0.0354467 0.0191023 0
1.486 0.949 0.0316689 0.0163292 0
1.487 0.949 0.0317939 0.0165929 0
1.488 0.95 0.0317631 0.0168994 0
1.489 0.95 0.0306788 0.0170342 0
1.49 0.95 0.0303243 0.0159892 0
1.491 0.95 0.0343479 0.0165244 0
1.492 0.95 0.0263795 0.0144312 0
1.493 0.95 0.0299088 0.0187389 0
1.494 0.95 0.0374383 0.0211113 0
1.495 0.95 0.0299093 0.0175774 0
1.496 0.95 0.0355116 0.0174913 0
1.497 0.95 0.0295141 0.0158536 0
1.498 0.95 0.0331991 0.0157643 0
1.499 0.95 0.0311992 0.0172402 0
1.5 0.95 0.0298403 0.0134747 0
1.501 0.95 0.035649 0.0164768 0
1.502 0.95 0.036699 0.0180608 0
1.503 0.95 0.0313493 0.0143134 0
1.504 0.95 0.036368 0.0170877 0
1.505 0.95 0.0308262 0.0146065 0
1.506 0.95 0.0342017 0.0153758 0
1.507 0.951 0.0341868 0.0192447 0
1.508 0.951 0.0311173 0.0153318 0
1.509 0.951 0.0347024 0.0186841 0
1.51 0.952 0.0349783 0.0181598 0
1.511 0.952 0.0363038 0.0176092 0
1.512 0.952 0.0343888 0.0151497 0
1.513 0.952 0.0331114 0.0175287 0
1.514 0.952 0.0343771 0.0183094 0
1.515 0.952 0.023413 0.0124965 0
1.516 0.952 0.0347608 0.0195516 0
1.517 0.952 0.0328464 0.0134263 0
1.518 0.952 0.0349 0.0141869 0
1.519 0.952 0.0273821 0.0146761 0
1.52 0.952 0.0319111 0.0155196 0
1.521 0.952 0.0317135 0.0203076 0
1.522 0.953 0.0290933 0.0150746 0
1.523 0.953 0.0343953 0.0173583 0
1.524 0.953 0.0263433 0.014433 0
1.525 0.953 0.0330206 0.0150697 0
1.526 0.953 0.0362968 0.0168895 0
1.527 0.953 0.0334623 0.0198749 0
1.528 0.953 0.0297016 0.0169525 0
1.529 0.953 0.0364881 0.0162803 0
1.53 0.953 0.0307508 0.0155102 0
1.531 0.953 0.0333361 0.0182974 0
1.532 0.953 0.0323985 0.0191722 0
1.533 0.953 0.0322643 0.0192318 0
1.534 0.954 0.0345952 0.0179544 0
1.535 0.954 0.0348805 0.0163143 0
1.536 0.954 0.0338621 0.0173969 0
1.537 0.954 0.0373864 0.0144096 0
1.538 0.954 0.032078 0.0153867 0
1.539 0.954 0.0358536 0.0199438 0
1.54 0.954 0.0418435 0.0159095 0
1.541 0.954 0.0334896 0.016472 0
1.542 0.954 0.0331897 0.0169067 0
1.543 0.954 0.0369772 0.0184033 0
1.544 0.954 0.0347902 0.0209039 0
1.545 0.954 0.0342966 0.0159749 0
1.546 0.954 0.0366806 0.0181545 0
1.547 0.954 0.0336735 0.0161641 0
1.548 0.955 0.0334276 0.0178476 0
1.549 0.955 0.0377842 0.018373 0
1.55 0.955 0.0307702 0.014361 0
1.551 0.955 0.0325939 0.0166126 0
1.552 0.956 0.0275684 0.0144016 0
1.553 0.957 0.0363403 0.017031 0
1.554 0.957 0.0321634 0.0163087 0
1.555 0.957 0.0274363 0.0165167 0
1.556 0.957 0.0369624 0.0167778 0
1.557 0.957 0.0347717 0.0194677 0
1.558 0.957 0.0311323 0.0142066 0
1.559 0.957 0.0295416 0.0146739 0
1.56 0.957 0.0336114 0.0181764 0
1.561 0.957 0.0352343 0.018584 0
1.562 0.957 0.0311195 0.0140603 0
1.563 0.957 0.0316089 0.0141108 0
1.564 0.958 0.0294058 0.0142396 0
1.565 0.958 0.0329972 0.0208057 0
1.566 0.959 0.035572 0.0186745 0
1.567 0.96 0.0263533 0.0136691 0
1.568 0.96 0.0350081 0.019625 0
1.569 0.96 0.0299419 0.0137716 0
1.57 0.96 0.0377632 0.0198649 0
1.571 0.96 0.0296142 0.0146075 0
1.572 0.96 0.034412 0.0181421 0
1.573 0.96 0.0337447 0.0167306 0
1.574 0.96 0.0357433 0.020158 0
1.575 0.96 0.0336224 0.0175424 0
1.576 0.96 0.0384588 0.0217899 0
1.577 0.96 0.0299146 0.0167338 0
1.578 0.96 0.032141 0.0163979 0
1.579 0.96 0.0367365 0.0186948 0
1.58 0.96 0.0337485 0.0201356 0
1.581 0.96 0.0321653 0.0173858 0
1.582 0.96 0.0311342 0.0149781 0
1.583 0.96 0.0352786 0.0180318 0
1.584 0.96 0.0322378 0.015472 0
1.585 0.96 0.0354818 0.0192255 0
1.586 0.96 0.0281529 0.0135964 0
1.587 0.96 0.0360465 0.0216764 0
1.588 0.96 0.0338532 0.0178254 0
1.589 0.96 0.0282691 0.0156375 0
1.59 0.96 0.0313802 0.0139126 0
1.591 0.96 0.0319227 0.0182933 0
1.592 0.96 0.0359586 0.0169141 0
1.593 0.96 0.0302268 0.0160628 0
1.594 0.96 0.0328911 0.0162523 0
1.595 0.961 0.0261885 0.0136799 0
1.596 0.961 0.0337011 0.016541 0
1.597 0.961 0.0328226 0.0174414 0
1.598 0.961 0.0338199 0.0176052 0
1.599 0.961 0.033627 0.0206107 0
1.6 0.961 0.0358273 0.0171656 0
1.601 0.961 0.0372494 0.017351 0
1.602 0.961 0.0306979 0.0204509 0
1.603 0.961 0.0391648 0.0194972 0
1.604 0.961 0.0310394 0.0154456 0
1.605 0.961 0.0322816 0.0195127 0
1.606 0.961 0.0349533 0.0189447 0
1.607 0.961 0.0305504 0.0159417 0
1.608 0.961 0.0379105 0.0177237 0
1.609 0.961 0.0350894 0.0189615 0
1.61 0.961 0.0333467 0.014965 0
1.611 0.961 0.034256 0.0167505 0
1.612 0.961 0.0282434 0.0150838 0
1.613 0.961 0.0412355 0.0191995 0
1.614 0.961 0.0325754 0.015935 0
1.615 0.962 0.0362269 0.0168588 0
1.616 0.962 0.0334567 0.0158366 0
1.617 0.962 0.0341317 0.0152466 0
1.618 0.962 0.0297096 0.0206712 0
1.619 0.962 0.0345495 0.017659 0
1.62 0.962 0.0356461 0.0200281 0
1.621 0.962 0.0345905 0.0149573 0
1.622 0.962 0.0311941 0.0192968 0
1.623 0.962 0.0269216 0.0133214 0
1.624 0.962 0.0334082 0.0167504 0
1.625 0.962 0.0323463 0.0213084 0
1.626 0.962 0.0276852 0.0151435 0
1.627 0.962 0.0322421 0.0153006 0
1.628 0.962 0.0326502 0.0185848 0
1.629 0.962 0.0318831 0.0200877 0
1.63 0.962 0.0324256 0.0175117 0
1.631 0.962 0.0375472 0.0168788 0
1.632 0.963 0.0329931 0.0147315 0
1.633 0.963 0.0334027 0.0194992 0
1.634 0.964 0.03653 0.019487 0
1.635 0.964 0.0384947 0.0145225 0
1.636 0.965 0.031123 0.0140781 0
1.637 0.965 0.0393618 0.0193881 0
1.638 0.965 0.0299386 0.0171697 0
1.639 0.965 0.0329002 0.0167403 0
1.64 0.965 0.0293363 0.0147552 0
1.641 0.965 0.029135 0.0149673 0
1.642 0.965 0.0366252 0.0158178 0
1.643 0.965 0.0337209 0.0163374 0
1.644 0.965 0.0366679 0.0198027 0
1.645 0.965 0.0309677 0.0170772 0
1.646 0.965 0.03124 0.0154614 0
1.647 0.965 0.0294838 0.014836 0
1.648 0.965 0.0348589 0.0150304 0
1.649 0.965 0.0386249 0.020761 0
1.65 0.965 0.0386731 0.0150664 0
1.651 0.965 0.0398137 0.0182307 0
1.652 0.966 0.0326035 0.0198354 0
1.653 0.966 0.0358057 0.0157359 0
1.654 0.966 0.0355937 0.0189203 0
1.655 0.966 0.0345818 0.0157027 0
1.656 0.966 0.0291914 0.0163531 0
1.657 0.966 0.0335111 0.0198852 0
1.658 0.968 0.0358621 0.019052 0
1.659 0.968 0.0397132 0.0175683 0
1.66 0.968 0.0346422 0.0143457 0
1.661 0.968 0.0302928 0.0133676 0
1.662 0.968 0.0359683 0.0213186 0
1.663 0.968 0.0333361 0.0155813 0
1.664 0.968 0.0339292 0.0168096 0
1.665 0.968 0.0362047 0.0175386 0
1.666 0.968 0.040427 0.0200963 0
1.667 0.968 0.0343964 0.0217066 0
1.668 0.968 0.0338856 0.0185463 0
1.669 0.968 0.0347347 0.0200849 0
1.67 0.968 0.0318912 0.0189814 0
1.671 0.968 0.0314907 0.0147335 0
1.672 0.968 0.0410051 0.0195637 0
1.673 0.968 0.0315676 0.016612 0
1.674 0.968 0.0337213 0.0179409 0
1.675 0.968 0.0336028 0.0136878 0
1.676 0.968 0.0410003 0.0197844 0
1.677 0.968 0.032398 0.0147734 0
1.678 0.968 0.0341566 0.0177744 0
1.679 0.968 0.0369564 0.0194073 0
1.68 0.968 0.0351952 0.0145944 0
1.681 0.968 0.0315312 0.0154105 0
1.682 0.968 0.0313438 0.0191527 0
1.683 0.968 0.0355692 0.016644 0
1.684 0.968 0.0377974 0.0215835 0
1.685 0.968 0.0339449 0.0177617 0
1.686 0.968 0.0341679 0.0180535 0
1.687 0.968 0.0373541 0.0196473 0
1.688 0.968 0.033612 0.019219 0
1.689 0.968 0.0361321 0.0165576 0
1.69 0.968 0.0322193 0.0138784 0
1.691 0.968 0.0377444 0.0176933 0
1.692 0.968 0.0379831 0.0193812 0
1.693 0.968 0.0362817 0.015957 0
1.694 0.968 0.0318735 0.0198038 0
1.695 0.968 0.0352245 0.0176977 0
1.696 0.968 0.0313817 0.0181587 0
1.697 0.968 0.0352789 0.0178545 0
1.698 0.969 0.0360614 0.0180835 0
1.699 0.969 0.0363368 0.0176973 0
1.7 0.97 0.0351083 0.0161362 0
1.701 0.97 0.0339701 0.0189893 0
1.702 0.97 0.031982 0.0172549 0
1.703 0.97 0.0400248 0.0176954 0
1.704 0.97 0.0305785 0.0167706 0
1.705 0.97 0.0376524 0.0169196 0
1.706 0.97 0.0347623 0.0164785 0
1.707 0.97 0.0380272 0.0177098 0
1.708 0.97 0.0351338 0.0188689 0
1.709 0.97 0.0323153 0.0177446 0
1.71 0.97 0.0350565 0.0178804 0
1.711 0.97 0.0377541 0.0190206 0
1.712 0.97 0.0317555 0.016258 0
1.713 0.97 0.038606 0.0173459 0
1.714 0.97 0.0376331 0.0166515 0
1.715 0.97 0.03207 0.0170278 0
1.716 0.97 0.034192 0.017779 0
1.717 0.97 0.0382079 0.0187542 0
1.718 0.97 0.0349471 0.0184617 0
1.719 0.97 0.0341534 0.0169986 0
1.72 0.97 0.0323516 0.0157965 0
1.721 0.97 0.0367245 0.016251 0
1.722 0.97 0.0305733 0.0158345 0
1.723 0.97 0.0372232 0.0183295 0
1.724 0.97 0.033959 0.0184714 0
1.725 0.97 0.0397282 0.016052 0
1.726 0.97 0.0385458 0.020213 0
1.727 0.97 0.0403673 0.0206753 0
1.728 0.97 0.038283 0.020207 0
1.729 0.97 0.0376117 0.0188875 0
1.73 0.97 0.0337115 0.0182295 0
1.731 0.971 0.0374479 0.0171373 0
1.732 0.971 0.0304696 0.0150383 0
1.733 0.971 0.0404427 0.0175307 0
1.734 0.971 0.0393229 0.0202863 0
1.735 0.971 0.0340624 0.0160846 0
1.736 0.971 0.0380985 0.0212937 0
1.737 0.971 0.0359131 0.0201794 0
1.738 0.971 0.037063 0.0180974 0
1.739 0.972 0.0353458 0.0190133 0
1.74 0.972 0.0330359 0.015713 0
1.741 0.972 0.0310933 0.0160872 0
1.742 0.972 0.0359411 0.0163136 0
1.743 0.972 0.03725 0.0196656 0
1.744 0.972 0.0390129 0.0183394 0
1.745 0.972 0.0437264 0.0192669 0
1.746 0.972 0.0373749 0.0209011 0
1.747 0.972 0.0336722 0.0217664 0
1.748 0.972 0.0324723 0.0129806 0
1.749 0.972 0.0391344 0.0156602 0
1.75 0.972 0.0330964 0.0144232 0
1.751 0.972 0.0338109 0.018783 0
1.752 0.973 0.037185 0.0177555 0
1.753 0.973 0.0361047 0.018891 0
1.754 0.973 0.0284709 0.0168631 0
1.755 0.973 0.0324111 0.0160514 0
1.756 0.973 0.0390845 0.0160592 0
1.757 0.973 0.0334731 0.0184994 0
1.758 0.973 0.0397337 0.0207942 0
1.759 0.973 0.0350967 0.0200568 0
1.76 0.973 0.0346415 0.0202884 0
1.761 0.973 0.0388884 0.0211255 0
1.762 0.973 0.0327898 0.0189519 0
1.763 0.973 0.029867 0.0165888 0
1.764 0.973 0.0334484 0.0195447 0
1.765 0.973 0.0357979 0.0168098 0
1.766 0.973 0.0326991 0.0158186 0
1.767 0.973 0.0361163 0.0216154 0
1.768 0.973 0.0410429 0.0221679 0
1.769 0.973 0.0318212 0.0205732 0
1.77 0.973 0.036235 0.0181154 0
1.771 0.973 0.0352281 0.017426 0
1.772 0.973 0.0364509 0.0184341 0
1.773 0.973 0.029463 0.0199838 0
1.774 0.973 0.0364862 0.0183516 0
1.775 0.973 0.0357098 0.0183576 0
1.776 0.973 0.0312846 0.0174324 0
1.777 0.973 0.0312793 0.016214 0
1.778 0.973 0.0313098 0.0209098 0
1.779 0.973 0.0344864 0.0146888 0
1.78 0.973 0.0393028 0.0199449 0
1.781 0.973 0.0329255 0.0174577 0
1.782 0.973 0.0363862 0.0182419 0
1.783 0.973 0.0349166 0.0191011 0
1.784 0.973 0.0361708 0.0184418 0
1.785 0.973 0.0345599 0.0218671 0
1.786 0.973 0.034424 0.0186282 0
1.787 0.973 0.0434491 0.0208451 0
1.788 0.973 0.0361197 0.0197466 0
1.789 0.973 0.033878 0.018019 0
1.79 0.973 0.0393324 0.0192401 0
1.791 0.973 0.0357941 0.0176848 0
1.792 0.973 0.0385441 0.020422 0
1.793 0.974 0.0395487 0.0197751 0
1.794 0.974 0.0346158 0.0204035 0
1.795 0.974 0.0338884 0.0169203 0
1.796 0.974 0.0404899 0.0170722 0
1.797 0.974 0.0326826 0.0162214 0
1.798 0.974 0.0391271 0.0208336 0
1.799 0.974 0.0308905 0.0179304 0
1.8 0.975 0.0364419 0.0178742 0
1.801 0.975 0.0379184 0.0224376 0
1.802 0.975 0.0310426 0.017661 0
1.803 0.975 0.0328641 0.0147611 0
1.804 0.975 0.0343017 0.0183747 0
1.805 0.975 0.0425527 0.0206077 0
1.806 0.975 0.0335187 0.0205151 0
1.807 0.975 0.035519 0.0217943 0
1.808 0.975 0.0318339 0.0187599 0
1.809 0.975 0.0355781 0.0185903 0
1.81 0.975 0.037727 0.0195333 0
1.811 0.975 0.03445 0.0182728 0
1.812 0.975 0.0406351 0.0195867 0
1.813 0.975 0.0399328 0.0223761 0
1.814 0.975 0.038576 0.0198171 0
1.815 0.975 0.035512 0.0169733 0
1.816 0.975 0.03519 0.0164324 0
1.817 0.975 0.0349468 0.019961 0
1.818 0.975 0.0342731 0.0138737 0
1.819 0.975 0.0391898 0.0195959 0
1.82 0.975 0.0381769 0.0174253 0
1.821 0.975 0.0333057 0.014789 0
1.822 0.975 0.0370247 0.0179025 0
1.823 0.975 0.0357224 0.0164233 0
1.824 0.975 0.045277 0.0208212 0
1.825 0.975 0.0419118 0.0191929 0
1.826 0.975 0.0363083 0.0167806 0
1.827 0.975 0.0372517 0.0178705 0
1.828 0.975 0.034988 0.0176163 0
1.829 0.975 0.0340308 0.0166128 0
1.83 0.975 0.0374331 0.0176611 0
1.831 0.975 0.0343772 0.0197707 0
1.832 0.975 0.0377339 0.0224097 0
1.833 0.975 0.035329 0.0188874 0
1.834 0.975 0.0335066 0.0182385 0
1.835 0.975 0.0380327 0.0162209 0
1.836 0.975 0.0401374 0.0221407 0
1.837 0.975 0.0338728 0.0180698 0
1.838 0.976 0.0396517 0.0164185 0
1.839 0.976 0.0402166 0.0209036 0
1.84 0.976 0.0381781 0.0202451 0
1.841 0.976 0.0397174 0.0219069 0
1.842 0.976 0.0374319 0.020271 0
1.843 0.976 0.036195 0.02102 0
1.844 0.976 0.0445543 0.023478 0
1.845 0.977 0.0360202 0.0187354 0
1.846 0.977 0.0381822 0.0199519 0
1.847 0.977 0.0354071 0.0203266 0
1.848 0.977 0.0363537 0.0172626 0
1.849 0.977 0.0418824 0.0209397 0
1.85 0.977 0.0381079 0.0175191 0
1.851 0.977 0.0357682 0.0202124 0
1.852 0.977 0.0379886 0.0193339 0
1.853 0.977 0.0411066 0.0183264 0
1.854 0.977 0.038406 0.0168465 0
1.855 0.977 0.0326552 0.0176837 0
1.856 0.977 0.0362742 0.0208777 0
1.857 0.977 0.0406817 0.0198181 0
1.858 0.977 0.0398101 0.0227821 0
1.859 0.977 0.0402688 0.0204363 0
1.86 0.977 0.0345528 0.0165108 0
1.861 0.977 0.0353466 0.019878 0
1.862 0.977 0.0373336 0.023418 0
1.863 0.977 0.0363607 0.0166503 0
1.864 0.978 0.0402477 0.0173339 0
1.865 0.978 0.0395045 0.0165144 0
1.866 0.978 0.0391575 0.020473 0
1.867 0.978 0.0431494 0.0181054 0
1.868 0.978 0.0375182 0.0148916 0
1.869 0.978 0.0367438 0.0179618 0
1.87 0.978 0.0399667 0.0184379 0
1.871 0.978 0.0355229 0.0173034 0
1.872 0.978 0.0367151 0.0187018 0
1.873 0.978 0.0406808 0.0191314 0
1.874 0.979 0.0372005 0.0193518 0
1.875 0.979 0.0350801 0.0167297 0
1.876 0.979 0.040148 0.0225348 0
1.877 0.979 0.0333784 0.0176617 0
1.878 0.979 0.0360437 0.0227116 0
1.879 0.979 0.0335855 0.0154116 0
1.88 0.979 0.0416567 0.0232191 0
1.881 0.979 0.0409293 0.0213615 0
1.882 0.979 0.0327029 0.0166938 0
1.883 0.979 0.0414525 0.0185568 0
1.884 0.979 0.0352246 0.0168466 0
1.885 0.979 0.0389104 0.0225046 0
1.886 0.979 0.0407379 0.0240724 0
1.887 0.979 0.0382181 0.0197874 0
1.888 0.979 0.0268288 0.0153446 0
1.889 0.979 0.0401701 0.0198054 0
1.89 0.979 0.0362229 0.0217191 0
1.891 0.979 0.0391219 0.0172902 0
1.892 0.98 0.0359606 0.0191575 0
1.893 0.98 0.0428853 0.0199769 0
1.894 0.98 0.0356349 0.0176727 0
1.895 0.98 0.0402191 0.0218509 0
1.896 0.98 0.0370196 0.0209686 0
1.897 0.98 0.0379542 0.0164908 0
1.898 0.98 0.0355298 0.0187426 0
1.899 0.98 0.0391498 0.015775 0
1.9 0.98 0.0311825 0.0168869 0
1.901 0.98 0.0399109 0.0213799 0
1.902 0.98 0.0440908 0.0221015 0
1.903 0.98 0.0373079 0.0196353 0
1.904 0.98 0.0430596 0.0236049 0
1.905 0.98 0.0418213 0.0195016 0
1.906 0.981 0.0398436 0.0206103 0
1.907 0.982 0.0335455 0.0173097 0
1.908 0.982 0.0328225 0.0157854 0
1.909 0.982 0.0365842 0.0203542 0
1.91 0.982 0.0351661 0.0165605 0
1.911 0.982 0.0430289 0.0230206 0
1.912 0.982 0.0384047 0.0210729 0
1.913 0.982 0.0340601 0.0157719 0
1.914 0.982 0.0390329 0.0203941 0
1.915 0.982 0.0309962 0.0170569 0
1.916 0.982 0.0378099 0.0171212 0
1.917 0.982 0.0332382 0.0165517 0
1.918 0.982 0.0393227 0.0213543 0
1.919 0.982 0.0406807 0.0188853 0
1.92 0.982 0.0349285 0.0205657 0
1.921 0.982 0.0401908 0.0226845 0
1.922 0.982 0.0401462 0.0222099 0
1.923 0.982 0.0364065 0.020766 0
1.924 0.982 0.0303997 0.0174369 0
1.925 0.982 0.0420433 0.0213218 0
1.926 0.982 0.0381607 0.0203733 0
1.927 0.982 0.0400637 0.0231147 0
1.928 0.982 0.035108 0.0213692 0
1.929 0.982 0.037933 0.0183691 0
1.93 0.982 0.0373136 0.0174814 0
1.931 0.982 0.0405113 0.0214472 0
1.932 0.982 0.0389199 0.0143114 0
1.933 0.982 0.0393955 0.0210345 0
1.934 0.982 0.0405691 0.0205783 0
1.935 0.982 0.0379236 0.0181001 0
1.936 0.982 0.0328759 0.0197072 0
1.937 0.982 0.0327088 0.0174425 0
1.938 0.982 0.030073 0.0147819 0
1.939 0.982 0.0443747 0.0217271 0
1.94 0.982 0.0504729 0.0297549 0
1.941 0.982 0.0362317 0.0169698 0
1.942 0.982 0.0456952 0.0237715 0
1.943 0.982 0.0445048 0.0231942 0
1.944 0.982 0.044909 0.0197831 0
1.945 0.982 0.0382804 0.022766 0
1.946 0.982 0.0408375 0.019202 0
1.947 0.982 0.0435031 0.025389 0
1.948 0.982 0.0366046 0.0171243 0
1.949 0.982 0.0437529 0.0173696 0
1.95 0.982 0.0413194 0.0195116 0
1.951 0.982 0.0392979 0.0213272 0
1.952 0.982 0.036319 0.0179954 0
1.953 0.982 0.0448794 0.0172902 0
1.954 0.983 0.037164 0.0185397 0
1.955 0.983 0.0406106 0.0161446 0
1.956 0.983 0.0450778 0.0205301 0
1.957 0.983 0.0431988 0.0236333 0
1.958 0.983 0.0375003 0.0191012 0
1.959 0.983 0.0333873 0.0189072 0
1.96 0.983 0.0422932 0.0227238 0
1.961 0.983 0.0442586 0.0235588 0
1.962 0.983 0.0358909 0.0173832 0
1.963 0.983 0.0379735 0.0189535 0
1.964 0.983 0.0407899 0.0206777 0
1.965 0.983 0.034006 0.0149032 0
1.966 0.983 0.0440721 0.0193817 0
1.967 0.983 0.0345062 0.0178203 0
1.968 0.983 0.0400161 0.0198563 0
1.969 0.983 0.0342393 0.0164941 0
1.97 0.983 0.0452678 0.0216428 0
1.971 0.983 0.0384999 0.0196241 0
1.972 0.983 0.040756 0.019175 0
1.973 0.983 0.044559 0.0231696 0
1.974 0.983 0.0448522 0.0228734 0
1.975 0.983 0.0408859 0.0182004 0
1.976 0.983 0.0433947 0.0179884 0
1.977 0.983 0.0436656 0.0200755 0
1.978 0.983 0.0460251 0.0191552 0
1.979 0.983 0.0362126 0.0180111 0
1.98 0.983 0.0373618 0.0205217 0
1.981 0.983 0.0491833 0.0201532 0
1.982 0.984 0.0454404 0.0234126 0
1.983 0.984 0.042236 0.0185161 0
1.984 0.984 0.0432132 0.0245933 0
1.985 0.984 0.0511296 0.0239346 0
1.986 0.984 0.0352669 0.0173682 0
1.987 0.984 0.0443653 0.0160974 0
1.988 0.984 0.0462723 0.0263932 0
1.989 0.984 0.0454847 0.0185238 0
1.99 0.984 0.0395139 0.0197799 0
1.991 0.984 0.0458291 0.0188971 0
1.992 0.984 0.0451259 0.0180901 0
1.993 0.984 0.0427335 0.018585 0
1.994 0.985 0.0382048 0.0165813 0
1.995 0.985 0.0458759 0.0185677 0
1.996 0.985 0.0441333 0.0210617 0
1.997 0.985 0.0412042 0.0202152 0
1.998 0.985 0.0505965 0.0201572 0
1.999 0.985 0.0375209 0.0188676 0
2 0.985 0.0462805 0.0234532 0
2.001 0.985 0.0427002 0.0168771 0
2.002 0.985 0.0450811 0.0179775 0
2.003 0.985 0.0351985 0.0177113 0
2.004 0.985 0.0431348 0.0250528 0
2.005 0.985 0.0494699 0.0251033 0
2.006 0.985 0.0408769 0.023971 0
2.007 0.985 0.0383972 0.0219946 0
2.008 0.985 0.0471265 0.0226401 0
2.009 0.985 0.0424067 0.0167075 0
2.01 0.985 0.0452442 0.0212387 0
2.011 0.985 0.0401324 0.0229384 0
2.012 0.985 0.0347414 0.0210077 0
2.013 0.985 0.0423285 0.0197133 0
2.014 0.985 0.0475709 0.0250459 0
2.015 0.985 0.0468276 0.0221962 0
2.016 0.985 0.0524079 0.029245 0
2.017 0.986 0.0420944 0.021145 0
2.018 0.986 0.0426933 0.0176871 0
2.019 0.986 0.0466264 0.024369 0
2.02 0.986 0.0475137 0.0317295 0
2.021 0.986 0.0417498 0.0162904 0
2.022 0.986 0.0393504 0.0204421 0
2.023 0.986 0.0389528 0.0196054 0
2.024 0.986 0.0382766 0.0155232 0
2.025 0.986 0.0406279 0.0182944 0
2.026 0.986 0.0423683 0.0267733 0
2.027 0.986 0.042732 0.0261084 0
2.028 0.987 0.0475862 0.0207732 0
2.029 0.987 0.0499316 0.0268549 0
2.03 0.987 0.0378361 0.0210651 0
2.031 0.987 0.0434188 0.0189466 0
2.032 0.988 0.0452746 0.0248722 0
2.033 0.988 0.0451721 0.0259474 0
2.034 0.988 0.0423493 0.0187366 0
2.035 0.988 0.0399807 0.0281333 0
2.036 0.988 0.041273 0.0216602 0
2.037 0.988 0.0449446 0.0241208 0
2.038 0.988 0.0400757 0.0188168 0
2.039 0.988 0.0401609 0.0212181 0
2.04 0.988 0.043873 0.0220384 0
2.041 0.988 0.0484908 0.0242519 0
2.042 0.988 0.04811 0.0208699 0
2.043 0.988 0.0488312 0.021653 0
2.044 0.988 0.0369891 0.0218318 0
2.045 0.988 0.0407157 0.0185609 0
2.046 0.988 0.0409535 0.0179591 0
2.047 0.988 0.0433024 0.023228 0
2.048 0.988 0.0484187 0.0261227 0
2.049 0.988 0.0457237 0.021013 0
2.05 0.988 0.0392808 0.0161302 0
2.051 0.988 0.0440501 0.0219197 0
2.052 0.988 0.0358321 0.016721 0
2.053 0.988 0.0400698 0.0228689 0
2.054 0.988 0.0370897 0.0217631 0
2.055 0.988 0.0397569 0.0209965 0
2.056 0.988 0.042581 0.017506 0
2.057 0.988 0.0414336 0.0231825 0
2.058 0.988 0.0522167 0.0233437 0
2.059 0.988 0.0473868 0.0235968 0
2.06 0.988 0.0395844 0.0193484 0
2.061 0.988 0.0452463 0.0217024 0
2.062 0.989 0.0391355 0.0200191 0
2.063 0.989 0.0435273 0.0201502 0
2.064 0.989 0.0401179 0.0217144 0
2.065 0.989 0.0442033 0.0214077 0
2.066 0.989 0.0431883 0.0258436 0
2.067 0.989 0.0498476 0.0204658 0
2.068 0.989 0.0558133 0.0283296 0
2.069 0.989 0.035386 0.0198862 0
2.07 0.989 0.0382974 0.0206502 0
2.071 0.989 0.0544827 0.0247859 0
2.072 0.989 0.0410556 0.0220686 0
2.073 0.989 0.0472365 0.021675 0
2.074 0.989 0.052777 0.0280165 0
2.075 0.989 0.0421466 0.0228137 0
2.076 0.989 0.0429728 0.0184182 0
2.077 0.989 0.0421571 0.0199587 0
2.078 0.989 0.0417096 0.0226139 0
2.079 0.989 0.0452576 0.0199289 0
2.08 0.989 0.046948 0.0207178 0
2.081 0.989 0.0387096 0.0216642 0
2.082 0.989 0.0366892 0.0210353 0
2.083 0.989 0.0398394 0.0207511 0
2.084 0.989 0.0496117 0.0266053 0
2.085 0.989 0.0618073 0.0268008 0
2.086 0.989 0.0416367 0.0229635 0
2.087 0.989 0.0395891 0.0199127 0
2.088 0.989 0.0404731 0.0246634 0
2.089 0.989 0.0463114 0.0267768 0
2.09 0.989 0.047622 0.0207043 0
2.091 0.989 0.0362483 0.017682 0
2.092 0.989 0.0473252 0.0245268 0
2.093 0.989 0.0493352 0.0245396 0
2.094 0.989 0.0564408 0.0339043 0
2.095 0.989 0.0397719 0.0145767 0
2.096 0.989 0.0471794 0.0215973 0
2.097 0.989 0.0433076 0.0204584 0
2.098 0.989 0.0504279 0.0251568 0
2.099 0.989 0.0513203 0.0221294 0
2.1 0.989 0.0440861 0.0190064 0
2.101 0.989 0.0426848 0.0219731 0
2.102 0.989 0.041019 0.0249585 0
2.103 0.989 0.0440009 0.0229034 0
2.104 0.989 0.0368433 0.0203116 0
2.105 0.989 0.0495085 0.0239489 0
2.106 0.989 0.045664 0.0192742 0
2.107 0.989 0.0529191 0.0271358 0
2.108 0.989 0.0395761 0.0188869 0
2.109 0.989 0.0475873 0.0194232 0
2.11 0.989 0.0423812 0.0230944 0
2.111 0.989 0.0413153 0.0191346 0
2.112 0.989 0.0356532 0.0209118 0
2.113 0.989 0.0472811 0.0216277 0
2.114 0.99 0.0556149 0.0248344 0
2.115 0.99 0.0466182 0.0195544 0
2.116 0.99 0.0561817 0.0294048 0
2.117 0.99 0.0482459 0.0278993 0
2.118 0.99 0.0487865 0.027181 0
2.119 0.99 0.0541544 0.0265936 0
2.12 0.99 0.0482199 0.0188329 0
2.121 0.99 0.0423682 0.0230619 0
2.122 0.99 0.0383966 0.0226083 0
2.123 0.99 0.0488205 0.0217309 0
2.124 0.99 0.0467478 0.0216309 0
2.125 0.99 0.0423422 0.0248079 0
2.126 0.99 0.0439565 0.0235166 0
2.127 0.99 0.044916 0.0228456 0
2.128 0.99 0.0428461 0.0237889 0
2.129 0.99 0.0472465 0.0232277 0
2.13 0.99 0.0471939 0.0228306 0
2.131 0.99 0.0527601 0.0237579 0
2.132 0.99 0.0461987 0.0205154 0
2.133 0.99 0.0371119 0.0161945 0
2.134 0.99 0.0445488 0.0209271 0
2.135 0.99 0.0438067 0.0222633 0
2.136 0.99 0.0419812 0.0298154 0
2.137 0.99 0.043381 0.0211865 0
2.138 0.99 0.0457987 0.0250315 0
2.139 0.99 0.0446461 0.0237787 0
2.14 0.99 0.0500498 0.0240233 0
2.141 0.99 0.0563859 0.0298806 0
2.142 0.99 0.0480199 0.0166906 0
2.143 0.99 0.0482148 0.0276947 0
2.144 0.99 0.0506236 0.0223282 0
2.145 0.99 0.0472994 0.0256933 0
2.146 0.99 0.047093 0.0209546 0
2.147 0.991 0.049011 0.0201144 0
2.148 0.991 0.0499544 0.03058 0
2.149 0.991 0.0493194 0.0304713 0
2.15 0.991 0.0441494 0.0225956 0
2.151 0.992 0.0490852 0.0256635 0
2.152 0.992 0.0512497 0.02567 0
2.153 0.992 0.0472263 0.0209088 0
2.154 0.992 0.0515744 0.0278157 0
2.155 0.992 0.0515942 0.0300417 0
2.156 0.992 0.0488653 0.0203137 0
2.157 0.992 0.0564983 0.026131 0
2.158 0.992 0.0473388 0.0215301 0
2.159 0.992 0.0597773 0.0377693 0
2.16 0.992 0.0595842 0.0217244 0
2.161 0.992 0.0480091 0.0280047 0
2.162 0.992 0.0604948 0.0285319 0
2.163 0.992 0.042872 0.0206017 0
2.164 0.992 0.0557224 0.0255238 0
2.165 0.992 0.0574061 0.0294528 0
2.166 0.992 0.0453605 0.0259486 0
2.167 0.992 0.0506011 0.0222434 0
2.168 0.992 0.0521491 0.0200517 0
2.169 0.992 0.0537239 0.0320782 0
2.17 0.992 0.0547119 0.028447 0
2.171 0.992 0.0468649 0.0168243 0
2.172 0.992 0.0412017 0.019822 0
2.173 0.992 0.0430961 0.023096 0
2.174 0.992 0.0443663 0.0207296 0
2.175 0.992 0.0441541 0.0237232 0
2.176 0.992 0.0437244 0.0219003 0
2.177 0.992 0.0483323 0.0214667 0
2.178 0.992 0.0537678 0.026546 0
2.179 0.992 0.0570122 0.0198734 0
2.18 0.992 0.0400985 0.0192506 0
2.181 0.992 0.050487 0.0238585 0
2.182 0.992 0.0446765 0.017895 0
2.183 0.992 0.0536487 0.0263928 0
2.184 0.992 0.0319427 0.0209021 0
2.185 0.992 0.0424875 0.0214565 0
2.186 0.992 0.040424 0.0218674 0
2.187 0.992 0.0499599 0.0258672 0
2.188 0.992 0.0495242 0.0275246 0
2.189 0.992 0.0373528 0.0224516 0
2.19 0.992 0.0471233 0.0253635 0
2.191 0.992 0.0536995 0.02157 0
2.192 0.992 0.0639288 0.0362427 0
2.193 0.992 0.0480332 0.0220446 0
2.194 0.992 0.0354351 0.0171594 0
2.195 0.992 0.063165 0.0271987 0
2.196 0.992 0.0475011 0.0257852 0
2.197 0.992 0.0403974 0.0182862 0
2.198 0.992 0.0538598 0.0227381 0
2.199 0.992 0.0464571 0.0227577 0
2.2 0.992 0.0568431 0.026249 0
2.201 0.992 0.0466956 0.0231269 0
2.202 0.992 0.0568735 0.0265404 0
2.203 0.992 0.049359 0.0256542 0
2.204 0.992 0.0461413 0.0196518 0
2.205 0.992 0.0499805 0.0221978 0
2.206 0.992 0.0498568 0.0299673 0
2.207 0.992 0.046092 0.0204071 0
2.208 0.992 0.0483936 0.0205265 0
2.209 0.992 0.0438307 0.0198947 0
2.21 0.992 0.050002 0.0251017 0
2.211 0.992 0.0494616 0.0251913 0
2.212 0.992 0.0662011 0.0317107 0
2.213 0.992 0.0605918 0.0233801 0
2.214 0.992 0.0551447 0.0251864 0
2.215 0.992 0.0568236 0.0272515 0
2.216 0.992 0.0526433 0.0219823 0
2.217 0.992 0.0449385 0.0217235 0
2.218 0.992 0.0607272 0.0287193 0
2.219 0.992 0.0853878 0.0437097 0
2.22 0.992 0.049092 0.0301444 0
2.221 0.992 0.0664446 0.0320488 0
2.222 0.992 0.0513447 0.0309369 0
2.223 0.992 0.0602794 0.0350335 0
2.224 0.992 0.0596282 0.029274 0
2.225 0.992 0.0657697 0.0312667 0
2.226 0.993 0.0797375 0.0401576 0
2.227 0.993 0.0495145 0.0285491 0
2.228 0.993 0.0663847 0.0302169 0
2.229 0.993 0.0417278 0.0233868 0
2.23 0.993 0.0574627 0.0307588 0
2.231 0.993 0.0549483 0.0291013 0
2.232 0.993 0.0748268 0.0324616 0
2.233 0.993 0.047189 0.0235337 0
2.234 0.993 0.0742022 0.0375174 0
2.235 0.993 0.0586328 0.0250498 0
2.236 0.993 0.0655952 0.0334427 0
2.237 0.993 0.0599869 0.0347761 0
2.238 0.993 0.0687085 0.0241239 0
2.239 0.993 0.0600048 0.0259056 0
2.24 0.993 0.0799271 0.0388235 0
2.241 0.993 0.057042 0.025713 0
2.242 0.994 0.0581284 0.0266134 0
2.243 0.994 0.0517321 0.0234589 0
2.244 0.994 0.0552116 0.0281735 0
2.245 0.994 0.0577247 0.025596 0
2.246 0.995 0.0573151 0.030917 0
2.247 0.995 0.0701427 0.0292841 0
2.248 0.995 0.0725886 0.040811 0
2.249 0.995 0.062587 0.0302474 0
2.25 0.995 0.049997 0.0263531 0
2.251 0.995 0.0627707 0.031531 0
2.252 0.995 0.0545397 0.0267752 0
2.253 0.995 0.0697348 0.0325606 0
2.254 0.995 0.0713356 0.0263683 0
2.255 0.995 0.0658538 0.0254984 0
2.256 0.995 0.065049 0.0247839 0
2.257 0.995 0.0685722 0.0374453 0
2.258 0.995 0.0475615 0.0244697 0
2.259 0.995 0.0579802 0.028352 0
2.26 0.995 0.076711 0.0369392 0
2.261 0.995 0.0659242 0.0251266 0
2.262 0.995 0.0599846 0.0338559 0
2.263 0.995 0.0525381 0.0319438 0
2.264 0.995 0.0515249 0.02151 0
2.265 0.995 0.0632786 0.0329121 0
2.266 0.995 0.0457135 0.02533 0
2.267 0.995 0.0559623 0.0310164 0
2.268 0.995 0.0626143 0.0289655 0
2.269 0.995 0.0478871 0.0241549 0
2.27 0.995 0.0478377 0.0248719 0
2.271 0.995 0.0872826 0.0480181 0
2.272 0.995 0.0619166 0.0252768 0
2.273 0.995 0.0477884 0.0260147 0
2.274 0.995 0.0410238 0.0242794 0
2.275 0.995 0.072216 0.0270043 0
2.276 0.995 0.0721908 0.0362421 0
2.277 0.995 0.0617492 0.025492 0
2.278 0.995 0.0607377 0.0299576 0
2.279 0.995 0.084363 0.0345783 0
2.28 0.995 0.0849848 0.0487393 0
2.281 0.995 0.0685971 0.0295239 0
2.282 0.995 0.0602408 0.0308137 0
2.283 0.995 0.0553467 0.034058 0
2.284 0.995 0.0543898 0.0314103 0
2.285 0.995 0.0469968 0.0238483 0
2.286 0.995 0.0780851 0.0377881 0
2.287 0.995 0.0536579 0.0291416 0
2.288 0.995 0.0403222 0.027551 0
2.289 0.995 0.0607221 0.0328813 0
2.29 0.995 0.0735851 0.0292081 0
2.291 0.995 0.0506942 0.026162 0
2.292 0.995 0.0563805 0.0240415 0
2.293 0.995 0.0618934 0.0337844 0
2.294 0.995 0.0592622 0.0332938 0
2.295 0.995 0.0520801 0.0275054 0
2.296 0.995 0.0780786 0.0336106 0
2.297 0.995 0.068469 0.0421814 0
2.298 0.995 0.062339 0.0428009 0
2.299 0.995 0.0647466 0.0354409 0
2.3 0.995 0.0944993 0.0238164 0
2.301 0.995 0.0564944 0.0310836 0
2.302 0.995 0.0777092 0.0394945 0
2.303 0.995 0.0858459 0.034325 0
2.304 0.995 0.0899868 0.0479946 0
2.305 0.995 0.0889157 0.0364604 0
2.306 0.995 0.0724073 0.0261708 0
2.307 0.995 0.110128 0.0492822 0
2.308 0.995 0.0933943 0.0551501 0
2.309 0.995 0.0940914 0.0689115 0
2.31 0.995 0.105691 0.0615227 0
2.311 0.995 0.0892682 0.0449137 0
2.312 0.995 0.0611252 0.02276 0
2.313 0.995 0.17973 0.058526 0
2.314 0.995 0.0760844 0.0520934 0
2.315 0.995 0.0859669 0.0359165 0
2.316 0.995 0.0977081 0.0588118 0
2.317 0.995 0.0601233 0.0294834 0
2.318 0.995 0.0884599 0.0368817 0
2.319 0.995 0.0715895 0.0330642 0
2.32 0.995 0.0931081 0.0430733 0
2.321 0.995 0.0815708 0.0341359 0
2.322 0.995 0.0936648 0.0370261 0
2.323 0.995 0.0892224 0.0474512 0
2.324 0.995 0.0748762 0.0454778 0
2.325 0.995 0.0612298 0.0308381 0
2.326 0.995 0.0670991 0.0342018 0
2.327 0.995 0.0852171 0.0333153 0
2.328 0.995 0.0576836 0.0430201 0
2.329 0.995 0.0883891 0.0407028 0
2.33 0.995 0.0762848 0.0400004 0
2.331 0.995 0.0896404 0.0330378 0
2.332 0.995 0.405252 0.0173159 0
2.333 0.995 0.408842 0.038606 0
2.334 0.995 0.401904 0.0258651 0
2.335 0.995 0.407445 0.0256559 0
2.336 0.995 0.407929 0.0276808 0
2.337 0.995 0.405688 0.0232013 0
2.338 0.995 0.408141 0.0216078 0
2.339 0.995 0.404115 0.0197588 0
2.34 0.995 0.417959 0.0239066 0
2.341 0.995 0.416287 0.0254661 0
2.342 0.995 0.428174 0.0303527 0
2.343 0.995 0.407102 0.028968 0
2.344 0.995 0.415154 0.0271674 0
2.345 0.995 0.421309 0.0268772 0
2.346 0.995 0.427767 0.0377563 0
2.347 0.995 0.42183 0.0249322 0
2.348 0.995 0.428313 0.0253933 0
2.349 0.995 0.427976 0.0287733 0
2.35 0.995 0.425946 0.0232455 0
2.351 0.995 0.430777 0.0202719 0
2.352 0.995 0.4258 0.0308784 0
2.353 0.995 0.431452 0.0279558 0
2.354 0.995 0.435051 0.0254243 0
2.355 0.995 0.422171 0.0260104 0
2.356 0.995 0.415735 0.026386 0
2.357 0.995 0.426696 0.0306185 0
2.358 0.995 0.42689 0.0270478 0
2.359 0.995 0.431029 0.0223048 0
2.36 0.995 0.421854 0.0273291 0
2.361 0.995 0.414539 0.0346056 0
2.362 0.995 0.430258 0.0226146 0
2.363 0.995 0.444639 0.0274385 0
2.364 0.995 0.441453 0.0193473 0
2.365 0.995 0.44163 0.0179304 0
2.366 0.995 0.444553 0.0270956 0
2.367 0.995 0.436085 0.026258 0
2.368 0.995 0.440921 0.0251719 0
2.369 0.995 0.450816 0.0322141 0
2.37 0.995 0.432418 0.0189627 0
2.371 0.995 0.42871 0.0195863 0
2.372 0.995 0.429944 0.0218596 0
2.373 0.995 0.440778 0.0242662 0
2.374 0.995 0.45111 0.0207271 0
2.375 0.995 0.445261 0.0291636 0
2.376 0.995 0.445376 0.0258244 0
2.377 0.995 0.442704 0.0198282 0
2.378 0.995 0.450496 0.0340189 0
2.379 0.995 0.445602 0.0222635 0
2.38 0.995 0.458352 0.0179255 0
2.381 0.995 0.45222 0.0235457 0
2.382 0.995 0.451337 0.0180571 0
2.383 0.995 0.452213 0.0274369 0
2.384 0.995 0.453164 0.0282455 0
2.385 0.995 0.452259 0.0202191 0
2.386 0.995 0.465723 0.0231282 0
2.387 0.995 0.451884 0.0259372 0
2.388 0.995 0.464689 0.0268653 0
2.389 0.995 0.470668 0.0268599 0
2.39 0.995 0.471397 0.0196578 0
2.391 0.995 0.469816 0.0271908 0
2.392 0.995 0.46797 0.0224054 0
2.393 0.995 0.474895 0.0252782 0
2.394 0.995 0.473796 0.0278613 0
2.395 0.995 0.473328 0.0257034 0
2.396 0.995 0.477426 0.0246278 0
2.397 0.995 0.477346 0.0228779 0
2.398 0.995 0.463769 0.0208465 0
2.399 0.995 0.480148 0.0279097 0
2.4 0.995 0.468652 0.0179899 0
2.401 0.995 0.469984 0.0237294 0
2.402 0.995 0.477172 0.0243066 0
2.403 0.995 0.467506 0.0207929 0
2.404 0.995 0.473634 0.0252532 0
2.405 0.995 0.487943 0.0204178 0
2.406 0.995 0.472744 0.0251564 0
2.407 0.995 0.480081 0.0227523 0
2.408 0.995 0.46973 0.0184802 0
2.409 0.995 0.481047 0.025526 0
2.41 0.995 0.482387 0.0216381 0
2.411 0.995 0.485455 0.0189299 0
2.412 0.995 0.489571 0.0227575 0
2.413 0.995 0.491066 0.0254337 0
2.414 0.995 0.485428 0.017757 0
2.415 0.995 0.476421 0.0246252 0
2.416 0.995 0.492017 0.0241949 0
2.417 0.995 0.483493 0.0237513 0
2.418 0.995 0.487593 0.0187958 0
2.419 0.995 0.490402 0.0187357 0
2.42 0.995 0.478779 0.0221692 0
2.421 0.995 0.494052 0.0227282 0
2.422 0.995 0.489467 0.0238675 0
2.423 0.995 0.493675 0.0177279 0
2.424 0.995 0.491377 0.0170718 0
2.425 0.995 0.502061 0.0199325 0
2.426 0.996 0.489667 0.0247117 0
2.427 0.996 0.488483 0.0267523 0
2.428 0.996 0.485579 0.024989 0
2.429 0.996 0.490549 0.0182101 0
2.43 0.996 0.489068 0.0237617 0
2.431 0.996 0.508619 0.0245829 0
2.432 0.996 0.478115 0.023521 0
