# Node_nr = 100
# K <r> sigma_r(sig not of average! divide by sqrt(n))
0 0.02 0.0945737 0.0485182 0
0.03 0.02 0.0939189 0.0470374 0
0.06 0.03 0.098809 0.0454693 0
0.09 0.03 0.104854 0.0496268 0
0.12 0.03 0.104989 0.0492749 0
0.15 0.03 0.106594 0.0542208 0
0.18 0.05 0.0960106 0.0485407 0
0.21 0.05 0.104776 0.0593759 0
0.24 0.05 0.111599 0.0625167 0
0.27 0.05 0.117836 0.0629398 0
0.3 0.07 0.131506 0.0738611 0
0.33 0.07 0.125047 0.0612564 0
0.36 0.07 0.15326 0.0847542 0
0.39 0.07 0.155041 0.0769088 0
0.42 0.07 0.165567 0.0837951 0
0.45 0.08 0.165051 0.0794249 0
0.48 0.08 0.150142 0.081465 0
0.51 0.08 0.180365 0.0834992 0
0.54 0.17 0.167018 0.0843846 0
0.57 0.17 0.185277 0.0909379 0
0.6 0.17 0.176233 0.0800773 0
0.63 0.17 0.146101 0.062076 0
0.66 0.26 0.183715 0.0820007 0
0.69 0.27 0.175986 0.0856968 0
0.72 0.53 0.285638 0.107138 0
0.75 0.53 0.321323 0.134333 0
0.78 0.62 0.261174 0.0848245 0
0.81 0.63 0.21469 0.0947505 0
0.84 0.67 0.208412 0.0924826 0
0.87 0.72 0.408516 0.0550526 0
0.9 0.72 0.410408 0.0458013 0
0.93 0.74 0.403346 0.0811195 0
0.96 0.75 0.465282 0.0791106 0
0.99 0.75 0.510628 0.0742196 0
1.02 0.75 0.587836 0.0463744 0
1.05 0.82 0.650818 0.0384319 0
1.08 0.83 0.673821 0.0334251 0
1.11 0.84 0.683227 0.0338434 0
1.14 0.84 0.72402 0.0490689 0
1.17 0.85 0.728758 0.0356493 0
1.2 0.86 0.75648 0.0300732 0
1.23 0.86 0.424193 0.0323018 0
1.26 0.86 0.768839 0.0285996 0
1.29 0.86 0.770946 0.029293 0
1.32 0.9 0.76072 0.020087 0
1.35 0.91 0.806912 0.0240824 0
1.38 0.91 0.830581 0.0192986 0
