# Node_nr = 100
# K <r> sigma_r(sig not of average! divide by sqrt(n))
2 0.97 0.126363 0.0629759 0
2.08 0.97 0.127689 0.0645752 0
2.16 0.97 0.127499 0.0658377 0
2.24 0.97 0.133952 0.0666602 0
2.32 0.97 0.13561 0.0707497 0
2.4 0.97 0.129976 0.0692473 0
2.48 0.98 0.138624 0.0689983 0
2.56 0.98 0.135609 0.0694729 0
2.64 0.98 0.141492 0.0699552 0
2.72 0.98 0.139117 0.071435 0
2.8 0.98 0.14239 0.0730621 0
2.88 0.99 0.142593 0.0716288 0
2.96 0.99 0.149871 0.0742797 0
3.04 0.99 0.161759 0.0822367 0
3.12 0.99 0.164799 0.0841047 0
3.2 0.99 0.161194 0.0825669 0
3.28 0.99 0.156935 0.0818517 0
3.36 0.99 0.160758 0.0790949 0
3.44 0.99 0.159019 0.0769151 0
3.52 0.99 0.169377 0.0837581 0
3.6 0.99 0.166752 0.0805307 0
3.68 0.99 0.176606 0.0851618 0
3.76 0.99 0.179473 0.0861055 0
3.84 0.99 0.185378 0.0913114 0
3.92 0.99 0.177656 0.0881151 0
4 0.99 0.191398 0.092998 0
4.08 0.99 0.1909 0.092113 0
4.16 0.99 0.201232 0.0995298 0
4.24 0.99 0.209405 0.0984184 0
4.32 0.99 0.21604 0.102789 0
4.4 0.99 0.217703 0.105602 0