0 69 168 155 
1 243 
2 75 241 288 117 201 224 32 65 93 
3 101 
4 249 84 
5 75 
6 148 267 7 
7 192 170 184 295 6 
8 138 278 299 167 281 
9 265 189 67 
10 221 239 142 
11 233 
12 104 
13 39 164 276 
14 148 25 51 268 104 
15 39 25 
16 217 92 
17 
18 137 
19 38 234 63 145 
20 270 
21 249 278 
22 160 29 54 216 129 
23 246 
24 184 242 
25 14 15 127 
26 297 160 220 
27 196 59 148 
28 97 220 267 166 
29 22 49 41 202 93 
30 243 44 129 
31 166 
32 48 2 
33 150 
34 139 
35 196 58 
36 76 152 43 
37 113 244 70 
38 19 253 
39 15 13 203 261 
40 136 108 231 110 287 
41 29 213 42 
42 197 41 117 
43 53 47 238 36 
44 120 69 30 162 
45 233 252 
46 73 229 157 
47 166 43 140 170 
48 32 213 61 62 253 
49 29 153 77 117 
50 223 191 265 174 
51 297 139 14 231 
52 281 170 65 
53 43 116 285 
54 22 86 193 274 
55 65 
56 200 
57 101 
58 82 35 92 
59 27 136 
60 153 88 178 
61 261 169 206 210 48 
62 273 282 48 170 271 
63 286 107 143 19 
64 176 255 166 150 179 
65 264 288 257 184 2 55 52 
66 110 218 294 
67 133 253 9 
68 160 170 
69 168 0 44 166 
70 294 250 37 205 
71 234 270 
72 90 293 216 162 177 
73 46 173 97 
74 
75 134 2 205 236 5 
76 200 161 252 136 36 
77 49 
78 176 86 144 
79 123 124 153 211 
80 114 
81 259 
82 58 117 
83 141 148 161 
84 227 224 297 236 4 
85 216 
86 162 255 78 54 106 
87 
88 225 60 142 
89 152 160 
90 72 
91 144 226 
92 250 16 58 
93 220 288 279 29 148 2 
94 174 297 152 256 
95 229 166 
96 239 148 185 
97 183 28 73 189 161 
98 217 204 
99 
100 182 
101 57 257 3 
102 177 278 156 
103 169 170 
104 199 14 12 235 
105 220 208 195 231 111 
106 86 
107 137 63 
108 40 
109 165 
110 66 274 40 125 
111 105 292 197 270 
112 254 
113 37 
114 283 80 204 197 271 
115 276 253 133 182 240 
116 53 
117 2 82 49 153 42 
118 275 162 235 264 
119 292 212 129 
120 44 286 221 
121 205 
122 199 
123 79 
124 79 287 294 291 
125 246 110 172 
126 
127 278 147 223 25 190 
128 
129 30 119 22 
130 234 
131 256 
132 
133 67 198 115 
134 75 223 
135 298 
136 40 59 155 76 
137 107 268 18 
138 281 8 
139 259 51 286 34 198 
140 195 47 284 228 192 178 152 
141 205 200 83 
142 250 88 10 
143 193 63 
144 237 91 78 
145 19 
146 
147 193 186 156 127 
148 196 14 6 281 83 96 27 93 235 
149 
150 64 229 33 
151 
152 89 293 94 36 250 140 
153 60 49 282 117 79 
154 
155 233 136 0 180 
156 147 102 
157 215 226 288 46 
158 247 237 166 221 
159 
160 22 89 26 68 275 
161 83 97 76 232 
162 86 248 118 72 204 176 177 260 255 44 
163 277 224 
164 262 13 245 
165 109 
166 47 64 31 69 28 95 158 
167 288 243 267 233 8 202 231 204 
168 296 69 239 0 257 
169 61 103 237 
170 7 288 52 47 62 68 103 
171 174 239 
172 262 125 
173 73 
174 94 255 171 50 
175 276 275 
176 64 78 162 
177 196 72 102 162 
178 60 206 140 
179 202 297 64 
180 279 155 
181 
182 100 213 115 
183 97 285 
184 24 65 7 231 
185 230 197 96 
186 281 147 296 
187 200 292 
188 196 
189 281 97 250 9 282 
190 230 214 127 
191 50 194 285 
192 7 140 
193 147 143 54 
194 191 
195 105 140 221 
196 27 281 148 177 35 188 
197 42 185 230 111 283 114 
198 133 139 
199 122 104 284 
200 246 187 141 76 201 56 
201 283 2 200 277 
202 179 219 167 29 
203 39 219 
204 98 162 114 167 
205 141 75 121 70 
206 61 256 178 
207 253 
208 105 278 296 
209 261 
210 61 
211 268 79 291 284 
212 119 
213 240 182 48 41 239 
214 262 243 190 
215 157 224 
216 72 22 85 
217 98 288 252 16 
218 268 66 265 
219 284 202 203 264 
220 93 105 28 26 
221 10 195 120 158 
222 
223 50 127 134 227 
224 84 163 2 215 284 
225 230 88 297 229 
226 157 91 
227 84 223 
228 247 248 140 
229 46 150 225 95 
230 225 190 185 197 272 
231 40 105 240 51 184 167 
232 243 161 
233 11 45 155 167 
234 19 235 71 130 253 
235 287 234 118 104 148 
236 75 84 
237 144 169 158 239 
238 241 43 255 256 
239 96 168 10 281 171 213 237 
240 213 231 277 115 
241 2 238 
242 24 
243 167 232 30 214 1 
244 252 37 246 
245 164 
246 200 125 244 23 
247 228 158 
248 228 162 
249 280 21 4 
250 142 70 279 92 189 152 
251 
252 244 217 45 76 
253 207 67 115 234 48 38 
254 112 
255 174 64 86 238 162 
256 131 94 206 238 
257 101 168 65 
258 
259 260 139 81 
260 259 162 
261 61 209 39 
262 214 164 172 
263 
264 65 118 219 
265 9 50 218 
266 
267 167 6 28 
268 211 137 218 14 
269 
270 277 20 71 111 
271 273 114 62 
272 230 
273 271 62 
274 110 54 
275 118 175 160 
276 175 115 289 13 
277 163 270 201 240 
278 208 8 127 102 21 
279 250 93 180 
280 249 293 
281 196 138 148 186 189 239 8 52 
282 153 62 189 
283 114 201 197 
284 219 140 199 224 211 
285 286 183 191 53 
286 63 285 139 120 
287 235 124 40 
288 167 217 93 2 65 170 157 
289 276 
290 
291 124 211 
292 187 119 111 
293 152 72 280 
294 70 66 124 
295 7 
296 168 208 186 
297 51 26 94 225 179 84 
298 135 
299 8 
