# Node_nr = 500
# K <r> sigma_r(sig not of average! divide by sqrt(n))
0 0.004 0.0439936 0.0223215 0
0.002 0.004 0.037361 0.0181973 0
0.004 0.004 0.0399176 0.0204512 0
0.006 0.004 0.0453293 0.0182809 0
0.008 0.004 0.0368812 0.0186034 0
0.01 0.004 0.0327766 0.0190407 0
0.012 0.004 0.0380398 0.0215518 0
0.014 0.004 0.0332336 0.0240396 0
0.016 0.004 0.0399555 0.0206311 0
0.018 0.004 0.0441506 0.0229619 0
0.02 0.004 0.0430139 0.020247 0
0.022 0.004 0.0370008 0.0180694 0
0.024 0.004 0.0416693 0.0193555 0
0.026 0.004 0.0386945 0.0196407 0
0.028 0.004 0.0381471 0.020761 0
0.03 0.006 0.0306217 0.0140277 0
0.032 0.006 0.0336548 0.0192334 0
0.034 0.006 0.0447703 0.0199634 0
0.036 0.006 0.0506924 0.0274046 0
0.038 0.006 0.0448908 0.0283868 0
0.04 0.006 0.0433899 0.0181412 0
0.042 0.006 0.0491595 0.0236353 0
0.044 0.006 0.0462071 0.0260725 0
0.046 0.006 0.0475602 0.0211264 0
0.048 0.006 0.0555105 0.0268787 0
0.05 0.006 0.03699 0.0180629 0
0.052 0.006 0.0346496 0.0161021 0
0.054 0.006 0.0345951 0.0177508 0
0.056 0.006 0.0450621 0.0224011 0
0.058 0.006 0.0501486 0.0205589 0
0.06 0.006 0.0380334 0.0228701 0
0.062 0.006 0.035598 0.0201654 0
0.064 0.006 0.0413905 0.0263155 0
0.066 0.006 0.0378117 0.0178932 0
0.068 0.006 0.0461719 0.0201789 0
0.07 0.006 0.0533117 0.0189267 0
0.072 0.006 0.0379052 0.0184676 0
0.074 0.006 0.0489649 0.0190348 0
0.076 0.006 0.0488504 0.023106 0
0.078 0.006 0.0421923 0.0185161 0
0.08 0.006 0.0524404 0.0271309 0
0.082 0.006 0.0414797 0.0184416 0
0.084 0.006 0.0407158 0.0184051 0
0.086 0.006 0.0447813 0.0202293 0
0.088 0.006 0.0359794 0.0166295 0
0.09 0.006 0.0524403 0.0313313 0
0.092 0.006 0.0510917 0.025089 0
0.094 0.006 0.0369416 0.0177146 0
0.096 0.006 0.0411392 0.0233581 0
0.098 0.006 0.0390557 0.0170687 0
0.1 0.006 0.0492682 0.019006 0
0.102 0.006 0.0475024 0.0212576 0
0.104 0.006 0.0438382 0.0185739 0
0.106 0.006 0.041381 0.0188835 0
0.108 0.006 0.0439487 0.0275613 0
0.11 0.006 0.0430256 0.0179337 0
0.112 0.006 0.038945 0.0177222 0
0.114 0.006 0.0414264 0.020773 0
0.116 0.006 0.0422947 0.0206702 0
0.118 0.008 0.0424096 0.0271731 0
0.12 0.008 0.0364693 0.0174523 0
0.122 0.008 0.043136 0.0203846 0
0.124 0.008 0.0551992 0.0279967 0
0.126 0.008 0.0533392 0.0275426 0
0.128 0.008 0.0351539 0.0145524 0
0.13 0.008 0.0490763 0.0212499 0
0.132 0.008 0.0350942 0.0201041 0
0.134 0.008 0.0406753 0.0212303 0
0.136 0.008 0.0480876 0.0236305 0
0.138 0.008 0.042079 0.0201572 0
0.14 0.008 0.0339458 0.0156233 0
0.142 0.008 0.046127 0.0302318 0
0.144 0.008 0.0397308 0.0197111 0
0.146 0.008 0.0493422 0.0193251 0
0.148 0.008 0.0507681 0.0260623 0
0.15 0.008 0.0492479 0.0250987 0
0.152 0.008 0.0431922 0.021392 0
0.154 0.01 0.0416603 0.0190083 0
0.156 0.01 0.0350442 0.0152736 0
0.158 0.01 0.0433565 0.0232283 0
0.16 0.01 0.0355791 0.018784 0
0.162 0.01 0.0439632 0.0225856 0
0.164 0.01 0.0493338 0.0287843 0
0.166 0.01 0.0514727 0.0243243 0
0.168 0.01 0.065689 0.0354192 0
0.17 0.01 0.0483578 0.0200277 0
0.172 0.01 0.0406366 0.0188639 0
0.174 0.01 0.0407491 0.023949 0
0.176 0.01 0.0342547 0.0203853 0
0.178 0.01 0.0463926 0.0281248 0
0.18 0.01 0.055173 0.0237519 0
0.182 0.01 0.0426985 0.0208747 0
0.184 0.01 0.0500836 0.0271139 0
0.186 0.01 0.0418466 0.016977 0
0.188 0.01 0.0439216 0.018733 0
0.19 0.01 0.0481368 0.0266402 0
0.192 0.01 0.0381926 0.0181304 0
0.194 0.01 0.0538268 0.0222674 0
0.196 0.01 0.0549998 0.0313913 0
0.198 0.01 0.0476103 0.0205175 0
0.2 0.01 0.0559338 0.0257293 0
0.202 0.01 0.0373756 0.0158268 0
0.204 0.01 0.046987 0.0223939 0
0.206 0.01 0.0401934 0.0241418 0
0.208 0.01 0.0420623 0.0253998 0
0.21 0.01 0.0413807 0.0229459 0
0.212 0.01 0.0397588 0.0231238 0
0.214 0.01 0.0540922 0.0225935 0
0.216 0.01 0.0411667 0.016698 0
0.218 0.01 0.044355 0.0265055 0
0.22 0.01 0.044248 0.0156012 0
0.222 0.01 0.0544571 0.019222 0
0.224 0.01 0.0382327 0.0216284 0
0.226 0.01 0.0580974 0.024848 0
0.228 0.01 0.0441237 0.0217373 0
0.23 0.01 0.0659541 0.0288895 0
0.232 0.01 0.0600317 0.0277904 0
0.234 0.01 0.0567208 0.0287171 0
0.236 0.01 0.068628 0.0228968 0
0.238 0.01 0.043274 0.0211597 0
0.24 0.01 0.0770135 0.0253968 0
0.242 0.01 0.0466961 0.0189582 0
0.244 0.01 0.0314374 0.0199521 0
0.246 0.01 0.0613678 0.0191518 0
0.248 0.01 0.0544404 0.0207433 0
0.25 0.01 0.0536297 0.0362624 0
0.252 0.01 0.0415091 0.0195029 0
0.254 0.01 0.0451561 0.0215354 0
0.256 0.01 0.0402413 0.0230439 0
0.258 0.01 0.0541925 0.0256336 0
0.26 0.01 0.0400543 0.0170422 0
0.262 0.01 0.044855 0.0224876 0
0.264 0.01 0.0729423 0.0283276 0
0.266 0.01 0.055219 0.0219622 0
0.268 0.01 0.0396547 0.0160243 0
0.27 0.01 0.0471131 0.0236077 0
0.272 0.01 0.036064 0.0225237 0
0.274 0.01 0.037039 0.0152444 0
0.276 0.01 0.0456482 0.0261405 0
0.278 0.01 0.0486898 0.0207051 0
0.28 0.01 0.055309 0.0282052 0
0.282 0.01 0.054124 0.0257191 0
0.284 0.01 0.0501577 0.0290502 0
0.286 0.012 0.0556432 0.0189191 0
0.288 0.012 0.0726304 0.0285508 0
0.29 0.012 0.0495128 0.027463 0
0.292 0.012 0.0580896 0.0324309 0
0.294 0.012 0.0549773 0.0257114 0
0.296 0.012 0.0468594 0.0234362 0
0.298 0.012 0.046611 0.0211428 0
0.3 0.012 0.0571883 0.0279486 0
0.302 0.012 0.0401477 0.024092 0
0.304 0.012 0.0691852 0.0260194 0
0.306 0.012 0.0475853 0.0256856 0
0.308 0.012 0.0410102 0.0169698 0
0.31 0.012 0.068318 0.0373087 0
0.312 0.012 0.0511103 0.0230094 0
0.314 0.012 0.0641218 0.0240226 0
0.316 0.012 0.0667948 0.0380581 0
0.318 0.012 0.0369409 0.0186671 0
0.32 0.012 0.0469721 0.0204966 0
0.322 0.012 0.0725336 0.0227403 0
0.324 0.012 0.0511738 0.0217074 0
0.326 0.016 0.0668254 0.0362472 0
0.328 0.016 0.066127 0.0166082 0
0.33 0.016 0.0497214 0.024957 0
0.332 0.016 0.0666566 0.0276866 0
0.334 0.016 0.0472772 0.0192219 0
0.336 0.016 0.0445477 0.0224607 0
0.338 0.016 0.0617064 0.027544 0
0.34 0.016 0.0572613 0.0277585 0
0.342 0.016 0.0505006 0.0297894 0
0.344 0.016 0.0508269 0.0325181 0
0.346 0.016 0.065206 0.023665 0
0.348 0.016 0.0614316 0.0290339 0
0.35 0.016 0.0447814 0.0186219 0
0.352 0.016 0.0546297 0.0255749 0
0.354 0.016 0.0598471 0.0219712 0
0.356 0.016 0.0490205 0.0388046 0
0.358 0.016 0.0602222 0.0198154 0
0.36 0.016 0.048363 0.0203981 0
0.362 0.016 0.0571487 0.025095 0
0.364 0.016 0.0577379 0.021745 0
0.366 0.016 0.0475324 0.0355224 0
0.368 0.016 0.0637743 0.0311824 0
0.37 0.016 0.0725491 0.0296832 0
0.372 0.016 0.0916194 0.0392665 0
0.374 0.016 0.055955 0.0350533 0
0.376 0.016 0.0898706 0.0238839 0
0.378 0.016 0.0669969 0.0306491 0
0.38 0.016 0.0653831 0.0266056 0
0.382 0.016 0.0674386 0.0276445 0
0.384 0.016 0.0368341 0.0176388 0
0.386 0.016 0.0431999 0.0158558 0
0.388 0.016 0.0448091 0.0255382 0
0.39 0.016 0.0355366 0.0147508 0
0.392 0.016 0.0565921 0.0340801 0
0.394 0.016 0.046483 0.0227252 0
0.396 0.016 0.0448068 0.0192333 0
0.398 0.016 0.0626466 0.0305489 0
0.4 0.016 0.0517084 0.0225088 0
0.402 0.016 0.0778072 0.0292188 0
0.404 0.016 0.084636 0.0360475 0
0.406 0.016 0.0628219 0.0321864 0
0.408 0.016 0.049066 0.0222138 0
0.41 0.016 0.067186 0.0354548 0
0.412 0.016 0.0701919 0.0308267 0
0.414 0.016 0.0409376 0.0214065 0
0.416 0.016 0.0758073 0.0396991 0
0.418 0.016 0.0613934 0.0261453 0
0.42 0.016 0.0550174 0.0238195 0
0.422 0.016 0.0542009 0.0301526 0
0.424 0.016 0.0514721 0.0276366 0
0.426 0.016 0.0607339 0.0338002 0
0.428 0.016 0.0654053 0.0233493 0
0.43 0.016 0.0595401 0.0286386 0
0.432 0.016 0.0700952 0.0270458 0
0.434 0.016 0.0904815 0.0269111 0
0.436 0.016 0.0692388 0.0381431 0
0.438 0.016 0.0974734 0.0410448 0
0.44 0.016 0.05838 0.0259927 0
0.442 0.016 0.0628877 0.0279673 0
0.444 0.016 0.0683814 0.0416456 0
0.446 0.016 0.0732929 0.031009 0
0.448 0.016 0.0916641 0.0276422 0
0.45 0.016 0.0702515 0.0351164 0
0.452 0.016 0.0603109 0.0192165 0
0.454 0.016 0.0760642 0.0479173 0
0.456 0.016 0.0541993 0.0191399 0
0.458 0.016 0.0553854 0.0230393 0
0.46 0.024 0.0896552 0.0297989 0
0.462 0.024 0.0556557 0.0287008 0
0.464 0.024 0.0835546 0.0387192 0
0.466 0.024 0.0735497 0.0435518 0
0.468 0.024 0.0503128 0.0218644 0
0.47 0.026 0.0564796 0.0246469 0
0.472 0.026 0.0424058 0.0274473 0
0.474 0.026 0.0520088 0.032248 0
0.476 0.026 0.0571756 0.0128029 0
0.478 0.026 0.0864639 0.0356268 0
0.48 0.026 0.0572262 0.0257669 0
0.482 0.026 0.0732174 0.0300963 0
0.484 0.026 0.0595183 0.0186926 0
0.486 0.026 0.0693637 0.0334487 0
0.488 0.026 0.0822255 0.0254104 0
0.49 0.026 0.0629331 0.0215763 0
0.492 0.026 0.0866993 0.0307127 0
0.494 0.026 0.082152 0.0309234 0
0.496 0.026 0.0608126 0.0168045 0
0.498 0.026 0.0627353 0.0351501 0
0.5 0.026 0.0701393 0.031137 0
0.502 0.028 0.044009 0.0201784 0
0.504 0.028 0.0622937 0.0304152 0
0.506 0.028 0.0666424 0.0293964 0
0.508 0.028 0.0639043 0.0243265 0
0.51 0.028 0.099577 0.0416876 0
0.512 0.028 0.0494225 0.0260421 0
0.514 0.028 0.0513983 0.0210463 0
0.516 0.028 0.0731899 0.0356524 0
0.518 0.028 0.0849722 0.0333696 0
0.52 0.028 0.0710085 0.0435157 0
0.522 0.028 0.0725038 0.04121 0
0.524 0.028 0.0646217 0.0281544 0
0.526 0.028 0.0733978 0.0392118 0
0.528 0.028 0.0888591 0.0497035 0
0.53 0.028 0.0619631 0.0281868 0
0.532 0.028 0.0858823 0.0371801 0
0.534 0.044 0.0608236 0.0225345 0
0.536 0.044 0.0431776 0.0271406 0
0.538 0.044 0.048921 0.0342222 0
0.54 0.044 0.0528866 0.0295696 0
0.542 0.044 0.0686101 0.0332085 0
0.544 0.044 0.0636213 0.0349431 0
0.546 0.044 0.0978347 0.0279222 0
0.548 0.044 0.0452428 0.0151672 0
0.55 0.044 0.0539466 0.0224263 0
0.552 0.044 0.0798256 0.018417 0
0.554 0.044 0.0466131 0.0200615 0
0.556 0.044 0.0588354 0.0164076 0
0.558 0.044 0.0522183 0.0177304 0
0.56 0.044 0.0520672 0.0335658 0
0.562 0.044 0.0791036 0.0219624 0
0.564 0.044 0.0879301 0.0459983 0
0.566 0.044 0.0683203 0.021341 0
0.568 0.044 0.0892861 0.0349506 0
0.57 0.044 0.0660039 0.0315374 0
0.572 0.044 0.0897968 0.0253139 0
0.574 0.044 0.0561608 0.0279852 0
0.576 0.044 0.107834 0.0546805 0
0.578 0.044 0.0831464 0.0223803 0
0.58 0.044 0.11161 0.0450521 0
0.582 0.044 0.0816875 0.0348069 0
0.584 0.044 0.129878 0.0415275 0
0.586 0.044 0.0821327 0.0209537 0
0.588 0.05 0.0991931 0.0308033 0
0.59 0.05 0.0715788 0.0543006 0
0.592 0.05 0.0694522 0.0419411 0
0.594 0.064 0.0889786 0.0449132 0
0.596 0.064 0.0970912 0.0392203 0
0.598 0.064 0.0502169 0.0280298 0
0.6 0.064 0.0500992 0.0328768 0
0.602 0.076 0.05968 0.0381316 0
0.604 0.076 0.0749788 0.0113378 0
0.606 0.076 0.0658686 0.0255943 0
0.608 0.076 0.0792928 0.0117785 0
0.61 0.076 0.0867521 0.0441733 0
0.612 0.076 0.067456 0.0173271 0
0.614 0.076 0.056822 0.0285366 0
0.616 0.076 0.0849729 0.0218636 0
0.618 0.076 0.0513064 0.0147033 0
0.62 0.076 0.0593378 0.0283696 0
0.622 0.076 0.0689535 0.0284569 0
0.624 0.076 0.0556663 0.025052 0
0.626 0.094 0.0757758 0.0350777 0
0.628 0.094 0.0567473 0.0262892 0
0.63 0.094 0.034467 0.0233263 0
0.632 0.096 0.0486654 0.0137698 0
0.634 0.096 0.0480868 0.0182694 0
0.636 0.096 0.113435 0.0391327 0
0.638 0.096 0.0931201 0.0357156 0
0.64 0.096 0.0878888 0.0373377 0
0.642 0.096 0.0543398 0.0170013 0
0.644 0.096 0.0877848 0.0340259 0
0.646 0.096 0.17666 0.0498224 0
0.648 0.096 0.0598337 0.0359278 0
0.65 0.096 0.0412421 0.0171767 0
0.652 0.096 0.0996941 0.0346251 0
0.654 0.096 0.0495031 0.0219379 0
0.656 0.096 0.0510591 0.0136565 0
0.658 0.096 0.0500268 0.0194394 0
0.66 0.096 0.0883859 0.0545169 0
0.662 0.096 0.0719715 0.0326313 0
0.664 0.096 0.048047 0.021567 0
0.666 0.096 0.110729 0.0243924 0
0.668 0.096 0.0640194 0.0126638 0
0.67 0.096 0.0784838 0.0246867 0
0.672 0.096 0.0922948 0.0544609 0
0.674 0.096 0.114404 0.0642669 0
0.676 0.112 0.100177 0.043461 0
0.678 0.112 0.0599788 0.0385566 0
0.68 0.112 0.0971591 0.0432086 0
0.682 0.134 0.0703074 0.0268846 0
0.684 0.146 0.0978334 0.0324206 0
0.686 0.15 0.0817924 0.0335525 0
0.688 0.15 0.103267 0.0241806 0
0.69 0.15 0.0642702 0.0354472 0
0.692 0.15 0.0526751 0.0312948 0
0.694 0.15 0.0582576 0.0223346 0
0.696 0.15 0.0985508 0.0185595 0
0.698 0.15 0.104723 0.0517225 0
0.7 0.15 0.13485 0.0307675 0
0.702 0.15 0.148192 0.0151651 0
0.704 0.15 0.108479 0.0276909 0
0.706 0.15 0.0855284 0.0333964 0
0.708 0.15 0.0823223 0.03103 0
0.71 0.15 0.0828232 0.0351664 0
0.712 0.15 0.139114 0.0257485 0
0.714 0.15 0.130904 0.0623092 0
0.716 0.152 0.157854 0.0462848 0
0.718 0.152 0.0717083 0.0203925 0
0.72 0.152 0.159436 0.0228062 0
0.722 0.152 0.113309 0.0425233 0
0.724 0.152 0.0724192 0.0375747 0
0.726 0.152 0.0764727 0.0363054 0
0.728 0.154 0.137061 0.0557535 0
0.73 0.154 0.107923 0.0262527 0
0.732 0.154 0.140551 0.0303919 0
0.734 0.154 0.152148 0.0512278 0
0.736 0.154 0.0663165 0.0212874 0
0.738 0.16 0.182681 0.0318224 0
0.74 0.16 0.117897 0.0528094 0
0.742 0.16 0.153318 0.0150448 0
0.744 0.16 0.10367 0.0169639 0
0.746 0.164 0.0722923 0.0291249 0
0.748 0.164 0.0871845 0.0303889 0
0.75 0.164 0.229461 0.046712 0
0.752 0.164 0.105898 0.0462606 0
0.754 0.168 0.133696 0.0267767 0
0.756 0.168 0.220155 0.0255618 0
0.758 0.168 0.0994979 0.0267304 0
0.76 0.172 0.151883 0.0156894 0
0.762 0.172 0.0890486 0.036168 0
0.764 0.172 0.148369 0.0388603 0
0.766 0.172 0.126792 0.0329046 0
0.768 0.172 0.17669 0.0388486 0
0.77 0.172 0.163862 0.0549137 0
0.772 0.172 0.180516 0.0420449 0
0.774 0.172 0.220406 0.045245 0
0.776 0.176 0.0787681 0.0405624 0
0.778 0.176 0.162419 0.0475875 0
0.78 0.176 0.173448 0.007842 0
0.782 0.176 0.0653476 0.0271695 0
0.784 0.176 0.186001 0.0137162 0
0.786 0.18 0.05941 0.0183547 0
0.788 0.18 0.185964 0.0517792 0
0.79 0.2 0.14473 0.0443433 0
0.792 0.2 0.138163 0.0372287 0
0.794 0.2 0.122917 0.0278159 0
0.796 0.2 0.105249 0.0285299 0
0.798 0.2 0.177017 0.0263006 0
0.8 0.202 0.0790242 0.0302617 0
0.802 0.232 0.0586442 0.0195045 0
0.804 0.236 0.1538 0.0170651 0
0.806 0.418 0.102344 0.0456646 0
0.808 0.418 0.112252 0.0462705 0
0.81 0.422 0.125134 0.0545532 0
0.812 0.484 0.0570855 0.0190638 0
0.814 0.5 0.07032 0.030676 0
0.816 0.502 0.100761 0.0180948 0
0.818 0.506 0.0737934 0.014149 0
0.82 0.52 0.141699 0.0290357 0
0.822 0.626 0.0861762 0.0214525 0
0.824 0.628 0.0523923 0.0220073 0
0.826 0.63 0.0819295 0.0149982 0
0.828 0.634 0.128403 0.0429097 0
0.83 0.636 0.105776 0.011358 0
0.832 0.636 0.110201 0.0237303 0
0.834 0.636 0.14865 0.0208287 0
0.836 0.636 0.141725 0.036489 0
0.838 0.636 0.141771 0.00937453 0
0.84 0.638 0.121642 0.0177422 0
0.842 0.638 0.125445 0.0342048 0
0.844 0.638 0.0636816 0.0347445 0
0.846 0.64 0.056932 0.0403735 0
0.848 0.664 0.0578117 0.0428173 0
0.85 0.664 0.11435 0.0362191 0
0.852 0.664 0.106287 0.0203514 0
0.854 0.664 0.0504628 0.0313209 0
0.856 0.686 0.0530971 0.0272761 0
0.858 0.692 0.0372175 0.00891726 0
0.86 0.7 0.0354866 0.0171582 0
0.862 0.702 0.0413627 0.0154016 0
0.864 0.702 0.0882141 0.0256348 0
0.866 0.706 0.0860759 0.0480373 0
0.868 0.706 0.100334 0.0299292 0
0.87 0.706 0.156054 0.0329219 0
0.872 0.706 0.106401 0.021649 0
0.874 0.706 0.0444711 0.0143721 0
0.876 0.71 0.0683123 0.0175275 0
0.878 0.724 0.0910312 0.0221942 0
0.88 0.728 0.0780956 0.0535216 0
0.882 0.728 0.0830398 0.013783 0
0.884 0.728 0.0647139 0.022426 0
0.886 0.728 0.0962584 0.0281771 0
0.888 0.742 0.0765542 0.0163889 0
0.89 0.742 0.0564445 0.0143321 0
0.892 0.744 0.140277 0.0330298 0
0.894 0.748 0.128623 0.0107209 0
0.896 0.75 0.0670103 0.0123858 0
0.898 0.75 0.161093 0.00998425 0
0.9 0.764 0.169706 0.0166169 0
0.902 0.768 0.198842 0.0199953 0
0.904 0.77 0.185087 0.0297424 0
0.906 0.77 0.171486 0.0183971 0
0.908 0.77 0.197974 0.015609 0
0.91 0.77 0.176275 0.0219641 0
0.912 0.77 0.164859 0.0240242 0
0.914 0.77 0.119214 0.0145361 0
0.916 0.772 0.148721 0.0160603 0
0.918 0.774 0.1112 0.0384692 0
0.92 0.776 0.14557 0.0187584 0
0.922 0.798 0.0777698 0.0127118 0
0.924 0.798 0.0768048 0.0243994 0
0.926 0.798 0.0349259 0.0117113 0
0.928 0.8 0.105611 0.0075856 0
0.93 0.8 0.0365949 0.0139235 0
0.932 0.8 0.0836139 0.0182011 0
0.934 0.802 0.105191 0.0101488 0
0.936 0.81 0.0673661 0.00641168 0
0.938 0.81 0.113902 0.0131473 0
0.94 0.81 0.0468162 0.013311 0
0.942 0.81 0.068232 0.0147075 0
0.944 0.81 0.104685 0.0196066 0
0.946 0.81 0.104505 0.0113542 0
0.948 0.816 0.106724 0.00700363 0
0.95 0.816 0.0744169 0.00669209 0
0.952 0.816 0.111237 0.0102232 0
0.954 0.816 0.0484229 0.0133357 0
0.956 0.818 0.105219 0.0132285 0
0.958 0.818 0.0811237 0.0117252 0
0.96 0.818 0.140197 0.00385262 0
0.962 0.818 0.158574 0.0221263 0
0.964 0.818 0.181553 0.015691 0
0.966 0.818 0.179311 0.00825445 0
0.968 0.824 0.1506 0.0186525 0
0.97 0.824 0.200003 0.00453517 0
0.972 0.83 0.130918 0.0208143 0
0.974 0.836 0.200952 0.0187472 0
0.976 0.836 0.159551 0.0097515 0
0.978 0.836 0.17565 0.0100142 0
0.98 0.836 0.183434 0.0207544 0
0.982 0.842 0.174124 0.0129675 0
0.984 0.844 0.218727 0.0184658 0
0.986 0.844 0.271573 0.0241528 0
0.988 0.844 0.28708 0.0444526 0
0.99 0.844 0.405021 0.0169249 0
0.992 0.844 0.337687 0.00831001 0
0.994 0.844 0.402094 0.0119597 0
0.996 0.844 0.36358 0.013017 0
0.998 0.844 0.429208 0.0109951 0
1 0.844 0.440588 0.00654975 0
1.002 0.844 0.435679 0.0128811 0
1.004 0.844 0.500194 0.0170854 0
1.006 0.844 0.458462 0.00533618 0
1.008 0.85 0.507688 0.00951458 0
1.01 0.85 0.464983 0.0215861 0
1.012 0.85 0.502716 0.00451596 0
1.014 0.85 0.500876 0.0136891 0
1.016 0.85 0.502566 0 0