# Node_nr = 200
# K <r> sigma_r(sig not of average! divide by sqrt(n))
0 0.01 0.0652895 0.0346383 0
0.005 0.01 0.0697675 0.0322291 0
0.01 0.01 0.063604 0.0359693 0
0.015 0.015 0.0613445 0.0353968 0
0.02 0.015 0.0657153 0.0333973 0
0.025 0.015 0.0617502 0.0298651 0
0.03 0.015 0.0644329 0.0310993 0
0.035 0.015 0.0613501 0.0316276 0
0.04 0.02 0.0664477 0.0339827 0
0.045 0.02 0.0684335 0.0361681 0
0.05 0.02 0.0537924 0.033943 0
0.055 0.02 0.0612065 0.0327715 0
0.06 0.02 0.0668305 0.0337657 0
0.065 0.02 0.0644659 0.0315425 0
0.07 0.02 0.0629146 0.0311849 0
0.075 0.02 0.0571081 0.0271303 0
0.08 0.02 0.0599422 0.0316132 0
0.085 0.02 0.0599895 0.0302218 0
0.09 0.02 0.0545488 0.0282958 0
0.095 0.02 0.064943 0.0303264 0
0.1 0.02 0.0627283 0.0295766 0
0.105 0.02 0.0682916 0.0365062 0
0.11 0.02 0.0661878 0.0320468 0
0.115 0.02 0.0686896 0.034339 0
0.12 0.02 0.0663551 0.0316671 0
0.125 0.02 0.0681862 0.0334075 0
0.13 0.02 0.0734481 0.0329948 0
0.135 0.02 0.0676629 0.0309841 0
0.14 0.02 0.0669611 0.0360338 0
0.145 0.025 0.063019 0.0363055 0
0.15 0.025 0.0577194 0.0324252 0
0.155 0.025 0.0626647 0.0323827 0
0.16 0.025 0.0611955 0.0318111 0
0.165 0.025 0.0661411 0.0336142 0
0.17 0.025 0.0659118 0.0327815 0
0.175 0.025 0.0674999 0.0325327 0
0.18 0.025 0.0682905 0.0410818 0
0.185 0.025 0.0655723 0.0337873 0
0.19 0.025 0.0715594 0.0345438 0
0.195 0.025 0.0674962 0.0350388 0
0.2 0.025 0.0596069 0.0297762 0
0.205 0.025 0.0725928 0.035012 0
0.21 0.025 0.0615996 0.0317273 0
0.215 0.03 0.0612527 0.0352519 0
0.22 0.03 0.0606253 0.0286022 0
0.225 0.03 0.0577797 0.0315589 0
0.23 0.03 0.0619999 0.0328787 0
0.235 0.03 0.0728787 0.0391506 0
0.24 0.03 0.0619133 0.0316339 0
0.245 0.03 0.0599094 0.0330277 0
0.25 0.03 0.0747334 0.0394287 0
0.255 0.03 0.0610947 0.0338923 0
0.26 0.03 0.0597557 0.0339785 0
0.265 0.03 0.0603866 0.033441 0
0.27 0.03 0.0636636 0.034047 0
0.275 0.03 0.0627106 0.0360283 0
0.28 0.035 0.06871 0.0339074 0
0.285 0.035 0.0625982 0.0303553 0
0.29 0.035 0.0643582 0.0359592 0
0.295 0.035 0.0578003 0.0297551 0
0.3 0.035 0.0582404 0.0329684 0
0.305 0.035 0.0603815 0.0351234 0
0.31 0.035 0.0616186 0.0285768 0
0.315 0.035 0.0660695 0.0324665 0
0.32 0.035 0.0683897 0.0345207 0
0.325 0.035 0.0652586 0.0344764 0
0.33 0.035 0.0636627 0.0318567 0
0.335 0.035 0.0647098 0.0299128 0
0.34 0.035 0.0554973 0.0294937 0
0.345 0.035 0.065809 0.0303981 0
0.35 0.035 0.0703284 0.0317387 0
0.355 0.035 0.0668445 0.0328101 0
0.36 0.04 0.0678869 0.038015 0
0.365 0.04 0.0588437 0.0334025 0
0.37 0.04 0.0691608 0.0340233 0
0.375 0.04 0.0576984 0.0296166 0
0.38 0.04 0.0643297 0.0324783 0
0.385 0.04 0.050699 0.0265053 0
0.39 0.04 0.0605407 0.0340541 0
0.395 0.04 0.0640811 0.0363074 0
0.4 0.04 0.0674925 0.0334497 0
0.405 0.04 0.0626507 0.0360453 0
0.41 0.045 0.0685138 0.035904 0
0.415 0.045 0.0638624 0.035596 0
0.42 0.045 0.0650604 0.0375171 0
0.425 0.045 0.0624852 0.031145 0
0.43 0.045 0.0628092 0.0328552 0
0.435 0.05 0.0627218 0.0278134 0
0.44 0.05 0.0679467 0.0337882 0
0.445 0.055 0.0641229 0.0342847 0
0.45 0.055 0.0761633 0.0399074 0
0.455 0.055 0.0676859 0.0362171 0
0.46 0.055 0.0714489 0.0364426 0
0.465 0.055 0.0646266 0.029077 0
0.47 0.055 0.0660603 0.0334582 0
0.475 0.06 0.0669147 0.0348038 0
0.48 0.06 0.0641032 0.0299251 0
0.485 0.06 0.0701192 0.0337984 0
0.49 0.06 0.0679746 0.0322509 0
0.495 0.06 0.0712177 0.0379188 0
0.5 0.06 0.0618714 0.0347494 0
0.505 0.06 0.0682481 0.0341839 0
0.51 0.06 0.0682099 0.0336077 0
0.515 0.06 0.0722679 0.0385313 0
0.52 0.06 0.0695498 0.0372298 0
0.525 0.06 0.0664742 0.0325174 0
0.53 0.06 0.0643185 0.0319776 0
0.535 0.06 0.0630264 0.0318385 0
0.54 0.06 0.0627625 0.0345217 0
0.545 0.06 0.0647403 0.0292764 0
0.55 0.065 0.064102 0.0296527 0
0.555 0.065 0.066934 0.0346997 0
0.56 0.065 0.0715003 0.0383126 0
0.565 0.065 0.0745564 0.0387705 0
0.57 0.065 0.0666778 0.033285 0
0.575 0.065 0.0676224 0.0346 0
0.58 0.065 0.0691835 0.0349419 0
0.585 0.065 0.0692214 0.0391748 0
0.59 0.065 0.0714545 0.0373339 0
0.595 0.065 0.0759525 0.0429126 0
0.6 0.065 0.0750557 0.0380029 0
0.605 0.065 0.0753703 0.034896 0
0.61 0.065 0.0764997 0.0376879 0
0.615 0.065 0.0667369 0.0339537 0
0.62 0.065 0.0701546 0.0338043 0
0.625 0.065 0.0757044 0.0370135 0
0.63 0.065 0.0666422 0.0337912 0
0.635 0.125 0.0747719 0.0355316 0
0.64 0.125 0.0720101 0.0326436 0
0.645 0.125 0.0729847 0.0339828 0
0.65 0.13 0.0731635 0.037815 0
0.655 0.135 0.075482 0.0356525 0
0.66 0.135 0.0733917 0.0358285 0
0.665 0.18 0.0744252 0.0403194 0
0.67 0.18 0.0674159 0.0329461 0
0.675 0.18 0.0736792 0.0378035 0
0.68 0.18 0.0761258 0.0381552 0
0.685 0.18 0.0735156 0.0357748 0
0.69 0.18 0.0774533 0.0374243 0
0.695 0.26 0.0737632 0.0375551 0
0.7 0.26 0.0697535 0.0331143 0
0.705 0.26 0.0710766 0.0320871 0
0.71 0.26 0.0730714 0.035732 0
0.715 0.26 0.0690026 0.0355187 0
0.72 0.26 0.0772089 0.04003 0
0.725 0.26 0.0689313 0.0340213 0
0.73 0.285 0.0742186 0.0394483 0
0.735 0.345 0.0679362 0.0410416 0
0.74 0.345 0.0794923 0.0398671 0
0.745 0.345 0.0736284 0.039322 0
0.75 0.345 0.0763028 0.0356556 0
0.755 0.345 0.0769681 0.0367405 0
0.76 0.345 0.070901 0.0389791 0
0.765 0.36 0.0763408 0.0373832 0
0.77 0.415 0.0732467 0.0392269 0
0.775 0.53 0.0720799 0.0403411 0
0.78 0.53 0.0830361 0.0439147 0
0.785 0.535 0.0740053 0.0382367 0
0.79 0.535 0.0852956 0.0410294 0
0.795 0.535 0.071108 0.0396708 0
0.8 0.535 0.0763935 0.0418082 0
0.805 0.61 0.0883819 0.0400134 0
0.81 0.615 0.0801129 0.040172 0
0.815 0.615 0.0729565 0.0338639 0
0.82 0.615 0.0773918 0.0426543 0
0.825 0.625 0.0819383 0.0439041 0
0.83 0.625 0.0783136 0.0370748 0
0.835 0.625 0.0852469 0.0388745 0
0.84 0.625 0.0837463 0.0408007 0
0.845 0.625 0.0815548 0.0437989 0
0.85 0.625 0.0728443 0.0491186 0
0.855 0.625 0.0761238 0.0359483 0
0.86 0.63 0.0900328 0.0420151 0
0.865 0.63 0.0704689 0.0343084 0
0.87 0.64 0.0721517 0.0359213 0
0.875 0.655 0.0748733 0.0383546 0
0.88 0.655 0.0829711 0.0424227 0
0.885 0.705 0.080749 0.0464939 0
0.89 0.715 0.0849999 0.0371073 0
0.895 0.715 0.076204 0.0377177 0
0.9 0.715 0.0713851 0.0381358 0
0.905 0.775 0.0904543 0.0466956 0
0.91 0.775 0.0824659 0.0408942 0
0.915 0.78 0.0859701 0.0407306 0
0.92 0.815 0.0696459 0.0355987 0
0.925 0.815 0.0769004 0.0334987 0
0.93 0.815 0.0774185 0.0338638 0
0.935 0.815 0.0681701 0.0373542 0
0.94 0.815 0.0722108 0.0369627 0
0.945 0.82 0.0809017 0.0368513 0
0.95 0.82 0.0722781 0.0384092 0
0.955 0.83 0.0825588 0.0430453 0
0.96 0.83 0.0733293 0.0341072 0
0.965 0.83 0.0835046 0.0369921 0
0.97 0.835 0.0784589 0.0385303 0
0.975 0.835 0.0792017 0.0376745 0
0.98 0.845 0.0724036 0.0347981 0
0.985 0.845 0.080679 0.0356817 0
0.99 0.845 0.0808565 0.0366751 0
0.995 0.855 0.0769712 0.0412652 0
1 0.865 0.0759223 0.0377186 0
1.005 0.865 0.0807024 0.0435885 0
1.01 0.865 0.0780564 0.0437606 0
1.015 0.865 0.0741109 0.0400855 0
1.02 0.87 0.0754427 0.037505 0
1.025 0.87 0.0853052 0.0403932 0
1.03 0.88 0.070367 0.0358062 0
1.035 0.88 0.0751817 0.0374431 0
1.04 0.915 0.0715953 0.0333127 0
1.045 0.915 0.0828181 0.0449084 0
1.05 0.915 0.0855523 0.0418732 0
1.055 0.915 0.0758408 0.0407058 0
1.06 0.915 0.0837423 0.04278 0
1.065 0.915 0.0808065 0.0434861 0
1.07 0.915 0.0806653 0.0445326 0
1.075 0.915 0.0715846 0.0402237 0
1.08 0.92 0.0865431 0.0455773 0
1.085 0.925 0.0840072 0.0401392 0
1.09 0.925 0.0775803 0.0387685 0
1.095 0.925 0.0770225 0.0359136 0
1.1 0.925 0.0859667 0.0420968 0
1.105 0.925 0.0797579 0.0428554 0
1.11 0.925 0.0968439 0.0457155 0
1.115 0.925 0.0817453 0.040851 0
1.12 0.925 0.0826278 0.0459169 0
1.125 0.925 0.0847288 0.0453673 0
1.13 0.925 0.079767 0.0381156 0
1.135 0.925 0.0811232 0.0429937 0
1.14 0.925 0.0886661 0.0448819 0
1.145 0.925 0.087618 0.0465484 0
1.15 0.925 0.0729877 0.039799 0
1.155 0.935 0.0797917 0.0406752 0
1.16 0.935 0.077829 0.0432158 0
1.165 0.935 0.0846079 0.0450783 0
1.17 0.935 0.0788295 0.043033 0
1.175 0.935 0.078639 0.0406606 0
1.18 0.935 0.091513 0.0445491 0
1.185 0.935 0.0923439 0.04117 0
1.19 0.935 0.0816945 0.0433237 0
1.195 0.935 0.0910263 0.0499479 0
1.2 0.935 0.0934678 0.050059 0
1.205 0.935 0.0833092 0.0421114 0
1.21 0.935 0.0793958 0.036105 0
1.215 0.935 0.0769815 0.0404151 0
1.22 0.935 0.0789733 0.0432759 0
1.225 0.935 0.0865259 0.0415574 0
1.23 0.94 0.0878392 0.0498694 0
1.235 0.94 0.091933 0.0402777 0
1.24 0.94 0.0767273 0.0334672 0
1.245 0.94 0.0818429 0.0423072 0
1.25 0.945 0.0879321 0.0412386 0
1.255 0.945 0.0919611 0.0449766 0
1.26 0.95 0.0890928 0.0500989 0
1.265 0.95 0.0760944 0.0359064 0
1.27 0.95 0.0815409 0.0422461 0
1.275 0.95 0.0849547 0.0441072 0
1.28 0.95 0.101101 0.0505577 0
1.285 0.95 0.0776599 0.0434209 0
1.29 0.95 0.075098 0.040808 0
1.295 0.95 0.106889 0.050559 0
1.3 0.95 0.111977 0.0490154 0
1.305 0.95 0.101908 0.0501043 0
1.31 0.95 0.0900645 0.05102 0
1.315 0.95 0.0915043 0.042558 0
1.32 0.955 0.1022 0.0515417 0
1.325 0.955 0.102271 0.0481138 0
1.33 0.955 0.107124 0.0490378 0
1.335 0.965 0.100101 0.0508622 0
1.34 0.97 0.101302 0.0441411 0
1.345 0.97 0.100488 0.0511934 0
1.35 0.97 0.0801621 0.0409624 0
1.355 0.97 0.103042 0.0491259 0
1.36 0.97 0.110516 0.0553145 0
1.365 0.97 0.0938131 0.0469489 0
1.37 0.97 0.107883 0.0482152 0
1.375 0.97 0.101194 0.0554589 0
1.38 0.97 0.102087 0.0504929 0
1.385 0.97 0.0931139 0.0454084 0
1.39 0.97 0.113445 0.0551893 0
1.395 0.97 0.0927