See main file without _EDGELIST for data for netwk parameters.
101	1000	0	0
858	269	0	0
751	1186	0	0
447	1447	0	0
1811	1194	0	0
1634	327	0	0
922	212	0	0
1362	777	0	0
1690	1097	0	0
532	395	0	0
1141	1324	0	0
1686	663	0	0
516	1644	0	0
1640	1560	0	0
1468	319	0	0
1724	964	0	0
1571	662	0	0
660	1046	0	0
1172	1239	0	0
1423	1125	0	0
59	941	0	0
1313	795	0	0
490	347	0	0
1279	683	0	0
1729	507	0	0
507	1383	-0.0825107	0
487	1744	0	0
1178	814	0	0
699	1690	0	0.0791641
1415	783	0	0
477	699	0	0.0521716
1509	687	0	0
1302	708	0	0
607	1840	0	0
1648	1999	0	0
557	107	0	0
1631	1093	0	0
1637	559	0	0
1846	311	0	0
1869	1859	0	0
1416	1295	0	0
823	627	0	0
1654	1468	0	-0.0544872
858	197	0.044746	0
736	105	0	0
564	962	0	0
1777	1411	0	0
1556	40	0	0
590	1714	0	0
936	73	0	0
1195	1018	0	0
383	1137	0	0
722	1835	0	0
1440	768	0	0
440	172	0	0
1968	1747	0	0
769	897	0	0
1222	1484	0	0
1167	1655	0	0
118	1196	0	0
1141	81	-0.091462	0
844	578	0	0
742	1509	0	0.0196972
917	1502	0	0
630	428	0	0
1588	1110	0	0
986	951	0	0
1588	1416	0.017493	-0.0442344
1603	1837	0	0
999	673	0	0
150	1198	0	0
299	275	0	0
1238	1517	0	0
1922	855	0	0
669	1032	0	0
564	442	-0.00750311	0
360	266	0	0
669	103	-0.0246432	0
1654	334	-0.0644835	0
1907	1693	0	0
438	187	0	0
210	1074	0	0
281	170	0	0
80	1056	0	0
748	1798	0	0
529	1554	0	0
1265	1195	0	0.00188766
754	1189	0	0
873	108	0	0
1966	1611	0	0
1850	1281	0	0
1841	1310	0	0
765	1538	0	0
1160	1578	0	0
486	688	0	0
960	510	0	0
925	924	0	0
141	964	0	-0.0239604
247	633	0	0
537	296	0	0
107	1535	0.00494745	0
754	292	0.0148876	0
429	1169	0	0
1149	547	0	0
996	872	0	0
1196	1802	0.0265166	0
507	225	-0.058643	0
717	371	0	0
1111	662	0	-0.0569969
1086	425	0	0
1938	1583	0	0
933	1737	0	0
1377	187	0	0.0829355
1331	531	0	0
1107	614	0	0
90	152	0	0
1079	970	0	0
550	1884	0	0
1277	1254	0	0
781	1590	0	0
1569	493	0	0
1381	72	0	0
1123	378	0	0
1171	626	0	0
1459	453	0	0
307	1806	0	0
278	68	0	0
634	261	0	0
581	1079	0	-0.0654957
1203	1450	0	0
633	851	-0.0456857	0
1993	532	0	-0.0259458
615	1198	0	0.0282917
356	1952	0	0
1481	101	0	0.0325542
803	1667	0	0
134	1807	0	0
970	201	-0.0725457	0
732	500	0	0
1062	983	0	0
510	253	0.0299747	0
635	1861	0	0
1991	274	0	0
210	1578	0.0235826	0.0188195
364	271	0	0
303	308	0	0
1596	1429	0	0
1272	1233	0	0
624	240	0	0
1780	986	0	0.0258348
77	706	0	0
1699	401	0	0
448	48	0	0
108	1480	-0.0399086	0
1757	378	0	0.0382415
182	159	0	0
1272	687	0.0153401	0.0395876
798	941	0	0.00118302
981	1406	0	0
1329	1615	0	0
581	340	-0.0769867	0
1957	481	0	0
211	1914	0	0
1857	720	0	0
1100	811	0	0
869	270	0	0
752	1447	0	-0.0737928
779	1736	0	0
1034	1989	0	0
541	1010	0	0
1479	1076	0	0
1748	1996	0	0
790	100	0	0
1650	1365	0	0
1658	405	0	0
347	1419	-0.00211836	0
1361	990	0	0
1110	315	-0.0126344	0
1428	640	0	0
198	1176	0	0
1064	1098	0	0
431	856	0	0
1089	1252	0	0
1150	1188	0	0
144	1965	0	0
1200	1619	0	0
1588	1201	7.69768e-05	0
1972	1547	0	0
720	787	-0.0655354	0
1370	1806	0	-0.0388309
456	774	0	0
790	0	-0.0132282	0
1804	1989	0	-0.0771275
640	1026	0.0126746	0
103	1024	-0.015343	0
1447	57	-0.0623354	0
1782	908	0	0
249	1823	0	0
661	1705	0	0
1944	256	0	0
366	325	0	0
249	1399	0.0616326	0
796	1221	0	0
606	1776	0	0
933	1751	0.0648898	0
1736	207	0.0456726	0
1798	1300	0.0380211	0
1736	1056	0.02111	-0.0650883
837	1104	0	0
590	661	-0.0605135	-0.0548061
1169	392	-0.0430628	0
141	897	-0.0414057	-0.00784109
1025	680	0	0
618	1803	0	0
195	626	0	-0.0099185
201	923	-0.0794489	0
1874	1243	0	0
1047	722	0	-0.0311113
574	90	0	-0.0128525
326	1848	0	0
1013	1388	0	0
528	1679	0	0
918	823	0	-0.0230753
332	644	0	0
450	911	0	0
976	1371	0	0
489	700	0	0
1942	542	0	0
1489	1996	0	0.0125504
161	1311	0	0
1361	1524	-0.0416851	0
658	60	0	0
763	206	0	0
1866	131	0	0
1118	870	0	0
1226	240	0	-0.0251844
1857	1937	-0.0270692	0
53	1755	0	0
27	1461	0	0
573	1547	0	0.0101383
1817	620	0	0
858	1337	0.0128333	0
1005	981	0	0.0568056
1734	1202	0	0
1756	1089	0	0.0242336
864	1425	0	0
1217	541	0	0.00728494
859	1313	0	0.018711
356	589	-0.0252247	0
1982	229	0	0
202	1118	0	0.0647004
1813	682	0	0
841	1857	0	-0.00609896
1217	578	-0.00466949	0.0187621
832	907	0	0
1003	516	0	0.0273315
1980	973	0	0
542	189	0.012807	0
550	194	0.0101604	0
1927	576	0	0
261	756	-0.0186279	0
1650	848	0.0165998	0
97	133	0	0
22	431	0	-0.0843233
662	1806	-0.0183202	-0.00118427
1533	1984	0	0
1496	1828	0	0
1486	954	0	0
841	1108	-0.00656816	0
955	1431	0	0
412	1977	0	0
99	1326	0	0
1448	1601	0	0
1213	1816	0	0
435	1008	0	0
1294	945	0	0
1917	1919	0	0
1637	247	0.0306002	-0.0184652
540	1897	0	0
160	1583	0	0.0236235
141	1869	-0.0279798	0.0291575
1864	1641	0	0
454	1528	0	0
1569	58	-0.0384147	0
450	1045	0.0425987	0
1390	1385	0	0
549	164	0	0
1638	1614	0	0
845	1735	0	0
1406	346	0.0105501	0
431	1746	-0.0701561	0
235	243	0	0
1210	422	0	0
1848	1143	-0.00114275	0
1684	103	0	-0.0221722
752	1333	-0.0451488	0
1256	388	0	0
958	1998	0	0
1042	14	0	0
869	1847	0.0511934	0
995	1950	0	0
1305	1909	0	0
663	1884	0.00592011	-0.0192555
293	329	0	0
850	1267	0	0
1596	1588	0.0265426	-0.00927728
1226	1887	-0.00693036	0
792	1618	0	0
1442	159	0	0.0110075
1365	1459	0.00992616	0.091588
538	1712	0	0
298	78	0	0
402	1619	0	-0.0224886
222	1220	0	0
1515	1743	0	0
1173	1433	0	0
1019	824	0	0
1489	451	-0.0194056	0
444	178	0	0
1018	906	-0.011511	0
983	752	-0.0718096	-0.024206
1753	1207	0	0
1943	337	0	0
1084	1336	0	0
857	658	0	-0.0891714
1133	436	0	0
1524	860	0.0012556	0
1442	559	0.025511	0.000546947
447	1418	-0.0365807	0
1267	1190	0.0636443	0
1546	484	0	0
1796	1695	0	0
156	1343	0	0
1726	971	0	0
1569	602	-0.0214107	0
519	902	0	0
1172	1776	0.0136942	0.0207383
1701	1270	0	0
1485	443	0	0
1872	1103	0	0
1021	1504	0	0
1571	1841	-0.00958869	-0.0506777
1053	1043	0	0
1734	1313	0.0455703	-0.0125915
104	783	0	0.0195625
1709	498	0	0
1857	529	0.00491759	0.0661952
1111	1859	-0.0218834	-0.0112487
1122	1005	0	-0.0151227
899	751	0	-0.00846377
1911	1024	0	-0.00363407
27	1698	-0.0166637	0
1742	1897	0	0.00853529
1640	1930	-0.0169612	0
1164	662	0	-0.0164156
1069	759	0	0
1678	1735	0	0.0724176
1902	1799	0	0
1568	756	0	-0.00663337
1601	75	-0.0126093	0
280	1417	0	0
1919	804	-0.0389128	0
1453	1620	0	0
369	1558	0	0
1215	1708	0	0
1412	1417	0	0.0903549
1108	378	0.0199609	0.00544776
405	1812	-0.0257779	0
1463	1101	0	0
1682	259	0	0
716	838	0	0
1996	475	-0.00459623	0
1061	247	0	0.0102927
261	38	-0.0288957	0
1577	1701	0	0.0666701
236	690	0	0
1953	1200	0	0.00320499
678	449	0	0
224	608	0	0
1538	1924	-0.0548696	0
476	1600	0	0
1612	1083	0	0
1438	148	0	0
599	545	0	0
1660	1274	0	0
1476	538	0	-0.0560479
1302	1027	-0.0352406	0
126	1961	0	0
1437	534	0	0
1997	996	0	0.0208635
1608	1232	0	0
201	1163	-0.0554712	0
217	1465	0	0
1452	224	0	0.0412693
1572	90	0	-0.00224477
1213	571	0.00993286	0
1714	451	-0.0576598	-0.00390782
1840	141	-0.0143259	-0.0193286
1538	1818	-0.037476	0
22	1589	-0.0397037	0
1062	837	-0.0390894	0.0343224
675	1344	0	0
24	1452	0	0.0135277
297	1056	0	-0.0128537
1770	1701	0	0.0584136
754	373	0.0135951	0
162	1531	0	0
723	18	0	0
164	564	-0.0162638	-0.00752779
1468	1051	-0.0373746	0
1675	157	0	0
1586	84	0	0
960	1255	0.00103308	0
1153	897	0	-0.0178411
1056	1032	0.000147443	0.00737035
1384	1844	0	0
747	34	0	0
1055	288	0	0
1874	1543	0.082947	0
812	432	0	0
1086	1867	-0.0241207	0
1253	649	0	0
1528	1397	-0.0247842	0
19	1610	0	0
280	1084	0.0824749	0.0599854
1784	1093	0	0.000741479
1731	1242	0	0
678	812	-0.0131555	0.0275204
1912	393	0	0
443	765	-0.0614519	-0.0336662
1591	1484	0	-0.0422367
360	1473	0.0410826	0
1433	690	-0.0353959	-0.069251
1629	254	0	0
2	1180	0	0
38	1760	-0.0353506	0
1970	770	0	0
873	842	-0.0294778	0
951	1562	-0.0144641	0
372	1504	0	0.0816512
1399	1808	0.0679574	0
1085	1338	0	0
1996	905	-0.027781	0
229	1224	0.0350446	0
1655	742	0.0203365	0.0298886
1468	1403	-0.0432337	0
722	612	0.00588516	0
1864	157	-0.028227	0.0380923
1622	1514	0	0
392	301	-0.00334568	0
412	613	-0.0286699	0
233	813	0	0
692	200	0	0
10	358	0	0
1736	198	0.00357705	-0.0130055
1087	1030	0	0
1055	290	-0.0321065	0
1416	689	-0.000575217	0
1261	1256	0	-0.00819534
395	506	0.0136949	0
186	1897	0	-0.0230294
886	1824	0	0
1124	539	0	0
1053	689	-0.074226	-0.010229
208	824	0	0.00927305
832	682	-0.0765798	-0.0104168
1085	583	-0.00580668	0
609	1744	0	0.00386812
815	864	0	-0.0392285
880	1066	0	0
1147	1916	0	0
1823	1151	0.0290849	0
1258	475	0	-0.029099
1265	875	-0.00915306	0
1624	334	0	-0.0341954
989	1190	0	0.0179573
1532	204	0	0
154	1238	0	0.0196078
912	854	0	0
288	927	-0.024019	0
649	936	-0.0646002	-0.0195904
350	557	0	0.013499
1119	130	0	0
1941	335	0	0
1247	1842	0	0
1854	1509	0	0.0271594
877	978	0	0
1353	1127	0	0
1894	1664	0	0
443	130	-0.0429281	-0.0132112
240	1306	0.012365	0
1724	719	-0.0206059	0
215	1837	0	-0.0289871
1150	566	0.0470918	0
980	995	0	0.0357724
1696	723	0	0.0703188
1618	555	0.00638224	0
881	1681	0	0
1051	33	-0.0265027	0
1999	788	-0.0330936	0
455	406	0	0
324	1502	0	0.0226576
1563	1663	0	0
550	1279	-0.00918525	0.0140419
999	194	0.0194544	-0.0025484
294	339	0	0
1651	1447	0	-0.023852
679	1370	0	-0.0222978
297	289	0.0015936	0
1983	1678	0	0.0143611
1168	658	0	-0.0510728
1655	1326	0.0261376	0.0278415
1414	1266	0	0
459	627	0	-0.00175969
1343	1095	-0.0416273	0
1664	1143	0.0838006	0.0291127
515	268	0	0
667	285	0	0
1401	656	0	0
89	1080	0	0
585	968	0	0
616	771	0	0
301	1047	-0.0158911	-0.0150948
1417	1192	0.0734791	0
1600	495	-0.0182639	0
146	1744	0	0.0300399
1438	597	0.0797926	0
633	585	0.0120526	-0.0379379
127	1944	0	-0.00404478
913	1729	-0.00084635	-0.0341042
1726	1151	0.0215289	0.0414038
813	1331	-0.0732195	0.0897563
1345	470	0	0
1651	1001	-0.0287562	0
732	628	-0.0596642	0
42	1088	0	0
192	1016	0	0
1540	416	0	0
1531	1001	-0.0231578	-0.0345918
1218	1656	0	0
1663	427	-0.0645207	0
1620	892	-0.0862827	0
403	1985	0	0
448	435	-0.0016761	-0.021707
1996	0	-0.0313597	-0.0202737
175	1282	0	0
446	622	0	0
1121	731	0	0
1131	1597	0	0
857	1838	-0.0573949	0
566	1430	0.057539	0
1920	313	0	0
1295	760	-0.0218244	0
369	1127	-0.00787628	-0.000699918
1080	101	-0.0322989	0.0459434
1255	1863	-0.00101532	0
1978	223	0	0
1414	1732	-0.0368375	0
581	305	-0.0570127	0
295	573	0	0.0029698
1777	90	-0.019288	0.00483889
1884	1121	0.00234072	0.0375407
1932	1407	0	0
1784	2	-0.0052371	0.0527286
810	788	0	-0.0171862
1793	673	0	0.00874071
1912	1773	-0.0550834	0
341	1191	0	0
576	1585	0.00417517	0
555	1150	-0.02543	0.0194782
820	42	0	0.0213785
184	617	0	0
1777	19	-0.00320341	-0.035346
106	1816	0	-0.0162326
629	155	0	0
433	937	0	0
755	1708	0	-0.0597428
1974	1491	0	0
254	1631	-0.0472283	0.0179256
44	957	0	0
366	1655	-0.0829157	0.0264784
1560	239	-0.0359558	0
1730	1808	0	0.0355004
662	590	-0.0183064	-0.0288624
628	1431	-0.0560823	-0.00403775
590	750	-0.0228242	0
1481	419	0.0143393	0
1945	145	0	0
351	119	0	0
1360	419	0	0.00448716
661	1092	-0.0214763	0
111	1547	0	4.8776e-05
1538	1389	-0.0354988	0
379	1809	0	0
1611	1153	0.00751991	-0.0203827
1366	1980	0	0.0040894
198	1122	0.0043459	-0.024319
734	312	0	0
1187	228	0	0
318	661	0	-0.0187819
441	27	0	-0.0231922
726	751	0	0.0196954
1534	1539	0	0
1209	745	0	0
1061	1045	0.00310109	0.0319348
1991	1526	0.00710293	0
1826	1858	0	0
1101	269	0.0689077	-0.00126825
984	1686	0	0.0123378
972	1099	0	0
435	896	-0.0116916	0
1231	1847	0	0.0391737
972	433	-0.071089	-0.0336123
1887	1730	0.0282039	0.020411
208	1858	0.00360867	-0.0638932
1971	85	0	0
1059	942	0	0
1432	1143	0	0.0510409
1474	1220	0	-0.0552444
628	307	-0.0354318	-0.0182415
1088	1797	0.0372488	0
130	744	-0.0299854	0
1343	658	-0.0547061	-0.0290537
1215	1293	-0.0526677	0
120	1751	0	0.0278032
1075	445	0	0
46	1435	0	0
685	379	0	-0.0478558
1462	1796	0	-0.0634497
1298	1974	0	0.0268507
1651	377	-0.0318592	0
93	1494	0	0
45	36	0	0
646	315	0	-0.0196344
477	254	0.038451	-0.00029755
1818	1060	-0.0184408	0
543	1161	0	0
990	550	0.0248394	0.0153889
993	1513	0	0
1407	1308	-0.0111047	0
1587	156	0	-0.0390631
1419	137	0.0268691	0
1725	1471	0	0
1992	814	0	-0.00313408
852	1694	0	0
518	1113	0	0
1699	1872	0.0111743	0.000910452
1104	1	-0.0345411	0
1262	1347	0	0
1717	317	0	0
1584	574	0	-0.0112391
135	1304	0	0
1837	1830	-0.0216082	0
1097	184	0.0137058	-0.00479039
760	1039	-0.0129729	0
1554	1406	0.0164518	-0.00313022
1178	1894	0.0307225	0.0272228
892	1514	-0.0819238	-0.00157531
194	1713	0.0175963	0
138	36	0	-0.0111984
848	901	0.0427162	0
1534	1865	0.0498155	0
937	905	-0.0523506	-0.0197794
1065	849	0	0
150	853	0.0158122	0
1641	69	0.00493263	0
1368	138	0	-0.0154578
1843	306	0	0
1041	500	0	-0.0226028
1030	425	0.0700672	0.00088952
722	1161	-0.0148658	0.0452023
1701	1810	0.0281337	0
617	1688	0.0112713	0
420	24	0	0.0213015
936	7	-0.0420953	0
1968	1099	0.0391123	-0.0206266
1149	499	-0.0613433	0
1299	633	0	0.00999493
1229	1988	0	0
1052	523	0	0
317	1662	-0.0170427	0
1395	723	0	0.0711629
508	1350	0	0
542	1447	0.00436015	-0.0356718
627	259	-0.0108281	-0.0432543
1153	95	-0.018067	0
1027	236	0.00754874	-0.0523234
917	250	0.040257	0
222	47	-0.0585798	0
551	1210	0	-0.0022315
731	1064	0.0147189	0.0146213
958	628	-0.0135481	-0.0191088
1722	1795	0	0
1212	1861	0	0.010025
1655	1379	0.0081172	0
1450	793	-0.0342027	0
243	1271	0.046083	0
1779	1502	0	0.0215653
379	1542	-0.0512152	0
1232	875	0.0356707	-0.0198238
931	1851	0	0
1530	633	0	0.00289084
1773	901	-0.0411385	0.0453525
359	1537	0	0
1160	6	0.0212011	0
406	1345	0.0666113	-0.0658177
1651	178	-0.0289541	0.0015007
1829	409	0	0
790	1683	-0.019399	0
1335	10	0	0.00123348
1846	247	0.0245631	0.00293235
723	1645	0.0549244	0
1723	1224	0	0.0402032
1504	1891	0.0420979	0
415	1795	0	-0.0315575
117	591	0	0
1993	547	0.00758047	-0.0658997
1302	1609	-0.0267449	0
656	1206	0.0525437	0
85	1255	-0.0478881	0.00539765
192	597	0.0426503	0.0633579
1190	388	0.00679632	-0.0125158
343	1146	0	0
1758	523	0	0.0567637
856	117	-0.0225888	-0.0446891
1017	274	0	-0.0245097
1407	181	-0.0321135	0
1225	1965	0	0.0588402
1595	1085	0	-0.0199615
1588	391	-0.0129189	0
1624	1354	-0.0139198	0
554	1967	0	0
75	1440	0.0226135	-0.000791989
137	1744	0.0238331	0.0378349
510	1315	-0.00982686	0
1229	1755	-0.0286094	-0.0302203
785	799	0	0
1007	1532	0	-0.000926054
1218	1914	0.0295474	-0.0198397
1764	1644	0	-0.0057468
1826	605	-0.0228058	0
1230	808	0	0
1300	1501	0.00228692	0
1963	1974	0	0.0255283
541	1770	0.00470316	0.0175286
843	907	0	-0.0436349
574	1168	-0.0134716	-0.0301829
931	215	-0.0197818	-0.0122901
1964	1598	0	0
676	311	0	0.00546874
479	1160	0	0.0283055
794	777	0	-0.0506359
1742	1463	-0.00249809	0.0220901
1849	1396	0	0
1243	1741	0.0405526	0
1809	1510	-0.0150014	0
496	1930	0	-0.0270423
1566	399	0	0
301	654	-0.00311238	0
502	137	0	0.0303544
258	659	0	0
73	1707	-0.0150555	0
763	6	0.0474407	0.0150845
41	1700	0	0
917	601	-0.00296477	0
1314	119	0	0.0127584
1663	52	-0.0432785	0
144	1964	0.0187412	-0.00257407
1230	1799	-0.0620281	0.0367705
366	1877	0.0120171	0
945	750	-0.00383776	-0.0194939
955	1684	-0.0192111	0.00401315
1538	1648	-0.0227652	-0.0282072
1823	793	0.0234474	-0.0159724
410	989	0	-0.00209999
222	1751	-0.0227875	0.00375509
634	179	-0.0316168	0
1504	121	0.0453475	0
1275	845	0	0.0263409
1495	206	0	0.0233968
1734	1514	0.0108072	-0.0499681
1960	1327	0	0
1296	1178	0	0.0296279
1116	92	0	0
1859	1965	-0.011015	0.0102325
314	196	0	0
38	1900	-0.0178928	0
337	615	-0.00285928	0.0353908
1284	235	0	0.0300496
1341	1710	0	0
1248	1758	0	0.0176902
185	738	0	0
1116	1362	-0.0445355	-0.0658344
1168	469	-0.0213892	0
1468	1355	-0.0207464	0
751	1385	0.0268576	-0.0529747
1157	1280	0	0
302	1061	0	0.00965659
1797	934	0.0191416	0
1075	32	-0.076532	0
903	1932	0	-0.0440785
1541	741	0	0
733	50	0	0
1069	1885	0.0350074	0
1799	304	-0.0126676	0
1203	845	0.0164133	0.0188868
554	603	-0.0510185	0
933	835	-0.00923211	0
353	298	0	-0.0207961
619	1760	0	-0.0127669
618	1786	-0.0158085	0
1041	893	-0.0100705	0
551	412	-0.0254164	0.0104636
545	1760	-0.0182072	-0.0106617
518	1701	0.0478244	0.0110961
548	1339	0	0
1417	517	0.0484783	0
1501	101	-0.0152625	0.00341073
181	591	-0.0425081	-0.0277357
307	199	-0.00919279	0
1876	1621	0	0
1207	1603	-0.0358538	-0.0147873
609	1041	0.033017	-0.00840813
974	1054	0	0
321	102	0	0
1624	1603	-0.0140058	-0.0199318
1146	1269	-0.0466671	0
595	294	0	-0.0271049
1475	1041	0	-0.00461239
790	354	-0.00538814	0
991	525	0	0
201	1878	-0.0423043	0
1424	1587	0	-0.0217072
1833	1218	0	0.00485387
1961	1096	-0.0587561	0
1131	1308	0.0068409	-0.0345834
10	1618	-0.0130543	0.00104366
1221	93	-0.0591308	0.0504313
150	251	0.0221501	0
1634	1496	0.0596985	0.000794208
581	1503	-0.0313585	0
236	265	-0.0160969	0
696	104	0	0.0134594
1297	1536	0	0
1224	1245	0.0379922	0
140	1093	0	0.0119344
600	1161	0	-0.00487295
1326	1664	0.00944483	0.0206578
1641	918	0.0208886	-0.0216313
1840	1525	-0.00631954	0
823	717	-0.00201573	-0.0430277
1673	1849	0	-0.000850821
1647	1236	0	0
563	1998	0	-0.00694273