# Relevant parameters to reproduce this network:
# node_nr=200	 k_max=100
# initial_seed=314159265	 delta_t=0.1	 max_steps=1000	 in_between=0
# fg_m=1	 fg_alpha=1	 fg_t_min=0	 fg_t_max=1.25	 fg_t_number=250	 fg_weff_lower_frequency=-1e+08	 fg_weff_max_steps=1000	 fg_weff_in_between=0
# K Giant_component <r> sigma_r*sqrt(NODE_NR) clustering
0 0.01 0.0557526 0.0303528 0
0.005 0.01 0.0601546 0.036882 0
0.01 0.01 0.0602167 0.0260593 0
0.015 0.01 0.0555166 0.0288725 0
0.02 0.015 0.0741747 0.0344725 0
0.025 0.015 0.0515191 0.0304831 0
0.03 0.015 0.0648469 0.0362419 0
0.035 0.015 0.0597942 0.0281699 0
0.04 0.015 0.0624439 0.0246853 0
0.045 0.025 0.072576 0.0446568 0
0.05 0.025 0.0515096 0.026677 0
0.055 0.025 0.0759217 0.0323895 0
0.06 0.025 0.0610997 0.0280109 0
0.065 0.03 0.070498 0.0339738 0
0.07 0.03 0.0716379 0.033653 0
0.075 0.03 0.071218 0.0339594 0
0.08 0.03 0.0685479 0.028455 0
0.085 0.03 0.0756644 0.034504 0
0.09 0.03 0.0870105 0.0464089 0
0.095 0.03 0.0720826 0.0277164 0
0.1 0.03 0.071147 0.0311248 0
0.105 0.03 0.0762133 0.0308164 0
0.11 0.035 0.0729856 0.0422793 0
0.115 0.035 0.0702013 0.0340306 0
0.12 0.035 0.0691996 0.0384192 0
0.125 0.035 0.0701527 0.0349185 0
0.13 0.035 0.062822 0.0424943 0
0.135 0.035 0.0611424 0.0340888 0
0.14 0.035 0.0846282 0.0347974 0
0.145 0.035 0.0667711 0.0389323 0
0.15 0.035 0.0910167 0.0409845 0
0.155 0.035 0.082022 0.0360764 0
0.16 0.035 0.0755989 0.0395613 0
0.165 0.035 0.060074 0.0239928 0
0.17 0.035 0.0683292 0.0432977 0
0.175 0.035 0.0773947 0.038739 0
0.18 0.035 0.0660825 0.0361593 0
0.185 0.035 0.0743633 0.032869 0
0.19 0.035 0.0604243 0.0271831 0
0.195 0.035 0.0693594 0.0448045 0
0.2 0.055 0.0622239 0.0273887 0
0.205 0.055 0.0712057 0.029867 0
0.21 0.055 0.0915202 0.0450096 0
0.215 0.055 0.0741267 0.0356301 0
0.22 0.055 0.0720774 0.0389419 0
0.225 0.055 0.0820948 0.0518293 0
0.23 0.055 0.0761155 0.0386808 0
0.235 0.055 0.092847 0.0420174 0
0.24 0.055 0.0957108 0.0522564 0
0.245 0.055 0.0950313 0.0379408 0
0.25 0.055 0.0872205 0.0357035 0
0.255 0.055 0.102523 0.048039 0
0.26 0.06 0.092878 0.0431638 0
0.265 0.06 0.0855295 0.0356023 0
0.27 0.06 0.0787469 0.0388634 0
0.275 0.06 0.0895577 0.0382218 0
0.28 0.06 0.102695 0.0557244 0
0.285 0.06 0.0756736 0.0392297 0
0.29 0.06 0.101473 0.0385352 0
0.295 0.06 0.0795139 0.0435936 0
0.3 0.06 0.066573 0.0401318 0
0.305 0.065 0.0881483 0.0316317 0
0.31 0.065 0.0688569 0.04194 0
0.315 0.065 0.0796296 0.0379647 0
0.32 0.065 0.0782113 0.0435282 0
0.325 0.065 0.0764386 0.0346777 0
0.33 0.065 0.0948452 0.0490227 0
0.335 0.065 0.0829208 0.0400579 0
0.34 0.065 0.0912558 0.0481842 0
0.345 0.065 0.0790975 0.0426665 0
0.35 0.08 0.0848207 0.0398499 0
0.355 0.08 0.0801954 0.0407433 0
0.36 0.08 0.0768178 0.0369649 0
0.365 0.08 0.0806516 0.0441583 0
0.37 0.08 0.0744584 0.0410583 0
0.375 0.08 0.0826856 0.0340412 0
0.38 0.085 0.0792063 0.0451599 0
0.385 0.085 0.0954114 0.0458885 0
0.39 0.085 0.0689854 0.0397067 0
0.395 0.085 0.0792313 0.033756 0
0.4 0.085 0.0747509 0.0444369 0
0.405 0.085 0.0896373 0.0369752 0
0.41 0.085 0.0793901 0.0286469 0
0.415 0.11 0.0831272 0.0349135 0
0.42 0.11 0.0883501 0.0404258 0
0.425 0.16 0.0781086 0.0314379 0
0.43 0.16 0.0733976 0.0357377 0
0.435 0.16 0.0675162 0.0450604 0
0.44 0.16 0.0739459 0.0424637 0
0.445 0.165 0.0782183 0.0410127 0
0.45 0.165 0.0759078 0.0427731 0
0.455 0.165 0.0818599 0.0455357 0
0.46 0.17 0.0906125 0.0466192 0
0.465 0.17 0.0904235 0.0404501 0
0.47 0.18 0.0842233 0.040837 0
0.475 0.255 0.0815119 0.0474935 0
0.48 0.255 0.0814352 0.0393962 0
0.485 0.26 0.0665273 0.035942 0
0.49 0.27 0.0768278 0.0401728 0
0.495 0.28 0.0815824 0.0368053 0
0.5 0.28 0.0775253 0.040247 0
0.505 0.28 0.0915195 0.0478967 0
0.51 0.28 0.0954301 0.0439162 0
0.515 0.31 0.0766192 0.032207 0
0.52 0.36 0.0912805 0.0437027 0
0.525 0.36 0.107449 0.0581771 0
0.53 0.36 0.0967975 0.0468432 0
0.535 0.36 0.0954319 0.0434124 0
0.54 0.365 0.0950194 0.0503081 0
0.545 0.365 0.0802631 0.0410984 0
0.55 0.365 0.080837 0.0472189 0
0.555 0.365 0.0829924 0.0483685 0
0.56 0.365 0.105079 0.0376816 0
0.565 0.365 0.104336 0.0529047 0
0.57 0.37 0.0969259 0.0403461 0
0.575 0.375 0.0703521 0.0356613 0
0.58 0.375 0.0761305 0.0326258 0
0.585 0.38 0.111773 0.0444911 0
0.59 0.39 0.085113 0.0419062 0
0.595 0.39 0.0794195 0.031808 0
0.6 0.395 0.0753211 0.0379528 0
0.605 0.395 0.0906545 0.0531361 0
0.61 0.4 0.0795163 0.0389741 0
0.615 0.4 0.0899424 0.0496649 0
0.62 0.4 0.0720339 0.041181 0
0.625 0.4 0.107098 0.0477035 0
0.63 0.415 0.0939374 0.0459725 0
0.635 0.42 0.0849771 0.0502795 0
0.64 0.425 0.0918231 0.0476667 0
0.645 0.43 0.0779742 0.0323004 0
0.65 0.435 0.0818619 0.0436879 0
0.655 0.435 0.0797069 0.04469 0
0.66 0.435 0.0872735 0.0464273 0
0.665 0.44 0.115483 0.0504305 0
0.67 0.445 0.101926 0.045183 0
0.675 0.445 0.0990077 0.0482907 0
0.68 0.445 0.106632 0.0537978 0
0.685 0.445 0.0849285 0.0432198 0
0.69 0.45 0.0896026 0.0408298 0
0.695 0.45 0.0928735 0.0462787 0
0.7 0.45 0.0992819 0.0623116 0
0.705 0.455 0.115661 0.054193 0
0.71 0.52 0.101167 0.0517133 0
0.715 0.525 0.0962349 0.0495547 0
0.72 0.545 0.0959788 0.0476027 0
0.725 0.545 0.123736 0.0437775 0
0.73 0.545 0.111087 0.0563837 0
0.735 0.58 0.120345 0.0442959 0
0.74 0.58 0.102184 0.0538713 0
0.745 0.595 0.112873 0.0359489 0
0.75 0.6 0.0990846 0.0442958 0
0.755 0.6 0.084079 0.0381506 0
0.76 0.61 0.0933083 0.0524411 0
0.765 0.61 0.0816313 0.0505731 0
0.77 0.61 0.0986153 0.0430025 0
0.775 0.615 0.106334 0.0550948 0
0.78 0.62 0.124952 0.0573785 0
0.785 0.625 0.0881129 0.0448152 0
0.79 0.625 0.0943603 0.0475124 0
0.795 0.625 0.121068 0.0403714 0
0.8 0.64 0.11872 0.0679091 0
0.805 0.64 0.106069 0.0477565 0
0.81 0.64 0.0823981 0.0364108 0
0.815 0.64 0.10909 0.0622378 0
0.82 0.65 0.112413 0.04701 0
0.825 0.65 0.0928407 0.0533026 0
0.83 0.66 0.100045 0.0504668 0
0.835 0.665 0.0911459 0.0344023 0
0.84 0.665 0.126443 0.0434946 0
0.845 0.69 0.101957 0.0476055 0
0.85 0.695 0.114987 0.0495123 0
0.855 0.705 0.0990184 0.0473284 0
0.86 0.71 0.108947 0.0465545 0
0.865 0.71 0.117039 0.0498345 0
0.87 0.715 0.0949394 0.0428176 0
0.875 0.715 0.100776 0.0506726 0
0.88 0.715 0.0978278 0.0384931 0
0.885 0.715 0.0974933 0.0475891 0
0.89 0.715 0.103771 0.0521866 0
0.895 0.715 0.089808 0.0386601 0
0.9 0.715 0.100406 0.0626531 0
0.905 0.75 0.106659 0.0581245 0
0.91 0.755 0.0875854 0.0389578 0
0.915 0.76 0.108121 0.0511428 0
0.92 0.765 0.093357 0.0520541 0
0.925 0.765 0.111142 0.0547746 0
0.93 0.765 0.141639 0.0626532 0
0.935 0.765 0.101943 0.0547338 0
0.94 0.765 0.104404 0.0576042 0
0.945 0.765 0.0996389 0.044368 0
0.95 0.77 0.110142 0.0609596 0
0.955 0.775 0.106957 0.0478889 0
0.96 0.78 0.099359 0.0579401 0
0.965 0.78 0.121674 0.0659672 0
0.97 0.78 0.115466 0.0440686 0
0.975 0.78 0.0902524 0.0448225 0
0.98 0.785 0.130195 0.0594198 0
0.985 0.79 0.120396 0.060442 0
0.99 0.79 0.104614 0.0616478 0
0.995 0.79 0.11956 0.0488453 0
1 0.8 0.10945 0.0568049 0
1.005 0.81 0.0921698 0.0413915 0
1.01 0.81 0.134563 0.0607762 0
1.015 0.81 0.106245 0.0483471 0
1.02 0.81 0.103021 0.0509556 0
1.025 0.82 0.105517 0.049575 0
1.03 0.82 0.108561 0.0606123 0
1.035 0.82 0.11107 0.061519 0
1.04 0.82 0.0946565 0.0440066 0
1.045 0.83 0.0937242 0.0393085 0
1.05 0.83 0.128416 0.056146 0
1.055 0.83 0.0922769 0.047836 0
1.06 0.83 0.122249 0.0537928 0
1.065 0.84 0.132226 0.04977 0
1.07 0.84 0.138462 0.0602031 0
1.075 0.84 0.142621 0.0576217 0
1.08 0.845 0.100831 0.0548079 0
1.085 0.845 0.132946 0.0688002 0
1.09 0.85 0.108366 0.0503022 0
1.095 0.85 0.118226 0.0559216 0
1.1 0.85 0.125006 0.0710059 0
1.105 0.85 0.125642 0.0630066 0
1.11 0.85 0.113888 0.0545168 0
1.115 0.85 0.125446 0.0762426 0
1.12 0.85 0.148485 0.0659125 0
1.125 0.85 0.136509 0.0525307 0
1.13 0.86 0.155289 0.0737611 0
1.135 0.86 0.0881284 0.0539329 0
1.14 0.875 0.143956 0.0750684 0
1.145 0.875 0.137239 0.0718626 0
1.15 0.88 0.112523 0.0514257 0
1.155 0.885 0.144299 0.0649481 0
1.16 0.885 0.179541 0.0634356 0
1.165 0.885 0.123556 0.0682158 0
1.17 0.885 0.157264 0.0578635 0
1.175 0.885 0.145914 0.0609884 0
1.18 0.885 0.188084 0.0631919 0
1.185 0.885 0.134506 0.0642127 0
1.19 0.885 0.123265 0.052238 0
1.195 0.885 0.150046 0.0527255 0
1.2 0.89 0.123568 0.0642574 0
1.205 0.89 0.17146 0.0835706 0
1.21 0.9 0.14376 0.0647816 0
1.215 0.9 0.143958 0.0619826 0
1.22 0.9 0.159085 0.0721571 0
1.225 0.9 0.134662 0.0673006 0
1.23 0.905 0.129962 0.0559243 0
1.235 0.915 0.155162 0.0820044 0
1.24 0.915 0.126649 0.0538697 0
1.245 0.915 0.172805 0.0646017 0
1.25 0.915 0.168555 0.0745931 0
