# Node_nr = 500
# K <r> sigma_r(sig not of average! divide by sqrt(n))
0 0.004 0.0401455 0.019894 0
0.02 0.004 0.0412616 0.0187077 0
0.04 0.004 0.0336016 0.0182633 0
0.06 0.004 0.0378135 0.0185802 0
0.08 0.006 0.0414901 0.0209341 0
0.1 0.006 0.0440444 0.0225092 0
0.12 0.008 0.0449838 0.0261408 0
0.14 0.01 0.0419583 0.0236752 0
0.16 0.01 0.0484143 0.0227549 0
0.18 0.01 0.049689 0.0226282 0
0.2 0.01 0.0506711 0.0258879 0
0.22 0.014 0.0528327 0.0262956 0
0.24 0.014 0.0469842 0.0268587 0
0.26 0.014 0.0466045 0.0218766 0
0.28 0.014 0.0505068 0.0270829 0
0.3 0.018 0.0612475 0.0274171 0
0.32 0.018 0.061906 0.0318486 0
0.34 0.022 0.0632155 0.0304889 0
0.36 0.022 0.0638976 0.0348392 0
0.38 0.026 0.0709583 0.0421107 0
0.4 0.03 0.0546991 0.0264057 0
0.42 0.03 0.0930917 0.0417044 0
0.44 0.034 0.0859834 0.0352436 0
0.46 0.062 0.0754632 0.0362371 0
0.48 0.072 0.0589876 0.0265089 0
0.5 0.086 0.075751 0.0422467 0
0.52 0.086 0.0685913 0.0360226 0
0.54 0.1 0.0664318 0.030781 0
0.56 0.112 0.0715484 0.0315918 0
0.58 0.148 0.0585