# Node_nr = 300
# K <r> sigma_r(sig not of average! divide by sqrt(n))
0 0.00666667 0.0446839 0.0215601 0
0.00333333 0.00666667 0.0609596 0.0262437 0
0.00666667 0.00666667 0.0520303 0.0274193 0
0.01 0.00666667 0.0453625 0.0249043 0
0.0133333 0.00666667 0.0425507 0.0183703 0
0.0166667 0.00666667 0.0499695 0.0236475 0
0.02 0.00666667 0.0456413 0.0235061 0
0.0233333 0.00666667 0.0562448 0.0324267 0
0.0266667 0.00666667 0.0519079 0.024799 0
0.03 0.00666667 0.0536627 0.02516 0
0.0333333 0.00666667 0.0532172 0.0276809 0
0.0366667 0.00666667 0.0525032 0.0253671 0
0.04 0.00666667 0.0547874 0.0250353 0
0.0433333 0.01 0.054654 0.0237826 0
0.0466667 0.01 0.0664834 0.0304022 0
0.05 0.01 0.0632202 0.0295681 0
0.0533333 0.01 0.0577469 0.0275528 0
0.0566667 0.01 0.0479144 0.0279046 0
0.06 0.01 0.055528 0.0280383 0
0.0633333 0.01 0.0590505 0.0311021 0
0.0666667 0.01 0.0652737 0.0361634 0
0.07 0.01 0.0540296 0.0263854 0
0.0733333 0.01 0.065545 0.0306052 0
0.0766667 0.01 0.0479586 0.0252144 0
0.08 0.01 0.0531261 0.0317044 0
0.0833333 0.01 0.0563869 0.0279515 0
0.0866667 0.01 0.0544517 0.0253649 0
0.09 0.01 0.0526476 0.0244713 0
0.0933333 0.01 0.0503679 0.0253232 0
0.0966667 0.01 0.0545693 0.0265877 0
0.1 0.01 0.0539724 0.030313 0
0.103333 0.0133333 0.0585714 0.0326563 0
0.106667 0.0133333 0.0578252 0.0300722 0
0.11 0.0133333 0.054486 0.0273432 0
0.113333 0.0133333 0.0582144 0.0283704 0
0.116667 0.0133333 0.0609041 0.0354304 0
0.12 0.0133333 0.0589371 0.0354603 0
0.123333 0.0133333 0.0539902 0.0246096 0
0.126667 0.0133333 0.0620998 0.0305634 0
0.13 0.0133333 0.0598563 0.0314516 0
0.133333 0.0133333 0.0580236 0.0325389 0
0.136667 0.0166667 0.0707319 0.0308409 0
0.14 0.0166667 0.0601612 0.0315539 0
0.143333 0.0166667 0.0586574 0.0305647 0
0.146667 0.0166667 0.0523916 0.0314491 0
0.15 0.0166667 0.0479656 0.0263645 0
0.153333 0.0166667 0.062337 0.0287644 0
0.156667 0.0166667 0.0670146 0.0315889 0
0.16 0.0166667 0.0641189 0.028964 0
0.163333 0.0166667 0.0642597 0.0356543 0
0.166667 0.0166667 0.0521564 0.0286474 0
0.17 0.0166667 0.0704415 0.0346003 0
0.173333 0.0166667 0.0663885 0.031964 0
0.176667 0.0166667 0.0626169 0.0285472 0
0.18 0.0166667 0.0542414 0.0258625 0
0.183333 0.0166667 0.0613894 0.0265637 0
0.186667 0.0166667 0.0662397 0.033695 0
0.19 0.0166667 0.072989 0.0333573 0
0.193333 0.0166667 0.0628237 0.0315547 0
0.196667 0.0166667 0.060467 0.0326056 0
0.2 0.02 0.0657891 0.0308679 0
0.203333 0.02 0.0694821 0.0385274 0
0.206667 0.0333333 0.0757223 0.0358376 0
0.21 0.0333333 0.0648244 0.0355413 0
0.213333 0.0433333 0.0668509 0.0388101 0
0.216667 0.0433333 0.0771493 0.0336344 0
0.22 0.0433333 0.0615666 0.0350302 0
0.223333 0.0433333 0.0621604 0.0374863 0
0.226667 0.0433333 0.0671319 0.0366645 0
0.23 0.0433333 0.0874168 0.0367966 0
0.233333 0.0433333 0.0686988 0.0317512 0
0.236667 0.0433333 0.076982 0.0368693 0
0.24 0.0433333 0.0713005 0.0307406 0
0.243333 0.0433333 0.0598156 0.03346 0
0.246667 0.0433333 0.0843988 0.0395771 0
0.25 0.0433333 0.0778915 0.0408841 0
0.253333 0.0433333 0.056232 0.0268146 0
0.256667 0.0433333 0.0729178 0.0399293 0
0.26 0.0433333 0.0871754 0.0404202 0
0.263333 0.0433333 0.0750949 0.0368057 0
0.266667 0.0433333 0.0866094 0.0385125 0
0.27 0.0433333 0.071798 0.0370759 0
0.273333 0.0433333 0.0725578 0.037821 0
0.276667 0.0433333 0.0753284 0.0356255 0
0.28 0.0433333 0.0908851 0.0432408 0
0.283333 0.0433333 0.0724396 0.0337474 0
0.286667 0.0433333 0.0686417 0.035762 0
0.29 0.0433333 0.0724485 0.0383611 0
0.293333 0.0433333 0.0882287 0.0421764 0
0.296667 0.0433333 0.081111 0.0372578 0
0.3 0.0433333 0.0776331 0.0391245 0
0.303333 0.0433333 0.0649688 0.0298761 0
0.306667 0.0433333 0.0795122 0.0375172 0
0.31 0.0433333 0.0853743 0.0434753 0
0.313333 0.0433333 0.0926624 0.0533291 0
0.316667 0.0433333 0.0705945 0.0398358 0
0.32 0.0433333 0.0836488 0.039774 0
0.323333 0.0433333 0.0805929 0.0409098 0
0.326667 0.0433333 0.084314 0.0468233 0
0.33 0.0433333 0.0906785 0.0512637 0
0.333333 0.0433333 0.0925103 0.0429419 0
0.336667 0.0433333 0.0700315 0.0360239 0
0.34 0.0433333 0.0892584 0.0487834 0
0.343333 0.0433333 0.100568 0.0447401 0
0.346667 0.0433333 0.0802878 0.0439544 0
0.35 0.06 0.0928736 0.0427702 0
0.353333 0.06 0.0961401 0.0460394 0
0.356667 0.06 0.0937642 0.049316 0
0.36 0.06 0.0961083 0.0502351 0
0.363333 0.06 0.102177 0.0521501 0
0.366667 0.06 0.0944872 0.0436265 0
0.37 0.06 0.09161 0.0495582 0
0.373333 0.06 0.0949743 0.0419123 0
0.376667 0.06 0.0931183 0.0440659 0
0.38 0.06 0.104099 0.0558812 0
0.383333 0.06 0.115913 0.0585982 0
0.386667 0.06 0.098163 0.0477813 0
0.39 0.06 0.106688 0.0486109 0
0.393333 0.06 0.0901493 0.0529398 0
0.396667 0.06 0.103708 0.0517706 0
0.4 0.06 0.10141 0.0546366 0
0.403333 0.06 0.101347 0.0535525 0
0.406667 0.06 0.086338 0.0433527 0
0.41 0.06 0.110609 0.0492331 0
0.413333 0.06 0.0955009 0.0451349 0
0.416667 0.06 0.111408 0.0530776 0
0.42 0.06 0.0996357 0.0545159 0
0.423333 0.06 0.117682 0.0554097 0
0.426667 0.0766667 0.115231 0.0531817 0
0.43 0.0766667 0.10838 0.054071 0
0.433333 0.0766667 0.115865 0.0560234 0
0.436667 0.0766667 0.103744 0.0619741 0
0.44 0.0766667 0.100547 0.0482397 0
0.443333 0.0766667 0.102621 0.0448277 0
0.446667 0.0766667 0.108897 0.0550621 0
0.45 0.0766667 0.112661 0.0587468 0
0.453333 0.0766667 0.100369 0.0561765 0
0.456667 0.0766667 0.1057 0.0567971 0
0.46 0.0766667 0.120988 0.0542486 0
0.463333 0.0766667 0.124097 0.0630284 0
0.466667 0.0766667 0.11855 0.0552415 0
0.47 0.0766667 0.11083 0.0490334 0
0.473333 0.0766667 0.131765 0.0594373 0
0.476667 0.0766667 0.115185 0.0567019 0
0.48 0.0766667 0.121993 0.0560017 0
0.483333 0.08 0.113455 0.0533766 0
0.486667 0.08 0.108326 0.0543449 0
0.49 0.08 0.112803 0.0542729 0
0.493333 0.08 0.114956 0.0514697 0
0.496667 0.08 0.109757 0.0509191 0
0.5 0.08 0.130022 0.0611339 0
0.503333 0.116667 0.123486 0.063513 0
0.506667 0.116667 0.138258 0.06448 0
0.51 0.12 0.155637 0.0724553 0
0.513333 0.12 0.139704 0.0670809 0
0.516667 0.12 0.126853 0.0677997 0
0.52 0.12 0.129495 0.066098 0
0.523333 0.12 0.134368 0.0714279 0
0.526667 0.12 0.133637 0.0645621 0
0.53 0.12 0.138205 0.0553486 0
0.533333 0.12 0.13873 0.0650752 0
0.536667 0.12 0.137376 0.065766 0
0.54 0.12 0.136585 0.0640492 0
0.543333 0.12 0.142547 0.0705789 0
0.546667 0.12 0.127546 0.0693233 0
0.55 0.12 0.132864 0.0610001 0
0.553333 0.12 0.134448 0.0627036 0
0.556667 0.12 0.144871 0.0803377 0
0.56 0.12 0.141216 0.0665816 0
0.563333 0.12 0.12693 0.0702634 0
0.566667 0.12 0.137228 0.0625212 0
0.57 0.12 0.154081 0.074007 0
0.573333 0.12 0.152533 0.073903 0
0.576667 0.12 0.152986 0.0697183 0
0.58 0.12 0.16082 0.0735002 0
0.583333 0.12 0.150909 0.0702984 0
0.586667 0.12 0.161024 0.0655822 0
0.59 0.12 0.15148 0.0736693 0
0.593333 0.12 0.139023 0.0753267 0
0.596667 0.12 0.142345 0.0649877 0
0.6 0.12 0.15547 0.0759354 0
0.603333 0.12 0.154701 0.0777513 0
0.606667 0.12 0.151862 0.0653847 0
0.61 0.12 0.152309 0.0706303 0
0.613333 0.12 0.158311 0.0638968 0
0.616667 0.12 0.151962 0.0689767 0
0.62 0.12 0.158387 0.0779912 0
0.623333 0.12 0.153726 0.0730215 0
0.626667 0.12 0.156012 0.068851 0
0.63 0.12 0.136469 0.0634436 0
0.633333 0.136667 0.15962 0.0778337 0
0.636667 0.136667 0.151326 0.0767821 0
0.64 0.136667 0.14586 0.0629185 0
0.643333 0.136667 0.154649 0.0830708 0
0.646667 0.136667 0.150763 0.076939 0
0.65 0.136667 0.153794 0.0682407 0
0.653333 0.136667 0.156777 0.0691447 0
0.656667 0.136667 0.149528 0.0738227 0
0.66 0.136667 0.154777 0.072391 0
0.663333 0.136667 0.151158 0.0710415 0
0.666667 0.136667 0.176825 0.0843035 0
0.67 0.14 0.179164 0.0760115 0
0.673333 0.236667 0.1482 0.0785467 0
0.676667 0.236667 0.168454 0.0695896 0
0.68 0.236667 0.171558 0.0774078 0
0.683333 0.243333 0.170884 0.0799305 0
0.686667 0.243333 0.167719 0.0754448 0
0.69 0.243333 0.159338 0.0691188 0
0.693333 0.243333 0.155975 0.0757652 0
0.696667 0.243333 0.16055 0.0750903 0
0.7 0.243333 0.170458 0.0868689 0
0.703333 0.243333 0.179117 0.0795887 0
0.706667 0.246667 0.170205 0.0760088 0
0.71 0.246667 0.195035 0.0801906 0
0.713333 0.246667 0.133841 0.06716 0
0.716667 0.253333 0.125402 0.0626174 0
0.72 0.253333 0.113724 0.0561733 0
0.723333 0.263333 0.129389 0.0636334 0
0.726667 0.27 0.122325 0.0634847 0
0.73 0.27 0.128473 0.0525341 0
0.733333 0.27 0.135658 0.0595705 0
0.736667 0.276667 0.141124 0.0651898 0
0.74 0.276667 0.12178 0.0666906 0
0.743333 0.276667 0.131335 0.0545557 0
0.746667 0.28 0.141874 0.0679448 0
0.75 0.28 0.142727 0.0696452 0
0.753333 0.28 0.140273 0.0734368 0
0.756667 0.28 0.134968 0.0700072 0
0.76 0.28 0.136821 0.0658915 0
0.763333 0.3 0.131797 0.0584556 0
0.766667 0.306667 0.142308 0.0583264 0
0.77 0.306667 0.136745 0.0541383 0
0.773333 0.306667 0.131937 0.0650873 0
0.776667 0.306667 0.138442 0.0620338 0
0.78 0.306667 0.132267 0.0625307 0
0.783333 0.306667 0.123624 0.057138 0
0.786667 0.323333 0.137669 0.0635942 0
0.79 0.323333 0.136598 0.0666842 0
0.793333 0.323333 0.199738 0.081907 0
0.796667 0.323333 0.201287 0.0783202 0
0.8 0.323333 0.193672 0.0809519 0
0.803333 0.323333 0.201657 0.0757851 0
0.806667 0.323333 0.216915 0.0876241 0
0.81 0.323333 0.214235 0.0816838 0
0.813333 0.323333 0.218991 0.0876926 0
0.816667 0.323333 0.21806 0.0874915 0
0.82 0.323333 0.230195 0.0749473 0
0.823333 0.323333 0.225103 0.0764283 0
0.826667 0.323333 0.227639 0.0698399 0
0.83 0.323333 0.234134 0.066623 0
0.833333 0.323333 0.249599 0.0808757 0
0.836667 0.323333 0.251686 0.0843634 0
0.84 0.326667 0.254809 0.0845481 0
0.843333 0.326667 0.25395 0.0873726 0
0.846667 0.326667 0.25962 0.0827216 0
0.85 0.326667 0.255246 0.0864044 0
0.853333 0.326667 0.264924 0.0934782 0
0.856667 0.326667 0.252176 0.0780812 0
0.86 0.33 0.254345 0.0921973 0
0.863333 0.33 0.261124 0.0903504 0
0.866667 0.33 0.257399 0.0871213 0
0.87 0.33 0.257592 0.0721568 0
0.873333 0.33 0.25498 0.0867919 0
0.876667 0.33 0.255915 0.0822107 0
0.88 0.33 0.26265 0.0817803 0
0.883333 0.336667 0.264811 0.0942734 0
0.886667 0.336667 0.26097 0.0781144 0
0.89 0.34 0.271809 0.101135 0
0.893333 0.34 0.260331 0.0886451 0
0.896667 0.34 0.263106 0.0775635 0
0.9 0.34 0.263145 0.0894602 0
0.903333 0.34 0.283429 0.134839 0
0.906667 0.34 0.278802 0.11342 0
0.91 0.34 0.279234 0.116908 0
0.913333 0.34 0.304029 0.140538 0
0.916667 0.34 0.308153 0.145041 0
0.92 0.34 0.307219 0.143832 0
0.923333 0.34 0.304232 0.140316 0
0.926667 0.34 0.304878 0.142136 0
0.93 0.346667 0.298324 0.135983 0
0.933333 0.363333 0.30687 0.145495 0
0.936667 0.363333 0.31688 0.142754 0
0.94 0.363333 0.317653 0.152929 0
0.943333 0.376667 0.303584 0.131968 0
0.946667 0.376667 0.295439 0.131106 0
0.95 0.376667 0.305594 0.134474 0
0.953333 0.376667 0.302354 0.130747 0
0.956667 0.376667 0.319504 0.146806 0
0.96 0.376667 0.313278 0.14447 0
0.963333 0.376667 0.315348 0.149138 0
0.966667 0.376667 0.313746 0.149922 0
0.97 0.376667 0.317584 0.149542 0
0.973333 0.376667 0.323488 0.148356 0
0.976667 0.376667 0.335899 0.156786 0
0.98 0.376667 0.333089 0.158011 0
0.983333 0.376667 0.328309 0.158907 0
0.986667 0.376667 0.326486 0.15789 0
0.99 0.376667 0.337588 0.157567 0
0.993333 0.376667 0.339064 0.159165 0
0.996667 0.376667 0.345238 0.159739 0
1 0.376667 0.345373 0.161066 0
1.00333 0.376667 0.340404 0.16268 0
1.00667 0.376667 0.352071 0.170808 0
1.01 0.376667 0.363448 0.176327 0
1.01333 0.38 0.359853 0.173149 0
1.01667 0.38 0.362896 0.177474 0