# Node_nr = 100
# K <r> sigma_r(sig not of average! divide by sqrt(n))
0 0.02 0.0936896 0.0345229 0
0.01 0.02 0.074979 0.0279725 0
0.02 0.02 0.0863103 0.0412471 0
0.03 0.02 0.0889908 0.0546816 0
0.04 0.02 0.0685768 0.0320008 0
0.05 0.02 0.0982855 0.0504198 0
0.06 0.03 0.100901 0.053858 0
0.07 0.03 0.0952732 0.0543044 0
0.08 0.03 0.100505 0.0583386 0
0.09 0.03 0.0875023 0.0389142 0
0.1 0.03 0.103308 0.0489332 0
0.11 0.03 0.101726 0.0466389 0
0.12 0.03 0.0970329 0.0544187 0
0.13 0.03 0.106047 0.0585045 0
0.14 0.03 0.0998726 0.059727 0
0.15 0.03 0.0903794 0.0416376 0
0.16 0.03 0.0670247 0.0316864 0
0.17 0.03 0.0845003 0.0398238 0
0.18 0.03 0.114289 0.0583164 0
0.19 0.03 0.0932409 0.0452235 0
0.2 0.03 0.101434 0.0439258 0
0.21 0.03 0.101865 0.0593901 0
0.22 0.03 0.108495 0.0445455 0
0.23 0.03 0.126067 0.0664051 0
0.24 0.03 0.0931175 0.0488331 0
0.25 0.04 0.0914558 0.0349629 0
0.26 0.04 0.138831 0.0788564 0
0.27 0.04 0.0905807 0.0470013 0
0.28 0.05 0.111414 0.0523659 0
0.29 0.06 0.107415 0.0489618 0
0.3 0.06 0.140325 0.0815298 0
0.31 0.06 0.120883 0.0519297 0
0.32 0.06 0.12855 0.0844937 0
0.33 0.06 0.103879 0.0365908 0
0.34 0.06 0.129476 0.0642468 0
0.35 0.06 0.11554 0.0649642 0
0.36 0.06 0.102949 0.0471189 0
0.37 0.06 0.149962 0.0669717 0
0.38 0.06 0.150687 0.0610664 0
0.39 0.06 0.184438 0.0759372 0
0.4 0.09 0.123248 0.0588441 0
0.41 0.09 0.154429 0.0532645 0
0.42 0.09 0.112713 0.0723801 0
0.43 0.1 0.168066 0.0630385 0
0.44 0.1 0.154021 0.124678 0
0.45 0.11 0.186882 0.0807887 0
0.46 0.11 0.120019 0.0735722 0
0.47 0.11 0.189291 0.0777502 0
0.48 0.12 0.140419 0.0566324 0
0.49 0.12 0.103315 0.0307907 0
0.5 0.12 0.180533 0.102487 0
0.51 0.12 0.195711 0.0893362 0
0.52 0.12 0.17713 0.0793333 0
0.53 0.12 0.0871112 0.0458513 0
0.54 0.12 0.168309 0.103638 0
0.55 0.13 0.17773 0.085665 0
0.56 0.15 0.181202 0.0853293 0
0.57 0.16 0.197832 0.0991618 0
0.58 0.16 0.235392 0.0895298 0
0.59 0.16 0.248323 0.0950972 0
0.6 0.17 0.134385 0.0654226 0
0.61 0.17 0.19972 0.138323 0
0.62 0.17 0.263345 0.12146 0
0.63 0.17 0.252479 0.158363 0
0.64 0.22 0.157545 0.0803747 0
0.65 0.22 0.265303 0.0869007 0
0.66 0.22 0.234967 0.0772529 0
0.67 0.22 0.239305 0.0687835 0
0.68 0.22 0.251164 0.132299 0
0.69 0.22 0.252538 0.124742 0
0.7 0.22 0.189571 0.0894825 0
0.71 0.26 0.20572 0.0545052 0
0.72 0.26 0.205515 0.0890823 0
0.73 0.26 0.190366 0.120429 0
0.74 0.28 0.329564 0.13145 0
0.75 0.28 0.215351 0.0767337 0
0.76 0.49 0.313757 0.106193 0
0.77 0.59 0.286753 0.0591694 0
0.78 0.59 0.278786 0.0766443 0
0.79 0.59 0.349343 0.0264146 0
0.8 0.68 0.447396 0.0554738 0
0.81 0.72 0.538254 0.0420197 0
0.82 0.73 0.487962 0.0516875 0
0.83 0.74 0.548866 0.037867 0
0.84 0.75 0.464556 0.0582282 0
0.85 0.76 0.411383 0.0292989 0
0.86 0.78 0.472345 0.0375615 0
0.87 0.79 0.492892 0.0441986 0
0.88 0.79 0.506417 0.0304328 0
0.89 0.79 0.481396 0.0432238 0
0.9 0.79 0.45927 0.0294144 0
0.91 0.79 0.501442 0.0434627 0
0.92 0.79 0.537378 0.047318 0
0.93 0.79 0.554368 0.0549586 0
0.94 0.79 0.524552 0.0485422 0
0.95 0.79 0.516062 0.040083 0
0.96 0.79 0.564951 0.0273562 0
0.97 0.82 0.607516 0.0391597 0
0.98 0.82 0.597747 0.0465325 0
0.99 0.82 0.651733 0.023805 0
1 0.82 0.665265 0.0218 0
1.01 0.83 0.677833 0.0241292 0
1.02 0.83 0.680604 0.0450545 0
1.03 0.83 0.716429 0.0352415 0
1.04 0.85 0.727625 0.0404714 0
1.05 0.85 0.710591 0.0330708 0
1.06 0.88 0.726613 0.0321707 0
1.07 0.88 0.686432 0.0249368 0
1.08 0.88 0.697268 0.0269424 0
1.09 0.88 0.724493 0.0294052 0
1.1 0.88 0.745542 0.016775 0
1.11 0.89 0.752372 0.00868178 0
1.12 0.9 0.763139 0.0104135 0
1.13 0.9 0.758623 0.0202063 0
1.14 0.9 0.774803 0.0132029 0
1.15 0.9 0.783734 0.0151912 0
1.16 0.9 0.80264 0.0231029 0
1.17 0.9 0.791061 0.0295127 0
1.18 0.9 0.786338 0.0335086 0
1.19 0.9 0.765683 0.0295195 0
1.2 0.9 0.779936 0.0143354 0
1.21 0.9 0.778642 0.0189396 0
1.22 0.9 0.796041 0.0108138 0
1.23 0.9 0.800316 0.024441 0
1.24 0.9 0.804271 0.00996934 0
1.25 0.9 0.791679 0.0226158 0
1.26 0.9 0.781694 0.0119084 0
1.27 0.9 0.774501 0.0240888 0
1.28 0.9 0.788194 0.0386597 0
1.29 0.9 0.807296 0.0326945 0
1.3 0.9 0.831546 0.0366378 0
1.31 0.9 0.84002 0.00750972 0
1.32 0.9 0.863594 0.007225 0
1.33 0.93 0.901334 0.00784477 0
1.34 0.93 0.899726 0.0116617 0
1.35 0.93 0.899356 0.0122043 0
1.36 0.93 0.895455 0.00663282 0
1.37 0.93 0.899275 0.0297873 0
1.38 0.93 0.892984 0.0226685 0
1.39 0.93 0.883433 0.0327655 0
1.4 0.93 0.867579 0.0147407 0
1.41 0.93 0.863608 0.01254 0
1.42 0.93 0.868239 0.0122824 0
1.43 0.93 0.882331 0.00896686 0
1.44 0.94 0.891205 0.0189684 0
1.45 0.94 0.903311 0.010727 0
1.46 0.94 0.912194 0.0250025 0
1.47 0.94 0.920246 0.0198541 0
1.48 0.94 0.920209 0.0189976 0
1.49 0.94 0.913803 0.0318032 0
