# Node_nr = 100
# K <r> sigma_r(sig not of average! divide by sqrt(n))
0 0.02 0.0874086 0.0545669 0
0.01 0.02 0.0935191 0.0452138 0
0.02 0.02 0.0917464 0.0495707 0
0.03 0.03 0.0850162 0.0459186 0
0.04 0.03 0.0790794 0.0439213 0
0.05 0.03 0.105184 0.0546232 0
0.06 0.03 0.0755699 0.0407743 0
0.07 0.03 0.095767 0.050231 0
0.08 0.03 0.0853948 0.0400236 0
0.09 0.03 0.0901079 0.0443363 0
0.1 0.03 0.111717 0.063208 0
0.11 0.03 0.12126 0.0486776 0
0.12 0.03 0.0966632 0.0575858 0
0.13 0.05 0.114134 0.0587525 0
0.14 0.05 0.114698 0.0592105 0
0.15 0.05 0.122951 0.0544237 0
0.16 0.05 0.0980746 0.0329794 0
0.17 0.05 0.088291 0.0580715 0
0.18 0.05 0.115513 0.0578517 0
0.19 0.05 0.103903 0.0615498 0
0.2 0.05 0.101271 0.0463252 0
0.21 0.05 0.11558 0.0615561 0
0.22 0.05 0.113528 0.0561668 0
0.23 0.05 0.119856 0.0644646 0
0.24 0.05 0.111907 0.0552425 0
0.25 0.05 0.0963373 0.0506528 0
0.26 0.05 0.134875 0.0700856 0
0.27 0.05 0.0989563 0.0423655 0
0.28 0.05 0.137268 0.0624045 0
0.29 0.05 0.117372 0.0574789 0
0.3 0.05 0.14676 0.0611437 0
0.31 0.05 0.153947 0.0882534 0
0.32 0.05 0.104044 0.0510268 0
0.33 0.05 0.0919331 0.0487769 0
0.34 0.05 0.107953 0.0574441 0
0.35 0.05 0.105245 0.051809 0
0.36 0.05 0.125161 0.057997 0
0.37 0.05 0.136594 0.0559433 0
0.38 0.05 0.141059 0.0681719 0
0.39 0.05 0.147536 0.0769088 0
0.4 0.05 0.138044 0.0760234 0
0.41 0.1 0.176697 0.097101 0
0.42 0.1 0.128986 0.0605968 0
0.43 0.1 0.143793 0.0782434 0
0.44 0.14 0.165633 0.0815082 0
0.45 0.14 0.168551 0.0651861 0
0.46 0.14 0.199701 0.0937775 0
0.47 0.14 0.178832 0.0671928 0
0.48 0.14 0.175749 0.0984537 0
0.49 0.14 0.193618 0.105062 0
0.5 0.14 0.194132 0.0936672 0
0.51 0.14 0.200853 0.0874705 0
0.52 0.14 0.197579 0.0982689 0
0.53 0.14 0.159306 0.0728197 0
0.54 0.15 0.148329 0.076894 0
0.55 0.15 0.181124 0.0698066 0
0.56 0.16 0.217766 0.117098 0
0.57 0.16 0.234993 0.111194 0
0.58 0.16 0.201821 0.0909512 0
0.59 0.16 0.204233 0.0853647 0
0.6 0.17 0.182672 0.0863605 0
0.61 0.17 0.237361 0.113128 0
0.62 0.23 0.252336 0.124201 0
0.63 0.23 0.241641 0.124307 0
0.64 0.23 0.246397 0.103511 0
0.65 0.23 0.232044 0.0961743 0
0.66 0.23 0.244466 0.113924 0
0.67 0.27 0.29133 0.127188 0
0.68 0.33 0.282817 0.0992003 0
0.69 0.33 0.247449 0.105191 0
0.7 0.33 0.285374 0.1098 0
0.71 0.33 0.251008 0.0996632 0
0.72 0.33 0.276056 0.120809 0
0.73 0.33 0.292148 0.123966 0
0.74 0.33 0.270417 0.115244 0
0.75 0.33 0.305552 0.119544 0
0.76 0.33 0.282035 0.123367 0
0.77 0.33 0.303785 0.13634 0
0.78 0.33 0.281751 0.154802 0
0.79 0.33 0.308356 0.128041 0
0.8 0.52 0.274272 0.138355 0
0.81 0.52 0.260271 0.130138 0
0.82 0.59 0.242864 0.125373 0
0.83 0.59 0.260562 0.144922 0
0.84 0.6 0.271026 0.13424 0
0.85 0.6 0.293988 0.128316 0
0.86 0.6 0.241255 0.124417 0
0.87 0.6 0.235859 0.112434 0
0.88 0.6 0.244778 0.129723 0
0.89 0.6 0.233003 0.12698 0
0.9 0.6 0.243062 0.131116 0
0.91 0.6 0.327834 0.147717 0
0.92 0.6 0.323095 0.145141 0
0.93 0.6 0.319378 0.133016 0
0.94 0.6 0.282025 0.122657 0
0.95 0.61 0.298529 0.158168 0
0.96 0.61 0.309762 0.14854 0
0.97 0.61 0.335355 0.127751 0
0.98 0.61 0.298177 0.140015 0
0.99 0.61 0.271778 0.117762 0
1 0.61 0.264668 0.145276 0
1.01 0.61 0.303842 0.129586 0
1.02 0.61 0.294066 0.136884 0
1.03 0.61 0.274103 0.0957124 0
1.04 0.61 0.280988 0.104352 0
1.05 0.61 0.293594 0.108306 0
1.06 0.62 0.310426 0.106118 0
1.07 0.63 0.340629 0.101638 0
1.08 0.63 0.341657 0.113085 0
1.09 0.64 0.347804 0.112888 0
1.1 0.64 0.32771 0.104676 0
1.11 0.64 0.40357 0.10757 0
1.12 0.64 0.40853 0.113005 0
1.13 0.64 0.431088 0.104448 0
1.14 0.64 0.430965 0.109149 0
1.15 0.64 0.421325 0.115685 0
1.16 0.65 0.422032 0.104982 0
1.17 0.65 0.422804 0.111975 0
1.18 0.66 0.433447 0.0934275 0
1.19 0.68 0.439625 0.105521 0
1.2 0.68 0.426712 0.11578 0
1.21 0.68 0.471594 0.114077 0
1.22 0.68 0.477096 0.128082 0
1.23 0.68 0.490001 0.125665 0
1.24 0.68 0.509856 0.13189 0
1.25 0.68 0.504924 0.13613 0
1.26 0.68 0.506729 0.1401 0
1.27 0.68 0.521963 0.144895 0
1.28 0.68 0.523813 0.145815 0
1.29 0.68 0.536909 0.146957 0
1.3 0.68 0.544941 0.154191 0
1.31 0.68 0.545227 0.155105 0
1.32 0.69 0.560917 0.150584 0
1.33 0.69 0.556164 0.141151 0
1.34 0.69 0.573205 0.150652 0
1.35 0.69 0.562705 0.150698 0
1.36 0.69 0.581505 0.141039 0
1.37 0.69 0.573305 0.151885 0
1.38 0.69 0.583716 0.155949 0
1.39 0.69 0.599794 0.150965 0
1.4 0.69 0.608982 0.157815 0
1.41 0.69 0.61205 0.14723 0
1.42 0.69 0.62494 0.149684 0
1.43 0.69 0.624896 0.156415 0
1.44 0.69 0.62776 0.143695 0
1.45 0.71 0.637878 0.15397 0
1.46 0.71 0.639187 0.149079 0
1.47 0.71 0.640501 0.156388 0
1.48 0.71 0.645067 0.15412 0
1.49 0.71 0.646459 0.162533 0
