# Relevant parameters to reproduce this network:
# node_nr=1000	 k_max=100
# initial_seed=1557414222	 delta_t=0.1	 max_steps=3000	 in_between=0
# fg_m=1	 fg_alpha=1.1	 fg_t_min=0	 fg_t_max=1.2	 fg_t_number=1200	 fg_weff_lower_frequency=-1e+08	 fg_weff_max_steps=3000	 fg_weff_in_between=0
# K Giant_component <r> sigma_r*sqrt(NODE_NR) clustering
0 0.002 0.03471 0.0608948 0
0.001 0.002 0.0400379 0.0606218 0
0.002 0.002 0.0394737 0.061005 0
0.003 0.002 0.037812 0.0621115 0
0.004 0.002 0.0367937 0.0611863 0
0.005 0.002 0.0379482 0.0606137 0
0.006 0.002 0.0418308 0.0633618 0
0.007 0.002 0.0414288 0.0633336 0
0.008 0.002 0.0421062 0.0598634 0
0.009 0.002 0.0421924 0.0618893 0
0.01 0.003 0.0372457 0.0610922 0
0.011 0.003 0.0395312 0.0626084 0
0.012 0.003 0.0425483 0.0639009 0
0.013 0.003 0.0409128 0.064883 0
0.014 0.003 0.0399826 0.0607981 0
0.015 0.003 0.0370244 0.0634073 0
0.016 0.003 0.039885 0.0599168 0
0.017 0.003 0.0404052 0.0643034 0
0.018 0.003 0.0436771 0.0592886 0
0.019 0.003 0.0378308 0.0616452 0
0.02 0.003 0.0399277 0.0605197 0
0.021 0.003 0.0408469 0.0613748 0
0.022 0.003 0.0420844 0.0608398 0
0.023 0.003 0.0387587 0.0617785 0
0.024 0.003 0.0403382 0.0620002 0
0.025 0.003 0.0395844 0.0615688 0
0.026 0.003 0.0391239 0.0610369 0
0.027 0.003 0.0404219 0.0628501 0
0.028 0.003 0.039607 0.0613904 0
0.029 0.003 0.0386504 0.0597413 0
0.03 0.003 0.0398449 0.0616686 0
0.031 0.003 0.038554 0.0615047 0
0.032 0.003 0.0371238 0.0609992 0
0.033 0.003 0.0389731 0.0638973 0
0.034 0.003 0.0399277 0.0618652 0
0.035 0.003 0.0414866 0.062642 0
0.036 0.003 0.038945 0.0603878 0
0.037 0.003 0.0419841 0.0628279 0
0.038 0.003 0.037804 0.0632202 0
0.039 0.004 0.0392588 0.0577891 0
0.04 0.004 0.0369988 0.0603829 0
0.041 0.004 0.0398147 0.0637294 0
0.042 0.004 0.0409222 0.0618493 0
0.043 0.004 0.0395491 0.0609382 0
0.044 0.004 0.0425413 0.0601233 0
0.045 0.004 0.043441 0.0632135 0
0.046 0.004 0.037357 0.0611031 0
0.047 0.004 0.0379833 0.0601221 0
0.048 0.004 0.0386152 0.062235 0
0.049 0.004 0.041792 0.0621439 0
0.05 0.004 0.0379193 0.0639066 0
0.051 0.004 0.0379287 0.0622872 0
0.052 0.004 0.0380066 0.0629404 0
0.053 0.004 0.0405738 0.0632577 0
0.054 0.004 0.036862 0.0602477 0
0.055 0.004 0.0432516 0.0592519 0
0.056 0.004 0.0395012 0.0635648 0
0.057 0.004 0.0423979 0.0621485 0
0.058 0.004 0.0396821 0.063558 0
0.059 0.004 0.0405773 0.0601879 0
0.06 0.004 0.0411194 0.0639766 0
0.061 0.004 0.0363162 0.062402 0
0.062 0.004 0.0387766 0.0633389 0
0.063 0.004 0.0389236 0.062317 0
0.064 0.004 0.0415534 0.0641605 0
0.065 0.004 0.0399717 0.063657 0
0.066 0.004 0.0437102 0.0628872 0
0.067 0.004 0.0395924 0.0628948 0
0.068 0.004 0.0417504 0.0650692 0
0.069 0.004 0.0396827 0.0642741 0
0.07 0.004 0.0387063 0.0637785 0
0.071 0.004 0.0430906 0.0630073 0
0.072 0.004 0.041942 0.0678817 0
0.073 0.005 0.038861 0.0607557 0
0.074 0.005 0.0379725 0.0603584 0
0.075 0.005 0.0428172 0.0639091 0
0.076 0.005 0.0406197 0.0627434 0
0.077 0.005 0.043308 0.0643962 0
0.078 0.005 0.0391697 0.0651063 0
0.079 0.005 0.0413731 0.0629929 0
0.08 0.005 0.0395848 0.0621531 0
0.081 0.005 0.0396013 0.0635511 0
0.082 0.005 0.0398414 0.0609934 0
0.083 0.005 0.0415896 0.0639643 0
0.084 0.005 0.0411778 0.0622154 0
0.085 0.005 0.0396355 0.0652763 0
0.086 0.005 0.0443154 0.0645229 0
0.087 0.005 0.0393433 0.0638727 0
0.088 0.005 0.0416101 0.0657865 0
0.089 0.005 0.041002 0.0634664 0
0.09 0.005 0.0395703 0.0637007 0
0.091 0.005 0.0405981 0.0626735 0
0.092 0.005 0.0386558 0.0601727 0
0.093 0.005 0.0429289 0.0631506 0
0.094 0.005 0.0402368 0.0631042 0
0.095 0.005 0.0423724 0.0640693 0
0.096 0.005 0.0403223 0.061989 0
0.097 0.005 0.0402869 0.0636054 0
0.098 0.005 0.0430034 0.0630829 0
0.099 0.006 0.0454626 0.0630409 0
0.1 0.006 0.0380465 0.0614999 0
0.101 0.006 0.0383632 0.0653807 0
0.102 0.006 0.0414449 0.0653806 0
0.103 0.006 0.0426266 0.0661303 0
0.104 0.007 0.0412762 0.0639447 0
0.105 0.007 0.0430853 0.0647807 0
0.106 0.007 0.0419388 0.0654819 0
0.107 0.007 0.0431951 0.0638567 0
0.108 0.007 0.0397829 0.0620039 0
0.109 0.007 0.0441313 0.0648613 0
0.11 0.007 0.0424241 0.0643373 0
0.111 0.007 0.0451594 0.0645699 0
0.112 0.007 0.0418974 0.0660344 0
0.113 0.007 0.0376216 0.0641897 0
0.114 0.007 0.038378 0.0623983 0
0.115 0.007 0.0409578 0.0635013 0
0.116 0.007 0.0430935 0.0649805 0
0.117 0.007 0.0457307 0.0651613 0
0.118 0.007 0.04153 0.062552 0
0.119 0.007 0.040417 0.0627183 0
0.12 0.007 0.040261 0.0625028 0
0.121 0.007 0.040505 0.0616514 0
0.122 0.007 0.043348 0.064602 0
0.123 0.007 0.0389032 0.0621067 0
0.124 0.007 0.0435432 0.0632217 0
0.125 0.007 0.0414437 0.0640318 0
0.126 0.007 0.041123 0.0624483 0
0.127 0.007 0.0396253 0.0644303 0
0.128 0.007 0.0474261 0.0659033 0
0.129 0.007 0.0403497 0.0639118 0
0.13 0.007 0.0412961 0.0640138 0
0.131 0.007 0.0454395 0.065365 0
0.132 0.007 0.0411289 0.0618817 0
0.133 0.007 0.0409634 0.0659101 0
0.134 0.007 0.0420397 0.0643379 0
0.135 0.007 0.0409898 0.0630157 0
0.136 0.007 0.0406319 0.0655864 0
0.137 0.007 0.0415371 0.0636001 0
0.138 0.007 0.0442276 0.0626088 0
0.139 0.007 0.0459627 0.065319 0
0.14 0.007 0.0429249 0.0640435 0
0.141 0.007 0.0467024 0.0662012 0
0.142 0.007 0.0413013 0.0645849 0
0.143 0.007 0.042413 0.0628232 0
0.144 0.007 0.0403767 0.0640485 0
0.145 0.007 0.0416586 0.0664856 0
0.146 0.007 0.0433749 0.0651145 0
0.147 0.007 0.0429692 0.0640834 0
0.148 0.007 0.0435965 0.0636953 0
0.149 0.007 0.0419757 0.0623303 0
0.15 0.007 0.0427161 0.0656975 0
0.151 0.007 0.045698 0.061847 0
0.152 0.007 0.0431512 0.0642722 0
0.153 0.007 0.0429688 0.0642739 0
0.154 0.007 0.0448032 0.0677028 0
0.155 0.007 0.0435334 0.0632974 0
0.156 0.007 0.0453118 0.0689317 0
0.157 0.007 0.0418779 0.065254 0
0.158 0.007 0.0454242 0.0666558 0
0.159 0.007 0.0434992 0.0614402 0
0.16 0.007 0.0475845 0.0649561 0
0.161 0.007 0.0445762 0.0650236 0
0.162 0.007 0.0466729 0.0642641 0
0.163 0.007 0.0429324 0.0641617 0
0.164 0.007 0.0439056 0.0668218 0
0.165 0.007 0.0413786 0.0693549 0
0.166 0.007 0.0444242 0.066098 0
0.167 0.007 0.0410088 0.0660654 0
0.168 0.007 0.0460361 0.0653848 0
0.169 0.008 0.0393244 0.065443 0
0.17 0.008 0.041616 0.0630112 0
0.171 0.008 0.0402777 0.0636729 0
0.172 0.008 0.0409691 0.0642164 0
0.173 0.008 0.0471496 0.0683468 0
0.174 0.008 0.0410963 0.0639394 0
0.175 0.008 0.0466492 0.0681759 0
0.176 0.008 0.0424386 0.0672355 0
0.177 0.008 0.0418782 0.066683 0
0.178 0.008 0.0453987 0.0606129 0
0.179 0.008 0.0447218 0.0648601 0
0.18 0.008 0.0459102 0.0649772 0
0.181 0.008 0.0467035 0.0656056 0
0.182 0.009 0.0416731 0.0628587 0
0.183 0.009 0.0470679 0.063244 0
0.184 0.009 0.0409223 0.0661396 0
0.185 0.009 0.0420704 0.0686856 0
0.186 0.009 0.0454474 0.0644892 0
0.187 0.009 0.0430302 0.0676369 0
0.188 0.009 0.0408722 0.0651792 0
0.189 0.009 0.0438451 0.065621 0
0.19 0.009 0.0453298 0.0692878 0
0.191 0.009 0.0442374 0.065603 0
0.192 0.009 0.043737 0.0664858 0
0.193 0.013 0.0498453 0.0699419 0
0.194 0.013 0.0428945 0.0674634 0
0.195 0.013 0.0466553 0.0630495 0
0.196 0.013 0.0442469 0.0666623 0
0.197 0.013 0.04622 0.067601 0
0.198 0.013 0.0485428 0.0683276 0
0.199 0.013 0.0449094 0.0674771 0
0.2 0.013 0.043533 0.0676357 0
0.201 0.013 0.0463592 0.0680226 0
0.202 0.013 0.0478066 0.0679272 0
0.203 0.013 0.0457475 0.0680446 0
0.204 0.013 0.0470952 0.0684785 0
0.205 0.013 0.0455718 0.0639494 0
0.206 0.013 0.040232 0.0658954 0
0.207 0.013 0.0468276 0.067283 0
0.208 0.013 0.0448043 0.0648805 0
0.209 0.013 0.0416873 0.0697924 0
0.21 0.013 0.040429 0.0672445 0
0.211 0.013 0.0455359 0.0666661 0
0.212 0.013 0.0400254 0.0639016 0
0.213 0.013 0.0434797 0.0668751 0
0.214 0.013 0.043845 0.0702803 0
0.215 0.013 0.0453461 0.0693233 0
0.216 0.013 0.0473613 0.0712342 0
0.217 0.013 0.0422794 0.0682241 0
0.218 0.014 0.049884 0.0716712 0
0.219 0.014 0.0466646 0.0664713 0
0.22 0.014 0.0476741 0.0700821 0
0.221 0.014 0.0480204 0.0693069 0
0.222 0.014 0.049069 0.0642824 0
0.223 0.014 0.0451883 0.0637335 0
0.224 0.014 0.0489358 0.0673603 0
0.225 0.014 0.0491411 0.0700373 0
0.226 0.014 0.0444498 0.062809 0
0.227 0.014 0.0488841 0.0732496 0
0.228 0.014 0.0498404 0.0691516 0
0.229 0.014 0.0433795 0.0658306 0
0.23 0.014 0.0451714 0.0675319 0
0.231 0.014 0.0507774 0.0664289 0
0.232 0.014 0.04704 0.0675875 0
0.233 0.014 0.0420182 0.0671603 0
0.234 0.014 0.0480081 0.064821 0
0.235 0.014 0.0512724 0.0701825 0
0.236 0.014 0.0415252 0.0650609 0
0.237 0.014 0.0473995 0.0654781 0
0.238 0.014 0.0424119 0.0675821 0
0.239 0.014 0.0448394 0.0655909 0
0.24 0.014 0.0515865 0.0706205 0
0.241 0.014 0.0474597 0.0675392 0
0.242 0.014 0.0462038 0.0683019 0
0.243 0.014 0.0456008 0.067013 0
0.244 0.014 0.0574013 0.0705539 0
0.245 0.014 0.0530303 0.0725305 0
0.246 0.014 0.0482033 0.0688768 0
0.247 0.014 0.0497174 0.0712698 0
0.248 0.014 0.050112 0.065417 0
0.249 0.014 0.0462039 0.0707909 0
0.25 0.014 0.0500382 0.067823 0
0.251 0.014 0.0517472 0.0680215 0
0.252 0.014 0.0531268 0.0710465 0
0.253 0.014 0.0488151 0.0655255 0
0.254 0.014 0.0485253 0.0685123 0
0.255 0.014 0.0491156 0.0693208 0
0.256 0.014 0.0487089 0.0672106 0
0.257 0.014 0.0513734 0.0692814 0
0.258 0.014 0.0457224 0.0666976 0
0.259 0.014 0.0583708 0.0718958 0
0.26 0.014 0.0500833 0.0691337 0
0.261 0.014 0.0514622 0.0708556 0
0.262 0.014 0.0514857 0.0673993 0
0.263 0.014 0.0632313 0.0690239 0
0.264 0.014 0.0537304 0.0692654 0
0.265 0.014 0.0507921 0.0679753 0
0.266 0.014 0.0502233 0.0699638 0
0.267 0.014 0.0544117 0.0679479 0
0.268 0.014 0.05149 0.0672714 0
0.269 0.014 0.0517831 0.0731199 0
0.27 0.014 0.0468473 0.0668284 0
0.271 0.014 0.0518019 0.068324 0
0.272 0.014 0.0518653 0.0706322 0
0.273 0.014 0.0517743 0.0662752 0
0.274 0.014 0.0533272 0.0663468 0
0.275 0.014 0.0459238 0.0691038 0
0.276 0.014 0.0507673 0.0662638 0
0.277 0.014 0.0535312 0.0697934 0
0.278 0.014 0.0503378 0.0695369 0
0.279 0.015 0.0493109 0.0681638 0
0.28 0.015 0.0524713 0.0716322 0
0.281 0.015 0.0583874 0.0702155 0
0.282 0.015 0.0549407 0.0712239 0
0.283 0.015 0.0535412 0.0708179 0
0.284 0.015 0.0583603 0.0710031 0
0.285 0.015 0.052923 0.067879 0
0.286 0.015 0.0515925 0.0686886 0
0.287 0.015 0.0524645 0.0710594 0
0.288 0.015 0.0519196 0.0700155 0
0.289 0.015 0.0566755 0.0705814 0
0.29 0.015 0.050657 0.0689779 0
0.291 0.015 0.0586307 0.0716492 0
0.292 0.015 0.0509793 0.0739316 0
0.293 0.015 0.0538767 0.0707052 0
0.294 0.015 0.0516355 0.0687982 0
0.295 0.015 0.0572801 0.0666643 0
0.296 0.016 0.0524487 0.0721874 0
0.297 0.016 0.0543471 0.0728349 0
0.298 0.016 0.0581493 0.0703186 0
0.299 0.016 0.0534675 0.0711492 0
0.3 0.016 0.0512877 0.0688981 0
0.301 0.016 0.0534407 0.0701804 0
0.302 0.016 0.054322 0.0674562 0
0.303 0.016 0.0539932 0.0699045 0
0.304 0.016 0.0551571 0.0717914 0
0.305 0.016 0.0518929 0.0712122 0
0.306 0.016 0.0535169 0.072901 0
0.307 0.016 0.0591038 0.0730483 0
0.308 0.016 0.054686 0.0691071 0
0.309 0.016 0.0520679 0.0695218 0
0.31 0.016 0.0599368 0.0727772 0
0.311 0.016 0.0551549 0.0728196 0
0.312 0.016 0.0566562 0.068602 0
0.313 0.016 0.0557402 0.0726703 0
0.314 0.016 0.0503984 0.073273 0
0.315 0.016 0.0551389 0.0677331 0
0.316 0.021 0.0641851 0.0645037 0
0.317 0.021 0.0585925 0.0729642 0
0.318 0.021 0.0618703 0.0695451 0
0.319 0.021 0.0523471 0.0710139 0
0.32 0.021 0.0592285 0.0680616 0
0.321 0.021 0.0539758 0.0721184 0
0.322 0.021 0.0546057 0.0721279 0
0.323 0.021 0.0576084 0.0710154 0
0.324 0.021 0.0577587 0.0747129 0
0.325 0.021 0.061273 0.0687568 0
0.326 0.021 0.0637306 0.0736338 0
0.327 0.021 0.0609043 0.0724253 0
0.328 0.021 0.0608264 0.0718143 0
0.329 0.021 0.0630656 0.0711602 0
0.33 0.021 0.0617168 0.0735224 0
0.331 0.021 0.0589607 0.075292 0
0.332 0.021 0.0568922 0.0743845 0
0.333 0.021 0.0598227 0.070431 0
0.334 0.021 0.0649522 0.0710329 0
0.335 0.021 0.060276 0.0734214 0
0.336 0.021 0.0615588 0.0746014 0
0.337 0.021 0.0651402 0.0683499 0
0.338 0.021 0.0543798 0.0793219 0
0.339 0.021 0.0593751 0.0701764 0
0.34 0.021 0.0650416 0.070032 0
0.341 0.021 0.0595009 0.0729101 0
0.342 0.021 0.0551469 0.0735878 0
0.343 0.021 0.0695849 0.0750226 0
0.344 0.022 0.0607844 0.0706114 0
0.345 0.022 0.0605973 0.0704496 0
0.346 0.022 0.0601701 0.0737938 0
0.347 0.022 0.0575836 0.0709755 0
0.348 0.022 0.0623556 0.0764823 0
0.349 0.022 0.058678 0.0735522 0
0.35 0.022 0.0635193 0.0746559 0
0.351 0.023 0.0717506 0.0709507 0
0.352 0.023 0.0654898 0.0736485 0
0.353 0.023 0.0618321 0.071679 0
0.354 0.023 0.0634396 0.0756387 0
0.355 0.023 0.0687173 0.0744985 0
0.356 0.023 0.0622351 0.0714301 0
0.357 0.034 0.0546351 0.0752289 0
0.358 0.038 0.0715667 0.0748357 0
0.359 0.038 0.0664823 0.0722557 0
0.36 0.038 0.0690913 0.079591 0
0.361 0.038 0.0620157 0.0730359 0
0.362 0.038 0.0678985 0.0733389 0
0.363 0.039 0.0612564 0.0792437 0
0.364 0.039 0.0605516 0.070189 0
0.365 0.039 0.0607573 0.0769616 0
0.366 0.045 0.069171 0.0717301 0
0.367 0.046 0.0729053 0.0744065 0
0.368 0.046 0.0652947 0.0773958 0
0.369 0.046 0.0616974 0.0729375 0
0.37 0.046 0.0634323 0.0704468 0
0.371 0.046 0.0631382 0.0745028 0
0.372 0.046 0.0606597 0.077927 0
0.373 0.046 0.0737129 0.0750371 0
0.374 0.046 0.0735379 0.0746548 0
0.375 0.046 0.0713168 0.0729856 0
0.376 0.046 0.0751041 0.0781292 0
0.377 0.046 0.0774486 0.0759458 0
0.378 0.046 0.0743043 0.0734419 0
0.379 0.046 0.0820571 0.0721694 0
0.38 0.046 0.0860912 0.0717061 0
0.381 0.046 0.0797077 0.0738718 0
0.382 0.046 0.0756673 0.0759258 0
0.383 0.046 0.078728 0.0753126 0
0.384 0.046 0.086277 0.0763725 0
0.385 0.046 0.0894979 0.0791459 0
0.386 0.046 0.0850052 0.0714632 0
0.387 0.046 0.0828898 0.07754 0
0.388 0.046 0.0898172 0.0793111 0
0.389 0.046 0.0899295 0.078278 0
0.39 0.046 0.0826449 0.0760196 0
0.391 0.046 0.0830053 0.0744802 0
0.392 0.046 0.0826202 0.0750284 0
0.393 0.046 0.0862306 0.0809031 0
0.394 0.046 0.0918331 0.0790354 0
0.395 0.046 0.0813507 0.0781846 0
0.396 0.046 0.0862671 0.0761299 0
0.397 0.046 0.0825816 0.0756085 0
0.398 0.046 0.0857186 0.0788037 0
0.399 0.046 0.0865993 0.0824344 0
0.4 0.046 0.0870826 0.0771004 0
0.401 0.056 0.091838 0.0762432 0
0.402 0.057 0.0927545 0.081258 0
0.403 0.057 0.0881311 0.0757282 0
0.404 0.057 0.0909239 0.0814783 0
0.405 0.057 0.0878755 0.0758996 0
0.406 0.058 0.0927827 0.0809659 0
0.407 0.058 0.0859871 0.0772946 0
0.408 0.058 0.0858218 0.080138 0
0.409 0.058 0.0846644 0.0755953 0
0.41 0.058 0.0870485 0.0789733 0
0.411 0.058 0.0893351 0.0804623 0
0.412 0.069 0.0902342 0.0771864 0
0.413 0.069 0.0897631 0.0727334 0
0.414 0.069 0.0891892 0.077544 0
0.415 0.069 0.0830883 0.0736395 0
0.416 0.069 0.0938868 0.0750908 0
0.417 0.069 0.0827614 0.0796887 0
0.418 0.069 0.0915666 0.077128 0
0.419 0.069 0.087956 0.0726213 0
0.42 0.069 0.0883254 0.0742587 0
0.421 0.069 0.0786625 0.0737825 0
0.422 0.069 0.0866234 0.0770538 0
0.423 0.069 0.0849571 0.0812353 0
0.424 0.07 0.0820212 0.0738945 0
0.425 0.07 0.0755115 0.0734361 0
0.426 0.07 0.0775274 0.072332 0
0.427 0.07 0.0695774 0.0773873 0
0.428 0.07 0.077302 0.0765666 0
0.429 0.07 0.0711504 0.0791515 0
0.43 0.07 0.076842 0.0750483 0
0.431 0.07 0.0828147 0.0775526 0
0.432 0.073 0.0830546 0.0773179 0
0.433 0.073 0.0776334 0.0786975 0
0.434 0.073 0.0662901 0.0822818 0
0.435 0.073 0.075046 0.075047 0
0.436 0.076 0.0792031 0.0784789 0
0.437 0.076 0.0750836 0.0764834 0
0.438 0.076 0.0786018 0.0816713 0
0.439 0.076 0.0762189 0.0749403 0
0.44 0.076 0.0787581 0.0793189 0
0.441 0.078 0.0840923 0.0705852 0
0.442 0.078 0.0815356 0.0798165 0
0.443 0.078 0.0755806 0.075116 0
0.444 0.078 0.0761192 0.0782425 0
0.445 0.078 0.080124 0.0787329 0
0.446 0.078 0.0864971 0.0854884 0
0.447 0.078 0.0740373 0.0799406 0
0.448 0.078 0.0856834 0.0777714 0
0.449 0.078 0.0776006 0.0793087 0
0.45 0.078 0.0796155 0.0818959 0
0.451 0.078 0.0817595 0.0785691 0
0.452 0.078 0.0762733 0.0791113 0
0.453 0.079 0.0732211 0.0802794 0
0.454 0.079 0.0766354 0.0833847 0
0.455 0.079 0.0845866 0.0803994 0
0.456 0.079 0.0926734 0.0815736 0
0.457 0.079 0.0857124 0.0818404 0
0.458 0.128 0.0793685 0.0812061 0
0.459 0.128 0.0775438 0.0782597 0
0.46 0.128 0.0827557 0.076244 0
0.461 0.128 0.0728291 0.0791321 0
0.462 0.128 0.0767754 0.0845495 0
0.463 0.128 0.0810589 0.0802711 0
0.464 0.128 0.0823361 0.07654 0
0.465 0.128 0.0696708 0.0770393 0
0.466 0.128 0.0715218 0.082133 0
0.467 0.128 0.0706754 0.0771826 0
0.468 0.128 0.0848118 0.0813415 0
0.469 0.128 0.0804064 0.0823594 0
0.47 0.128 0.0831342 0.0838221 0
0.471 0.128 0.0757932 0.0783638 0
0.472 0.128 0.0796609 0.0800225 0
0.473 0.128 0.083637 0.0835372 0
0.474 0.128 0.0892026 0.0810144 0
0.475 0.128 0.0826471 0.0816885 0
0.476 0.128 0.0818814 0.0843361 0
0.477 0.129 0.0893192 0.0777705 0
0.478 0.129 0.0866138 0.0804114 0
0.479 0.129 0.0863909 0.0875369 0
0.48 0.129 0.0911205 0.0841966 0
0.481 0.129 0.0883884 0.0877868 0
0.482 0.129 0.0924189 0.0791426 0
0.483 0.129 0.0926116 0.0848479 0
0.484 0.129 0.0916638 0.0909672 0
0.485 0.129 0.0844857 0.0835473 0
0.486 0.129 0.0835263 0.0886631 0
0.487 0.131 0.0795145 0.0864322 0
0.488 0.131 0.0793693 0.0872602 0
0.489 0.131 0.0710818 0.0833998 0
0.49 0.131 0.080034 0.0850186 0
0.491 0.131 0.0713995 0.0869499 0
0.492 0.135 0.0773077 0.0842266 0
0.493 0.135 0.0723251 0.0896432 0
0.494 0.136 0.0749432 0.0869728 0
0.495 0.136 0.07817 0.0869148 0
0.496 0.136 0.0765252 0.0855888 0
0.497 0.136 0.081581 0.0855126 0
0.498 0.136 0.0854819 0.0879812 0
0.499 0.136 0.0771503 0.0879084 0
0.5 0.136 0.0813303 0.0863409 0
0.501 0.136 0.0798409 0.0864818 0
0.502 0.139 0.0758344 0.0880447 0
0.503 0.139 0.0781094 0.0869653 0
0.504 0.139 0.0752055 0.0889824 0
0.505 0.139 0.0701872 0.0899403 0
0.506 0.139 0.07444 0.0876269 0
0.507 0.14 0.0737241 0.0852228 0
0.508 0.141 0.0746353 0.0909499 0
0.509 0.141 0.0754538 0.0854364 0
0.51 0.141 0.0756997 0.0837552 0
0.511 0.141 0.0703985 0.0900588 0
0.512 0.141 0.0782099 0.0899611 0
0.513 0.141 0.0739029 0.0890267 0
0.514 0.178 0.0798069 0.0864759 0
0.515 0.179 0.0736263 0.0914913 0
0.516 0.194 0.0723815 0.0921564 0
0.517 0.194 0.074525 0.08883 0
0.518 0.194 0.0725896 0.0936435 0
0.519 0.194 0.0715689 0.0917789 0
0.52 0.194 0.0714469 0.0870577 0
0.521 0.194 0.0734862 0.0904745 0
0.522 0.194 0.073376 0.0880194 0
0.523 0.195 0.0706688 0.0901479 0
0.524 0.199 0.0786066 0.092358 0
0.525 0.202 0.0703039 0.0891857 0
0.526 0.208 0.0894519 0.0939602 0
0.527 0.208 0.0736718 0.0896764 0
0.528 0.208 0.0857468 0.0944716 0
0.529 0.208 0.0767164 0.0926652 0
0.53 0.208 0.0836185 0.0923801 0
0.531 0.208 0.0824544 0.0934037 0
0.532 0.208 0.0797418 0.093539 0
0.533 0.208 0.0830383 0.08868 0
0.534 0.208 0.0773214 0.0939859 0
0.535 0.211 0.0774154 0.0939933 0
0.536 0.211 0.0743091 0.0919922 0
0.537 0.211 0.0725568 0.0899021 0
0.538 0.212 0.0763981 0.0926699 0
0.539 0.212 0.0745894 0.0876875 0
0.54 0.212 0.0759853 0.0910375 0
0.541 0.212 0.0762138 0.0939883 0
0.542 0.212 0.078639 0.0914077 0
0.543 0.212 0.0780809 0.0952648 0
0.544 0.214 0.0799497 0.0935261 0
0.545 0.214 0.0824887 0.0995489 0
0.546 0.215 0.0860943 0.0914324 0
0.547 0.215 0.0796241 0.0943896 0
0.548 0.217 0.0850936 0.0911996 0
0.549 0.22 0.0877381 0.0930919 0
0.55 0.22 0.0885706 0.0957958 0
0.551 0.23 0.114891 0.0847834 0
0.552 0.23 0.117086 0.0950927 0
0.553 0.231 0.0990863 0.0921175 0
0.554 0.231 0.105177 0.0924396 0
0.555 0.231 0.107729 0.0894528 0
0.556 0.231 0.115205 0.0911907 0
0.557 0.232 0.111777 0.0883907 0
0.558 0.233 0.108509 0.0953666 0
0.559 0.233 0.114625 0.0851598 0
0.56 0.233 0.117013 0.0916567 0
0.561 0.233 0.111344 0.0894969 0
0.562 0.233 0.110112 0.0887484 0
0.563 0.233 0.117973 0.0904244 0
0.564 0.233 0.116439 0.0873349 0
0.565 0.233 0.114149 0.0866183 0
0.566 0.277 0.12205 0.0934274 0
0.567 0.277 0.10408 0.100228 0
0.568 0.277 0.119559 0.0884573 0
0.569 0.278 0.131907 0.0904697 0
0.57 0.278 0.134772 0.0913706 0
0.571 0.278 0.12893 0.097545 0
0.572 0.278 0.124993 0.0931417 0
0.573 0.278 0.131083 0.09605 0
0.574 0.285 0.112121 0.0977731 0
0.575 0.285 0.12364 0.100917 0
0.576 0.303 0.133844 0.0986108 0
0.577 0.303 0.118894 0.0936937 0
0.578 0.303 0.126977 0.0972206 0
0.579 0.303 0.123673 0.0922606 0
0.58 0.303 0.129957 0.0958021 0
0.581 0.305 0.131293 0.0989569 0
0.582 0.305 0.148042 0.0918281 0
0.583 0.306 0.134987 0.0919455 0
0.584 0.38 0.119144 0.102071 0
0.585 0.38 0.143499 0.0936618 0
0.586 0.384 0.143436 0.105283 0
0.587 0.389 0.125651 0.100149 0
0.588 0.389 0.127308 0.106232 0
0.589 0.389 0.128453 0.0974532 0
0.59 0.389 0.148648 0.104326 0
0.591 0.389 0.152834 0.0933746 0
0.592 0.389 0.16553 0.0987063 0
0.593 0.39 0.159763 0.091031 0
0.594 0.39 0.165063 0.0983173 0
0.595 0.39 0.158976 0.0894418 0
0.596 0.392 0.167527 0.0976757 0
0.597 0.394 0.140165 0.0956934 0
0.598 0.394 0.154254 0.102968 0
0.599 0.394 0.130775 0.0955154 0
0.6 0.394 0.137183 0.0980808 0
0.601 0.394 0.134846 0.0898373 0
0.602 0.395 0.149147 0.0994908 0
0.603 0.398 0.146986 0.0951511 0
0.604 0.398 0.154684 0.0996338 0
0.605 0.398 0.145914 0.0913145 0
0.606 0.398 0.154475 0.101247 0
0.607 0.401 0.150847 0.088737 0
0.608 0.402 0.157428 0.0921301 0
0.609 0.403 0.159757 0.093046 0
0.61 0.403 0.175859 0.0863782 0
0.611 0.403 0.170342 0.0817188 0
0.612 0.404 0.162362 0.0810732 0
0.613 0.404 0.165104 0.0905129 0
0.614 0.405 0.153686 0.0866763 0
0.615 0.405 0.137409 0.100272 0
0.616 0.405 0.145178 0.0943136 0
0.617 0.405 0.139141 0.0973585 0
0.618 0.417 0.142444 0.0974929 0
0.619 0.418 0.145561 0.0964979 0
0.62 0.419 0.159574 0.104031 0
0.621 0.42 0.150229 0.0984999 0
0.622 0.42 0.197712 0.0768071 0
0.623 0.42 0.21567 0.0807624 0
0.624 0.42 0.214875 0.0804551 0
0.625 0.431 0.221259 0.0768145 0
0.626 0.432 0.208864 0.0752884 0
0.627 0.432 0.206385 0.072875 0
0.628 0.433 0.208838 0.073872 0
0.629 0.434 0.213948 0.0754387 0
0.63 0.435 0.206662 0.07783 0
0.631 0.439 0.22146 0.0802361 0
0.632 0.439 0.209593 0.0795298 0
0.633 0.449 0.209544 0.0800659 0
0.634 0.449 0.206116 0.0797054 0
0.635 0.452 0.211545 0.0805919 0
0.636 0.452 0.210701 0.0810378 0
0.637 0.452 0.220266 0.0838866 0
0.638 0.452 0.206035 0.085012 0
0.639 0.46 0.209174 0.0858771 0
0.64 0.461 0.199119 0.083218 0
0.641 0.466 0.207228 0.0797693 0
0.642 0.467 0.201344 0.086861 0
0.643 0.468 0.201886 0.0808069 0
0.644 0.468 0.200417 0.0868828 0
0.645 0.468 0.205869 0.0886055 0
0.646 0.472 0.195689 0.0938055 0
0.647 0.472 0.194393 0.0844045 0
0.648 0.475 0.203756 0.0825733 0
0.649 0.475 0.193668 0.085775 0
0.65 0.476 0.195259 0.0825206 0
0.651 0.477 0.19989 0.0825385 0
0.652 0.478 0.199182 0.0850807 0
0.653 0.481 0.205776 0.0805146 0
0.654 0.481 0.192111 0.0876299 0
0.655 0.482 0.190804 0.0838707 0
0.656 0.495 0.204858 0.0839883 0
0.657 0.496 0.200043 0.0852169 0
0.658 0.497 0.197899 0.0861503 0
0.659 0.498 0.200816 0.0911253 0
0.66 0.498 0.189237 0.0875979 0
0.661 0.498 0.20076 0.0823405 0
0.662 0.498 0.193221 0.0939115 0
0.663 0.499 0.202198 0.0898691 0
0.664 0.5 0.192705 0.0919536 0
0.665 0.503 0.201163 0.0929875 0
0.666 0.507 0.200286 0.0930243 0
0.667 0.507 0.199972 0.0922189 0
0.668 0.507 0.198964 0.0956398 0
0.669 0.507 0.191706 0.0965978 0
0.67 0.507 0.187584 0.0943212 0
0.671 0.51 0.189243 0.0922667 0
0.672 0.51 0.1932 0.0935311 0
0.673 0.511 0.193502 0.0949607 0
0.674 0.512 0.187558 0.100257 0
0.675 0.514 0.177995 0.101359 0
0.676 0.516 0.167937 0.1128 0
0.677 0.519 0.171887 0.107945 0
0.678 0.519 0.169758 0.106539 0
0.679 0.52 0.195638 0.0897362 0
0.68 0.52 0.192604 0.0960047 0
0.681 0.522 0.189454 0.0990622 0
0.682 0.522 0.19392 0.0956188 0
0.683 0.522 0.197191 0.103737 0
0.684 0.522 0.19739 0.0986105 0
0.685 0.523 0.189236 0.0967196 0
0.686 0.526 0.193305 0.0995771 0
0.687 0.526 0.177379 0.0982266 0
0.688 0.527 0.170187 0.104464 0
0.689 0.527 0.166435 0.108981 0
0.69 0.529 0.164892 0.107615 0
0.691 0.53 0.160847 0.113134 0
0.692 0.531 0.174794 0.110499 0
0.693 0.532 0.179523 0.114995 0
0.694 0.532 0.183195 0.107132 0
0.695 0.532 0.193118 0.102844 0
0.696 0.532 0.227092 0.0918567 0
0.697 0.532 0.240766 0.0860803 0
0.698 0.537 0.238539 0.0875592 0
0.699 0.538 0.244666 0.0878553 0
0.7 0.541 0.235492 0.0982313 0
0.701 0.542 0.230269 0.0960464 0
0.702 0.543 0.229773 0.0911271 0
0.703 0.548 0.220537 0.0931545 0
0.704 0.549 0.224454 0.0900364 0
0.705 0.549 0.222919 0.08921 0
0.706 0.55 0.231585 0.0939561 0
0.707 0.551 0.236614 0.0893016 0
0.708 0.551 0.249813 0.0939396 0
0.709 0.554 0.239538 0.0945954 0
0.71 0.557 0.239075 0.0995723 0
0.711 0.557 0.246973 0.0889609 0
0.712 0.559 0.261361 0.0834482 0
0.713 0.559 0.259469 0.0890662 0
0.714 0.56 0.264411 0.0906724 0
0.715 0.56 0.251724 0.0902086 0
0.716 0.561 0.260218 0.0889411 0
0.717 0.562 0.256587 0.0848052 0
0.718 0.562 0.251879 0.0889708 0
0.719 0.563 0.2566 0.0889438 0
0.72 0.564 0.257177 0.0912629 0
0.721 0.564 0.255659 0.0859084 0
0.722 0.566 0.219701 0.106661 0
0.723 0.566 0.219594 0.0956703 0
0.724 0.566 0.23545 0.0981438 0
0.725 0.568 0.236831 0.097942 0
0.726 0.57 0.257388 0.0911776 0
0.727 0.573 0.248305 0.0949315 0
0.728 0.573 0.274801 0.0914826 0
0.729 0.573 0.273528 0.0906632 0
0.73 0.573 0.278188 0.0874347 0
0.731 0.574 0.268136 0.0901947 0
0.732 0.577 0.27199 0.0899091 0
0.733 0.577 0.289892 0.0864075 0
0.734 0.577 0.285117 0.0903459 0
0.735 0.577 0.285293 0.0828837 0
0.736 0.577 0.288314 0.0865274 0
0.737 0.578 0.286504 0.0841028 0
0.738 0.578 0.29538 0.0851314 0
0.739 0.579 0.295764 0.080434 0
0.74 0.579 0.306077 0.0791806 0
0.741 0.58 0.291882 0.0808961 0
0.742 0.58 0.297854 0.0819542 0
0.743 0.58 0.302835 0.0811451 0
0.744 0.58 0.342331 0.0671403 0
0.745 0.581 0.340271 0.0698012 0
0.746 0.581 0.334719 0.0702428 0
0.747 0.591 0.334526 0.0707005 0
0.748 0.591 0.346183 0.072901 0
0.749 0.591 0.350684 0.0713868 0
0.75 0.591 0.360872 0.0673756 0
0.751 0.592 0.359945 0.065623 0
0.752 0.592 0.364931 0.0678414 0
0.753 0.592 0.368777 0.0612088 0
0.754 0.594 0.362345 0.0662799 0
0.755 0.594 0.362261 0.0614711 0
0.756 0.595 0.364654 0.064943 0
0.757 0.595 0.361729 0.0634141 0
0.758 0.595 0.376319 0.0660243 0
0.759 0.595 0.366863 0.0632012 0
0.76 0.597 0.367466 0.0638115 0
0.761 0.597 0.369889 0.0597207 0
0.762 0.598 0.375508 0.0632049 0
0.763 0.598 0.373987 0.0628433 0
0.764 0.599 0.379865 0.0678779 0
0.765 0.599 0.376498 0.063335 0
0.766 0.602 0.37783 0.0632546 0
0.767 0.603 0.376723 0.0667745 0
0.768 0.611 0.375341 0.0640636 0
0.769 0.612 0.384823 0.0612824 0
0.77 0.612 0.377336 0.0647361 0
0.771 0.612 0.380679 0.0593433 0
0.772 0.612 0.373258 0.0620755 0
0.773 0.612 0.383269 0.0572685 0
0.774 0.612 0.376541 0.0635399 0
0.775 0.613 0.384028 0.0555815 0
0.776 0.613 0.383655 0.0653464 0
0.777 0.613 0.390009 0.0630889 0
0.778 0.615 0.387827 0.0609988 0
0.779 0.62 0.376869 0.0661511 0
0.78 0.623 0.374282 0.0639215 0
0.781 0.624 0.37402 0.0638709 0
0.782 0.63 0.375493 0.0631595 0
0.783 0.63 0.37671 0.0626336 0
0.784 0.631 0.373185 0.0608044 0
0.785 0.632 0.374554 0.0575619 0
0.786 0.632 0.377203 0.0601165 0
0.787 0.634 0.386478 0.0604892 0
0.788 0.634 0.384945 0.0632815 0
0.789 0.634 0.381144 0.0666935 0
0.79 0.634 0.390618 0.0682636 0
0.791 0.634 0.390203 0.0645455 0
0.792 0.634 0.387423 0.0632257 0
0.793 0.635 0.39167 0.0628256 0
0.794 0.636 0.394403 0.0622484 0
0.795 0.636 0.402921 0.0594364 0
0.796 0.643 0.400421 0.0605109 0
0.797 0.645 0.400182 0.0631747 0
0.798 0.645 0.408549 0.0552433 0
0.799 0.645 0.415164 0.0559904 0
0.8 0.645 0.407594 0.0592466 0
0.801 0.647 0.404696 0.0629071 0
0.802 0.65 0.407612 0.0551215 0
0.803 0.651 0.407818 0.0611358 0
0.804 0.651 0.407719 0.0562915 0
0.805 0.651 0.405169 0.0619902 0
0.806 0.652 0.405746 0.0567497 0
0.807 0.652 0.409481 0.0610547 0
0.808 0.657 0.400599 0.0613526 0
0.809 0.66 0.408192 0.0620714 0
0.81 0.66 0.407993 0.0627308 0
0.811 0.66 0.40742 0.0609946 0
0.812 0.661 0.406001 0.0595767 0
0.813 0.661 0.437112 0.0580684 0
0.814 0.661 0.447878 0.0546782 0
0.815 0.661 0.44971 0.0536127 0
0.816 0.661 0.460476 0.0503995 0
0.817 0.664 0.460695 0.0520605 0
0.818 0.664 0.457057 0.0498805 0
0.819 0.665 0.464175 0.0499855 0
0.82 0.665 0.463132 0.0512437 0
0.821 0.665 0.463643 0.0471851 0
0.822 0.668 0.468399 0.0487787 0
0.823 0.669 0.469169 0.0511203 0
0.824 0.67 0.46885 0.0521307 0
0.825 0.67 0.471805 0.0522308 0
0.826 0.67 0.473786 0.049838 0
0.827 0.673 0.480362 0.0500188 0
0.828 0.673 0.475477 0.0496473 0
0.829 0.673 0.479182 0.0493486 0
0.83 0.673 0.482806 0.0492045 0
0.831 0.675 0.476901 0.0475142 0
0.832 0.676 0.472895 0.049613 0
0.833 0.676 0.481271 0.0483044 0
0.834 0.676 0.474889 0.0481133 0
0.835 0.677 0.478751 0.0454735 0
0.836 0.678 0.473567 0.0451314 0
0.837 0.678 0.481749 0.042789 0
0.838 0.681 0.483184 0.0475707 0
0.839 0.682 0.487356 0.0433439 0
0.84 0.682 0.48444 0.0429448 0
0.841 0.682 0.481449 0.0398249 0
0.842 0.683 0.48974 0.0437442 0
0.843 0.684 0.482755 0.0420274 0
0.844 0.684 0.502903 0.0410662 0
0.845 0.684 0.509719 0.038718 0
0.846 0.684 0.507842 0.0417394 0
0.847 0.684 0.511691 0.0430173 0
0.848 0.684 0.50917 0.0415501 0
0.849 0.685 0.507056 0.0406005 0
0.85 0.685 0.515741 0.0472044 0
0.851 0.688 0.503578 0.041656 0
0.852 0.688 0.515288 0.0423859 0
0.853 0.689 0.513522 0.0424452 0
0.854 0.689 0.512771 0.0479417 0
0.855 0.689 0.510975 0.0426652 0
0.856 0.689 0.511564 0.0484187 0
0.857 0.689 0.516447 0.041153 0
0.858 0.689 0.516974 0.0422149 0
0.859 0.689 0.520775 0.0424459 0
0.86 0.691 0.514556 0.0472435 0
0.861 0.691 0.520696 0.0448638 0
0.862 0.691 0.520602 0.047825 0
0.863 0.693 0.519051 0.0424217 0
0.864 0.695 0.523021 0.044051 0
0.865 0.696 0.519004 0.0445963 0
0.866 0.698 0.528438 0.0414292 0
0.867 0.699 0.525128 0.0435518 0
0.868 0.7 0.525913 0.0429638 0
0.869 0.7 0.524766 0.0392077 0
0.87 0.7 0.525987 0.0446635 0
0.871 0.7 0.527405 0.0418413 0
0.872 0.7 0.528103 0.0423408 0
0.873 0.7 0.532183 0.0400265 0
0.874 0.7 0.533696 0.0430544 0
0.875 0.702 0.522597 0.0437271 0
0.876 0.702 0.528916 0.0420693 0
0.877 0.702 0.52361 0.0392823 0
0.878 0.702 0.53614 0.0399332 0
0.879 0.703 0.537128 0.0415268 0
0.88 0.703 0.536831 0.0389865 0
0.881 0.703 0.539682 0.0427738 0
0.882 0.703 0.545926 0.0366418 0
0.883 0.703 0.546237 0.0420821 0
0.884 0.709 0.545403 0.0362255 0
0.885 0.713 0.54373 0.0405792 0
0.886 0.713 0.559356 0.034871 0
0.887 0.714 0.557852 0.0364579 0
0.888 0.715 0.566563 0.0340039 0
0.889 0.716 0.560251 0.0359557 0
0.89 0.716 0.562885 0.0375331 0
0.891 0.716 0.561764 0.035026 0
0.892 0.717 0.560449 0.0397253 0
0.893 0.717 0.559889 0.0350383 0
0.894 0.717 0.572228 0.0356741 0
0.895 0.717 0.570076 0.0346588 0
0.896 0.718 0.573036 0.0360351 0
0.897 0.72 0.566161 0.0338139 0
0.898 0.722 0.576231 0.0326011 0
0.899 0.722 0.572626 0.0367084 0
0.9 0.731 0.571611 0.0362825 0
0.901 0.731 0.562749 0.0314253 0
0.902 0.732 0.570687 0.0269593 0
0.903 0.733 0.567473 0.0314073 0
0.904 0.733 0.565397 0.0334417 0
0.905 0.733 0.573993 0.0329766 0
0.906 0.733 0.57579 0.0353768 0
0.907 0.733 0.57353 0.0327501 0
0.908 0.733 0.576639 0.0342744 0
0.909 0.733 0.576908 0.03008 0
0.91 0.733 0.574037 0.0335202 0
0.911 0.733 0.574123 0.0293575 0
0.912 0.733 0.579289 0.0311405 0
0.913 0.733 0.578498 0.0324692 0
0.914 0.733 0.584838 0.0308654 0
0.915 0.738 0.578208 0.0312966 0
0.916 0.739 0.584048 0.0319084 0
0.917 0.739 0.576824 0.0315472 0
0.918 0.739 0.578626 0.0321519 0
0.919 0.739 0.579382 0.0332057 0
0.92 0.74 0.580257 0.0276092 0
0.921 0.74 0.583239 0.0306335 0
0.922 0.741 0.584145 0.0304976 0
0.923 0.741 0.589822 0.0310004 0
0.924 0.742 0.586278 0.0370313 0
0.925 0.743 0.580575 0.035543 0
0.926 0.747 0.584653 0.0367811 0
0.927 0.747 0.59316 0.0324402 0
0.928 0.748 0.590158 0.034904 0
0.929 0.748 0.59244 0.0330746 0
0.93 0.751 0.590537 0.0382336 0
0.931 0.754 0.59469 0.0329436 0
0.932 0.754 0.594986 0.033293 0
0.933 0.755 0.595788 0.0337103 0
0.934 0.758 0.594357 0.0332695 0
0.935 0.759 0.598142 0.0333207 0
0.936 0.759 0.601777 0.0315765 0
0.937 0.759 0.595553 0.0333673 0
0.938 0.761 0.60092 0.0335262 0
0.939 0.761 0.59845 0.0311384 0
0.94 0.761 0.599036 0.0316845 0
0.941 0.763 0.590942 0.0283356 0
0.942 0.763 0.590441 0.0368994 0
0.943 0.763 0.590687 0.0337897 0
0.944 0.763 0.591318 0.0335874 0
0.945 0.763 0.594867 0.030385 0
0.946 0.763 0.592312 0.0351668 0
0.947 0.763 0.592091 0.0337595 0
0.948 0.763 0.591866 0.0332308 0
0.949 0.763 0.59412 0.0335745 0
0.95 0.764 0.592023 0.033727 0
0.951 0.764 0.590457 0.0358478 0
0.952 0.765 0.597093 0.0365589 0
0.953 0.765 0.597184 0.0353187 0
0.954 0.766 0.594538 0.0344196 0
0.955 0.766 0.593926 0.0369361 0
0.956 0.766 0.599979 0.0369527 0
0.957 0.768 0.598914 0.035087 0
0.958 0.768 0.603934 0.032188 0
0.959 0.768 0.600845 0.0335923 0
0.96 0.768 0.602774 0.0338282 0
0.961 0.768 0.602704 0.0325125 0
0.962 0.768 0.605809 0.0314072 0
0.963 0.769 0.601605 0.0327138 0
0.964 0.769 0.610838 0.0341062 0
0.965 0.769 0.601309 0.0336408 0
0.966 0.769 0.60941 0.033009 0
0.967 0.769 0.606224 0.0323892 0
0.968 0.769 0.606673 0.0356969 0
0.969 0.769 0.615691 0.0323388 0
0.97 0.769 0.612635 0.0340045 0
0.971 0.77 0.604633 0.031896 0
0.972 0.77 0.609189 0.0369734 0
0.973 0.77 0.602827 0.0304745 0
0.974 0.771 0.611532 0.0319307 0
0.975 0.772 0.607884 0.0345107 0
0.976 0.772 0.608007 0.0323914 0
0.977 0.773 0.615227 0.0295938 0
0.978 0.773 0.609851 0.0341727 0
0.979 0.773 0.6152 0.0322072 0
0.98 0.773 0.613394 0.0284774 0
0.981 0.773 0.615859 0.0316472 0
0.982 0.773 0.620428 0.0309428 0
0.983 0.773 0.619109 0.0298344 0
0.984 0.773 0.61881 0.033421 0
0.985 0.773 0.619592 0.0297069 0
0.986 0.773 0.626587 0.0310735 0
0.987 0.775 0.625068 0.0308838 0
0.988 0.775 0.632729 0.0282492 0
0.989 0.775 0.634042 0.0270603 0
0.99 0.775 0.632231 0.0269866 0
0.991 0.776 0.63917 0.0265216 0
0.992 0.776 0.63666 0.030225 0
0.993 0.776 0.637457 0.0290315 0
0.994 0.777 0.634256 0.0265087 0
0.995 0.778 0.638657 0.0279807 0
0.996 0.778 0.638382 0.0264696 0
0.997 0.783 0.639769 0.0264444 0
0.998 0.783 0.641526 0.024304 0
0.999 0.784 0.641131 0.0250521 0
1 0.786 0.645229 0.0238215 0
1.001 0.786 0.64729 0.0275403 0
1.002 0.787 0.646992 0.0282541 0
1.003 0.787 0.647388 0.0241762 0
1.004 0.787 0.64726 0.0261519 0
1.005 0.788 0.645004 0.0230884 0
1.006 0.788 0.649521 0.0240057 0
1.007 0.788 0.648942 0.0270994 0
1.008 0.788 0.646761 0.0285442 0
1.009 0.788 0.6475 0.0251417 0
1.01 0.788 0.646578 0.0262736 0
1.011 0.789 0.647482 0.0289226 0
1.012 0.79 0.651335 0.0269461 0
1.013 0.79 0.654504 0.0284551 0
1.014 0.79 0.648852 0.0312908 0
1.015 0.79 0.653048 0.0275801 0
1.016 0.791 0.646015 0.0272554 0
1.017 0.791 0.650696 0.0317036 0
1.018 0.791 0.653841 0.0245316 0
1.019 0.792 0.652263 0.031094 0
1.02 0.792 0.650185 0.0258137 0
1.021 0.793 0.660348 0.0314048 0
1.022 0.793 0.656765 0.027298 0
1.023 0.793 0.655285 0.0323486 0
1.024 0.793 0.655861 0.0262017 0
1.025 0.793 0.65869 0.0303954 0
1.026 0.793 0.655435 0.0265038 0
1.027 0.794 0.660848 0.0310444 0
1.028 0.794 0.656752 0.0264492 0
1.029 0.795 0.659988 0.0286638 0
1.03 0.795 0.658242 0.0259018 0
1.031 0.796 0.665326 0.0292173 0
1.032 0.796 0.670568 0.0247656 0
1.033 0.796 0.66872 0.0249178 0
1.034 0.796 0.668079 0.027213 0
1.035 0.798 0.672214 0.0247319 0
1.036 0.799 0.669097 0.0270871 0
1.037 0.799 0.671456 0.0232784 0
1.038 0.799 0.673975 0.0267421 0
1.039 0.801 0.676802 0.0225266 0
1.04 0.801 0.675664 0.0262845 0
1.041 0.801 0.673651 0.0247921 0
1.042 0.801 0.679177 0.0270596 0
1.043 0.801 0.671425 0.0243167 0
1.044 0.801 0.680398 0.0274972 0
1.045 0.801 0.673153 0.0222694 0
1.046 0.801 0.678077 0.0271618 0
1.047 0.801 0.676349 0.0243005 0
1.048 0.801 0.673427 0.0278935 0
1.049 0.801 0.677137 0.0249264 0
1.05 0.803 0.683435 0.0279949 0
1.051 0.803 0.679777 0.0221912 0
1.052 0.803 0.689566 0.0264056 0
1.053 0.804 0.688544 0.0219918 0
1.054 0.804 0.694324 0.0200436 0
1.055 0.804 0.692536 0.0237702 0
1.056 0.804 0.69312 0.0216479 0
1.057 0.804 0.699142 0.0222984 0
1.058 0.804 0.696033 0.0203978 0
1.059 0.804 0.693561 0.0211301 0
1.06 0.806 0.700419 0.0197431 0
1.061 0.807 0.702875 0.0231199 0
1.062 0.808 0.701683 0.0228001 0
1.063 0.808 0.705554 0.025792 0
1.064 0.81 0.703014 0.0230929 0
1.065 0.811 0.700721 0.0227563 0
1.066 0.812 0.706201 0.0197106 0
1.067 0.812 0.703952 0.0247078 0
1.068 0.812 0.708972 0.0223452 0
1.069 0.812 0.707124 0.0196931 0
1.07 0.812 0.708318 0.0205038 0
1.071 0.812 0.710089 0.0239377 0
1.072 0.812 0.706146 0.0222565 0
1.073 0.813 0.709014 0.0224238 0
1.074 0.813 0.714727 0.0198676 0
1.075 0.813 0.709608 0.0222996 0
1.076 0.813 0.712378 0.0208926 0
1.077 0.813 0.71462 0.0214954 0
1.078 0.815 0.72097 0.0186783 0
1.079 0.815 0.723877 0.0233846 0
1.08 0.815 0.714943 0.0217333 0
1.081 0.815 0.726894 0.0198993 0
1.082 0.815 0.717603 0.0191767 0
1.083 0.815 0.721904 0.0216456 0
1.084 0.815 0.723332 0.0180287 0
1.085 0.815 0.724021 0.0226334 0
1.086 0.816 0.719873 0.0218145 0
1.087 0.816 0.724154 0.0232428 0
1.088 0.817 0.723348 0.0164064 0
1.089 0.817 0.722025 0.0211124 0
1.09 0.817 0.722253 0.0158769 0
1.091 0.818 0.723062 0.0230812 0
1.092 0.818 0.722757 0.019574 0
1.093 0.82 0.723324 0.0186876 0
1.094 0.82 0.727895 0.0197709 0
1.095 0.821 0.726079 0.0202077 0
1.096 0.821 0.728882 0.019014 0
1.097 0.821 0.73439 0.0231665 0
1.098 0.821 0.734367 0.0192756 0
1.099 0.824 0.736014 0.0225181 0
1.1 0.824 0.732574 0.0202941 0
1.101 0.824 0.740681 0.0203905 0
1.102 0.824 0.735976 0.0189972 0
1.103 0.824 0.740054 0.0233471 0
1.104 0.824 0.736971 0.0176906 0
1.105 0.824 0.739706 0.0216785 0
1.106 0.824 0.734967 0.0206851 0
1.107 0.824 0.742112 0.0237534 0
1.108 0.824 0.743385 0.0162438 0
1.109 0.824 0.744793 0.0222215 0
1.11 0.825 0.745054 0.0175566 0
1.111 0.825 0.74278 0.0218471 0
1.112 0.825 0.745398 0.0177923 0
1.113 0.825 0.749443 0.0209211 0
1.114 0.826 0.743414 0.0182714 0
1.115 0.826 0.745839 0.0178978 0
1.116 0.827 0.748287 0.0139494 0
1.117 0.828 0.75246 0.0165991 0
1.118 0.828 0.746934 0.0179869 0
1.119 0.83 0.750507 0.0157998 0
1.12 0.83 0.75372 0.0172194 0
1.121 0.831 0.753588 0.0166519 0
1.122 0.831 0.751018 0.0165562 0
1.123 0.831 0.757236 0.0183691 0
1.124 0.831 0.754775 0.0189435 0
1.125 0.831 0.749143 0.0159209 0
1.126 0.831 0.753124 0.0183351 0
1.127 0.831 0.754226 0.0174758 0
1.128 0.832 0.756327 0.0152723 0
1.129 0.832 0.757958 0.0182421 0
1.13 0.833 0.758098 0.0200594 0
1.131 0.833 0.756991 0.0160641 0
1.132 0.833 0.759605 0.0184224 0
1.133 0.833 0.75815 0.0180517 0
1.134 0.833 0.757131 0.0183195 0
1.135 0.833 0.756006 0.0171523 0
1.136 0.833 0.756403 0.0191367 0
1.137 0.833 0.759164 0.0148269 0
1.138 0.833 0.761214 0.0163261 0
1.139 0.833 0.758447 0.0150217 0
1.14 0.833 0.758211 0.0173505 0
1.141 0.833 0.758188 0.0166938 0
1.142 0.833 0.759745 0.0193832 0
1.143 0.833 0.762328 0.015505 0
1.144 0.833 0.754613 0.0178136 0
1.145 0.833 0.762418 0.0159815 0
1.146 0.833 0.763177 0.0174144 0
1.147 0.833 0.763156 0.0167472 0
1.148 0.835 0.765295 0.0183814 0
1.149 0.835 0.761309 0.0169562 0
1.15 0.835 0.762607 0.0182734 0
1.151 0.835 0.764377 0.0156801 0
1.152 0.835 0.763647 0.0176734 0
1.153 0.84 0.770498 0.0156499 0
1.154 0.84 0.769636 0.0149159 0
1.155 0.84 0.768187 0.0140334 0
1.156 0.84 0.771848 0.0138495 0
1.157 0.841 0.770952 0.016857 0
1.158 0.842 0.769378 0.0144692 0
1.159 0.843 0.771379 0.0164369 0
1.16 0.843 0.768762 0.0179999 0
1.161 0.843 0.764796 0.0167677 0
1.162 0.844 0.770426 0.0187077 0
1.163 0.845 0.768576 0.0212092 0
1.164 0.845 0.768902 0.0164115 0
1.165 0.845 0.770582 0.0216701 0
1.166 0.845 0.770018 0.0151045 0
1.167 0.845 0.774448 0.0211987 0
1.168 0.845 0.766454 0.0164263 0
1.169 0.845 0.768738 0.0222509 0
1.17 0.846 0.765669 0.0174739 0
1.171 0.846 0.771775 0.0152865 0
1.172 0.846 0.773525 0.0172894 0
1.173 0.846 0.769631 0.0151751 0
1.174 0.846 0.769995 0.0170141 0
1.175 0.846 0.772145 0.01601 0
1.176 0.848 0.774063 0.0158083 0
1.177 0.849 0.776179 0.015987 0
1.178 0.852 0.776204 0.0166841 0
1.179 0.852 0.776735 0.0164172 0
1.18 0.852 0.778946 0.0163074 0
1.181 0.852 0.776655 0.016501 0
1.182 0.852 0.778113 0.0158425 0
1.183 0.852 0.7787 0.0158361 0
1.184 0.852 0.779583 0.0152059 0
1.185 0.852 0.77685 0.0165965 0
1.186 0.852 0.774139 0.0156677 0
1.187 0.852 0.787525 0.0157871 0
1.188 0.852 0.785945 0.0167337 0
1.189 0.853 0.787821 0.0151583 0
1.19 0.853 0.786218 0.0164942 0
1.191 0.853 0.787675 0.0153134 0
1.192 0.853 0.78892 0.0131658 0
1.193 0.853 0.791246 0.0150185 0
1.194 0.853 0.789798 0.0123961 0
1.195 0.853 0.791678 0.0140086 0
1.196 0.853 0.796021 0.0133344 0
1.197 0.854 0.78973 0.0169152 0
1.198 0.854 0.793981 0.018646 0
1.199 0.854 0.794854 0.0148347 0
1.2 0.856 0.794985 0.018536 0
