# Node_nr = 300
# K <r> sigma_r(sig not of average! divide by sqrt(n))
0 0.00666667 0.0560246 0.0268705 0
0.00333333 0.00666667 0.0476505 0.0235032 0
0.00666667 0.00666667 0.0515056 0.0256144 0
0.01 0.00666667 0.0509204 0.0272694 0
0.0133333 0.00666667 0.0531253 0.0274009 0
0.0166667 0.00666667 0.0496316 0.0272467 0
0.02 0.00666667 0.051099 0.0269242 0
0.0233333 0.00666667 0.0564485 0.0288447 0
0.0266667 0.00666667 0.0538985 0.0271925 0
0.03 0.00666667 0.0535383 0.0272508 0
0.0333333 0.00666667 0.0556055 0.027768 0
0.0366667 0.00666667 0.0516055 0.0292545 0
0.04 0.00666667 0.0540439 0.0284249 0
0.0433333 0.00666667 0.0566082 0.0295076 0
0.0466667 0.00666667 0.0589541 0.0300589 0
0.05 0.00666667 0.0518835 0.028547 0
0.0533333 0.01 0.0508211 0.0266977 0
0.0566667 0.01 0.0568474 0.0295722 0
0.06 0.01 0.052901 0.0278592 0
0.0633333 0.01 0.0516681 0.0293767 0
0.0666667 0.01 0.0553229 0.0273276 0
0.07 0.01 0.0582529 0.0287526 0
0.0733333 0.01 0.05497 0.0280791 0
0.0766667 0.01 0.0532842 0.0283476 0
0.08 0.01 0.0538456 0.0289397 0
0.0833333 0.01 0.0558215 0.0287367 0
0.0866667 0.0133333 0.058149 0.03045 0
0.09 0.0133333 0.0557568 0.0272239 0
0.0933333 0.0133333 0.0553494 0.0301066 0
0.0966667 0.0133333 0.0518371 0.0280866 0
0.1 0.0133333 0.058487 0.0300685 0
0.103333 0.0133333 0.0598147 0.0297795 0
0.106667 0.0133333 0.0551006 0.0306631 0
0.11 0.0133333 0.0605202 0.031818 0
0.113333 0.0133333 0.0614929 0.0320633 0
0.116667 0.0133333 0.057401 0.0269263 0
0.12 0.0133333 0.0667909 0.0321254 0
0.123333 0.0133333 0.0614993 0.0324476 0
0.126667 0.0133333 0.0584881 0.0295782 0
0.13 0.0133333 0.0584943 0.0312999 0
0.133333 0.0266667 0.0555423 0.0305656 0
0.136667 0.0266667 0.0640661 0.0315093 0
0.14 0.0266667 0.0667698 0.0336946 0
0.143333 0.0266667 0.0692128 0.0370292 0
0.146667 0.0266667 0.0561285 0.0293723 0
0.15 0.0266667 0.0624934 0.0333399 0
0.153333 0.0266667 0.0644897 0.0329951 0
0.156667 0.0266667 0.0657133 0.0304291 0
0.16 0.0266667 0.0638686 0.0321209 0
0.163333 0.0266667 0.0599037 0.0317012 0
0.166667 0.0266667 0.0597902 0.0325142 0
0.17 0.0266667 0.0602076 0.0312971 0
0.173333 0.0266667 0.0617254 0.0323293 0
0.176667 0.03 0.0666288 0.0351012 0
0.18 0.03 0.0697159 0.0346194 0
0.183333 0.03 0.0655082 0.0362851 0
0.186667 0.03 0.0655755 0.0337995 0
0.19 0.03 0.0683466 0.0352696 0
0.193333 0.03 0.0688149 0.0357203 0
0.196667 0.03 0.0641666 0.0303519 0
0.2 0.03 0.0665718 0.0355835 0
0.203333 0.03 0.0652434 0.0327877 0
0.206667 0.03 0.0681389 0.0374478 0
0.21 0.03 0.0674362 0.0352595 0
0.213333 0.03 0.0672602 0.0343532 0
0.216667 0.03 0.065122 0.0343872 0
0.22 0.03 0.0700649 0.0361174 0
0.223333 0.03 0.0682458 0.0349085 0
0.226667 0.03 0.0677068 0.0363972 0
0.23 0.03 0.0701992 0.0359753 0
0.233333 0.03 0.068013 0.0338985 0
0.236667 0.03 0.0735105 0.0390363 0
0.24 0.03 0.0706262 0.0364322 0
0.243333 0.0333333 0.0731245 0.0388581 0
0.246667 0.0333333 0.0713636 0.0385643 0
0.25 0.0333333 0.0663825 0.0344467 0
0.253333 0.0333333 0.0728048 0.0356127 0
0.256667 0.0333333 0.0712808 0.0396403 0
0.26 0.0333333 0.0693155 0.0372708 0
0.263333 0.0333333 0.070966 0.0366655 0
0.266667 0.0333333 0.072724 0.040326 0
0.27 0.0333333 0.0771648 0.0389116 0
0.273333 0.0333333 0.0699777 0.0366103 0
0.276667 0.0333333 0.0748608 0.0359152 0
0.28 0.0333333 0.0736076 0.0372055 0
0.283333 0.0333333 0.0830837 0.0414579 0
0.286667 0.0466667 0.0799156 0.0407147 0
0.29 0.0466667 0.0800433 0.0446175 0
0.293333 0.0466667 0.0865077 0.0422216 0
0.296667 0.0466667 0.087915 0.045138 0
0.3 0.0533333 0.0922484 0.0431349 0
0.303333 0.0533333 0.0803831 0.0408935 0
0.306667 0.0533333 0.0916976 0.04286 0
0.31 0.0533333 0.0878374 0.0428745 0
0.313333 0.0533333 0.0908607 0.045384 0
0.316667 0.0533333 0.0894118 0.0483716 0
0.32 0.0533333 0.0900681 0.0443446 0
0.323333 0.0533333 0.089977 0.0454986 0
0.326667 0.0633333 0.0888001 0.0470454 0
0.33 0.0633333 0.0922754 0.0450224 0
0.333333 0.0633333 0.0996575 0.0456348 0
0.336667 0.0633333 0.0958226 0.0468031 0
0.34 0.0633333 0.0938876 0.0487207 0
0.343333 0.0633333 0.0929284 0.0453074 0
0.346667 0.0633333 0.0951981 0.0426907 0
0.35 0.0633333 0.0991803 0.050833 0
0.353333 0.0633333 0.0961501 0.0461506 0
0.356667 0.0633333 0.0964247 0.0524658 0
0.36 0.0633333 0.103708 0.0490409 0
0.363333 0.0633333 0.107741 0.0540182 0
0.366667 0.0666667 0.108214 0.0554705 0
0.37 0.0666667 0.111185 0.0521789 0
0.373333 0.0666667 0.107145 0.0532506 0
0.376667 0.0666667 0.108493 0.0498383 0
0.38 0.08 0.0748111 0.0385631 0
0.383333 0.08 0.0805716 0.0424335 0
0.386667 0.08 0.0764517 0.0380534 0
0.39 0.08 0.13027 0.0549965 0
0.393333 0.0866667 0.116422 0.0513798 0
0.396667 0.0866667 0.118863 0.0546968 0
0.4 0.0933333 0.0969389 0.0502366 0
0.403333 0.0933333 0.0899134 0.0434091 0
0.406667 0.0933333 0.109748 0.0550092 0
0.41 0.0933333 0.150971 0.0570732 0
0.413333 0.0933333 0.104623 0.0517177 0
0.416667 0.0933333 0.152356 0.0571347 0
0.42 0.0933333 0.117764 0.0639911 0
0.423333 0.0933333 0.12585 0.0584032 0
0.426667 0.0933333 0.126621 0.064939 0
0.43 0.0933333 0.126595 0.0699287 0
0.433333 0.0933333 0.126435 0.0578727 0
0.436667 0.0933333 0.133356 0.0651467 0
0.44 0.0933333 0.137416 0.0661633 0
0.443333 0.0933333 0.129794 0.068834 0
0.446667 0.0933333 0.136246 0.0662789 0
0.45 0.136667 0.159444 0.0734041 0
0.453333 0.136667 0.153257 0.0776723 0
0.456667 0.136667 0.159203 0.0633998 0
0.46 0.14 0.161989 0.0681808 0
0.463333 0.14 0.162149 0.0746089 0
0.466667 0.14 0.163465 0.0674902 0
0.47 0.143333 0.166889 0.0765113 0
0.473333 0.143333 0.162395 0.0714919 0
0.476667 0.143333 0.179161 0.0872704 0
0.48 0.153333 0.172869 0.0720918 0
0.483333 0.153333 0.185862 0.086615 0
0.486667 0.153333 0.176505 0.082066 0
0.49 0.153333 0.213117 0.0965415 0
0.493333 0.153333 0.107526 0.0463502 0
0.496667 0.153333 0.164183 0.0635803 0
0.5 0.22 0.230017 0.0860661 0
0.503333 0.33 0.222986 0.0426348 0
0.506667 0.33 0.286807 0.0528455 0
0.51 0.333333 0.209136 0.0456802 0
0.513333 0.333333 0.0794291 0.0356842 0
0.516667 0.336667 0.149203 0.0436987 0
0.52 0.343333 0.271644 0.0434882 0
0.523333 0.343333 0.286939 0.0432823 0
0.526667 0.346667 0.180414 0.0433622 0
0.53 0.346667 0.294798 0.0395139 0
0.533333 0.346667 0.294685 0.0453504 0
0.536667 0.346667 0.246185 0.048047 0
0.54 0.346667 0.0988915 0.0439767 0
0.543333 0.35 0.212515 0.0483592 0
0.546667 0.35 0.24087 0.0476694 0
0.55 0.376667 0.288697 0.0445026 0
0.553333 0.376667 0.21489 0.0442506 0
0.556667 0.38 0.137177 0.0392129 0
0.56 0.39 0.0635362 0.0309642 0
0.563333 0.39 0.247826 0.0466098 0
0.566667 0.39 0.226567 0.0414929 0
0.57 0.396667 0.0720837 0.0352957 0
0.573333 0.4 0.185226 0.0427413 0
0.576667 0.4 0.30722 0.0433772 0
0.58 0.4 0.175711 0.0482038 0
0.583333 0.413333 0.320735 0.0483336 0
0.586667 0.413333 0.164381 0.0439285 0
0.59 0.416667 0.26322 0.0426945 0
0.593333 0.42 0.226659 0.0458707 0
0.596667 0.423333 0.249988 0.041277 0
0.6 0.423333 0.124561 0.0449777 0
0.603333 0.423333 0.334062 0.0426397 0
0.606667 0.423333 0.150737 0.0424025 0
0.61 0.44 0.401064 0.0396673 0
0.613333 0.443333 0.29226 0.0428579 0
0.616667 0.453333 0.401166 0.0408793 0
0.62 0.456667 0.288534 0.0453858 0
0.623333 0.456667 0.200106 0.0449378 0
0.626667 0.456667 0.0989766 0.0382029 0
0.63 0.46 0.410535 0.0420519 0
0.633333 0.46 0.331009 0.0407475 0
0.636667 0.46 0.272406 0.0406271 0
0.64 0.463333 0.41486 0.0399576 0
0.643333 0.47 0.101528 0.0357494 0
0.646667 0.47 0.319669 0.0425899 0
0.65 0.473333 0.441779 0.0430759 0
0.653333 0.473333 0.115898 0.0398796 0
0.656667 0.476667 0.106363 0.0381141 0
0.66 0.476667 0.460757 0.0408557 0
0.663333 0.48 0.164822 0.0368287 0
0.666667 0.48 0.119691 0.0381001 0
0.67 0.48 0.0675687 0.0318246 0
0.673333 0.48 0.285883 0.0428197 0
0.676667 0.48 0.40376 0.0412191 0
0.68 0.493333 0.226126 0.0391153 0
0.683333 0.493333 0.0979954 0.0355849 0
0.686667 0.493333 0.143898 0.0392878 0
0.69 0.493333 0.152374 0.0391148 0
0.693333 0.513333 0.109537 0.0330668 0
0.696667 0.526667 0.243023 0.0369466 0
0.7 0.526667 0.51306 0.0384227 0
0.703333 0.54 0.225229 0.0358093 0
0.706667 0.543333 0.183364 0.0385306 0
0.71 0.56 0.427066 0.03405 0
0.713333 0.56 0.0633622 0.0276974 0
0.716667 0.57 0.328939 0.0350848 0
0.72 0.573333 0.305087 0.0313161 0
0.723333 0.573333 0.120894 0.0345604 0
0.726667 0.573333 0.490275 0.034285 0
0.73 0.576667 0.151089 0.0313306 0
0.733333 0.583333 0.513248 0.029262 0
0.736667 0.586667 0.458879 0.0292323 0
0.74 0.586667 0.443996 0.0372201 0
0.743333 0.586667 0.359577 0.0318877 0
0.746667 0.586667 0.123302 0.0336581 0
0.75 0.6 0.437834 0.035806 0
0.753333 0.61 0.424509 0.0292569 0
0.756667 0.616667 0.421056 0.0324521 0
0.76 0.62 0.457062 0.029521 0
0.763333 0.623333 0.313138 0.0312544 0
0.766667 0.623333 0.474462 0.030207 0
0.77 0.63 0.512139 0.0316352 0
0.773333 0.63 0.212688 0.0302901 0
0.776667 0.63 0.483639 0.0290171 0
0.78 0.636667 0.469733 0.0292354 0
0.783333 0.64 0.267096 0.0254246 0
0.786667 0.64 0.116918 0.0290263 0
0.79 0.643333 0.0913212 0.0293235 0
0.793333 0.653333 0.212142 0.0269499 0
0.796667 0.653333 0.0485148 0.0218578 0
0.8 0.653333 0.516667 0.0310801 0
0.803333 0.66 0.220011 0.0326756 0
0.806667 0.66 0.466296 0.0286162 0
0.81 0.666667 0.653766 0.0261446 0
0.813333 0.666667 0.597611 0.0267663 0
0.816667 0.673333 0.660793 0.0256852 0
0.82 0.68 0.278958 0.0270762 0
0.823333 0.68 0.585012 0.0276987 0
0.826667 0.68 0.254968 0.0257896 0
0.83 0.683333 0.177553 0.0258101 0
0.833333 0.683333 0.341468 0.0247988 0
0.836667 0.683333 0.670268 0.0297 0
0.84 0.686667 0.593907 0.0277891 0
0.843333 0.69 0.446509 0.0310368 0
0.846667 0.69 0.67827 0.0290129 0
0.85 0.69 0.545308 0.0277794 0
0.853333 0.693333 0.532758 0.0275562 0
0.856667 0.693333 0.187508 0.0246905 0
0.86 0.693333 0.570839 0.0287789 0
0.863333 0.693333 0.686343 0.0297558 0
0.866667 0.693333 0.480529 0.0308357 0
0.87 0.693333 0.455264 0.0286338 0
0.873333 0.693333 0.153295 0.0273961 0
0.876667 0.693333 0.14765 0.0260521 0
0.88 0.7 0.440456 0.0278331 0
0.883333 0.7 0.609468 0.0298228 0
0.886667 0.703333 0.593102 0.026391 0
0.89 0.71 0.497698 0.0272048 0
0.893333 0.72 0.429856 0.0253387 0
0.896667 0.723333 0.681305 0.0271033 0
0.9 0.723333 0.448485 0.0287081 0
0.903333 0.723333 0.27849 0.0268661 0
0.906667 0.723333 0.420229 0.0266774 0
0.91 0.723333 0.426532 0.0298313 0
0.913333 0.723333 0.473907 0.0239876 0
0.916667 0.726667 0.481223 0.028102 0
0.92 0.73 0.463719 0.0300644 0
0.923333 0.73 0.175031 0.0233472 0
0.926667 0.73 0.537411 0.0279016 0
0.93 0.73 0.681163 0.0284329 0
0.933333 0.73 0.494049 0.0288898 0
0.936667 0.73 0.685204 0.0252925 0
0.94 0.733333 0.648393 0.0286682 0
0.943333 0.733333 0.678903 0.0255452 0
0.946667 0.733333 0.430289 0.024624 0
0.95 0.733333 0.661231 0.0279528 0
0.953333 0.733333 0.353889 0.0262528 0
0.956667 0.733333 0.695227 0.027269 0
0.96 0.74 0.52596 0.0284983 0
0.963333 0.74 0.650175 0.0313407 0
0.966667 0.743333 0.740413 0.0283807 0
0.97 0.743333 0.362527 0.026789 0
0.973333 0.743333 0.617599 0.0281403 0
0.976667 0.746667 0.58899 0.0246601 0
0.98 0.753333 0.554574 0.0230149 0
0.983333 0.756667 0.657178 0.0253718 0
0.986667 0.756667 0.720748 0.0229347 0
0.99 0.756667 0.717197 0.0249218 0
0.993333 0.76 0.696347 0.027225 0
0.996667 0.76 0.642021 0.0272861 0
1 0.766667 0.706779 0.0261021 0
1.00333 0.766667 0.232568 0.0246857 0
1.00667 0.766667 0.592643 0.0262077 0
1.01 0.77 0.658033 0.0267469 0
1.01333 0.77 0.722729 0.0255168 0
1.01667 0.77 0.70025 0.0272193 0
1.02 0.77 0.652102 0.0264783 0
1.02333 0.773333 0.77047 0.0269684 0
1.02667 0.773333 0.594288 0.0257901 0
1.03 0.773333 0.269192 0.0288814 0
1.03333 0.773333 0.665618 0.0268468 0
1.03667 0.773333 0.731925 0.0283871 0
1.04 0.776667 0.756804 0.027287 0
1.04333 0.78 0.728617 0.0258586 0
1.04667 0.78 0.743129 0.0283654 0
1.05 0.783333 0.742841 0.0270324 0
1.05333 0.783333 0.781528 0.0238132 0