# Node_nr = 500
# K <r> sigma_r(sig not of average! divide by sqrt(n))
0 0.004 0.0414401 0.0197344 0
0.002 0.006 0.0355455 0.0243451 0
0.004 0.006 0.0437638 0.0207604 0
0.006 0.006 0.0384411 0.012195 0
0.008 0.006 0.0423149 0.018683 0
0.01 0.006 0.0430664 0.0223305 0
0.012 0.006 0.0276835 0.0145641 0
0.014 0.006 0.0367861 0.019299 0
0.016 0.006 0.042195 0.0208786 0
0.018 0.006 0.0491982 0.0249021 0
0.02 0.006 0.0402648 0.0139377 0
0.022 0.006 0.0499465 0.0210703 0
0.024 0.006 0.0414161 0.0198672 0
0.026 0.006 0.0423188 0.0230992 0
0.028 0.006 0.0356919 0.0179328 0
0.03 0.006 0.0369103 0.0158808 0
0.032 0.006 0.0376927 0.0144437 0
0.034 0.006 0.0429081 0.0148127 0
0.036 0.006 0.0315458 0.0215158 0
0.038 0.006 0.0437708 0.0206134 0
0.04 0.006 0.0396243 0.0176426 0
0.042 0.006 0.0375482 0.0162032 0
0.044 0.006 0.0413848 0.0205576 0
0.046 0.006 0.0338002 0.0213303 0
0.048 0.006 0.0405078 0.0192907 0
0.05 0.006 0.0415421 0.0218883 0
0.052 0.006 0.0397788 0.0246195 0
0.054 0.006 0.0315254 0.0169832 0
0.056 0.006 0.0425423 0.0197487 0
0.058 0.006 0.0385678 0.0215978 0
0.06 0.006 0.046267 0.0264166 0
0.062 0.006 0.0385529 0.0201409 0
0.064 0.006 0.0368652 0.0183218 0
0.066 0.006 0.0347444 0.0168913 0
0.068 0.006 0.0388484 0.0244787 0
0.07 0.006 0.0403629 0.0171649 0
0.072 0.006 0.0372901 0.0167677 0
0.074 0.006 0.0482434 0.0315387 0
0.076 0.006 0.045593 0.0251975 0
0.078 0.006 0.0407304 0.0225909 0
0.08 0.006 0.0430771 0.0199029 0
0.082 0.006 0.0446285 0.0230804 0
0.084 0.006 0.0501755 0.0266164 0
0.086 0.006 0.0387358 0.0218428 0
0.088 0.006 0.0494468 0.0341329 0
0.09 0.006 0.0506367 0.0236991 0
0.092 0.006 0.0462213 0.0166927 0
0.094 0.01 0.0424765 0.0193675 0
0.096 0.01 0.0480873 0.0242254 0
0.098 0.01 0.0480375 0.0264374 0
0.1 0.01 0.0466766 0.0270217 0
0.102 0.01 0.0409967 0.0200576 0
0.104 0.01 0.0389839 0.0212521 0
0.106 0.01 0.03256 0.0167607 0
0.108 0.01 0.042385 0.0220652 0
0.11 0.01 0.0399686 0.0166559 0
0.112 0.01 0.0512992 0.0229294 0
0.114 0.01 0.047663 0.023712 0
0.116 0.01 0.0421132 0.0196783 0
0.118 0.01 0.0355942 0.0167972 0
0.12 0.01 0.0420537 0.014936 0
0.122 0.01 0.0459114 0.0204143 0
0.124 0.01 0.047785 0.025896 0
0.126 0.01 0.0519539 0.021768 0
0.128 0.01 0.0394175 0.0202828 0
0.13 0.01 0.055393 0.0210205 0
0.132 0.01 0.0524652 0.0220101 0
0.134 0.01 0.0642892 0.0309884 0
0.136 0.01 0.0452899 0.0169738 0
0.138 0.01 0.0385158 0.0179566 0
0.14 0.01 0.0448636 0.0156542 0
0.142 0.01 0.0458426 0.0262827 0
0.144 0.01 0.0445019 0.0260271 0
0.146 0.01 0.0421918 0.0193664 0
0.148 0.01 0.0584026 0.0218711 0
0.15 0.01 0.0555615 0.0209766 0
0.152 0.01 0.0591278 0.030105 0
0.154 0.01 0.0472455 0.025628 0
0.156 0.01 0.0460667 0.0207631 0
0.158 0.01 0.0510425 0.025861 0
0.16 0.01 0.0528215 0.0222648 0
0.162 0.01 0.0582175 0.0293318 0
0.164 0.01 0.0419317 0.0243275 0
0.166 0.01 0.0389166 0.0223324 0
0.168 0.01 0.0463272 0.0216666 0
0.17 0.01 0.0465311 0.0281116 0
0.172 0.01 0.036925 0.0164728 0
0.174 0.01 0.0535183 0.0186822 0
0.176 0.01 0.0466643 0.0202946 0
0.178 0.014 0.0623571 0.0336549 0
0.18 0.014 0.0614559 0.0269442 0
0.182 0.014 0.0513666 0.023456 0
0.184 0.014 0.0693334 0.0357072 0
0.186 0.014 0.0572599 0.0308887 0
0.188 0.014 0.0535657 0.0229914 0
0.19 0.014 0.0448571 0.0188808 0
0.192 0.014 0.0565868 0.0255423 0
0.194 0.014 0.0501621 0.0232903 0
0.196 0.014 0.0547845 0.0244388 0
0.198 0.014 0.040906 0.0180988 0
0.2 0.014 0.0364978 0.0198416 0
0.202 0.014 0.0488385 0.0240128 0
0.204 0.014 0.0473303 0.0169813 0
0.206 0.014 0.0525725 0.0214474 0
0.208 0.014 0.0547206 0.0207545 0
0.21 0.014 0.0618952 0.0305749 0
0.212 0.014 0.0551836 0.0324117 0
0.214 0.014 0.0526435 0.0278164 0
0.216 0.014 0.0451577 0.0210918 0
0.218 0.014 0.0405824 0.0230532 0
0.22 0.014 0.0346672 0.0188671 0
0.222 0.018 0.0568725 0.0286672 0
0.224 0.018 0.0582305 0.0252814 0
0.226 0.018 0.0535993 0.0190973 0
0.228 0.018 0.0703294 0.0335116 0
0.23 0.018 0.042332 0.0191396 0
0.232 0.018 0.0578651 0.0270039 0
0.234 0.018 0.0562711 0.0315046 0
0.236 0.018 0.0454462 0.0246059 0
0.238 0.018 0.0620683 0.0280762 0
0.24 0.018 0.051646 0.0257221 0
0.242 0.018 0.0545674 0.0259683 0
0.244 0.018 0.048129 0.0214386 0
0.246 0.018 0.0530154 0.02544 0
0.248 0.018 0.0618976 0.030261 0
0.25 0.018 0.0585114 0.0324368 0
0.252 0.018 0.0656086 0.0339147 0
0.254 0.018 0.0378332 0.0167905 0
0.256 0.018 0.0553861 0.029562 0
0.258 0.018 0.045787 0.02569 0
0.26 0.018 0.0819529 0.0329096 0
0.262 0.018 0.0575942 0.0262952 0
0.264 0.018 0.0442535 0.0184276 0
0.266 0.018 0.0497777 0.0244522 0
0.268 0.018 0.045857 0.034663 0
0.27 0.018 0.0454217 0.02718 0
0.272 0.018 0.0444763 0.0161491 0
0.274 0.018 0.0632531 0.0327863 0
0.276 0.018 0.0739969 0.0346653 0
0.278 0.018 0.0446074 0.0323868 0
0.28 0.018 0.0660436 0.0405065 0
0.282 0.018 0.0578849 0.0272625 0
0.284 0.018 0.0600946 0.0319181 0
0.286 0.018 0.0386603 0.0267085 0
0.288 0.018 0.0523091 0.0225314 0
0.29 0.032 0.0667685 0.0431733 0
0.292 0.032 0.0609612 0.0235431 0
0.294 0.032 0.0658609 0.0291773 0
0.296 0.032 0.0544684 0.0248988 0
0.298 0.032 0.0665324 0.0340788 0
0.3 0.032 0.084306 0.0257726 0
0.302 0.032 0.0603022 0.0274311 0
0.304 0.032 0.063947 0.0271055 0
0.306 0.032 0.0536092 0.0346102 0
0.308 0.032 0.0602312 0.032597 0
0.31 0.032 0.0697648 0.0441369 0
0.312 0.032 0.071912 0.0309442 0
0.314 0.032 0.0542837 0.0289697 0
0.316 0.032 0.0607665 0.0240655 0
0.318 0.032 0.0652036 0.0371096 0
0.32 0.032 0.0636472 0.0235044 0
0.322 0.032 0.0600456 0.0288153 0
0.324 0.032 0.0612648 0.0284445 0
0.326 0.032 0.0499073 0.0213702 0
0.328 0.032 0.0509521 0.0334175 0
0.33 0.032 0.0749395 0.0251336 0
0.332 0.032 0.0462337 0.0255075 0
0.334 0.032 0.081573 0.0312725 0
0.336 0.032 0.0522413 0.0239704 0
0.338 0.032 0.0543645 0.0249976 0
0.34 0.032 0.065099 0.0317556 0
0.342 0.032 0.0636442 0.0321279 0
0.344 0.032 0.0627766 0.0339433 0
0.346 0.032 0.0656651 0.0301955 0
0.348 0.032 0.0571999 0.0189196 0
0.35 0.032 0.0501868 0.0292127 0
0.352 0.032 0.059496 0.0272222 0
0.354 0.032 0.0700479 0.0321685 0
0.356 0.032 0.0382802 0.0202958 0
0.358 0.038 0.0624134 0.0212581 0
0.36 0.038 0.0655304 0.0375918 0
0.362 0.038 0.0755841 0.0284284 0
0.364 0.038 0.0615659 0.0259614 0
0.366 0.04 0.0626862 0.0348742 0
0.368 0.04 0.0736472 0.0429003 0
0.37 0.04 0.0779952 0.033474 0
0.372 0.04 0.0812873 0.0305452 0
0.374 0.04 0.0694349 0.0317572 0
0.376 0.04 0.0712458 0.0276893 0
0.378 0.042 0.0425979 0.0233206 0
0.38 0.042 0.0587957 0.0339253 0
0.382 0.042 0.0828973 0.042096 0
0.384 0.042 0.0759489 0.039965 0
0.386 0.042 0.0516241 0.0224663 0
0.388 0.042 0.0612037 0.0336468 0
0.39 0.042 0.0588656 0.021447 0
0.392 0.042 0.0536903 0.0223633 0
0.394 0.042 0.0677081 0.0337454 0
0.396 0.042 0.073615 0.0428671 0
0.398 0.042 0.0573407 0.0300747 0
0.4 0.042 0.0377058 0.0220703 0
0.402 0.042 0.0808903 0.034245 0
0.404 0.042 0.0852742 0.0368264 0
0.406 0.05 0.09307 0.0282409 0
0.408 0.05 0.0902349 0.0212864 0
0.41 0.05 0.0930865 0.0325953 0
0.412 0.05 0.0895903 0.0420267 0
0.414 0.05 0.0958664 0.0550097 0
0.416 0.05 0.0575295 0.0301928 0
0.418 0.05 0.087352 0.028012 0
0.42 0.05 0.0679911 0.0371967 0
0.422 0.05 0.0949304 0.0543847 0
0.424 0.05 0.0742889 0.0425523 0
0.426 0.05 0.0683941 0.0302346 0
0.428 0.05 0.0824623 0.0402278 0
0.43 0.05 0.0654864 0.0292772 0
0.432 0.05 0.0995316 0.0474182 0
0.434 0.05 0.0625983 0.023351 0
0.436 0.05 0.0652393 0.021033 0
0.438 0.05 0.0696117 0.0341958 0
0.44 0.05 0.0721658 0.0274611 0
0.442 0.05 0.067355 0.0449918 0
0.444 0.05 0.0938942 0.0327406 0
0.446 0.05 0.0868275 0.050283 0
0.448 0.05 0.0789361 0.0569391 0
0.45 0.05 0.0716427 0.0263684 0
0.452 0.05 0.0466984 0.0220759 0
0.454 0.05 0.0455126 0.0241494 0
0.456 0.05 0.0557252 0.0302145 0
0.458 0.05 0.0929466 0.037471 0
0.46 0.05 0.079433 0.0327512 0
0.462 0.05 0.0888432 0.034911 0
0.464 0.05 0.0905399 0.0334157 0
0.466 0.05 0.0747433 0.0344809 0
0.468 0.05 0.0541995 0.0364043 0
0.47 0.05 0.06098 0.0319336 0
0.472 0.05 0.0712774 0.0389045 0
0.474 0.05 0.0766397 0.0369502 0
0.476 0.05 0.0766811 0.0335049 0
0.478 0.05 0.0742823 0.0281774 0
0.48 0.05 0.123567 0.0386052 0
0.482 0.05 0.0649009 0.0351837 0
0.484 0.05 0.0684526 0.0335145 0
0.486 0.054 0.0829943 0.0385718 0
0.488 0.054 0.103402 0.0491145 0
0.49 0.054 0.0739484 0.0316302 0
0.492 0.054 0.0863897 0.0373145 0
0.494 0.054 0.0804228 0.0380142 0
0.496 0.054 0.0919605 0.0386629 0
0.498 0.054 0.0722512 0.0240312 0
0.5 0.054 0.0806249 0.0557814 0
0.502 0.054 0.0870218 0.0356993 0
0.504 0.054 0.091242 0.0463531 0
0.506 0.054 0.0711235 0.0411795 0
0.508 0.054 0.0801356 0.046629 0
0.51 0.054 0.100537 0.0331931 0
0.512 0.054 0.111852 0.0432371 0
0.514 0.054 0.066507 0.0239245 0
0.516 0.054 0.0796471 0.0330069 0
0.518 0.054 0.0721958 0.0455658 0
0.52 0.054 0.101573 0.0168932 0
0.522 0.054 0.0896041 0.0362624 0
0.524 0.054 0.0561003 0.0283234 0
0.526 0.054 0.108366 0.0432479 0
0.528 0.054 0.0872127 0.0294749 0
0.53 0.054 0.0452244 0.0207083 0
0.532 0.054 0.0812439 0.0352468 0
0.534 0.054 0.0867525 0.0346655 0
0.536 0.054 0.0688554 0.0367717 0
0.538 0.054 0.0614389 0.0361838 0
0.54 0.054 0.085974 0.0256548 0
0.542 0.054 0.0963471 0.0628193 0
0.544 0.054 0.112049 0.0356369 0
0.546 0.054 0.0652185 0.0392694 0
0.548 0.054 0.127372 0.0429111 0
0.55 0.054 0.0824092 0.0290047 0
0.552 0.054 0.0756458 0.0264004 0
0.554 0.054 0.0638559 0.0404304 0
0.556 0.054 0.104612 0.0642616 0
0.558 0.054 0.090645 0.0327876 0
0.56 0.054 0.0796711 0.027844 0
0.562 0.054 0.109004 0.0353597 0
0.564 0.054 0.109845 0.0572558 0
0.566 0.054 0.0758931 0.0256627 0
0.568 0.054 0.0540404 0.0333552 0
0.57 0.054 0.0763495 0.0411116 0
0.572 0.054 0.108558 0.042975 0
0.574 0.054 0.0868616 0.0333161 0
0.576 0.054 0.072641 0.0342275 0
0.578 0.074 0.0598393 0.0446242 0
0.58 0.074 0.0812953 0.0300619 0
0.582 0.074 0.100225 0.0455009 0
0.584 0.074 0.098712 0.0288148 0
0.586 0.074 0.0823826 0.0251475 0
0.588 0.074 0.0977478 0.0493839 0
0.59 0.086 0.0802916 0.0369303 0
0.592 0.086 0.0845536 0.0476663 0
0.594 0.086 0.104782 0.043393 0
0.596 0.086 0.0823304 0.0408479 0
0.598 0.086 0.0846633 0.0218149 0
0.6 0.086 0.0998559 0.0341635 0
0.602 0.088 0.115647 0.0445971 0
0.604 0.088 0.0917467 0.0348427 0
0.606 0.088 0.051267 0.0382175 0
0.608 0.088 0.0825853 0.0683275 0
0.61 0.09 0.122615 0.0467583 0
0.612 0.09 0.106024 0.0375414 0
0.614 0.09 0.0742657 0.0372092 0
0.616 0.09 0.0916028 0.0551697 0
0.618 0.09 0.106603 0.041251 0
0.62 0.09 0.16523 0.0474835 0
0.622 0.098 0.121599 0.0325116 0
0.624 0.098 0.0967347 0.039575 0
0.626 0.098 0.088934 0.0343757 0
0.628 0.098 0.0734385 0.044632 0
0.63 0.098 0.122297 0.0590801 0
0.632 0.098 0.106558 0.0364909 0
0.634 0.102 0.072906 0.0327542 0
0.636 0.102 0.105215 0.0672875 0
0.638 0.102 0.12777 0.0510498 0
0.64 0.102 0.0861265 0.031449 0
0.642 0.102 0.0797728 0.0336496 0
0.644 0.102 0.124958 0.0476203 0
0.646 0.102 0.0931372 0.0299638 0
0.648 0.102 0.111875 0.0449414 0
0.65 0.102 0.0778165 0.0351975 0
0.652 0.102 0.135886 0.0605292 0
0.654 0.122 0.146487 0.0378738 0
0.656 0.122 0.0740325 0.0346042 0
0.658 0.122 0.153473 0.040754 0
0.66 0.122 0.131676 0.0566325 0
0.662 0.122 0.0712906 0.0383793 0
0.664 0.122 0.129418 0.0419367 0
0.666 0.122 0.0927133 0.0524322 0
0.668 0.122 0.106754 0.0533444 0
0.67 0.122 0.0781577 0.0338645 0
0.672 0.122 0.109209 0.065955 0
0.674 0.122 0.136901 0.0325503 0
0.676 0.122 0.0529897 0.02571 0
0.678 0.122 0.126998 0.0651528 0
0.68 0.122 0.0959089 0.0284465 0
0.682 0.146 0.140083 0.0767941 0
0.684 0.146 0.0947302 0.0525708 0
0.686 0.146 0.142897 0.0664214 0
0.688 0.146 0.11458 0.0299877 0
0.69 0.146 0.136396 0.0598109 0
0.692 0.146 0.0718627 0.0460783 0
0.694 0.218 0.0899849 0.0511043 0
0.696 0.218 0.0596374 0.0403718 0
0.698 0.308 0.102946 0.0282167 0
0.7 0.308 0.0614224 0.0290767 0
0.702 0.308 0.0494616 0.0208628 0
0.704 0.308 0.0861538 0.0383057 0
0.706 0.308 0.07549 0.0297891 0
0.708 0.308 0.0927217 0.0444105 0
0.71 0.428 0.0443819 0.0176604 0
0.712 0.428 0.118571 0.0516077 0
0.714 0.444 0.0948142 0.040537 0
0.716 0.444 0.183657 0.0377518 0
0.718 0.444 0.111934 0.0480415 0
0.72 0.444 0.118038 0.0185621 0
0.722 0.466 0.145568 0.0419035 0
0.724 0.466 0.120438 0.0662147 0
0.726 0.466 0.139735 0.0536343 0
0.728 0.466 0.150582 0.050545 0
0.73 0.466 0.212521 0.0642622 0
0.732 0.466 0.0986298 0.0222011 0
0.734 0.478 0.130239 0.0255813 0
0.736 0.478 0.123246 0.0191565 0
0.738 0.482 0.211923 0.0484289 0
0.74 0.482 0.123138 0.0125231 0
0.742 0.49 0.135815 0.0258902 0
0.744 0.49 0.141874 0.0556238 0
0.746 0.494 0.0954041 0.0365893 0
0.748 0.494 0.121007 0.0587462 0
0.75 0.532 0.152272 0.0288897 0
0.752 0.532 0.0726434 0.0311869 0
0.754 0.532 0.187128 0.09149 0
0.756 0.532 0.187407 0.0488281 0
0.758 0.536 0.109683 0.026994 0
0.76 0.536 0.126968 0.0544392 0
0.762 0.536 0.118398 0.0689152 0
0.764 0.536 0.1183 0.0402325 0
0.766 0.536 0.163396 0.0178866 0
0.768 0.536 0.198113 0.0398984 0
0.77 0.54 0.260237 0.0451235 0
0.772 0.54 0.215441 0.0273913 0
0.774 0.542 0.155196 0.0269317 0
0.776 0.542 0.104701 0.0278214 0
0.778 0.546 0.0855257 0.024178 0
0.78 0.546 0.0991459 0.0261998 0
0.782 0.566 0.134646 0.0388998 0
0.784 0.566 0.0845987 0.0455129 0
0.786 0.568 0.0959932 0.034766 0
0.788 0.568 0.120545 0.0186654 0
0.79 0.57 0.0836066 0.0183397 0
0.792 0.57 0.11428 0.0468314 0
0.794 0.596 0.135319 0.0553227 0
0.796 0.596 0.136801 0.0304627 0
0.798 0.6 0.232968 0.0454 0
0.8 0.6 0.24435 0.02706 0
0.802 0.62 0.214452 0.0324373 0
0.804 0.62 0.248337 0.0278468 0
0.806 0.622 0.238212 0.0286776 0
0.808 0.622 0.194667 0.0438181 0
0.81 0.652 0.262933 0.045651 0
0.812 0.652 0.186973 0.0531822 0
0.814 0.656 0.195052 0.0237516 0
0.816 0.656 0.176056 0.0151835 0
0.818 0.666 0.197877 0.0426562 0
0.82 0.666 0.203117 0.0295847 0
0.822 0.67 0.153698 0.0206941 0
0.824 0.67 0.211003 0.0192979 0
0.826 0.672 0.274807 0.0403953 0
0.828 0.672 0.274881 0.0198165 0
0.83 0.674 0.250528 0.0227397 0
0.832 0.674 0.221706 0.0202135 0
0.834 0.676 0.262284 0.0145079 0
0.836 0.676 0.243456 0.0208965 0
0.838 0.698 0.200671 0.0139677 0
0.84 0.698 0.236063 0.0321683 0
0.842 0.7 0.227762 0.0180102 0
0.844 0.7 0.283453 0.0475974 0
0.846 0.7 0.326252 0.0574791 0
0.848 0.7 0.277606 0.021539 0
0.85 0.71 0.213979 0.0252642 0
0.852 0.71 0.158401 0.0282755 0
0.854 0.712 0.237948 0.0224409 0
0.856 0.712 0.234546 0.0242167 0
0.858 0.714 0.333304 0.0135243 0
0.86 0.714 0.286355 0.0172176 0
0.862 0.718 0.344041 0.0274183 0
0.864 0.718 0.320581 0.0270124 0
0.866 0.764 0.243819 0.046177 0
0.868 0.764 0.311575 0.0186679 0
0.87 0.766 0.264842 0.0289252 0
0.872 0.766 0.334525 0.0194975 0
0.874 0.766 0.323985 0.0260376 0
0.876 0.766 0.34496 0.0187713 0
0.878 0.77 0.335148 0.0128 0
0.88 0.77 0.354124 0.0184779 0
0.882 0.772 0.368276 0.0172311 0
0.884 0.772 0.371362 0.0202611 0
0.886 0.79 0.408159 0.012811 0
0.888 0.79 0.370467 0.0133859 0
0.89 0.798 0.388944 0.0237326 0
0.892 0.798 0.415999 0.0315258 0
0.894 0.8 0.377473 0.0218523 0
0.896 0.8 0.412861 0.0129138 0
0.898 0.802 0.379394 0.0139173 0
0.9 0.802 0.384321 0.0244764 0
0.902 0.802 0.376384 0.0124948 0
0.904 0.802 0.395699 0.021955 0
0.906 0.802 0.401305 0.0269 0
0.908 0.802 0.403341 0.0195818 0
0.91 0.802 0.437673 0.0124189 0
0.912 0.802 0.41381 0.0172078 0
0.914 0.802 0.451867 0.0185003 0
0.916 0.802 0.442874 0.0253659 0
0.918 0.802 0.485019 0.0299734 0
0.92 0.802 0.510102 0.0195933 0
0.922 0.804 0.538874 0.025771 0
0.924 0.804 0.532538 0.0175304 0
0.926 0.806 0.528213 0.0186673 0
