# Node_nr = 200
# K <r> sigma_r(sig not of average! divide by sqrt(n))
0 0.01 0.0537464 0.0261332 0
0.005 0.01 0.0748252 0.0276306 0
0.01 0.01 0.0620775 0.034248 0
0.015 0.01 0.0593816 0.0382003 0
0.02 0.01 0.0629065 0.0298053 0
0.025 0.01 0.0562733 0.0206453 0
0.03 0.01 0.0632367 0.0413769 0
0.035 0.01 0.0653022 0.0272411 0
0.04 0.01 0.0728872 0.032689 0
0.045 0.01 0.0721587 0.0329698 0
0.05 0.01 0.0774397 0.044281 0
0.055 0.01 0.0631579 0.041386 0
0.06 0.01 0.0699825 0.0369951 0
0.065 0.01 0.0524458 0.0290803 0
0.07 0.01 0.0741403 0.0347122 0
0.075 0.01 0.0661343 0.0305456 0
0.08 0.01 0.0660171 0.0351411 0
0.085 0.01 0.0694033 0.037297 0
0.09 0.01 0.0793061 0.0469825 0
0.095 0.01 0.0604033 0.0323638 0
0.1 0.01 0.0664642 0.0258908 0
0.105 0.01 0.0674024 0.0359099 0
0.11 0.01 0.0535361 0.0254335 0
0.115 0.01 0.0812397 0.0291499 0
0.12 0.01 0.0710605 0.0391515 0
0.125 0.01 0.0698907 0.0309914 0
0.13 0.015 0.0803892 0.035873 0
0.135 0.015 0.0787094 0.0387275 0
0.14 0.015 0.0777858 0.0352032 0
0.145 0.015 0.0704284 0.0390671 0
0.15 0.015 0.0864739 0.0394053 0
0.155 0.015 0.0652194 0.0281487 0
0.16 0.015 0.0703449 0.034636 0
0.165 0.015 0.0648128 0.0341425 0
0.17 0.015 0.0961264 0.0396625 0
0.175 0.015 0.0892986 0.0470389 0
0.18 0.015 0.0808829 0.0339727 0
0.185 0.015 0.0603939 0.0306439 0
0.19 0.015 0.0551361 0.0318804 0
0.195 0.015 0.065318 0.026963 0
0.2 0.015 0.0597693 0.0360186 0
0.205 0.015 0.0828791 0.0396532 0
0.21 0.015 0.0672206 0.0361705 0
0.215 0.015 0.0833076 0.0389264 0
0.22 0.015 0.0702776 0.0391142 0
0.225 0.015 0.0628364 0.0364278 0
0.23 0.015 0.061437 0.0291049 0
0.235 0.015 0.0882011 0.0602602 0
0.24 0.015 0.0829135 0.0373135 0
0.245 0.015 0.0700937 0.0534221 0
0.25 0.02 0.0699564 0.0310694 0
0.255 0.02 0.0728949 0.0301868 0
0.26 0.02 0.078987 0.0451161 0
0.265 0.02 0.0793222 0.0328315 0
0.27 0.02 0.0689029 0.0381291 0
0.275 0.02 0.0727209 0.0383157 0
0.28 0.02 0.0532406 0.0284021 0
0.285 0.02 0.0603809 0.0245548 0
0.29 0.02 0.071781 0.0356907 0
0.295 0.02 0.0843431 0.0373675 0
0.3 0.02 0.0776167 0.039886 0
0.305 0.02 0.0821717 0.0351694 0
0.31 0.02 0.101221 0.0452825 0
0.315 0.02 0.0678536 0.0317707 0
0.32 0.02 0.0886762 0.0431401 0
0.325 0.02 0.0626153 0.0279865 0
0.33 0.025 0.0882642 0.0351708 0
0.335 0.025 0.0937429 0.0561254 0
0.34 0.025 0.0842716 0.0383884 0
0.345 0.025 0.0770937 0.0379908 0
0.35 0.025 0.0722701 0.0341383 0
0.355 0.025 0.0958316 0.0486462 0
0.36 0.025 0.0909182 0.0406214 0
0.365 0.025 0.0834901 0.0273426 0
0.37 0.025 0.1077 0.0200919 0
0.375 0.025 0.0993008 0.0500346 0
0.38 0.025 0.0791122 0.0389642 0
0.385 0.025 0.0680043 0.0597369 0
0.39 0.025 0.117762 0.0564898 0
0.395 0.025 0.0784219 0.035261 0
0.4 0.025 0.0928431 0.0446428 0
0.405 0.025 0.101268 0.0360348 0
0.41 0.025 0.136145 0.0446142 0
0.415 0.035 0.0702175 0.0306364 0
0.42 0.035 0.0770795 0.0306206 0
0.425 0.035 0.125471 0.0412469 0
0.43 0.035 0.0870694 0.0462349 0
0.435 0.035 0.0750775 0.0320051 0
0.44 0.035 0.100488 0.0412587 0
0.445 0.035 0.12155 0.0480571 0
0.45 0.035 0.0589365 0.0324637 0
0.455 0.035 0.0648864 0.0311262 0
0.46 0.035 0.109359 0.0390181 0
0.465 0.035 0.115954 0.058502 0
0.47 0.035 0.0765201 0.0323598 0
0.475 0.035 0.0666486 0.0332951 0
0.48 0.035 0.0577064 0.0237791 0
0.485 0.035 0.0577442 0.0347043 0
0.49 0.035 0.0622863 0.0257258 0
0.495 0.035 0.103937 0.0368987 0
0.5 0.035 0.0912639 0.0315462 0
0.505 0.035 0.118171 0.0471406 0
0.51 0.035 0.0573785 0.0331691 0
0.515 0.035 0.110939 0.0266683 0
0.52 0.035 0.104796 0.0520705 0
0.525 0.035 0.0947051 0.0778577 0
0.53 0.04 0.140773 0.0473075 0
0.535 0.04 0.0974606 0.0501673 0
0.54 0.04 0.160923 0.0791576 0
0.545 0.04 0.12762 0.0426167 0
0.55 0.04 0.0888266 0.040751 0
0.555 0.04 0.0723308 0.0315419 0
0.56 0.055 0.101263 0.0549702 0
0.565 0.055 0.105662 0.0504256 0
0.57 0.055 0.181209 0.0664534 0
0.575 0.055 0.0860817 0.0355474 0
0.58 0.055 0.12341 0.0611288 0
0.585 0.055 0.11027 0.0498875 0
0.59 0.055 0.150486 0.0271361 0
0.595 0.055 0.175867 0.0335168 0
0.6 0.055 0.130015 0.055724 0
0.605 0.07 0.144094 0.0466698 0
0.61 0.07 0.124141 0.04485 0
0.615 0.1 0.101756 0.0504013 0
0.62 0.1 0.09805 0.0264971 0
0.625 0.1 0.143908 0.0584844 0
0.63 0.1 0.144951 0.0817481 0
0.635 0.1 0.158158 0.0671189 0
0.64 0.1 0.104395 0.0741434 0
0.645 0.1 0.194983 0.0521402 0
0.65 0.1 0.130411 0.0545683 0
0.655 0.1 0.18325 0.0564092 0
0.66 0.1 0.107698 0.0415023 0
0.665 0.1 0.115054 0.0320108 0
0.67 0.1 0.22242 0.0269532 0
0.675 0.11 0.186415 0.0413816 0
0.68 0.11 0.130728 0.0510194 0
0.685 0.11 0.224529 0.114115 0
0.69 0.11 0.0774047 0.0260409 0
0.695 0.12 0.117679 0.0147225 0
0.7 0.12 0.0970647 0.03288 0
0.705 0.12 0.194021 0.0841473 0
0.71 0.12 0.113335 0.0552838 0
0.715 0.12 0.178962 0.0449174 0
0.72 0.12 0.139489 0.0523833 0
0.725 0.12 0.096059 0.0580998 0
0.73 0.12 0.151882 0.0809722 0
0.735 0.12 0.187168 0.0438341 0
0.74 0.12 0.0703694 0.0349171 0
0.745 0.145 0.309242 0.0561823 0
0.75 0.145 0.0847388 0.0644937 0
0.755 0.145 0.0993088 0.0409401 0
0.76 0.145 0.153055 0.0947724 0
0.765 0.265 0.116154 0.0183343 0
0.77 0.32 0.171729 0.0948625 0
0.775 0.32 0.377903 0.0388714 0
0.78 0.32 0.23367 0.0277535 0
0.785 0.355 0.180138 0.0365147 0
0.79 0.355 0.237812 0.0520875 0
0.795 0.36 0.0776483 0.0525683 0
0.8 0.36 0.237211 0.0603449 0
0.805 0.36 0.142628 0.0809274 0
0.81 0.365 0.305451 0.0467717 0
0.815 0.365 0.195592 0.0555454 0
0.82 0.37 0.357768 0.064794 0
0.825 0.37 0.085183 0.04585 0
0.83 0.45 0.1375 0.0752015 0
0.835 0.45 0.213629 0.0825311 0
0.84 0.45 0.227103 0.0293561 0
0.845 0.45 0.291868 0.0556522 0
0.85 0.45 0.215048 0.118585 0
0.855 0.45 0.159318 0.0614916 0
0.86 0.49 0.200416 0.0474994 0
0.865 0.52 0.363436 0.0288473 0
0.87 0.695 0.295366 0.0344259 0
0.875 0.695 0.122974 0.0369291 0
0.88 0.705 0.276989 0.00749136 0
0.885 0.735 0.232271 0.0154219 0
0.89 0.735 0.239147 0.0254286 0
0.895 0.735 0.244195 0.0273703 0
0.9 0.74 0.39688 0.0245985 0
0.905 0.74 0.403264 0.0124552 0
0.91 0.74 0.358025 0.0326669 0
0.915 0.74 0.332377 0.0225712 0
0.92 0.74 0.328944 0.0217293 0
0.925 0.745 0.396286 0.022491 0
0.93 0.755 0.36157 0.0139273 0
0.935 0.76 0.33261 0.0180097 0
0.94 0.76 0.47177 0.0111801 0
0.945 0.765 0.453811 0.0110935 0
0.95 0.765 0.373502 0.00807164 0
0.955 0.765 0.515862 0.0116692 0
0.96 0.765 0.477768 0.00708358 0
0.965 0.765 0.358117 0.00615603 0
0.97 0.765 0.474455 0.0176796 0
0.975 0.775 0.481974 0.0270817 0
0.98 0.835 0.447649 0.0230555 0
0.985 0.835 0.519013 0.0244463 0
0.99 0.845 0.577696 0.0269193 0
0.995 0.885 0.54716 0.020895 0
1 0.885 0.567827 0.00664029 0
1.005 0.89 0.623292 0.0206984 0
1.01 0.89 0.616301 0.0133738 0
1.015 0.89 0.630597 0.0114726 0
1.02 0.89 0.622541 0.0108853 0
1.025 0.89 0.671863 0.0234477 0
1.03 0.89 0.698329 0.0174065 0
1.035 0.89 0.698648 0.0244431 0
1.04 0.905 0.707318 0.0101698 0
1.045 0.905 0.700227 0.0117614 0
1.05 0.91 0.667743 0.00842438 0
1.055 0.91 0.707174 0.00805464 0
1.06 0.91 0.723561 0.00694807 0
1.065 0.91 0.722681 0.00646309 0
1.07 0.91 0.763432 0.00871594 0
1.075 0.91 0.755791 0.0183759 0
1.08 0.91 0.759036 0.015565 0
1.085 0.91 0.787165 0.010863 0
1.09 0.91 0.753808 0.0150261 0
1.095 0.91 0.754483 0.0108253 0
1.1 0.91 0.792594 0.00630096 0
1.105 0.91 0.759439 0.0053851 0
1.11 0.91 0.773393 0.0165665 0
1.115 0.91 0.811321 0.0101726 0
1.12 0.91 0.794807 0.0278838 0
1.125 0.91 0.806354 0.0072989 0
1.13 0.91 0.821276 0.0142137 0
1.135 0.91 0.78528 0.0113675 0
1.14 0.91 0.81299 0.0177135 0
1.145 0.91 0.850808 0.0161929 0
1.15 0.915 0.836519 0.0138642 0
1.155 0.915 0.856837 0.0159352 0
1.16 0.915 0.864045 0.0156314 0
1.165 0.92 0.840806 0.0157411 0
1.17 0.92 0.844267 0.0129984 0
1.175 0.925 0.837728 0.0121244 0
1.18 0.93 0.822978 0.00993059 0
1.185 0.94 0.855841 0.0115548 0
1.19 0.94 0.874667 0.00873887 0
1.195 0.94 0.864 0.010819 0
1.2 0.94 0.8873 0.00685724 0
1.205 0.94 0.893727 0.0125809 0
1.21 0.94 0.863697 0.00707181 0
1.215 0.94 0.871624 0.017156 0
1.22 0.94 0.88313 0.00687314 0
1.225 0.94 0.85139 0.00868614 0
1.23 0.94 0.887374 0.0129045 0
1.235 0.95 0.928248 0.00526076 0
1.24 0.95 0.903452 0.0131987 0
1.245 0.95 0.907786 0.00905542 0
1.25 0.95 0.940401 0.00801787 0
1.255 0.95 0.928188 0.012929 0
1.26 0.95 0.90274 0.00396853 0
1.265 0.95 0.925557 0.0124107 0
1.27 0.95 0.929782 0.00687836 0
1.275 0.97 0.924927 0.00812629 0
1.28 0.97 0.918322 0.000878314 0
1.285 0.97 0.921647 0.00264232 0
1.29 0.97 0.930317 0.00190106 0
1.295 0.97 0.934418 0.00421912 0
1.3 0.97 0.946046 0.000706854 0
1.305 0.97 0.962059 0.00124721 0
1.31 0.97 0.96554 0.00232121 0
1.315 0.97 0.955136 0.000726435 0
1.32 0.97 0.946255 0.00470659 0
1.325 0.97 0.937111 0.00252666 0
1.33 0.97 0.921597 0.00170767 0
1.335 0.97 0.914433 0.00108949 0
1.34 0.97 0.926353 0.00128223 0
1.345 0.97 0.939263 0.00359332 0
1.35 0.97 0.945295 0.00348368 0
1.355 0.97 0.955039 0.0017412 0
1.36 0.97 0.961797 0.00171981 0
1.365 0.97 0.953939 0.00178618 0
1.37 0.97 0.9428 0.0012192 0
1.375 0.97 0.942436 0.00351 0
1.38 0.97 0.94286 0.00109742 0
1.385 0.97 0.938383 0.00296345 0
1.39 0.97 0.941176 0.00138491 0
1.395 0.97 0.951918 0.0013845 0
1.4 0.97 0.954629 0.00296305 0
1.405 0.97 0.95112 0.00136891 0
1.41 0.97 0.954646 0.0029219 0
1.415 0.97 0.957821 0.000923251 0
1.42 0.97 0.949969 0.00220471 0