1	1687	739	-0.498142	0.493998	-0.498142	0.493998
2	1153	151	0.498585	-0.397793	0.498585	-0.397793
3	853	1662	-0.440295	0.388607	-0.440295	0.388607
4	1306	685	0.46589	-0.472418	0.46589	-0.472418
5	660	888	-0.468368	0.451702	-0.468368	0.451702
6	91	1244	-0.483879	0.476438	-0.483879	0.476438
7	992	1277	0.467043	-0.411701	0.467043	-0.411701
8	1842	969	0.494326	-0.458166	0.494326	-0.458166
9	859	1869	0.467337	-0.474474	0.467337	-0.474474
10	1225	1285	0.463192	-0.360916	0.463192	-0.360916
11	498	438	0.479132	-0.426047	0.479132	-0.426047
12	1426	184	-0.376289	0.489786	-0.376289	0.489786
13	58	1422	0.4549	-0.494414	0.4549	-0.494414
14	653	163	0.338225	-0.361819	0.338225	-0.361819
15	1626	1713	0.496527	-0.319387	0.496527	-0.319387
16	896	1359	-0.439486	0.497815	-0.439486	0.497815
17	1452	238	-0.31696	0.487251	-0.31696	0.487251
18	485	1503	0.486703	-0.436244	0.486703	-0.436244
19	1229	1314	-0.490956	0.444215	-0.490956	0.444215
20	846	439	0.45139	-0.452722	0.45139	-0.452722
21	155	991	-0.485366	0.487892	-0.485366	0.487892
22	1960	903	-0.453178	0.38556	-0.453178	0.38556
23	1621	1204	0.353228	-0.481109	0.353228	-0.481109
24	1172	59	0.467766	-0.461751	0.467766	-0.461751
25	1843	1674	-0.441775	0.44126	-0.441775	0.44126
26	1611	1596	-0.363663	0.441697	-0.363663	0.441697
27	1241	1219	-0.399348	0.494832	-0.399348	0.494832
28	953	632	0.49842	-0.487438	0.49842	-0.487438
29	1794	1456	0.426161	-0.411766	0.426161	-0.411766
30	1538	67	-0.468086	0.493428	-0.468086	0.493428
31	1417	693	0.4595	-0.492001	0.4595	-0.492001
32	765	1338	-0.480767	0.291447	-0.480767	0.291447
33	185	1226	0.330426	-0.372317	0.330426	-0.372317
34	1736	1188	-0.487405	0.466961	-0.487405	0.466961
35	189	659	-0.464464	0.474474	-0.464464	0.474474
36	686	1945	0.497649	-0.423951	0.497649	-0.423951
37	196	1341	0.458768	-0.484222	0.458768	-0.484222
38	886	162	-0.451471	0.462427	-0.451471	0.462427
39	1622	949	0.344108	-0.414485	0.344108	-0.414485
40	1324	1597	0.428954	-0.470055	0.428954	-0.470055
41	1407	1509	0.362045	-0.4129	0.362045	-0.4129
42	1641	1550	0.4459	-0.455823	0.4459	-0.455823
43	1084	1656	0.414987	-0.446439	0.414987	-0.446439
44	1931	1214	0.304159	-0.47625	0.304159	-0.47625
45	76	1072	0.414835	-0.486666	0.414835	-0.486666
46	1861	895	-0.387777	0.339625	-0.387777	0.339625
47	66	352	0.420169	-0.414858	0.420169	-0.414858
48	1856	1379	-0.485831	0.486644	-0.485831	0.486644
49	1757	696	-0.350288	0.478243	-0.350288	0.478243
50	1985	1754	-0.359414	0.487435	-0.359414	0.487435
51	1146	524	0.375757	-0.49145	0.375757	-0.49145
52	175	1077	0.381839	-0.483618	0.381839	-0.483618
53	45	286	0.448179	-0.496715	0.448179	-0.496715
54	1678	457	-0.3106	0.446965	-0.3106	0.446965
55	1177	728	-0.437201	0.432711	-0.437201	0.432711
56	231	616	-0.484543	0.427696	-0.484543	0.427696
57	799	1679	0.318948	-0.377138	0.318948	-0.377138
58	1053	867	-0.478759	0.492625	-0.478759	0.492625
59	1939	1253	-0.472052	0.484702	-0.472052	0.484702
60	1186	401	-0.193589	0.474532	-0.193589	0.474532
61	956	788	0.473004	-0.474381	0.473004	-0.474381
62	1868	1897	0.456568	-0.488131	0.456568	-0.488131
63	1703	1443	-0.36189	0.497785	-0.36189	0.497785
64	313	1125	-0.2366	0.455571	-0.2366	0.455571
65	588	381	0.453897	-0.409887	0.453897	-0.409887
66	278	1103	0.468816	-0.42249	0.468816	-0.42249
67	1866	448	0.480863	-0.476413	0.480863	-0.476413
68	743	1468	-0.411283	0.445891	-0.411283	0.445891
69	1326	1382	0.494721	-0.381232	0.494721	-0.381232
70	307	483	-0.433491	0.423943	-0.433491	0.423943
71	1240	479	0.487882	-0.476123	0.487882	-0.476123
72	1254	236	-0.463655	0.472322	-0.463655	0.472322
73	1416	1423	0.436291	-0.478842	0.436291	-0.478842
74	1255	1693	0.421081	-0.474911	0.421081	-0.474911
75	1508	1756	0.396527	-0.34336	0.396527	-0.34336
76	1184	1098	0.415302	-0.4634	0.415302	-0.4634
77	773	1810	0.423927	-0.421591	0.423927	-0.421591
78	332	1988	0.359637	-0.408692	0.359637	-0.408692
79	842	1883	-0.499097	0.435361	-0.499097	0.435361
80	1751	1852	0.470435	-0.359202	0.470435	-0.359202
81	885	95	-0.353246	0.495196	-0.353246	0.495196
82	1972	845	0.386477	-0.390527	0.386477	-0.390527
83	276	408	0.477669	-0.465451	0.477669	-0.465451
84	1731	603	-0.444761	0.495228	-0.444761	0.495228
85	383	824	0.460595	-0.447033	0.460595	-0.447033
86	1587	202	-0.46813	0.283523	-0.46813	0.283523
87	391	875	-0.458681	0.441913	-0.458681	0.441913
88	1724	290	-0.47687	0.461923	-0.47687	0.461923
89	171	1606	0.470776	-0.368353	0.470776	-0.368353
90	1951	764	0.494253	-0.463721	0.494253	-0.463721
91	1321	1281	-0.414513	0.499764	-0.414513	0.499764
92	1011	137	-0.438974	0.45038	-0.438974	0.45038
93	326	370	-0.476874	0.261918	-0.476874	0.261918
94	935	1964	0.488337	-0.478227	0.488337	-0.478227
95	32	1143	0.487257	-0.454852	0.487257	-0.454852
96	836	1862	-0.436793	0.407094	-0.436793	0.407094
97	1788	1001	-0.465781	0.388966	-0.465781	0.388966
98	766	1355	-0.462468	0.442545	-0.462468	0.442545
99	1592	240	0.469823	-0.335517	0.469823	-0.335517
100	1776	1533	-0.456437	0.408795	-0.456437	0.408795
101	1670	1993	-0.49757	0.496101	-0.49757	0.496101
102	271	463	0.216946	-0.486792	0.216946	-0.486792
103	1650	1940	-0.451534	0.468486	-0.451534	0.468486
104	1116	1410	0.448318	-0.435577	0.448318	-0.435577
105	1766	1893	0.253935	-0.372559	0.253935	-0.372559
106	1911	217	0.45533	-0.480348	0.45533	-0.480348
107	880	1707	-0.446707	0.476697	-0.446707	0.476697
108	1300	688	0.370162	-0.485698	0.370162	-0.485698
109	1997	375	-0.316436	0.489877	-0.316436	0.489877
110	1899	1404	0.428313	-0.426513	0.428313	-0.426513
111	709	963	0.283352	-0.436232	0.283352	-0.436232
112	49	1926	-0.275569	0.437159	-0.275569	0.437159
113	1397	774	-0.390766	0.382171	-0.390766	0.382171
114	275	868	-0.428911	0.395735	-0.428911	0.395735
115	1941	1048	-0.308839	0.465562	-0.308839	0.465562
116	109	1436	-0.462702	0.475588	-0.462702	0.475588
117	803	979	0.440191	-0.391459	0.440191	-0.391459
118	657	1156	0.455514	-0.493566	0.455514	-0.493566
119	1376	1031	0.436494	-0.427256	0.436494	-0.427256
120	732	1792	-0.408904	0.490183	-0.408904	0.490183
121	990	230	-0.459743	0.411152	-0.459743	0.411152
122	146	380	0.38553	-0.363923	0.38553	-0.363923
123	1259	1864	-0.474427	0.449907	-0.474427	0.449907
124	19	260	-0.476274	0.483521	-0.476274	0.483521
125	233	782	0.460386	-0.475706	0.460386	-0.475706
126	692	134	0.41766	-0.388053	0.41766	-0.388053
127	1183	1294	0.309523	-0.470895	0.309523	-0.470895
128	1068	1809	-0.480307	0.445693	-0.480307	0.445693
129	1967	1771	0.405923	-0.375428	0.405923	-0.375428
130	1513	1131	-0.317882	0.435649	-0.317882	0.435649
131	1814	234	-0.419789	0.435439	-0.419789	0.435439
132	511	791	-0.489787	0.296437	-0.489787	0.296437
133	212	1819	0.466924	-0.398852	0.466924	-0.398852
134	475	467	-0.461176	0.388104	-0.461176	0.388104
135	143	1478	0.485487	-0.443022	0.485487	-0.443022
136	371	538	-0.218567	0.432783	-0.218567	0.432783
137	864	733	0.416458	-0.444269	0.416458	-0.444269
138	1965	1793	-0.462154	0.431785	-0.462154	0.431785
139	1709	1267	0.47891	-0.426222	0.47891	-0.426222
140	540	621	-0.372158	0.44679	-0.372158	0.44679
141	1093	350	-0.476901	0.469265	-0.476901	0.469265
142	1274	176	-0.366592	0.466572	-0.366592	0.466572
143	1243	150	-0.499048	0.444034	-0.499048	0.444034
144	515	897	0.440891	-0.427068	0.440891	-0.427068
145	946	1998	0.497572	-0.49642	0.497572	-0.49642
146	128	90	-0.486977	0.46528	-0.486977	0.46528
147	750	645	-0.424985	0.34502	-0.424985	0.34502
148	566	606	0.499049	-0.473164	0.499049	-0.473164
149	592	776	-0.499174	0.420899	-0.499174	0.420899
150	944	215	-0.460403	0.207955	-0.460403	0.207955
151	1686	149	0.368822	-0.396719	0.368822	-0.396719
152	180	834	0.471388	-0.466829	0.471388	-0.466829
153	113	995	0.356655	-0.420526	0.356655	-0.420526
154	1500	648	0.404182	-0.442681	0.404182	-0.442681
155	241	1373	-0.401645	0.398053	-0.401645	0.398053
156	1375	1391	0.491559	-0.410963	0.491559	-0.410963
157	294	337	-0.362541	0.450737	-0.362541	0.450737
158	1105	576	-0.484234	0.101879	-0.484234	0.101879
159	552	661	-0.469233	0.335861	-0.469233	0.335861
160	1313	544	-0.467354	0.383985	-0.467354	0.383985
161	367	157	0.488391	-0.46653	0.488391	-0.46653
162	1047	1409	0.407759	-0.444208	0.407759	-0.444208
163	1312	142	0.38953	-0.462017	0.38953	-0.462017
164	1315	902	0.189849	-0.439419	0.189849	-0.439419
165	1947	1218	0.331328	-0.413434	0.331328	-0.413434
166	1594	282	0.459192	-0.434391	0.459192	-0.434391
167	1544	725	0.391408	-0.157905	0.391408	-0.157905
168	208	1834	0.321414	-0.387259	0.321414	-0.387259
169	1785	1514	0.461941	-0.36946	0.461941	-0.36946
170	73	1706	0.495568	-0.422517	0.495568	-0.422517
171	324	105	0.271941	-0.480381	0.271941	-0.480381
172	753	1663	-0.442977	0.418741	-0.442977	0.418741
173	1033	1901	-0.281072	0.42692	-0.281072	0.42692
174	259	591	-0.329892	0.412365	-0.329892	0.412365
175	147	179	-0.274516	0.357074	-0.274516	0.357074
176	1805	250	0.409212	-0.442869	0.409212	-0.442869
177	599	1489	-0.417106	0.378205	-0.417106	0.378205
178	1023	1454	0.442189	-0.4782	0.442189	-0.4782
179	30	1730	0.348445	-0.390984	0.348445	-0.390984
180	841	1572	0.248344	-0.372031	0.248344	-0.372031
181	477	712	0.481116	-0.39397	0.481116	-0.39397
182	1971	181	-0.462839	0.458286	-0.462839	0.458286
183	1692	1012	0.416089	-0.404684	0.416089	-0.404684
184	1493	689	0.472631	-0.418877	0.472631	-0.418877
185	343	27	0.461214	-0.452064	0.461214	-0.452064
186	1043	1485	0.351956	-0.377312	0.351956	-0.377312
187	677	805	-0.44552	0.48871	-0.44552	0.48871
188	503	1782	0.491897	-0.496248	0.491897	-0.496248
189	1336	1711	0.452082	-0.481612	0.452082	-0.481612
190	529	907	-0.385008	0.421796	-0.385008	0.421796
191	1604	484	0.393751	-0.431524	0.393751	-0.431524
192	38	1668	0.449866	-0.414111	0.449866	-0.414111
193	833	1170	0.453147	-0.361116	0.453147	-0.361116
194	1022	82	0.496642	-0.405978	0.496642	-0.405978
195	178	227	0.465295	-0.427772	0.465295	-0.427772
196	790	1536	0.375601	-0.449246	0.375601	-0.449246
197	425	1873	0.453963	-0.454761	0.453963	-0.454761
198	806	1013	-0.396905	0.399499	-0.396905	0.399499
199	1673	1473	-0.422798	0.33456	-0.422798	0.33456
200	270	1748	0.411703	-0.39717	0.411703	-0.39717
201	809	1571	0.42033	-0.480623	0.42033	-0.480623
202	668	245	0.469342	-0.483173	0.469342	-0.483173
203	1269	873	0.424148	-0.42786	0.424148	-0.42786
204	1918	1741	0.408128	-0.447272	0.408128	-0.447272
205	165	520	-0.477764	0.377623	-0.477764	0.377623
206	1562	930	-0.383306	0.327684	-0.383306	0.327684
207	1333	539	-0.470215	0.380472	-0.470215	0.380472
208	222	1595	-0.484385	0.433802	-0.484385	0.433802
209	1526	244	-0.432406	0.424206	-0.432406	0.424206
210	1922	1032	-0.486224	0.291353	-0.486224	0.291353
211	154	871	-0.337175	0.469942	-0.337175	0.469942
212	611	348	-0.321539	0.312418	-0.321539	0.312418
213	12	456	-0.332886	0.454915	-0.332886	0.454915
214	491	711	-0.462205	0.38229	-0.462205	0.38229
215	1101	927	0.343146	-0.301751	0.343146	-0.301751
216	1287	612	0.366748	-0.415434	0.366748	-0.415434
217	1319	1453	0.394257	-0.430493	0.394257	-0.430493
218	1207	628	0.385239	-0.48446	0.385239	-0.48446
219	490	1046	-0.369787	0.479661	-0.369787	0.479661
220	312	209	0.37956	-0.447361	0.37956	-0.447361
221	615	1553	0.340007	-0.414984	0.340007	-0.414984
222	1623	1584	-0.498489	0.435143	-0.498489	0.435143
223	1887	926	0.423614	-0.432554	0.423614	-0.432554
224	1904	618	-0.451364	0.395341	-0.451364	0.395341
225	1780	1747	0.358177	-0.369131	0.358177	-0.369131
226	81	1498	0.449141	-0.402932	0.449141	-0.402932
227	741	1466	-0.47455	0.359551	-0.47455	0.359551
228	778	1507	0.441091	-0.444643	0.441091	-0.444643
229	597	206	-0.463375	0.367203	-0.463375	0.367203
230	102	1004	-0.40367	0.381789	-0.40367	0.381789
231	262	299	-0.45251	0.411863	-0.45251	0.411863
232	819	1237	0.463635	-0.301251	0.463635	-0.301251
233	1056	126	-0.338903	0.41457	-0.338903	0.41457
234	1522	1956	-0.367225	0.344697	-0.367225	0.344697
235	1284	860	-0.401168	0.342937	-0.401168	0.342937
236	1549	1581	-0.463186	0.377826	-0.463186	0.377826
237	1672	947	-0.397637	0.436975	-0.397637	0.436975
238	1822	94	-0.38841	0.370589	-0.38841	0.370589
239	1759	1659	-0.188494	0.400789	-0.188494	0.400789
240	1982	342	0.424316	-0.397629	0.424316	-0.397629
241	858	432	-0.403572	0.464502	-0.403572	0.464502
242	7	396	0.402862	-0.381966	0.402862	-0.381966
243	1256	445	-0.39311	0.316083	-0.39311	0.316083
244	738	225	0.197662	-0.355245	0.197662	-0.355245
245	431	784	-0.352911	0.426641	-0.352911	0.426641
246	1301	1519	0.334113	-0.442218	0.334113	-0.442218
247	1578	35	-0.380753	0.424429	-0.380753	0.424429
248	1688	402	-0.44474	0.284315	-0.44474	0.284315
249	1529	1501	-0.449374	0.351026	-0.449374	0.351026
250	1548	1208	-0.43035	0.428539	-0.43035	0.428539
251	1206	932	0.273591	-0.362264	0.273591	-0.362264
252	1124	302	-0.433272	0.364034	-0.433272	0.364034
253	724	1030	0.36071	-0.415847	0.36071	-0.415847
254	1854	829	-0.286608	0.393322	-0.286608	0.393322
255	528	248	0.362445	-0.441283	0.362445	-0.441283
256	1063	1803	-0.392268	0.400483	-0.392268	0.400483
257	1930	339	0.469194	-0.422067	0.469194	-0.422067
258	1928	608	0.45362	-0.413578	0.45362	-0.413578
259	1428	558	-0.332563	0.427948	-0.332563	0.427948
260	1978	386	0.418432	-0.445335	0.418432	-0.445335
261	361	1677	-0.369433	0.345934	-0.369433	0.345934
262	808	119	0.364795	-0.338016	0.364795	-0.338016
263	1307	534	-0.399341	0.43605	-0.399341	0.43605
264	318	378	-0.459922	0.330823	-0.459922	0.330823
265	1435	210	0.378567	-0.364155	0.378567	-0.364155
266	710	71	-0.460351	0.327245	-0.460351	0.327245
267	856	338	-0.338428	0.328193	-0.338428	0.328193
268	1517	643	-0.42581	0.35638	-0.42581	0.35638
269	480	1305	0.250017	-0.36414	0.250017	-0.36414
270	1702	41	0.408734	-0.450852	0.408734	-0.450852
271	430	1222	-0.412462	0.385597	-0.412462	0.385597
272	1845	1141	-0.394502	0.337991	-0.394502	0.337991
273	1221	1009	0.304342	-0.344745	0.304342	-0.344745
274	65	1943	0.349614	-0.36067	0.349614	-0.36067
275	815	950	-0.451919	0.387496	-0.451919	0.387496
276	78	687	-0.404797	0.330413	-0.404797	0.330413
277	1850	1853	0.393981	-0.319449	0.393981	-0.319449
278	1527	795	0.371922	-0.403392	0.371922	-0.403392
279	1148	1912	-0.423098	0.358377	-0.423098	0.358377
280	20	893	-0.393025	0.437152	-0.393025	0.437152
281	98	366	-0.46724	0.401138	-0.46724	0.401138
282	900	406	0.313858	-0.367413	0.313858	-0.367413
283	1848	510	-0.310549	0.473967	-0.310549	0.473967
284	1905	1197	-0.217558	0.313468	-0.217558	0.313468
285	1804	551	0.391136	-0.436186	0.391136	-0.436186
286	1039	722	-0.296819	0.357809	-0.296819	0.357809
287	940	1021	-0.34364	0.459436	-0.34364	0.459436
288	919	447	0.355814	-0.374144	0.355814	-0.374144
289	600	462	-0.383602	0.323557	-0.383602	0.323557
290	1378	1412	0.343031	-0.303602	0.343031	-0.303602
291	77	1585	0.381108	-0.28394	0.381108	-0.28394
292	9	1340	0.320691	-0.414505	0.320691	-0.414505
293	898	193	-0.391582	0.355073	-0.391582	0.355073
294	1888	1157	-0.349353	0.375836	-0.349353	0.375836
295	1335	205	-0.406108	0.386564	-0.406108	0.386564
296	1505	1275	-0.303002	0.345735	-0.303002	0.345735
297	309	525	0.333668	-0.426084	0.333668	-0.426084
298	1064	1995	-0.347415	0.303433	-0.347415	0.303433
299	232	671	-0.282603	0.407462	-0.282603	0.407462
300	514	23	0.357343	-0.325118	0.357343	-0.325118
301	1040	1449	-0.439453	0.38923	-0.439453	0.38923
302	1014	1460	0.185909	-0.386418	0.185909	-0.386418
303	1944	1855	0.277103	-0.346971	0.277103	-0.346971
304	1980	1251	0.329363	-0.372987	0.329363	-0.372987
305	1559	986	-0.238955	0.397424	-0.238955	0.397424
306	1196	698	0.251596	-0.368026	0.251596	-0.368026
307	1202	1083	-0.334592	0.369278	-0.334592	0.369278
308	1464	1760	-0.307274	0.336572	-0.307274	0.336572
309	855	1535	0.354748	-0.305738	0.354748	-0.305738
310	1658	1860	-0.301339	0.378133	-0.301339	0.378133
311	1127	1325	-0.376196	0.378943	-0.376196	0.378943
312	1502	141	0.348282	-0.344097	0.348282	-0.344097
313	407	1837	-0.312714	0.274358	-0.312714	0.274358
314	636	651	0.399953	-0.238266	0.399953	-0.238266
315	1471	1910	-0.272533	0.284045	-0.272533	0.284045
316	1384	1427	-0.328438	0.439321	-0.328438	0.439321
317	272	1699	-0.413798	0.347153	-0.413798	0.347153
318	1159	1913	-0.321816	0.335656	-0.321816	0.335656
319	1163	398	0.396115	-0.440765	0.396115	-0.440765
320	1737	825	0.298453	-0.356075	0.298453	-0.356075
321	1038	721	0.345019	-0.344299	0.345019	-0.344299
322	224	1750	0.417696	-0.273844	0.417696	-0.273844
323	1414	1212	0.377659	-0.428686	0.377659	-0.428686
324	428	1389	0.288077	-0.20345	0.288077	-0.20345
325	55	1890	-0.437329	0.358947	-0.437329	0.358947
326	1329	1055	-0.233403	0.250883	-0.233403	0.250883
327	1886	199	0.417104	-0.264429	0.417104	-0.264429
328	639	1286	-0.396285	0.372877	-0.396285	0.372877
329	64	1892	-0.346052	0.319179	-0.346052	0.319179
330	1728	997	-0.36712	0.258448	-0.36712	0.258448
331	650	1820	-0.383313	0.385477	-0.383313	0.385477
332	1330	1481	0.341042	-0.278934	0.341042	-0.278934
333	874	1433	-0.360664	0.338267	-0.360664	0.338267
334	562	1723	-0.426544	0.203557	-0.426544	0.203557
335	263	97	-0.341521	0.217953	-0.341521	0.217953
336	1676	1303	0.406604	-0.381163	0.406604	-0.381163
337	583	752	-0.357018	0.357727	-0.357018	0.357727
338	1135	1632	0.267907	-0.323559	0.267907	-0.323559
339	850	1974	-0.173977	0.392583	-0.173977	0.392583
340	334	1369	0.198309	-0.339058	0.198309	-0.339058
341	441	1727	0.3849	-0.325722	0.3849	-0.325722
342	675	1372	0.300601	-0.282035	0.300601	-0.282035
343	619	929	0.358625	-0.422258	0.358625	-0.422258
344	1260	25	-0.411796	0.264848	-0.411796	0.264848
345	1025	220	0.397506	-0.297857	0.397506	-0.297857
346	1130	1797	0.189873	-0.323672	0.189873	-0.323672
347	565	1455	-0.332385	0.325011	-0.332385	0.325011
348	758	983	0.173333	-0.366158	0.173333	-0.366158
349	1390	296	0.309843	-0.297129	0.309843	-0.297129
350	547	1008	-0.352939	0.339739	-0.352939	0.339739
351	1991	1570	-0.174996	0.368315	-0.174996	0.368315
352	513	1923	-0.301242	0.400439	-0.301242	0.400439
353	609	1327	-0.454258	0.272092	-0.454258	0.272092
354	943	1675	0.343202	-0.251018	0.343202	-0.251018
355	1217	502	0.287294	-0.370981	0.287294	-0.370981
356	1627	1258	0.284373	-0.310725	0.284373	-0.310725
357	1704	911	-0.418842	0.296797	-0.418842	0.296797
358	506	1510	0.295953	-0.301347	0.295953	-0.301347
359	1598	1698	0.257092	-0.361402	0.257092	-0.361402
360	1154	522	-0.315885	0.271826	-0.315885	0.271826
361	283	622	0.36036	-0.28656	0.36036	-0.28656
362	289	817	0.374426	-0.375988	0.374426	-0.375988
363	57	1227	-0.388033	0.381723	-0.388033	0.381723
364	1530	783	0.337308	-0.365686	0.337308	-0.365686
365	981	955	-0.350544	0.233517	-0.350544	0.233517
366	1007	789	0.350376	-0.367676	0.350376	-0.367676
367	1744	1801	-0.43104	0.27147	-0.43104	0.27147
368	1783	1938	-0.302197	0.303012	-0.302197	0.303012
369	1832	716	0.271736	-0.340099	0.271736	-0.340099
370	1867	891	-0.352948	0.354722	-0.352948	0.354722
371	505	512	0.39993	-0.347812	0.39993	-0.347812
372	1752	1472	0.224514	-0.263119	0.224514	-0.263119
373	1952	966	-0.393172	0.288268	-0.393172	0.288268
374	1193	465	0.338776	-0.331956	0.338776	-0.331956
375	487	1152	-0.303556	0.384317	-0.303556	0.384317
376	322	1492	0.332934	-0.374207	0.332934	-0.374207
377	610	1467	0.319318	-0.332696	0.319318	-0.332696
378	526	1719	-0.362089	0.269685	-0.362089	0.269685
379	848	1870	0.311737	-0.274111	0.311737	-0.274111
380	720	1458	0.263022	-0.24506	0.263022	-0.24506
381	63	1545	-0.348447	0.371889	-0.348447	0.371889
382	345	1859	-0.371524	0.383718	-0.371524	0.383718
383	601	1863	0.340706	-0.287606	0.340706	-0.287606
384	996	747	0.318317	-0.242502	0.318317	-0.242502
385	84	1192	-0.2867	0.256357	-0.2867	0.256357
386	328	114	0.190454	-0.399885	0.190454	-0.399885
387	304	1107	0.293823	-0.243013	0.293823	-0.243013
388	1293	394	-0.340873	0.338476	-0.340873	0.338476
389	1874	756	-0.33293	0.209711	-0.33293	0.209711
390	1558	1133	0.245782	-0.194566	0.245782	-0.194566
391	1665	1210	-0.327516	0.352257	-0.327516	0.352257
392	39	1739	-0.275955	0.303701	-0.275955	0.303701
393	1215	1746	-0.271602	0.177558	-0.271602	0.177558
394	1283	26	0.164369	-0.319474	0.164369	-0.319474
395	469	1816	-0.267365	0.303285	-0.267365	0.303285
396	1773	1224	-0.362108	0.297605	-0.362108	0.297605
397	915	1347	-0.32575	0.273738	-0.32575	0.273738
398	1109	1927	-0.32407	0.116678	-0.32407	0.116678
399	169	1761	-0.322859	0.320686	-0.322859	0.320686
400	890	922	-0.296328	0.358093	-0.296328	0.358093
401	1968	153	-0.379427	0.382787	-0.379427	0.382787
402	127	1969	-0.394656	0.287572	-0.394656	0.287572
403	310	333	-0.326803	0.300638	-0.326803	0.300638
404	86	887	-0.328017	0.36941	-0.328017	0.36941
405	433	1387	-0.401895	0.329436	-0.401895	0.329436
406	1270	1779	0.291411	-0.298035	0.291411	-0.298035
407	1577	589	-0.28294	0.262875	-0.28294	0.262875
408	69	590	-0.276369	0.288354	-0.276369	0.288354
409	1028	397	-0.28216	0.294818	-0.28216	0.294818
410	1020	1273	-0.343328	0.364832	-0.343328	0.364832
411	736	188	-0.202839	0.331669	-0.202839	0.331669
412	1272	385	0.355563	-0.27818	0.355563	-0.27818
413	1824	1712	-0.347511	0.312515	-0.347511	0.312515
414	779	1430	-0.332114	0.340258	-0.332114	0.340258
415	1263	414	0.119218	-0.387314	0.119218	-0.387314
416	28	1877	0.100308	-0.316759	0.100308	-0.316759
417	984	471	0.315895	-0.239149	0.315895	-0.239149
418	140	61	0.360017	-0.359025	0.360017	-0.359025
419	1081	1640	0.275565	-0.339039	0.275565	-0.339039
420	694	1515	0.319347	-0.171766	0.319347	-0.171766
421	357	1034	-0.317411	0.272288	-0.317411	0.272288
422	1696	1209	0.140852	-0.101737	0.140852	-0.101737
423	1720	132	0.250349	-0.343496	0.250349	-0.343496
424	933	840	-0.294838	0.337715	-0.294838	0.337715
425	958	40	-0.316999	0.330104	-0.316999	0.330104
426	1599	1132	0.358504	-0.164368	0.358504	-0.164368
427	14	1060	0.216722	-0.339779	0.216722	-0.339779
428	1245	1299	-0.353512	0.323452	-0.353512	0.323452
429	586	200	0.23694	-0.279152	0.23694	-0.279152
430	786	340	0.12428	-0.362898	0.12428	-0.362898
431	1320	755	-0.309798	0.27736	-0.309798	0.27736
432	1617	745	0.334079	-0.141703	0.334079	-0.141703
433	1169	1120	0.288863	-0.25326	0.288863	-0.25326
434	1828	1150	0.285828	-0.334712	0.285828	-0.334712
435	1613	24	-0.29561	0.283687	-0.29561	0.283687
436	1494	273	0.299145	-0.401192	0.299145	-0.401192
437	1316	387	0.337771	-0.280125	0.337771	-0.280125
438	1073	767	0.186611	-0.269796	0.186611	-0.269796
439	1289	251	0.346993	-0.375206	0.346993	-0.375206
440	319	1058	-0.31306	0.172163	-0.31306	0.172163
441	800	89	-0.189279	0.163945	-0.189279	0.163945
442	863	6	-0.23258	0.283137	-0.23258	0.283137
443	644	135	-0.311789	0.258275	-0.311789	0.258275
444	1740	335	0.23574	-0.270019	0.23574	-0.270019
445	572	284	0.260025	-0.2237	0.260025	-0.2237
446	656	970	-0.300907	0.297705	-0.300907	0.297705
447	1817	459	-0.265113	0.359718	-0.265113	0.359718
448	1252	1235	0.190809	-0.258618	0.190809	-0.258618
449	822	1090	0.309528	-0.348471	0.309528	-0.348471
450	246	96	0.0162502	-0.284267	0.0162502	-0.284267
451	99	382	-0.349536	0.248521	-0.349536	0.248521
452	931	797	-0.348751	0.236979	-0.348751	0.236979
453	115	1976	-0.312597	0.264787	-0.312597	0.264787
454	1406	264	0.151281	-0.307355	0.151281	-0.307355
455	1465	121	0.237257	-0.206181	0.237257	-0.206181
456	281	1322	-0.193134	0.3141	-0.193134	0.3141
457	239	770	-0.270784	0.299093	-0.270784	0.299093
458	434	516	-0.283907	0.270016	-0.283907	0.270016
459	43	1879	-0.299861	0.253484	-0.299861	0.253484
460	1531	519	0.19741	-0.25366	0.19741	-0.25366
461	580	1914	-0.209314	0.350213	-0.209314	0.350213
462	937	1716	-0.251331	0.289594	-0.251331	0.289594
463	945	1126	0.20772	-0.23942	0.20772	-0.23942
464	810	613	-0.34594	0.157317	-0.34594	0.157317
465	277	187	-0.248725	0.33253	-0.248725	0.33253
466	1358	437	0.325673	-0.314679	0.325673	-0.314679
467	768	1144	0.254426	-0.33796	0.254426	-0.33796
468	1439	1182	0.210997	-0.299492	0.210997	-0.299492
469	673	1431	-0.314601	0.292711	-0.314601	0.292711
470	1961	427	-0.333574	0.331026	-0.333574	0.331026
471	421	1734	-0.276385	0.306306	-0.276385	0.306306
472	1619	814	0.298457	-0.28206	0.298457	-0.28206
473	18	1474	-0.279238	0.270571	-0.279238	0.270571
474	100	1936	0.272553	-0.300634	0.272553	-0.300634
475	702	530	0.273746	-0.306438	0.273746	-0.306438
476	1563	630	0.241365	-0.201131	0.241365	-0.201131
477	1612	257	-0.313345	0.238168	-0.313345	0.238168
478	988	1366	0.260425	-0.190316	0.260425	-0.190316
479	54	1648	-0.282958	0.296612	-0.282958	0.296612
480	762	1722	-0.264762	0.327341	-0.264762	0.327341
481	550	1557	-0.185447	0.314686	-0.185447	0.314686
482	771	489	-0.277901	0.265484	-0.277901	0.265484
483	548	1520	-0.228841	0.362746	-0.228841	0.362746
484	112	1742	-0.247365	0.275678	-0.247365	0.275678
485	368	1710	0.329713	-0.191513	0.329713	-0.191513
486	734	910	-0.347862	0.148506	-0.347862	0.148506
487	1421	1996	0.259665	-0.304854	0.259665	-0.304854
488	376	1963	-0.241493	0.122526	-0.241493	0.122526
489	1437	417	-0.316512	0.183369	-0.316512	0.183369
490	1671	470	0.236489	-0.274623	0.236489	-0.274623
491	881	79	0.26517	-0.275107	0.26517	-0.275107
492	1199	203	0.217791	-0.199635	0.217791	-0.199635
493	757	242	-0.243017	0.232389	-0.243017	0.232389
494	1403	363	-0.251596	0.112432	-0.251596	0.112432
495	909	1636	0.25321	-0.284608	0.25321	-0.284608
496	211	31	-0.238083	0.195476	-0.238083	0.195476
497	1758	1555	-0.266248	0.321796	-0.266248	0.321796
498	1399	1512	-0.138674	0.29787	-0.138674	0.29787
499	637	876	0.308053	-0.231421	0.308053	-0.231421
500	812	1451	0.245157	-0.0974925	0.245157	-0.0974925
501	1080	435	0.204502	-0.240719	0.204502	-0.240719
502	509	1497	0.276792	-0.118794	0.276792	-0.118794
503	507	844	-0.290644	0.324477	-0.290644	0.324477
504	567	543	-0.133655	0.260959	-0.133655	0.260959
505	1721	144	0.258608	-0.294459	0.258608	-0.294459
506	1682	684	0.242844	-0.201822	0.242844	-0.201822
507	1158	74	0.266065	-0.259003	0.266065	-0.259003
508	1695	934	0.303739	-0.233198	0.303739	-0.233198
509	172	681	-0.197875	0.177094	-0.197875	0.177094
510	458	1265	0.206452	-0.305371	0.206452	-0.305371
511	301	75	-0.232961	0.156394	-0.232961	0.156394
512	662	535	-0.191685	0.256101	-0.191685	0.256101
513	861	404	0.242519	-0.318577	0.242519	-0.318577
514	1398	1823	0.21887	-0.149235	0.21887	-0.149235
515	682	1298	0.294701	-0.255973	0.294701	-0.255973
516	111	1560	0.218028	-0.257687	0.218028	-0.257687
517	1896	1051	0.255012	-0.213467	0.255012	-0.213467
518	1708	1070	-0.201219	0.182997	-0.201219	0.182997
519	50	293	-0.287099	0.211337	-0.287099	0.211337
520	1357	1551	-0.322663	0.213215	-0.322663	0.213215
521	1310	124	0.201216	-0.225734	0.201216	-0.225734
522	1108	1162	-0.317308	0.128205	-0.317308	0.128205
523	256	1247	0.24017	-0.309276	0.24017	-0.309276
524	1891	292	0.325683	-0.291391	0.325683	-0.291391
525	1176	237	0.239708	-0.0707664	0.239708	-0.0707664
526	1811	133	0.263906	-0.281989	0.263906	-0.281989
527	274	748	0.23848	-0.272282	0.23848	-0.272282
528	1979	1368	-0.238528	0.316227	-0.238528	0.316227
529	559	269	-0.249463	0.213373	-0.249463	0.213373
530	1401	737	0.254484	-0.257844	0.254484	-0.257844
531	117	207	0.260325	-0.299617	0.260325	-0.299617
532	951	1351	-0.267496	0.0181299	-0.267496	0.0181299
533	1643	798	0.247608	-0.291817	0.247608	-0.291817
534	449	136	0.30829	-0.319679	0.30829	-0.319679
535	730	1788	0.252508	-0.0384075	0.252508	-0.465781
536	568	103	0.090738	-0.278891	0.090738	-0.278891
537	1092	1586	-0.298295	0.253602	-0.298295	0.253602
538	1117	1950	0.0461183	-0.162428	0.0461183	-0.162428
539	300	1360	-0.269565	0.237108	-0.269565	0.237108
540	1614	1000	0.248774	-0.176309	0.248774	-0.176309
541	192	641	-0.226074	0.277211	-0.226074	0.277211
542	794	680	0.288115	-0.210014	0.288115	-0.210014
543	1129	569	-0.198606	0.123624	-0.198606	0.123624
544	1524	497	0.276653	-0.114513	0.276653	-0.114513
545	1680	1726	0.184798	-0.19044	0.184798	-0.19044
546	769	684	0.258059	0.0205109	0.258059	-0.201822
547	499	1345	-0.297607	0.160118	-0.297607	0.160118
548	15	1061	-0.32806	0.154022	-0.32806	0.154022
549	1420	1813	0.21379	-0.235831	0.21379	-0.235831
550	759	1876	0.19276	-0.249545	0.19276	-0.249545
551	93	877	-0.264005	0.237606	-0.264005	0.237606
552	306	1631	-0.293118	0.291364	-0.293118	0.291364
553	1049	1431	-0.21153	-0.0109449	-0.21153	0.292711
554	978	1484	-0.107382	0.233629	-0.107382	0.233629
555	973	1958	-0.162343	0.28514	-0.162343	0.28514
556	373	1925	-0.287067	0.172228	-0.287067	0.172228
557	1600	1818	-0.245482	0.172262	-0.245482	0.172262
558	1907	1841	-0.285165	0.108035	-0.285165	0.108035
559	1087	1062	-0.158471	0.194846	-0.158471	0.194846
560	1886	1082	0.0763372	-0.287265	0.417104	-0.287265
561	1833	914	-0.270696	0.22765	-0.270696	0.22765
562	968	223	0.149069	-0.167957	0.149069	-0.167957
563	625	1547	-0.28069	0.148225	-0.28069	0.148225
564	1849	92	0.247641	-0.219038	0.247641	-0.219038
565	442	1140	-0.257203	0.269405	-0.257203	0.269405
566	1110	1418	-0.122495	0.226606	-0.122495	0.226606
567	976	918	-0.231406	0.263377	-0.231406	0.263377
568	575	1074	0.194395	-0.244338	0.194395	-0.244338
569	852	1898	0.0952364	-0.276658	0.0952364	-0.276658
570	1763	182	-0.276604	0.191119	-0.276604	0.191119
571	1539	1440	0.264712	-0.271089	0.264712	-0.271089
572	826	42	-0.219914	0.205818	-0.219914	0.205818
573	1984	843	0.182383	-0.264255	0.182383	-0.264255
574	1601	1010	-0.254103	0.178798	-0.254103	0.178798
575	87	265	-0.157078	0.305227	-0.157078	0.305227
576	472	818	0.215448	-0.159848	0.215448	-0.159848
577	658	1024	0.242226	-0.14906	0.242226	-0.14906
578	1364	297	-0.12364	0.265841	-0.12364	0.265841
579	1331	1185	0.181878	-0.210669	0.181878	-0.210669
580	1385	1797	0.17641	-0.0668995	0.17641	-0.323672
581	781	435	-0.164422	-0.0181083	-0.164422	-0.240719
582	999	957	0.207347	-0.269495	0.207347	-0.269495
583	390	1483	0.157486	-0.253056	0.157486	-0.253056
584	1689	1174	-0.180202	0.223192	-0.180202	0.223192
585	1344	670	-0.142998	0.268834	-0.142998	0.268834
586	1490	652	0.236112	-0.29135	0.236112	-0.29135
587	198	444	0.22845	-0.277331	0.22845	-0.277331
588	1966	1400	0.252374	-0.276557	0.252374	-0.276557
589	1362	1768	-0.158809	0.308155	-0.158809	0.308155
590	678	1408	0.265077	-0.23945	0.265077	-0.23945
591	987	631	-0.179833	0.18475	-0.179833	0.18475
592	816	10	-0.164233	0.289862	-0.164233	0.289862
593	1354	315	0.23073	-0.174819	0.23073	-0.174819
594	1201	1878	-0.187421	0.324872	-0.187421	0.324872
595	1851	655	-0.272638	0.174781	-0.272638	0.174781
596	349	494	0.282703	-0.223975	0.282703	-0.223975
597	1933	1749	-0.271808	0.224487	-0.271808	0.224487
598	792	1250	-0.295625	0.190565	-0.295625	0.190565
599	1487	1762	0.23152	-0.192638	0.23152	-0.192638
600	761	1992	-0.24553	0.182864	-0.24553	0.182864
601	495	229	0.173228	-0.280538	0.173228	-0.280538
602	1475	1954	-0.251228	0.292774	-0.251228	0.292774
603	1353	1278	0.149244	-0.280985	0.149244	-0.280985
604	1121	1593	-0.2549	0.265008	-0.2549	0.265008
605	1774	29	-0.223318	0.23345	-0.223318	0.23345
606	777	1191	-0.241239	0.131408	-0.241239	0.131408
607	1521	508	-0.138119	0.248262	-0.138119	0.248262
608	1463	1973	0.204456	-0.192381	0.204456	-0.192381
609	1069	587	0.267171	-0.221958	0.267171	-0.221958
610	1666	1808	0.160535	-0.259418	0.160535	-0.259418
611	305	1981	-0.258029	0.265428	-0.258029	0.265428
612	1102	285	-0.176114	0.127637	-0.176114	0.127637
613	1743	901	-0.050818	0.229762	-0.050818	0.229762
614	1216	1348	0.218437	-0.257658	0.218437	-0.257658
615	1839	1644	0.286002	-0.127473	0.286002	-0.127473
616	541	254	0.195876	-0.206984	0.195876	-0.206984
617	993	1246	-0.228423	0.250281	-0.228423	0.250281
618	446	1610	-0.139293	0.197257	-0.139293	0.197257
619	1753	1764	-0.234507	0.200979	-0.234507	0.200979
620	11	647	0.192879	0.0181903	0.192879	0.0181903
621	314	1078	-0.279331	0.223766	-0.279331	0.223766
622	374	1145	0.151795	-0.24609	0.151795	-0.24609
623	1634	536	-0.168691	0.218163	-0.168691	0.218163
624	1825	1858	0.158653	-0.235251	0.158653	-0.235251
625	595	420	-0.237941	0.281136	-0.237941	0.281136
626	998	1136	-0.194429	0.201029	-0.194429	0.201029
627	574	849	-0.164393	0.174212	-0.164393	0.174212
628	1880	1295	0.167953	-0.234528	0.167953	-0.234528
629	3	517	-0.230036	0.223972	-0.230036	0.223972
630	37	1003	-0.168535	0.0765573	-0.168535	0.0765573
631	1683	190	0.0487881	-0.260874	0.0487881	-0.260874
632	664	1987	0.215408	-0.210287	0.215408	-0.210287
633	1442	1884	-0.140746	0.199048	-0.140746	0.199048
634	1516	1276	0.160151	-0.106423	0.160151	-0.106423
635	1029	1796	0.270442	-0.133559	0.270442	-0.133559
636	801	1491	0.19423	-0.221987	0.19423	-0.221987
637	683	1787	-0.260686	0.177441	-0.260686	0.177441
638	409	1106	-0.229425	0.0694113	-0.229425	0.0694113
639	1618	581	0.2022	-0.196361	0.2022	-0.196361
640	533	120	-0.219673	0.0258023	-0.219673	0.0258023
641	1352	1035	0.129587	-0.158935	0.129587	-0.158935
642	1377	744	0.102236	-0.171387	0.102236	-0.171387
643	1457	298	-0.1673	0.225621	-0.1673	0.225621
644	173	1328	0.0407853	-0.262005	0.0407853	-0.262005
645	1542	760	0.220753	-0.13239	0.220753	-0.13239
646	1337	1541	-0.151789	0.20237	-0.151789	0.20237
647	195	965	0.110738	-0.270059	0.110738	-0.270059
648	85	704	-0.104908	0.220701	-0.104908	0.220701
649	1155	582	0.174382	-0.271719	0.174382	-0.271719
650	1921	1565	-0.218446	0.250326	-0.218446	0.250326
651	654	1067	-0.243742	0.259292	-0.243742	0.259292
