# Node_nr = 300
# K <r> sigma_r(sig not of average! divide by sqrt(n))
0 0.00666667 0.0649141 0.025808 0
0.00333333 0.00666667 0.048844 0.026106 0
0.00666667 0.00666667 0.0584121 0.026372 0
0.01 0.00666667 0.0428527 0.0184647 0
0.0133333 0.00666667 0.0510111 0.0252172 0
0.0166667 0.00666667 0.0529704 0.0260575 0
0.02 0.00666667 0.0555846 0.0422045 0
0.0233333 0.00666667 0.0506654 0.0254269 0
0.0266667 0.00666667 0.0495807 0.0251466 0
0.03 0.00666667 0.0473997 0.0221255 0
0.0333333 0.00666667 0.0461353 0.0191242 0
0.0366667 0.00666667 0.0594128 0.0276823 0
0.04 0.00666667 0.0457946 0.0252276 0
0.0433333 0.00666667 0.0450815 0.0212665 0
0.0466667 0.00666667 0.0426077 0.0213216 0
0.05 0.00666667 0.0542561 0.0308818 0
0.0533333 0.00666667 0.0510314 0.0258325 0
0.0566667 0.00666667 0.0428017 0.0209619 0
0.06 0.00666667 0.0556865 0.0226943 0
0.0633333 0.00666667 0.053334 0.0308203 0
0.0666667 0.00666667 0.0561793 0.0258608 0
0.07 0.00666667 0.0456171 0.0172734 0
0.0733333 0.00666667 0.0568699 0.0249953 0
0.0766667 0.00666667 0.0482888 0.0250657 0
0.08 0.00666667 0.0511829 0.0281211 0
0.0833333 0.00666667 0.0542004 0.0314984 0
0.0866667 0.00666667 0.0588967 0.0238997 0
0.09 0.00666667 0.0598472 0.0285001 0
0.0933333 0.00666667 0.0534595 0.0253867 0
0.0966667 0.00666667 0.0584686 0.032832 0
0.1 0.01 0.0642905 0.0365503 0
0.103333 0.01 0.0537596 0.0340733 0
0.106667 0.01 0.0579796 0.0276622 0
0.11 0.01 0.0567835 0.0246638 0
0.113333 0.01 0.0541067 0.0255089 0
0.116667 0.01 0.0570678 0.025449 0
0.12 0.01 0.0506104 0.0264208 0
0.123333 0.01 0.056843 0.0173627 0
0.126667 0.01 0.0581978 0.0327589 0
0.13 0.01 0.0524177 0.0308137 0
0.133333 0.01 0.0691478 0.0314319 0
0.136667 0.01 0.0692477 0.0251836 0
0.14 0.0133333 0.0541002 0.0215763 0
0.143333 0.0133333 0.0457531 0.0210175 0
0.146667 0.0133333 0.0557656 0.0312665 0
0.15 0.0133333 0.0541797 0.0246385 0
0.153333 0.0133333 0.0654964 0.0259243 0
0.156667 0.0133333 0.0489161 0.0232243 0
0.16 0.0133333 0.0682458 0.0318871 0
0.163333 0.0133333 0.0597132 0.0265476 0
0.166667 0.0133333 0.0512918 0.0248807 0
0.17 0.0133333 0.0621733 0.0274285 0
0.173333 0.0133333 0.059933 0.0229883 0
0.176667 0.0133333 0.0649139 0.0327621 0
0.18 0.0133333 0.0779366 0.0432786 0
0.183333 0.0133333 0.046417 0.0244321 0
0.186667 0.0133333 0.0676035 0.0283831 0
0.19 0.0133333 0.0463284 0.0202369 0
0.193333 0.0133333 0.0705206 0.0315916 0
0.196667 0.0133333 0.0630047 0.0444228 0
0.2 0.0133333 0.0745861 0.0212208 0
0.203333 0.0133333 0.0474053 0.0252747 0
0.206667 0.0166667 0.0636258 0.0249108 0
0.21 0.0166667 0.0422484 0.0245676 0
0.213333 0.0166667 0.0905111 0.0387356 0
0.216667 0.0166667 0.0529829 0.0267707 0
0.22 0.0166667 0.0621908 0.0269294 0
0.223333 0.0166667 0.0498352 0.0352175 0
0.226667 0.0166667 0.0643227 0.0273172 0
0.23 0.0166667 0.0683553 0.0292174 0
0.233333 0.0166667 0.0678327 0.0313375 0
0.236667 0.0166667 0.0629232 0.0419792 0
0.24 0.0166667 0.0696396 0.0329852 0
0.243333 0.0166667 0.0606976 0.0276158 0
0.246667 0.0166667 0.0693263 0.0324523 0
0.25 0.0166667 0.0632864 0.0321589 0
0.253333 0.0166667 0.0654208 0.0262223 0
0.256667 0.0166667 0.0617573 0.023751 0
0.26 0.0166667 0.060458 0.036031 0
0.263333 0.0166667 0.0545261 0.0236872 0
0.266667 0.02 0.073062 0.034941 0
0.27 0.02 0.0696133 0.0212361 0
0.273333 0.02 0.0921363 0.0487306 0
0.276667 0.02 0.0744831 0.0353549 0
0.28 0.02 0.0649555 0.0378428 0
0.283333 0.02 0.0732518 0.0382168 0
0.286667 0.02 0.0562846 0.024925 0
0.29 0.02 0.0826508 0.040428 0
0.293333 0.02 0.0718249 0.0299089 0
0.296667 0.02 0.0932744 0.0429184 0
0.3 0.02 0.0577087 0.0290717 0
0.303333 0.02 0.0626808 0.0208967 0
0.306667 0.02 0.0696549 0.0477792 0
0.31 0.0233333 0.085006 0.0497863 0
0.313333 0.0233333 0.057599 0.0295399 0
0.316667 0.0233333 0.0606671 0.035186 0
0.32 0.0233333 0.0673452 0.0356536 0
0.323333 0.0233333 0.082621 0.0401932 0
0.326667 0.0233333 0.0782234 0.0262469 0
0.33 0.0233333 0.0592564 0.02384 0
0.333333 0.0233333 0.0648222 0.0289921 0
0.336667 0.0233333 0.0744191 0.0384591 0
0.34 0.0233333 0.0780185 0.0352019 0
0.343333 0.0233333 0.0656013 0.0246327 0
0.346667 0.0233333 0.0816108 0.0405752 0
0.35 0.0233333 0.0705193 0.032137 0
0.353333 0.0233333 0.0787681 0.0354799 0
0.356667 0.0233333 0.078196 0.0342115 0
0.36 0.0233333 0.0820609 0.029805 0
0.363333 0.0233333 0.064836 0.0437775 0
0.366667 0.0233333 0.0627885 0.0328553 0
0.37 0.0233333 0.0981966 0.0664308 0
0.373333 0.0233333 0.0703248 0.0220362 0
0.376667 0.0233333 0.0853763 0.0392594 0
0.38 0.0233333 0.0824182 0.0380392 0
0.383333 0.0266667 0.0626869 0.0323457 0
0.386667 0.0266667 0.0913539 0.0425047 0
0.39 0.0266667 0.0665432 0.0455603 0
0.393333 0.0266667 0.0785001 0.0273008 0
0.396667 0.0266667 0.0803978 0.0350523 0
0.4 0.0266667 0.0740998 0.0341886 0
0.403333 0.0266667 0.0845026 0.0334665 0
0.406667 0.0266667 0.0843852 0.03738 0
0.41 0.0266667 0.0709727 0.0313092 0
0.413333 0.0266667 0.0802103 0.0352523 0
0.416667 0.0266667 0.100116 0.0566558 0
0.42 0.0266667 0.0807317 0.0254931 0
0.423333 0.0266667 0.0617808 0.0263858 0
0.426667 0.0266667 0.0905501 0.0373465 0
0.43 0.0266667 0.0904408 0.0278556 0
0.433333 0.0266667 0.0789207 0.0302264 0
0.436667 0.0266667 0.0815259 0.044786 0
0.44 0.0266667 0.106582 0.0738218 0
0.443333 0.0266667 0.0876119 0.034303 0
0.446667 0.0333333 0.0401506 0.0183253 0
0.45 0.0333333 0.112851 0.057078 0
0.453333 0.0333333 0.0917348 0.0369816 0
0.456667 0.0333333 0.054468 0.0262539 0
0.46 0.0333333 0.108492 0.0475435 0
0.463333 0.0333333 0.0966636 0.0423967 0
0.466667 0.0333333 0.0746521 0.0488487 0
0.47 0.0333333 0.0584827 0.0357748 0
0.473333 0.0333333 0.0769631 0.0335761 0
0.476667 0.0333333 0.109382 0.0610597 0
0.48 0.0333333 0.103526 0.0509191 0
0.483333 0.0333333 0.0495895 0.0232722 0
0.486667 0.0333333 0.123939 0.0409154 0
0.49 0.0333333 0.121072 0.0569289 0
0.493333 0.0333333 0.0961428 0.0461769 0
0.496667 0.0333333 0.0823737 0.0490909 0
0.5 0.0333333 0.0881641 0.047485 0
0.503333 0.0333333 0.0761996 0.0287951 0
0.506667 0.0366667 0.105939 0.0352512 0
0.51 0.0366667 0.0927698 0.0302872 0
0.513333 0.0366667 0.104388 0.0472503 0
0.516667 0.0366667 0.0874103 0.0389567 0
0.52 0.0366667 0.0784768 0.0445557 0
0.523333 0.0366667 0.113877 0.0486571 0
0.526667 0.04 0.109517 0.0387019 0
0.53 0.04 0.0512012 0.0313838 0
0.533333 0.04 0.0420302 0.0230978 0
0.536667 0.04 0.0626246 0.0283361 0
0.54 0.04 0.107752 0.0478853 0
0.543333 0.0733333 0.120213 0.0463846 0
0.546667 0.0733333 0.0974409 0.0265906 0
0.55 0.0733333 0.0747881 0.0459507 0
0.553333 0.0733333 0.111007 0.065159 0
0.556667 0.0733333 0.0909811 0.0457519 0
0.56 0.0733333 0.142434 0.0513031 0
0.563333 0.0733333 0.0671084 0.0319389 0
0.566667 0.0733333 0.0679477 0.0301728 0
0.57 0.0733333 0.0537272 0.0198401 0
0.573333 0.0733333 0.121441 0.053681 0
0.576667 0.0733333 0.0861361 0.0436493 0
0.58 0.0733333 0.130378 0.0450743 0
0.583333 0.0733333 0.1146 0.0426522 0
0.586667 0.0733333 0.0714855 0.0398913 0
0.59 0.0766667 0.0846866 0.0559238 0
0.593333 0.0766667 0.0802343 0.0243319 0
0.596667 0.0766667 0.0902725 0.0550764 0
0.6 0.0766667 0.0951588 0.0532464 0
0.603333 0.0766667 0.126875 0.0565951 0
0.606667 0.0766667 0.121775 0.0683154 0
0.61 0.0766667 0.143549 0.0373544 0
0.613333 0.0766667 0.112926 0.0461942 0
0.616667 0.0766667 0.179122 0.0457561 0
0.62 0.0766667 0.110514 0.0266054 0
0.623333 0.0766667 0.0697363 0.0492202 0
0.626667 0.0766667 0.0706326 0.0182567 0
0.63 0.0766667 0.106354 0.054227 0
0.633333 0.0766667 0.114303 0.0651906 0
0.636667 0.0766667 0.170983 0.0615237 0
0.64 0.0866667 0.115328 0.0690024 0
0.643333 0.0933333 0.0911577 0.0213871 0
0.646667 0.0933333 0.155755 0.058601 0
0.65 0.0933333 0.0988809 0.059556 0
0.653333 0.0933333 0.122887 0.0380042 0
0.656667 0.0933333 0.0912868 0.0455306 0
0.66 0.0933333 0.09583 0.0666881 0
0.663333 0.0933333 0.127392 0.0613759 0
0.666667 0.0933333 0.101591 0.0413756 0
0.67 0.0933333 0.053429 0.0514472 0
0.673333 0.103333 0.10226 0.044753 0
0.676667 0.103333 0.101162 0.0388541 0
0.68 0.103333 0.137668 0.0341072 0
0.683333 0.103333 0.104129 0.0245361 0
0.686667 0.123333 0.104208 0.0367085 0
0.69 0.123333 0.0480089 0.0126041 0
0.693333 0.123333 0.138881 0.0311976 0
0.696667 0.123333 0.137856 0.0472102 0
0.7 0.123333 0.104528 0.0364242 0
0.703333 0.123333 0.144133 0.0618006 0
0.706667 0.123333 0.119835 0.0387774 0
0.71 0.123333 0.154762 0.0654939 0
0.713333 0.193333 0.195098 0.0344008 0
0.716667 0.193333 0.100861 0.0464956 0
0.72 0.193333 0.211111 0.0361673 0
0.723333 0.226667 0.175849 0.0333626 0
0.726667 0.226667 0.116936 0.0679416 0
0.73 0.233333 0.0651251 0.0275754 0
0.733333 0.233333 0.183377 0.0610281 0
0.736667 0.233333 0.0813177 0.0345933 0
0.74 0.233333 0.094652 0.0363008 0
0.743333 0.233333 0.097923 0.0369733 0
0.746667 0.233333 0.0966039 0.0473263 0
0.75 0.233333 0.0950353 0.0403113 0
0.753333 0.233333 0.141819 0.029737 0
0.756667 0.24 0.0790905 0.0352532 0
0.76 0.26 0.0794383 0.0158004 0
0.763333 0.26 0.0299414 0.017329 0
0.766667 0.26 0.0579568 0.0190305 0
0.77 0.26 0.0950748 0.0408657 0
0.773333 0.26 0.130537 0.054903 0
0.776667 0.26 0.090947 0.0435649 0
0.78 0.26 0.0772302 0.0546953 0
0.783333 0.266667 0.145127 0.0389588 0
0.786667 0.266667 0.138366 0.0248416 0
0.79 0.273333 0.0763324 0.0328061 0
0.793333 0.273333 0.122179 0.0455972 0
0.796667 0.543333 0.0682098 0.0411047 0
0.8 0.543333 0.229412 0.0525506 0
0.803333 0.543333 0.14019 0.0255242 0
0.806667 0.553333 0.153785 0.0367043 0
0.81 0.56 0.121066 0.0496817 0
0.813333 0.56 0.138441 0.064475 0
0.816667 0.573333 0.15532 0.0655863 0
0.82 0.573333 0.164759 0.0661131 0
0.823333 0.583333 0.137809 0.0441353 0
0.826667 0.583333 0.145506 0.0538376 0
0.83 0.586667 0.166675 0.0358654 0
0.833333 0.586667 0.19745 0.0146093 0
0.836667 0.59 0.224218 0.0707547 0
0.84 0.59 0.154324 0.040212 0
0.843333 0.59 0.176138 0.0573208 0
0.846667 0.593333 0.138537 0.0543466 0
0.85 0.593333 0.204958 0.0136836 0
0.853333 0.596667 0.230991 0.026891 0
0.856667 0.596667 0.244263 0.0547782 0
0.86 0.606667 0.171065 0.0225135 0
0.863333 0.606667 0.194418 0.0579414 0
0.866667 0.606667 0.214672 0.0625667 0
0.87 0.606667 0.230463 0.0640745 0
0.873333 0.61 0.144074 0.0487446 0
0.876667 0.613333 0.099031 0.0480915 0
0.88 0.613333 0.160902 0.0202097 0
0.883333 0.686667 0.245142 0.0447415 0
0.886667 0.693333 0.285881 0.0314978 0
0.89 0.693333 0.31387 0.0264772 0
0.893333 0.693333 0.248016 0.0245932 0
0.896667 0.693333 0.299709 0.0188797 0
0.9 0.696667 0.290299 0.0376888 0
0.903333 0.71 0.208547 0.0158557 0
0.906667 0.71 0.205883 0.0232356 0
0.91 0.716667 0.235189 0.014752 0
0.913333 0.736667 0.181364 0.0132728 0
0.916667 0.736667 0.217014 0.0284363 0
0.92 0.81 0.16761 0.0267644 0
0.923333 0.81 0.2079 0.0269277 0
0.926667 0.82 0.20988 0.016971 0
0.93 0.82 0.146506 0.011261 0
0.933333 0.826667 0.128722 0.0157508 0
0.936667 0.826667 0.129036 0.0155649 0
0.94 0.836667 0.126501 0.0183697 0
0.943333 0.84 0.117849 0.0180965 0
0.946667 0.84 0.153285 0.0134471 0
0.95 0.846667 0.159882 0.0272013 0
0.953333 0.846667 0.163976 0.0121199 0
0.956667 0.846667 0.183967 0.0230205 0
0.96 0.846667 0.185676 0.0131339 0
0.963333 0.846667 0.162309 0.0101795 0
0.966667 0.85 0.171312 0.0286694 0
0.97 0.85 0.180252 0.0154585 0
0.973333 0.85 0.125534 0.0224286 0
0.976667 0.85 0.140241 0.0184894 0
0.98 0.853333 0.123176 0.0118828 0
0.983333 0.853333 0.112028 0.0256103 0
0.986667 0.853333 0.174547 0.0139712 0
0.99 0.856667 0.159089 0.00758674 0
0.993333 0.856667 0.176463 0.0168687 0
0.996667 0.86 0.23516 0.00986649 0
1 0.86 0.116679 0.0199077 0
1.00333 0.86 0.176551 0.012214 0
1.00667 0.86 0.167143 0.0150802 0
1.01 0.863333 0.191762 0.0139151 0
1.01333 0.863333 0.502209 0.0606834 0
1.01667 0.863333 0.51977 0.0237941 0
1.02 0.87 0.503558 0.0059144 0
1.02333 0.87 0.494637 0.00663906 0
1.02667 0.87 0.524132 0.0273402 0
1.03 0.87 0.484413 0.0186813 0
1.03333 0.873333 0.537772 0.00961726 0
1.03667 0.873333 0.508268 0.0149957 0
1.04 0.873333 0.540831 0.0111228 0
1.04333 0.873333 0.53866 0.0171091 0
1.04667 0.873333 0.566242 0.00729251 0
1.05 0.873333 0.580882 0.0150635 0
1.05333 0.873333 0.563513 0.00644151 0
1.05667 0.873333 0.556363 0.00796251 0
1.06 0.873333 0.543818 0.0192326 0
1.06333 0.873333 0.557773 0.0104014 0
1.06667 0.873333 0.532276 0.01519 0
1.07 0.873333 0.580155 0.0110685 0
1.07333 0.88 0.548464 0.00914556 0