# Relevant parameters to reproduce this network:
# node_nr=100	 k_max=100
# initial_seed=1558026223	 delta_t=0.1	 max_steps=2500	 in_between=0
# fg_m=1	 fg_alpha=0.5	 fg_t_min=0	 fg_t_max=10	 fg_t_number=1000	 fg_weff_lower_frequency=-1e+08	 fg_weff_max_steps=2500	 fg_weff_in_between=0
# K Giant_component <r> sigma_r*sqrt(NODE_NR) clustering
0 0.02 0.165483 0.0141171 0
0.01 0.02 0.164931 0.00494983 0
0.02 0.02 0.149425 0.0176502 0
0.03 0.02 0.155116 0.0112361 0
0.04 0.02 0.169852 0.0217543 0
0.05 0.03 0.160843 0.0240796 0
0.06 0.03 0.15023 0.0290045 0
0.07 0.03 0.139723 0.0392248 0
0.08 0.03 0.154079 0.0525562 0
0.09 0.03 0.171858 0.0614927 0
0.1 0.03 0.16656 0.0524478 0
0.11 0.03 0.166298 0.052705 0
0.12 0.04 0.172969 0.0512016 0
0.13 0.04 0.165051 0.048684 0
0.14 0.05 0.165334 0.0520964 0
0.15 0.05 0.153636 0.0483302 0
0.16 0.05 0.144639 0.0495228 0
0.17 0.05 0.136954 0.051784 0
0.18 0.05 0.122937 0.0499328 0
0.19 0.05 0.135721 0.0604895 0
0.2 0.05 0.134535 0.0508929 0
0.21 0.05 0.12492 0.0260327 0
0.22 0.05 0.125109 0.0364608 0
0.23 0.05 0.127621 0.0237978 0
0.24 0.05 0.134371 0.0382102 0
0.25 0.06 0.153691 0.0603164 0
0.26 0.06 0.176026 0.0813772 0
0.27 0.06 0.183035 0.0858181 0
0.28 0.07 0.167277 0.0785029 0
0.29 0.07 0.16602 0.0781098 0
0.3 0.08 0.160705 0.0766348 0
0.31 0.09 0.160053 0.0764433 0
0.32 0.09 0.154202 0.0770442 0
0.33 0.1 0.161304 0.0787498 0
0.34 0.1 0.170943 0.081703 0
0.35 0.1 0.171923 0.0839488 0
0.36 0.11 0.173286 0.0801872 0
0.37 0.11 0.167595 0.0813772 0
0.38 0.12 0.179429 0.0868197 0
0.39 0.12 0.18263 0.0871938 0
0.4 0.12 0.15934 0.0764526 0
0.41 0.14 0.163488 0.0773853 0
0.42 0.15 0.166647 0.0768536 0
0.43 0.16 0.173041 0.077056 0
0.44 0.16 0.17273 0.0772602 0
0.45 0.16 0.172795 0.0767517 0
0.46 0.16 0.183004 0.0796314 0
0.47 0.17 0.184328 0.0808931 0
0.48 0.17 0.179806 0.0777872 0
0.49 0.18 0.178892 0.0773201 0
0.5 0.18 0.18238 0.081496 0
0.51 0.19 0.193611 0.0835033 0
0.52 0.19 0.192395 0.0841552 0
0.53 0.19 0.19513 0.0868239 0
0.54 0.19 0.194819 0.0839338 0
0.55 0.19 0.201032 0.0879949 0
0.56 0.2 0.198821 0.0893133 0
0.57 0.22 0.215939 0.089869 0
0.58 0.22 0.22142 0.0937723 0
0.59 0.23 0.229774 0.0962938 0
0.6 0.24 0.24004 0.0940242 0
0.61 0.24 0.24536 0.105911 0
0.62 0.26 0.258305 0.10744 0
0.63 0.26 0.254401 0.110029 0
0.64 0.26 0.249831 0.10322 0
0.65 0.26 0.254949 0.106259 0
0.66 0.38 0.304195 0.0856135 0
0.67 0.43 0.316793 0.0698885 0
0.68 0.43 0.32251 0.0887661 0
0.69 0.43 0.319423 0.0835334 0
0.7 0.47 0.342897 0.0777995 0
0.71 0.47 0.345429 0.0916209 0
0.72 0.48 0.351508 0.0924458 0
0.73 0.49 0.354243 0.0882749 0
0.74 0.49 0.356865 0.0979036 0
0.75 0.5 0.361524 0.101188 0
0.76 0.5 0.248277 0.0944522 0
0.77 0.5 0.237972 0.0959241 0
0.78 0.5 0.237444 0.097922 0
0.79 0.52 0.242457 0.0959246 0
0.8 0.52 0.269914 0.102753 0
0.81 0.57 0.248052 0.0989523 0
0.82 0.65 0.233384 0.100951 0
0.83 0.66 0.246516 0.100951 0
0.84 0.66 0.289392 0.1085 0
0.85 0.66 0.286162 0.10839 0
0.86 0.66 0.272786 0.104932 0
0.87 0.66 0.279784 0.0997484 0
0.88 0.67 0.263235 0.0972358 0
0.89 0.67 0.263212 0.102834 0
0.9 0.67 0.289053 0.0987991 0
0.91 0.67 0.30556 0.0973342 0
0.92 0.68 0.306423 0.0963622 0
0.93 0.69 0.311413 0.0912268 0
0.94 0.76 0.30763 0.079406 0
0.95 0.76 0.318456 0.0856211 0
0.96 0.77 0.331514 0.0833102 0
0.97 0.78 0.329045 0.082118 0
0.98 0.78 0.381709 0.0719752 0
0.99 0.8 0.378402 0.0805343 0
1 0.8 0.348597 0.0705085 0
1.01 0.81 0.342141 0.0737362 0
1.02 0.9 0.354193 0.0789985 0
1.03 0.91 0.350676 0.0821687 0
1.04 0.91 0.340792 0.0889318 0
1.05 0.92 0.357145 0.0893612 0
1.06 0.92 0.34271 0.112912 0
1.07 0.94 0.312536 0.0973018 0
1.08 0.94 0.351538 0.0756088 0
1.09 0.95 0.356129 0.094522 0
1.1 0.96 0.325527 0.0906508 0
1.11 0.96 0.357868 0.0937268 0
1.12 0.96 0.360876 0.0931989 0
1.13 0.96 0.40402 0.0709359 0
1.14 0.96 0.405217 0.080625 0
1.15 0.96 0.423136 0.0829264 0
1.16 0.96 0.407498 0.0775533 0
1.17 0.96 0.433829 0.0764914 0
1.18 0.96 0.404626 0.0881663 0
1.19 0.96 0.402887 0.0804821 0
1.2 0.97 0.394365 0.0794924 0
1.21 0.97 0.395119 0.0716166 0
1.22 0.98 0.396404 0.0723111 0
1.23 0.98 0.406651 0.11086 0
1.24 0.98 0.40811 0.115683 0
1.25 0.98 0.430518 0.0822131 0
1.26 0.98 0.460533 0.0816695 0
1.27 0.98 0.471179 0.0865148 0
1.28 0.98 0.510941 0.0671671 0
1.29 0.98 0.526212 0.0746755 0
1.3 0.99 0.524499 0.0733686 0
1.31 0.99 0.531127 0.0725603 0
1.32 0.99 0.529511 0.0683867 0
1.33 0.99 0.56514 0.0650239 0
1.34 0.99 0.559822 0.0664759 0
1.35 0.99 0.599448 0.0569799 0
1.36 0.99 0.582628 0.0608269 0
1.37 0.99 0.597369 0.0599427 0
1.38 0.99 0.585282 0.0635117 0
1.39 0.99 0.581902 0.0607652 0
1.4 0.99 0.59224 0.0596647 0
1.41 0.99 0.610758 0.0524593 0
1.42 0.99 0.57841 0.0618596 0
1.43 0.99 0.585781 0.0664222 0
1.44 0.99 0.606889 0.0549894 0
1.45 0.99 0.576222 0.063382 0
1.46 0.99 0.65032 0.0506544 0
1.47 0.99 0.65508 0.0528618 0
1.48 0.99 0.650897 0.0506792 0
1.49 0.99 0.638376 0.0498992 0
1.5 0.99 0.627721 0.0530644 0
1.51 0.99 0.617085 0.0503601 0
1.52 0.99 0.620333 0.051132 0
1.53 0.99 0.620756 0.0526727 0
1.54 0.99 0.6454 0.0492464 0
1.55 0.99 0.631949 0.046651 0
1.56 0.99 0.656832 0.0410058 0
1.57 0.99 0.633493 0.0461995 0
1.58 1 0.627829 0.0451752 0
1.59 1 0.630237 0.05329 0
1.6 1 0.63272 0.0515741 0
1.61 1 0.636287 0.0554379 0
1.62 1 0.635094 0.0574052 0
1.63 1 0.642412 0.054671 0
1.64 1 0.645094 0.0562753 0
1.65 1 0.649996 0.0628372 0
1.66 1 0.654108 0.0650487 0
1.67 1 0.648479 0.0704811 0
1.68 1 0.634623 0.0710123 0
1.69 1 0.636304 0.0729439 0
1.7 1 0.631977 0.0728786 0
1.71 1 0.635011 0.0738904 0
1.72 1 0.630628 0.0744086 0
1.73 1 0.626671 0.0758746 0
1.74 1 0.623901 0.0758057 0
1.75 1 0.630968 0.0752695 0
1.76 1 0.625861 0.0756479 0
1.77 1 0.626136 0.0763972 0
1.78 1 0.628272 0.0765761 0
1.79 1 0.623684 0.0758204 0
1.8 1 0.633095 0.0761505 0
1.81 1 0.637885 0.0743235 0
1.82 1 0.639456 0.074629 0
1.83 1 0.649357 0.0797721 0
1.84 1 0.651096 0.0771675 0
1.85 1 0.658632 0.076746 0
1.86 1 0.66763 0.0716866 0
1.87 1 0.673432 0.0753316 0
1.88 1 0.67142 0.0723126 0
1.89 1 0.679875 0.0453505 0
1.9 1 0.688339 0.044932 0
1.91 1 0.684046 0.0443188 0
1.92 1 0.679799 0.0409229 0
1.93 1 0.692403 0.0440714 0
1.94 1 0.708187 0.0425458 0
1.95 1 0.700808 0.0411205 0
1.96 1 0.696858 0.0396199 0
1.97 1 0.696865 0.0422672 0
1.98 1 0.710899 0.0318698 0
1.99 1 0.743134 0.0238156 0
2 1 0.729092 0.0258545 0
2.01 1 0.740632 0.0201336 0
2.02 1 0.736674 0.0271192 0
2.03 1 0.766981 0.0187953 0
2.04 1 0.764882 0.0191191 0
2.05 1 0.777564 0.0247403 0
2.06 1 0.774962 0.0189729 0
2.07 1 0.775114 0.0254553 0
2.08 1 0.765245 0.0258031 0
2.09 1 0.751799 0.0264648 0
2.1 1 0.753705 0.0284224 0
2.11 1 0.762018 0.0236207 0
2.12 1 0.755352 0.0303025 0
2.13 1 0.75432 0.0314274 0
2.14 1 0.790098 0.0199885 0
2.15 1 0.799333 0.0178772 0
2.16 1 0.800217 0.0187056 0
2.17 1 0.794703 0.0194859 0
2.18 1 0.780962 0.0221799 0
2.19 1 0.789088 0.0263264 0
2.2 1 0.782749 0.02425 0
2.21 1 0.773651 0.0279638 0
2.22 1 0.7925 0.0202672 0
2.23 1 0.785702 0.0197326 0
2.24 1 0.792496 0.0170601 0
2.25 1 0.786682 0.0170883 0
2.26 1 0.794353 0.0170477 0
2.27 1 0.800476 0.0170984 0
2.28 1 0.794139 0.0168694 0
2.29 1 0.793518 0.0168127 0
2.3 1 0.785397 0.0167254 0
2.31 1 0.778742 0.0164549 0
2.32 1 0.768802 0.0162342 0
2.33 1 0.778753 0.0188282 0
2.34 1 0.774892 0.0208396 0
2.35 1 0.771831 0.0208501 0
2.36 1 0.769253 0.0198529 0
2.37 1 0.764656 0.0207836 0
2.38 1 0.761633 0.019786 0
2.39 1 0.759143 0.0217476 0
2.4 1 0.745733 0.0221797 0
2.41 1 0.734117 0.0245713 0
2.42 1 0.732127 0.0285516 0
2.43 1 0.725231 0.0288374 0
2.44 1 0.737074 0.0286709 0
2.45 1 0.734071 0.0303248 0
2.46 1 0.754215 0.0253094 0
2.47 1 0.75701 0.0270616 0
2.48 1 0.748562 0.0296868 0
2.49 1 0.74827 0.0376971 0
2.5 1 0.744915 0.0270297 0
2.51 1 0.745655 0.0299937 0
2.52 1 0.746633 0.0301219 0
2.53 1 0.744098 0.0341944 0
2.54 1 0.759265 0.0307916 0
2.55 1 0.759721 0.0374917 0
2.56 1 0.759532 0.0339897 0
2.57 1 0.756553 0.0377305 0
2.58 1 0.766635 0.0280213 0
2.59 1 0.767601 0.0317464 0
2.6 1 0.768984 0.0335156 0
2.61 1 0.772618 0.0333425 0
2.62 1 0.774881 0.0305832 0
2.63 1 0.773735 0.0297556 0
2.64 1 0.771126 0.0290804 0
2.65 1 0.794858 0.0258135 0
2.66 1 0.802177 0.02565 0
2.67 1 0.815042 0.0207226 0
2.68 1 0.811665 0.0208325 0
2.69 1 0.817829 0.0239978 0
2.7 1 0.824942 0.0207754 0
2.71 1 0.825613 0.0208633 0
2.72 1 0.82533 0.021235 0
2.73 1 0.833112 0.0186811 0
2.74 1 0.842966 0.0149228 0
2.75 1 0.838361 0.0149259 0
2.76 1 0.833496 0.0148067 0
2.77 1 0.828681 0.0155413 0
2.78 1 0.82585 0.0153523 0
2.79 1 0.825228 0.015218 0
2.8 1 0.820475 0.0150412 0
2.81 1 0.81554 0.0157718 0
2.82 1 0.821045 0.0157508 0
2.83 1 0.83373 0.0161389 0
2.84 1 0.840487 0.0171348 0
2.85 1 0.837002 0.0183215 0