# Node_nr = 1000
# K <r> sigma_r(sig not of average! divide by sqrt(n))
0 0.002 0.0288483 0.0149852 0
0.01 0.004 0.0289233 0.0152027 0
0.02 0.004 0.0274872 0.0138247 0
0.03 0.004 0.02805 0.0152381 0
0.04 0.007 0.0272463 0.0144022 0
0.05 0.01 0.0284977 0.0143195 0
0.06 0.01 0.0272176 0.0145144 0
0.07 0.01 0.0280666 0.0143116 0
0.08 0.01 0.0278381 0.0147057 0
0.09 0.01 0.028326 0.0151085 0
0.1 0.01 0.0280007 0.0148979 0
0.11 0.01 0.0286685 0.0143868 0
0.12 0.01 0.0290448 0.0145841 0
0.13 0.01 0.0278945 0.0153