# Relevant parameters to reproduce this network:
# node_nr=2000	 k_max=200
# initial_seed=10	 delta_t=0.1	 max_steps=5000	 in_between=0
# fg_m=1	 fg_alpha=20	 fg_t_min=0	 fg_t_max=4	 fg_t_number=8000	 fg_weff_lower_frequency=-1e+08	 fg_weff_max_steps=5000	 fg_weff_in_between=0
# K Giant_component <r> sigma_r*sqrt(NODE_NR) clustering
0 0.001 0.0197076 0.0112855 0
0.0005 0.001 0.01932 0.0107589 0
0.001 0.001 0.0210019 0.011707 0
0.0015 0.001 0.0203189 0.00974283 0
0.002 0.001 0.0187063 0.0106421 0
0.0025 0.001 0.0202476 0.011396 0
0.003 0.001 0.0187419 0.0104515 0
0.0035 0.001 0.0186433 0.00942192 0
0.004 0.001 0.0195214 0.00972293 0
0.0045 0.001 0.0202449 0.010095 0
0.005 0.001 0.0191467 0.0112467 0
0.0055 0.001 0.0184001 0.00964305 0
0.006 0.001 0.0198241 0.00912833 0
0.0065 0.001 0.0183259 0.00956563 0
0.007 0.001 0.0200364 0.00989559 0
0.0075 0.001 0.0196018 0.00933832 0
0.008 0.001 0.0206837 0.0104837 0
0.0085 0.001 0.02009 0.00892064 0
0.009 0.001 0.0204765 0.0118634 0
0.0095 0.001 0.0203314 0.00998326 0
0.01 0.001 0.0201158 0.0110228 0
0.0105 0.001 0.0225466 0.01201 0
0.011 0.001 0.0200593 0.0103959 0
0.0115 0.001 0.0194732 0.0105074 0
0.012 0.001 0.0207601 0.0104797 0
0.0125 0.001 0.0204664 0.00999147 0
0.013 0.001 0.019503 0.0108326 0
0.0135 0.001 0.0189033 0.00960689 0
0.014 0.001 0.0194463 0.0103188 0
0.0145 0.001 0.0178216 0.00898443 0
0.015 0.001 0.0199954 0.0103442 0
0.0155 0.001 0.0230537 0.0117563 0
0.016 0.001 0.0192548 0.0106109 0
0.0165 0.001 0.0195045 0.00959575 0
0.017 0.001 0.0200253 0.0109038 0
0.0175 0.001 0.0190389 0.00909928 0
0.018 0.001 0.0217745 0.0111497 0
0.0185 0.001 0.0198863 0.0104262 0
0.019 0.001 0.0198756 0.0104518 0
0.0195 0.001 0.0200462 0.0107157 0
0.02 0.001 0.0196531 0.0107008 0
0.0205 0.001 0.0202006 0.0102161 0
0.021 0.001 0.0201393 0.0100871 0
0.0215 0.001 0.0203079 0.0110621 0
0.022 0.001 0.0201442 0.0103422 0
0.0225 0.001 0.02139 0.0114244 0
0.023 0.001 0.0206182 0.0108909 0
0.0235 0.001 0.0202989 0.0105109 0
0.024 0.001 0.0209172 0.0107036 0
0.0245 0.001 0.0189866 0.0113104 0
0.025 0.001 0.0194887 0.0107267 0
0.0255 0.001 0.0200556 0.010007 0
0.026 0.001 0.0225128 0.0120093 0
0.0265 0.001 0.0193808 0.00961967 0
0.027 0.001 0.0201277 0.00915719 0
0.0275 0.001 0.019221 0.0105698 0
0.028 0.001 0.02167 0.0106526 0
0.0285 0.001 0.0223244 0.0115556 0
0.029 0.001 0.0188173 0.00931429 0
0.0295 0.001 0.0183741 0.0111866 0
0.03 0.001 0.0183582 0.00875377 0
0.0305 0.001 0.0219955 0.0115592 0
0.031 0.001 0.0189583 0.00890354 0
0.0315 0.001 0.0199893 0.0106567 0
0.032 0.001 0.0217826 0.0111435 0
0.0325 0.001 0.0195228 0.00974454 0
0.033 0.001 0.0210385 0.0105196 0
0.0335 0.001 0.0191083 0.00925378 0
0.034 0.001 0.0207095 0.0105892 0
0.0345 0.001 0.0194374 0.0105158 0
0.035 0.001 0.0211989 0.0106394 0
0.0355 0.001 0.0197879 0.0104555 0
0.036 0.001 0.0221285 0.0105587 0
0.0365 0.001 0.0226035 0.0115501 0
0.037 0.001 0.0206762 0.0112359 0
0.0375 0.001 0.019874 0.0102269 0
0.038 0.001 0.0218836 0.0104868 0
0.0385 0.001 0.019449 0.0104473 0
0.039 0.001 0.0205133 0.0106125 0
0.0395 0.001 0.0192935 0.00979157 0
0.04 0.001 0.0210214 0.0109295 0
0.0405 0.001 0.0221295 0.012595 0
0.041 0.001 0.0182575 0.0107709 0
0.0415 0.001 0.0211679 0.0116557 0
0.042 0.001 0.0197953 0.010467 0
0.0425 0.001 0.0214808 0.009025 0
0.043 0.001 0.0218805 0.0109404 0
0.0435 0.001 0.0218675 0.0109062 0
0.044 0.001 0.0212974 0.0111789 0
0.0445 0.001 0.0218412 0.00999565 0
0.045 0.001 0.019658 0.00989895 0
0.0455 0.001 0.0208682 0.0112575 0
0.046 0.001 0.0214343 0.0103263 0
0.0465 0.001 0.0195113 0.0104314 0
0.047 0.001 0.019816 0.0103812 0
0.0475 0.001 0.0218424 0.0108529 0
0.048 0.001 0.0217835 0.011659 0
0.0485 0.001 0.0190827 0.0101196 0
0.049 0.001 0.019963 0.010995 0
0.0495 0.001 0.0199355 0.0103919 0
0.05 0.001 0.0192055 0.00960037 0
0.0505 0.001 0.0206715 0.00997648 0
0.051 0.001 0.017737 0.0103911 0
0.0515 0.001 0.0195492 0.0108755 0
0.052 0.001 0.0207481 0.0106255 0
0.0525 0.001 0.0182686 0.0101194 0
0.053 0.001 0.020653 0.0106287 0
0.0535 0.001 0.0218388 0.0110382 0
0.054 0.001 0.0195936 0.00928542 0
0.0545 0.001 0.0198755 0.0098004 0
0.055 0.001 0.0201382 0.00980128 0
0.0555 0.001 0.0200323 0.00939912 0
0.056 0.001 0.0194163 0.0107159 0
0.0565 0.001 0.0209091 0.0105183 0
0.057 0.001 0.0182479 0.0101373 0
0.0575 0.001 0.0210869 0.0100797 0
0.058 0.001 0.0200565 0.0114849 0
0.0585 0.001 0.0222216 0.0112909 0
0.059 0.001 0.0230051 0.0124289 0
0.0595 0.001 0.022202 0.0120044 0
0.06 0.001 0.0210929 0.0110802 0
0.0605 0.001 0.0208775 0.00997327 0
0.061 0.001 0.0228719 0.0132972 0
0.0615 0.001 0.021402 0.0115322 0
0.062 0.001 0.0205649 0.0114556 0
0.0625 0.001 0.0220335 0.0108962 0
0.063 0.001 0.0216029 0.0108612 0
0.0635 0.001 0.0205218 0.00946139 0
0.064 0.001 0.0204018 0.0115303 0
0.0645 0.001 0.0190904 0.0100817 0
0.065 0.001 0.0209647 0.0117771 0
0.0655 0.001 0.0194248 0.0105231 0
0.066 0.001 0.0201028 0.0116834 0
0.0665 0.001 0.0198653 0.00979922 0
0.067 0.001 0.0195806 0.0116292 0
0.0675 0.001 0.020686 0.0111451 0
0.068 0.001 0.0201041 0.0102638 0
0.0685 0.001 0.0222297 0.0114341 0
0.069 0.001 0.0212478 0.0109337 0
0.0695 0.001 0.018337 0.00944283 0
0.07 0.001 0.0195608 0.00975309 0
0.0705 0.001 0.0211622 0.0110715 0
0.071 0.001 0.0200577 0.0107667 0
0.0715 0.001 0.0217485 0.0111883 0
0.072 0.001 0.0172644 0.00847347 0
0.0725 0.001 0.0193349 0.0109272 0
0.073 0.001 0.0210925 0.0103685 0
0.0735 0.001 0.0226485 0.0118569 0
0.074 0.001 0.0191858 0.0100954 0
0.0745 0.001 0.0214379 0.011101 0
0.075 0.001 0.0210019 0.0103128 0
0.0755 0.001 0.0202718 0.0108659 0
0.076 0.001 0.0223786 0.011454 0
0.0765 0.001 0.022294 0.0112496 0
0.077 0.001 0.0197611 0.0100605 0
0.0775 0.001 0.0231011 0.01143 0
0.078 0.001 0.01986 0.0106291 0
0.0785 0.001 0.0199106 0.00968616 0
0.079 0.001 0.0203675 0.0114379 0
0.0795 0.001 0.021399 0.0117569 0
0.08 0.001 0.0222735 0.0099475 0
0.0805 0.001 0.0220075 0.0115497 0
0.081 0.001 0.0196092 0.0116479 0
0.0815 0.001 0.0221771 0.0129873 0
0.082 0.001 0.0207791 0.0101713 0
0.0825 0.001 0.0211737 0.0118336 0
0.083 0.001 0.0211055 0.0107473 0
0.0835 0.001 0.020314 0.0116731 0
0.084 0.001 0.0222051 0.0118154 0
0.0845 0.001 0.0200355 0.0112548 0
0.085 0.001 0.0185185 0.0101881 0
0.0855 0.001 0.0219095 0.012487 0
0.086 0.001 0.0231199 0.0126141 0
0.0865 0.001 0.0185322 0.00973552 0
0.087 0.001 0.0209428 0.0113048 0
0.0875 0.001 0.0212395 0.0108348 0
0.088 0.001 0.0214947 0.0118893 0
0.0885 0.001 0.0212537 0.0120753 0
0.089 0.001 0.0191393 0.00943356 0
0.0895 0.001 0.0203589 0.00955874 0
0.09 0.001 0.021617 0.011687 0
0.0905 0.001 0.0213745 0.0113219 0
0.091 0.001 0.019689 0.0102698 0
0.0915 0.001 0.0194159 0.00899667 0
0.092 0.001 0.0218474 0.0112622 0
0.0925 0.001 0.0201164 0.0109815 0
0.093 0.001 0.0253768 0.0131005 0
0.0935 0.001 0.0188451 0.0112674 0
0.094 0.001 0.0206705 0.0105282 0
0.0945 0.001 0.0190906 0.0107743 0
0.095 0.001 0.0190603 0.0100082 0
0.0955 0.001 0.0183551 0.00933094 0
0.096 0.001 0.0195937 0.0108845 0
0.0965 0.001 0.0243396 0.0108974 0
0.097 0.001 0.0218606 0.0115377 0
0.0975 0.001 0.0229757 0.0124262 0
0.098 0.001 0.0231471 0.0117521 0
0.0985 0.001 0.0215744 0.0101507 0
0.099 0.001 0.0191264 0.00879743 0
0.0995 0.001 0.0215381 0.0110575 0
0.1 0.001 0.0230505 0.0114494 0
0.1005 0.001 0.0194916 0.009795 0
0.101 0.001 0.0228546 0.0119036 0
0.1015 0.001 0.0194704 0.0105584 0
0.102 0.001 0.0237166 0.0112401 0
0.1025 0.001 0.0235165 0.0112527 0
0.103 0.001 0.0187964 0.00921306 0
0.1035 0.001 0.0228461 0.0110047 0
0.104 0.001 0.021668 0.0119554 0
0.1045 0.001 0.0195892 0.0116572 0
0.105 0.001 0.0222477 0.0104642 0
0.1055 0.001 0.0211177 0.0106449 0
0.106 0.001 0.021715 0.00947376 0
0.1065 0.001 0.0191292 0.00978758 0
0.107 0.001 0.0183752 0.0102993 0
0.1075 0.001 0.0227597 0.0112235 0
0.108 0.001 0.0201984 0.00925904 0
0.1085 0.001 0.0227776 0.0130117 0
0.109 0.001 0.0228773 0.0108757 0
0.1095 0.001 0.0245805 0.0116185 0
0.11 0.001 0.0225441 0.0137962 0
0.1105 0.001 0.0265632 0.0136276 0
0.111 0.001 0.0225348 0.0122183 0
0.1115 0.001 0.0230025 0.0106804 0
0.112 0.001 0.0206737 0.0107921 0
0.1125 0.001 0.0197633 0.0105175 0
0.113 0.001 0.018115 0.0102196 0
0.1135 0.001 0.0240951 0.012149 0
0.114 0.001 0.0198729 0.0101532 0
0.1145 0.001 0.0242318 0.0112018 0
0.115 0.001 0.0217355 0.011197 0
0.1155 0.001 0.0200187 0.0121308 0
0.116 0.001 0.0215491 0.0116742 0
0.1165 0.001 0.022205 0.0113105 0
0.117 0.001 0.0222196 0.0114596 0
0.1175 0.001 0.0210393 0.00957674 0
0.118 0.001 0.0204483 0.0107507 0
0.1185 0.001 0.0196369 0.0113301 0
0.119 0.001 0.0186855 0.0107609 0
0.1195 0.001 0.0261566 0.0115213 0
0.12 0.001 0.0201649 0.00999255 0
0.1205 0.001 0.0211776 0.0105344 0
0.121 0.001 0.0207225 0.00986302 0
0.1215 0.001 0.0207045 0.0104096 0
0.122 0.001 0.0245258 0.0117925 0
0.1225 0.001 0.0193516 0.0113338 0
0.123 0.001 0.0207094 0.011802 0
0.1235 0.001 0.0204555 0.0112623 0
0.124 0.001 0.0229912 0.00958362 0
0.1245 0.001 0.0213158 0.0100401 0
0.125 0.001 0.0224361 0.0114237 0
0.1255 0.001 0.0201397 0.0130382 0
0.126 0.001 0.0212837 0.0110233 0
0.1265 0.001 0.0203255 0.0107307 0
0.127 0.001 0.0209215 0.0107868 0
0.1275 0.001 0.0202978 0.0106787 0
0.128 0.001 0.0206594 0.0103382 0
0.1285 0.001 0.0192056 0.00901194 0
0.129 0.001 0.0184032 0.00930435 0
0.1295 0.001 0.0201405 0.0102436 0
0.13 0.001 0.0207753 0.010665 0
0.1305 0.001 0.0224579 0.0133749 0
0.131 0.001 0.0219955 0.0126553 0
0.1315 0.001 0.0224737 0.0120482 0
0.132 0.001 0.02372 0.0122934 0
0.1325 0.001 0.0248842 0.0123603 0
0.133 0.001 0.0244321 0.0132746 0
0.1335 0.001 0.0251617 0.0110896 0
0.134 0.001 0.0196589 0.0086372 0
0.1345 0.001 0.0202401 0.00936607 0
0.135 0.001 0.0207898 0.0111029 0
0.1355 0.001 0.023714 0.0123928 0
0.136 0.001 0.0252845 0.0099838 0
0.1365 0.001 0.0207769 0.0126839 0
0.137 0.001 0.023275 0.010916 0
0.1375 0.001 0.0214135 0.0127514 0
0.138 0.001 0.0218273 0.0109405 0
0.1385 0.001 0.0239163 0.0133009 0
0.139 0.001 0.0263504 0.0129957 0
0.1395 0.001 0.0238813 0.0122499 0
0.14 0.001 0.0218065 0.0119012 0
0.1405 0.001 0.0227642 0.0116829 0
0.141 0.001 0.0251187 0.0121277 0
0.1415 0.001 0.0260572 0.0124919 0
0.142 0.001 0.0214289 0.00983799 0
0.1425 0.001 0.0248278 0.0111026 0
0.143 0.001 0.0226412 0.0124151 0
0.1435 0.001 0.0191167 0.0103761 0
0.144 0.001 0.0242592 0.0127822 0
0.1445 0.001 0.0216897 0.0113562 0
0.145 0.001 0.0209992 0.0123494 0
0.1455 0.001 0.0214515 0.0111327 0
0.146 0.001 0.0206431 0.0115994 0
0.1465 0.001 0.0251402 0.0120908 0
0.147 0.001 0.0224705 0.0116183 0
0.1475 0.001 0.0239663 0.0118749 0
0.148 0.001 0.0204109 0.0101225 0
0.1485 0.001 0.0206998 0.0113653 0
0.149 0.001 0.0209135 0.0100974 0
0.1495 0.001 0.0229974 0.0120922 0
0.15 0.001 0.0219896 0.0105658 0
0.1505 0.001 0.0222136 0.011735 0
0.151 0.001 0.0201983 0.0115529 0
0.1515 0.001 0.0240019 0.0103158 0
0.152 0.001 0.0227372 0.011947 0
0.1525 0.001 0.0249397 0.0119909 0
0.153 0.001 0.0216127 0.0110543 0
0.1535 0.001 0.019529 0.00910724 0
0.154 0.001 0.0234417 0.0122972 0
0.1545 0.001 0.0261613 0.0123752 0
0.155 0.001 0.023404 0.0126204 0
0.1555 0.001 0.0255111 0.0115281 0
0.156 0.001 0.0233473 0.0114708 0
0.1565 0.001 0.0209757 0.0110869 0
0.157 0.001 0.0200068 0.00956061 0
0.1575 0.001 0.0218906 0.0117099 0
0.158 0.001 0.0218384 0.0109607 0
0.1585 0.001 0.0210887 0.0109411 0
0.159 0.001 0.0199591 0.0112333 0
0.1595 0.001 0.0207342 0.0112166 0
0.16 0.001 0.0223736 0.00983793 0
0.1605 0.001 0.0206828 0.0128226 0
0.161 0.001 0.0208745 0.010607 0
0.1615 0.001 0.0256468 0.0113236 0
0.162 0.001 0.0233386 0.012733 0
0.1625 0.001 0.0237439 0.0120994 0
0.163 0.001 0.020697 0.01071 0
0.1635 0.001 0.0238904 0.011481 0
0.164 0.001 0.0257166 0.0120891 0
0.1645 0.001 0.021945 0.0104319 0
0.165 0.001 0.0205095 0.0101953 0
0.1655 0.001 0.0220269 0.0106314 0
0.166 0.001 0.021468 0.00964438 0
0.1665 0.001 0.0248203 0.0143422 0
0.167 0.001 0.0216326 0.0130949 0
0.1675 0.001 0.0227505 0.0117008 0
0.168 0.001 0.0240452 0.0108251 0
0.1685 0.001 0.026505 0.0136572 0
0.169 0.001 0.0213963 0.0117971 0
0.1695 0.001 0.0212879 0.0100667 0
0.17 0.001 0.0239164 0.0127822 0
0.1705 0.001 0.0227835 0.0119049 0
0.171 0.001 0.0216387 0.010786 0
0.1715 0.001 0.0201601 0.00963483 0
0.172 0.001 0.0240101 0.0128109 0
0.1725 0.001 0.0230055 0.0122819 0
0.173 0.001 0.0214192 0.0115427 0
0.1735 0.001 0.022555 0.0120125 0
0.174 0.001 0.0211635 0.0122991 0
0.1745 0.001 0.0216162 0.0102938 0
0.175 0.001 0.0221818 0.0114142 0
0.1755 0.001 0.0200038 0.0111066 0
0.176 0.001 0.0229557 0.0116264 0
0.1765 0.001 0.0207169 0.0105004 0
0.177 0.001 0.0224677 0.0112132 0
0.1775 0.001 0.0242399 0.0130133 0
0.178 0.001 0.0226129 0.0108747 0
0.1785 0.001 0.0193829 0.0104261 0
0.179 0.001 0.0235035 0.0111725 0
0.1795 0.001 0.0232513 0.011451 0
0.18 0.001 0.0236681 0.010669 0
0.1805 0.001 0.0235112 0.0119939 0
0.181 0.001 0.0190658 0.0104701 0
0.1815 0.001 0.0269155 0.0130887 0
0.182 0.001 0.0260438 0.0111487 0
0.1825 0.001 0.0278684 0.0119114 0
0.183 0.001 0.02187 0.0124491 0
0.1835 0.001 0.022139 0.011337 0
0.184 0.001 0.0254214 0.0135916 0
0.1845 0.001 0.0236264 0.012756 0
0.185 0.001 0.0266979 0.0127504 0
0.1855 0.001 0.0204329 0.0110991 0
0.186 0.001 0.0250602 0.0110471 0
0.1865 0.001 0.0241411 0.0116871 0
0.187 0.001 0.0197059 0.0125291 0
0.1875 0.001 0.020164 0.0114945 0
0.188 0.001 0.0231017 0.00909582 0
0.1885 0.001 0.0259918 0.0130423 0
0.189 0.001 0.0213212 0.0098114 0
0.1895 0.001 0.0218759 0.0104222 0
0.19 0.001 0.022552 0.0120924 0
0.1905 0.001 0.0298116 0.0143963 0
0.191 0.001 0.0190665 0.00985533 0
0.1915 0.001 0.0235869 0.0105158 0
0.192 0.001 0.0212613 0.0112525 0
0.1925 0.001 0.0253133 0.0136427 0
0.193 0.001 0.023902 0.013302 0
0.1935 0.001 0.0213441 0.0103471 0
0.194 0.001 0.0228507 0.0147997 0
0.1945 0.001 0.022709 0.0133359 0
0.195 0.001 0.0205014 0.00919234 0
0.1955 0.001 0.0227756 0.0112148 0
0.196 0.001 0.025972 0.0132165 0
0.1965 0.001 0.0210561 0.0116141 0
0.197 0.001 0.0236457 0.011728 0
0.1975 0.001 0.0239024 0.0114405 0
0.198 0.001 0.0220784 0.010463 0
0.1985 0.001 0.0229796 0.0111716 0
0.199 0.001 0.0220164 0.0119259 0
0.1995 0.001 0.024118 0.0118486 0
0.2 0.001 0.021957 0.0112939 0
0.2005 0.001 0.0243957 0.0125359 0
0.201 0.001 0.024351 0.011404 0
0.2015 0.001 0.0239442 0.0124956 0
0.202 0.001 0.0244352 0.0120345 0
0.2025 0.001 0.0220515 0.0106802 0
0.203 0.001 0.0173789 0.0091611 0
0.2035 0.001 0.0238022 0.0110775 0
0.204 0.001 0.0212496 0.011186 0
0.2045 0.001 0.0218601 0.0130513 0
0.205 0.001 0.0221422 0.0119016 0
0.2055 0.001 0.0224588 0.0139955 0
0.206 0.001 0.0228764 0.0104584 0
0.2065 0.001 0.020394 0.00991162 0
0.207 0.001 0.0239449 0.0124379 0
0.2075 0.001 0.0198604 0.0104325 0
0.208 0.001 0.0219528 0.0108411 0
0.2085 0.001 0.0227535 0.0107935 0
0.209 0.001 0.0225304 0.0110176 0
0.2095 0.001 0.0243523 0.0111716 0
0.21 0.001 0.0190764 0.0115325 0
0.2105 0.001 0.0246826 0.0127457 0
0.211 0.001 0.0276796 0.012465 0
0.2115 0.001 0.0220442 0.0091169 0
0.212 0.001 0.0285697 0.0163663 0
0.2125 0.001 0.0256333 0.0144082 0
0.213 0.001 0.0240724 0.0115367 0
0.2135 0.001 0.0280598 0.012943 0
0.214 0.001 0.0212746 0.0101885 0
0.2145 0.001 0.0236093 0.0119533 0
0.215 0.001 0.024741 0.0114876 0
0.2155 0.001 0.0225224 0.0128829 0
0.216 0.001 0.0261014 0.0124235 0
0.2165 0.001 0.0233001 0.0109768 0
0.217 0.001 0.0222206 0.0113434 0
0.2175 0.001 0.0232623 0.0103742 0
0.218 0.001 0.0235857 0.0113871 0
0.2185 0.001 0.0215431 0.0115297 0
0.219 0.001 0.0259497 0.0134356 0
0.2195 0.001 0.0242531 0.0117136 0
0.22 0.001 0.0213477 0.0107237 0
0.2205 0.001 0.0232402 0.0102657 0
0.221 0.001 0.0186831 0.0102968 0
0.2215 0.001 0.0257873 0.0133129 0
0.222 0.001 0.0233229 0.0110686 0
0.2225 0.001 0.0208573 0.0099794 0
0.223 0.001 0.0289613 0.0123305 0
0.2235 0.001 0.0231735 0.0127722 0
0.224 0.001 0.0204299 0.0122496 0
0.2245 0.001 0.0230493 0.0104242 0
0.225 0.001 0.0250611 0.0119003 0
0.2255 0.001 0.0242673 0.0147821 0
0.226 0.001 0.0216949 0.0120735 0
0.2265 0.001 0.0266067 0.0128976 0
0.227 0.001 0.0254307 0.0118997 0
0.2275 0.001 0.0245439 0.0131353 0
0.228 0.001 0.0244426 0.0120904 0
0.2285 0.001 0.0244645 0.0119466 0
0.229 0.001 0.0220999 0.0107567 0
0.2295 0.001 0.021198 0.00941269 0
0.23 0.001 0.0234622 0.0106761 0
0.2305 0.001 0.0263688 0.0141358 0
0.231 0.001 0.0290613 0.0137933 0
0.2315 0.001 0.0211301 0.0111718 0
0.232 0.001 0.0228903 0.0122279 0
0.2325 0.001 0.0308157 0.0143345 0
0.233 0.001 0.021863 0.0107078 0
0.2335 0.001 0.0210256 0.011535 0
0.234 0.001 0.0244996 0.0109109 0
0.2345 0.001 0.0234101 0.0113397 0
0.235 0.001 0.020346 0.0103206 0
0.2355 0.001 0.0221685 0.0113223 0
0.236 0.001 0.0223362 0.0130431 0
0.2365 0.001 0.0256603 0.0131666 0
0.237 0.001 0.0205928 0.00898652 0
0.2375 0.001 0.0232847 0.0126451 0
0.238 0.001 0.0254515 0.0130041 0
0.2385 0.001 0.0261144 0.0141091 0
0.239 0.001 0.0209838 0.011479 0
0.2395 0.001 0.0223901 0.0115133 0
0.24 0.001 0.0281542 0.0128731 0
0.2405 0.001 0.0291327 0.0151534 0
0.241 0.001 0.0200218 0.0103133 0
0.2415 0.001 0.0275143 0.0130408 0
0.242 0.001 0.0243765 0.0102895 0
0.2425 0.001 0.0241881 0.0142412 0
0.243 0.001 0.0244457 0.012331 0
0.2435 0.001 0.0257207 0.0111722 0
0.244 0.001 0.0260577 0.0120156 0
0.2445 0.001 0.0281441 0.0119115 0
0.245 0.001 0.0209336 0.0127257 0
0.2455 0.001 0.0262735 0.0130148 0
0.246 0.001 0.0252499 0.00964569 0
0.2465 0.001 0.0228974 0.01148 0
0.247 0.001 0.0268537 0.0102331 0
0.2475 0.001 0.0237587 0.0112938 0
0.248 0.001 0.0200923 0.011424 0
0.2485 0.001 0.0248468 0.0151631 0
0.249 0.001 0.0231464 0.0103796 0
0.2495 0.001 0.0265245 0.0123044 0
0.25 0.001 0.0300368 0.0170998 0
0.2505 0.001 0.0328365 0.0154119 0
0.251 0.001 0.0260063 0.011339 0
0.2515 0.001 0.0242621 0.0122654 0
0.252 0.001 0.0239604 0.0102156 0
0.2525 0.001 0.0260203 0.0123447 0
0.253 0.001 0.0226466 0.0106825 0
0.2535 0.001 0.0236378 0.0133206 0
0.254 0.001 0.0226351 0.0108123 0
0.2545 0.001 0.0245163 0.0136117 0
0.255 0.001 0.0248246 0.0144159 0
0.2555 0.001 0.0270733 0.0118382 0
0.256 0.001 0.0262117 0.0124152 0
0.2565 0.001 0.0259178 0.014227 0
0.257 0.001 0.0210769 0.0116079 0
0.2575 0.001 0.0260681 0.0129101 0
0.258 0.001 0.0223166 0.0105608 0
0.2585 0.001 0.0268902 0.0140218 0
0.259 0.001 0.0254131 0.0126259 0
0.2595 0.001 0.0238672 0.0098248 0
0.26 0.001 0.020313 0.0111656 0
0.2605 0.001 0.0216106 0.0107702 0
0.261 0.001 0.0247197 0.0121258 0
0.2615 0.001 0.0300704 0.016342 0
0.262 0.001 0.021937 0.0118297 0
0.2625 0.001 0.019092 0.011229 0
0.263 0.001 0.0206551 0.0100685 0
0.2635 0.001 0.0246021 0.012157 0
0.264 0.001 0.0205648 0.0136676 0
0.2645 0.001 0.025557 0.0129307 0
0.265 0.001 0.0226094 0.00916614 0
0.2655 0.001 0.022703 0.012729 0
0.266 0.001 0.0272951 0.0120481 0
0.2665 0.001 0.0272456 0.0128694 0
0.267 0.0015 0.0291027 0.0159943 0
0.2675 0.0015 0.0206541 0.0107197 0
0.268 0.0015 0.0204544 0.0128924 0
0.2685 0.0015 0.0223737 0.0102713 0
0.269 0.0015 0.0183622 0.010725 0
0.2695 0.0015 0.0205144 0.00994015 0
0.27 0.0015 0.0257061 0.0139537 0
0.2705 0.0015 0.0224859 0.0125361 0
0.271 0.0015 0.021305 0.0110133 0
0.2715 0.0015 0.0230106 0.0103026 0
0.272 0.0015 0.0234084 0.012031 0
0.2725 0.0015 0.0232306 0.0104427 0
0.273 0.0015 0.0220153 0.0140865 0
0.2735 0.0015 0.0235218 0.011605 0
0.274 0.0015 0.0270567 0.0142473 0
0.2745 0.0015 0.0212082 0.0105427 0
0.275 0.0015 0.0254906 0.0133506 0
0.2755 0.0015 0.0197416 0.0119921 0
0.276 0.0015 0.0201006 0.0102683 0
0.2765 0.0015 0.0269951 0.0141525 0
0.277 0.0015 0.0240196 0.0133928 0
0.2775 0.0015 0.024049 0.0107897 0
0.278 0.0015 0.0250211 0.0110259 0
0.2785 0.0015 0.0276584 0.0163338 0
0.279 0.0015 0.0233801 0.0119683 0
0.2795 0.0015 0.0194936 0.0100906 0
0.28 0.0015 0.024105 0.0122173 0
0.2805 0.0015 0.0240991 0.0124625 0
0.281 0.0015 0.0235486 0.0110831 0
0.2815 0.0015 0.0280135 0.0162894 0
0.282 0.0015 0.0258102 0.0123695 0
0.2825 0.0015 0.0223782 0.0110395 0
0.283 0.0015 0.0222467 0.0108937 0
0.2835 0.0015 0.030143 0.0127503 0
0.284 0.0015 0.0267052 0.0113704 0
0.2845 0.0015 0.0277696 0.0131076 0
0.285 0.0015 0.0210128 0.0131898 0
0.2855 0.0015 0.0256502 0.014074 0
0.286 0.0015 0.0233493 0.0103895 0
0.2865 0.0015 0.0235347 0.0114324 0
0.287 0.0015 0.0241658 0.0127709 0
0.2875 0.0015 0.0206947 0.0105272 0
0.288 0.0015 0.0217259 0.0109104 0
0.2885 0.0015 0.0195373 0.00872247 0
0.289 0.0015 0.0229046 0.0109959 0
0.2895 0.0015 0.0250339 0.0117217 0
0.29 0.0015 0.0214277 0.0102262 0
0.2905 0.0015 0.0253803 0.013149 0
0.291 0.0015 0.0196733 0.0119174 0
0.2915 0.0015 0.0210149 0.0133527 0
0.292 0.0015 0.0303229 0.015977 0
0.2925 0.0015 0.0208052 0.0127646 0
0.293 0.0015 0.0265023 0.0138092 0
0.2935 0.0015 0.0222604 0.0108636 0
0.294 0.0015 0.0253662 0.0142442 0
0.2945 0.0015 0.0246579 0.0114938 0
0.295 0.0015 0.0294565 0.015174 0
0.2955 0.0015 0.0283391 0.0157822 0
0.296 0.0015 0.020869 0.00879178 0
0.2965 0.0015 0.021866 0.0120682 0
0.297 0.0015 0.0245157 0.0132753 0
0.2975 0.0015 0.0231487 0.0108922 0
0.298 0.0015 0.0253473 0.0145561 0
0.2985 0.0015 0.0344634 0.0146607 0
0.299 0.0015 0.0252693 0.0126126 0
0.2995 0.0015 0.0216093 0.0120814 0
0.3 0.0015 0.027244 0.0131528 0
0.3005 0.0015 0.028308 0.0135106 0
0.301 0.0015 0.0250757 0.0123287 0
0.3015 0.0015 0.0355074 0.0153313 0
0.302 0.0015 0.0315898 0.0140048 0
0.3025 0.0015 0.0217684 0.0115416 0
0.303 0.0015 0.029313 0.0136787 0
0.3035 0.0015 0.0219325 0.00980115 0
0.304 0.0015 0.0225639 0.00935491 0
0.3045 0.0015 0.0226661 0.0109806 0
0.305 0.0015 0.0265057 0.0134913 0
0.3055 0.0015 0.0282271 0.0140526 0
0.306 0.0015 0.0286439 0.0183316 0
0.3065 0.0015 0.0280327 0.0155909 0
0.307 0.0015 0.0278591 0.0125515 0
0.3075 0.0015 0.0193731 0.0100319 0
0.308 0.0015 0.0224031 0.0136841 0
0.3085 0.0015 0.0243449 0.0138917 0
0.309 0.0015 0.0230051 0.00930028 0
0.3095 0.0015 0.0251049 0.0130539 0
0.31 0.0015 0.0292594 0.0133356 0
0.3105 0.0015 0.024092 0.0128785 0
0.311 0.0015 0.0221831 0.0123074 0
0.3115 0.0015 0.021675 0.0118566 0
0.312 0.0015 0.0226234 0.0106119 0
0.3125 0.0015 0.0254639 0.0148343 0
0.313 0.0015 0.0289973 0.0129346 0
0.3135 0.0015 0.0207319 0.0086216 0
0.314 0.0015 0.0302989 0.0118312 0
0.3145 0.0015 0.0223715 0.0121019 0
0.315 0.0015 0.0217097 0.00993003 0
0.3155 0.0015 0.0326188 0.0150178 0
0.316 0.0015 0.0243189 0.0137716 0
0.3165 0.0015 0.02422 0.0126213 0
0.317 0.0015 0.0274016 0.0110299 0
0.3175 0.0015 0.0293943 0.0125907 0
0.318 0.0015 0.023519 0.0120602 0
0.3185 0.0015 0.0228504 0.0148536 0
0.319 0.0015 0.026583 0.0119148 0
0.3195 0.0015 0.026505 0.0148807 0
0.32 0.0015 0.021483 0.0121333 0
0.3205 0.0015 0.0263996 0.0126345 0
0.321 0.0015 0.0259435 0.0131772 0
0.3215 0.0015 0.0241161 0.0132898 0
0.322 0.0015 0.0241102 0.0130421 0
0.3225 0.0015 0.0270172 0.0115801 0
0.323 0.0015 0.0219699 0.010079 0
0.3235 0.0015 0.0246593 0.0106353 0
0.324 0.0015 0.0254944 0.0114773 0
0.3245 0.0015 0.0201818 0.00920115 0
0.325 0.0015 0.025942 0.013263 0
0.3255 0.0015 0.0255394 0.0159591 0
0.326 0.0015 0.0276382 0.0112076 0
0.3265 0.0015 0.0294782 0.013974 0
0.327 0.0015 0.0237721 0.0128238 0
0.3275 0.0015 0.0238608 0.010376 0
0.328 0.0015 0.0224731 0.0113711 0
0.3285 0.0015 0.0289492 0.0146107 0
0.329 0.0015 0.0266058 0.0121469 0
0.3295 0.0015 0.0258941 0.0116469 0
0.33 0.0015 0.0295647 0.0138411 0
0.3305 0.0015 0.0266252 0.019811 0
0.331 0.0015 0.027307 0.0145608 0
0.3315 0.0015 0.0237692 0.0124336 0
0.332 0.0015 0.0238304 0.0121767 0
0.3325 0.0015 0.0258167 0.0125636 0
0.333 0.0015 0.0314148 0.0155084 0
0.3335 0.0015 0.0237824 0.00999207 0
0.334 0.0015 0.0244202 0.00970822 0
0.3345 0.0015 0.0255434 0.0198172 0
0.335 0.0015 0.0261827 0.0156143 0
0.3355 0.0015 0.0289827 0.0167019 0
0.336 0.0015 0.023633 0.00930568 0
0.3365 0.0015 0.0283604 0.011906 0
0.337 0.0015 0.0323118 0.012968 0
0.3375 0.0015 0.0300879 0.0156322 0
0.338 0.0015 0.0294738 0.0152327 0
0.3385 0.0015 0.0282348 0.0138238 0
0.339 0.0015 0.0229741 0.0105591 0
0.3395 0.0015 0.0214998 0.0104532 0
0.34 0.0015 0.0268434 0.0139654 0
0.3405 0.0015 0.0251396 0.0115777 0
0.341 0.0015 0.0311554 0.0147322 0
0.3415 0.0015 0.0215982 0.00900594 0
0.342 0.0015 0.0286783 0.0122348 0
0.3425 0.0015 0.0216834 0.00954697 0
0.343 0.0015 0.0217985 0.0144133 0
0.3435 0.0015 0.0310899 0.0109044 0
0.344 0.0015 0.0204734 0.0119824 0
0.3445 0.0015 0.0208568 0.0141471 0
0.345 0.0015 0.0245845 0.0124729 0
0.3455 0.0015 0.0247854 0.00952008 0
0.346 0.0015 0.030653 0.0140879 0
0.3465 0.0015 0.0242119 0.0111482 0
0.347 0.0015 0.0287195 0.0103891 0
0.3475 0.0015 0.0330712 0.0144078 0
0.348 0.0015 0.024394 0.0111731 0
0.3485 0.0015 0.0271905 0.0113806 0
0.349 0.0015 0.0306432 0.0152174 0
0.3495 0.0015 0.0273794 0.0157896 0
0.35 0.0015 0.0255625 0.0116343 0
0.3505 0.0015 0.0228499 0.0115411 0
0.351 0.0015 0.0300925 0.0136273 0
0.3515 0.0015 0.0228287 0.0115871 0
0.352 0.0015 0.0263785 0.0130165 0
0.3525 0.0015 0.0236076 0.0148253 0
0.353 0.0015 0.0271528 0.0140514 0
0.3535 0.0015 0.0304666 0.0153307 0
0.354 0.0015 0.020331 0.012125 0
0.3545 0.0015 0.0232895 0.0102432 0
0.355 0.0015 0.0234296 0.0129124 0
0.3555 0.0015 0.0269656 0.0121151 0
0.356 0.0015 0.0295411 0.0123625 0
0.3565 0.0015 0.022301 0.0143684 0
0.357 0.0015 0.0246341 0.0111844 0
0.3575 0.0015 0.0223226 0.0113458 0
0.358 0.0015 0.0194142 0.012165 0
0.3585 0.0015 0.0282638 0.0137212 0
0.359 0.0015 0.0259359 0.0121649 0
0.3595 0.0015 0.02199 0.0119469 0
0.36 0.0015 0.0220114 0.0119542 0
0.3605 0.0015 0.0232326 0.0115447 0
0.361 0.0015 0.0204823 0.0117925 0
0.3615 0.0015 0.0262406 0.0143585 0
0.362 0.0015 0.0245618 0.0110185 0
0.3625 0.0015 0.0235952 0.0106734 0
0.363 0.0015 0.0290393 0.0137509 0
0.3635 0.0015 0.0214441 0.0131884 0
0.364 0.002 0.0183741 0.00983161 0
0.3645 0.002 0.0276995 0.0129853 0
0.365 0.002 0.0227811 0.0138034 0
0.3655 0.002 0.0269498 0.0106795 0
0.366 0.002 0.0267037 0.0140531 0
0.3665 0.002 0.0290761 0.0152198 0
0.367 0.002 0.0273287 0.013085 0
0.3675 0.002 0.0344621 0.0189866 0
0.368 0.002 0.0279401 0.0121983 0
0.3685 0.002 0.0261637 0.0135891 0
0.369 0.002 0.028795 0.015218 0
0.3695 0.002 0.023314 0.0109663 0
0.37 0.002 0.0258778 0.013516 0
0.3705 0.002 0.0334231 0.017182 0
0.371 0.002 0.0253391 0.0143713 0
0.3715 0.002 0.025688 0.0132245 0
0.372 0.002 0.0272891 0.00969902 0
0.3725 0.002 0.0300914 0.012195 0
0.373 0.002 0.0228132 0.013205 0
0.3735 0.002 0.0289091 0.0120813 0
0.374 0.002 0.0244302 0.0107908 0
0.3745 0.002 0.0256958 0.0113737 0
0.375 0.002 0.0290646 0.0146559 0
0.3755 0.002 0.026647 0.0125784 0
0.376 0.002 0.0246044 0.0161031 0
0.3765 0.002 0.0231251 0.0101516 0
0.377 0.002 0.0266977 0.0132431 0
0.3775 0.002 0.0270791 0.0128219 0
0.378 0.002 0.0255756 0.0135195 0
0.3785 0.002 0.0298457 0.00929322 0
0.379 0.002 0.0250352 0.0136498 0
0.3795 0.002 0.0277926 0.0121115 0
0.38 0.002 0.0225693 0.0098995 0
0.3805 0.002 0.0306935 0.0158978 0
0.381 0.002 0.0291421 0.013702 0
0.3815 0.002 0.0349476 0.0155671 0
0.382 0.002 0.0381742 0.0178865 0
0.3825 0.002 0.0216895 0.0143868 0
0.383 0.002 0.0262233 0.0104018 0
0.3835 0.002 0.0268046 0.0121634 0
0.384 0.002 0.0350748 0.0145594 0
0.3845 0.002 0.027395 0.0137445 0
0.385 0.002 0.0301437 0.0144296 0
0.3855 0.002 0.0292833 0.0129882 0
0.386 0.002 0.0263658 0.0140891 0
0.3865 0.002 0.0248138 0.010452 0
0.387 0.002 0.0257698 0.0114363 0
0.3875 0.002 0.0252261 0.0138531 0
0.388 0.002 0.0246028 0.0137622 0
0.3885 0.002 0.0219586 0.0100519 0
0.389 0.002 0.0225888 0.0114062 0
0.3895 0.002 0.0337718 0.0173223 0
0.39 0.002 0.0269834 0.0145886 0
0.3905 0.002 0.0335214 0.0159713 0
0.391 0.002 0.0272095 0.0128401 0
0.3915 0.002 0.0273868 0.010553 0
0.392 0.002 0.0264538 0.00969184 0
0.3925 0.002 0.0265121 0.0121963 0
0.393 0.002 0.0344064 0.0145209 0
0.3935 0.002 0.034838 0.015943 0
0.394 0.002 0.0253059 0.0142552 0
0.3945 0.002 0.0297892 0.0143453 0
0.395 0.002 0.0329538 0.0135724 0
0.3955 0.002 0.0274162 0.0108942 0
0.396 0.002 0.0235792 0.0107293 0
0.3965 0.002 0.0235633 0.0123502 0
0.397 0.002 0.0282867 0.0144675 0
0.3975 0.002 0.0269069 0.0151043 0
0.398 0.002 0.0262467 0.0096268 0
0.3985 0.002 0.021645 0.0126625 0
0.399 0.002 0.0296786 0.0151688 0
0.3995 0.002 0.0320244 0.0150964 0
0.4 0.002 0.0158016 0.0087936 0
0.4005 0.002 0.0259454 0.0191555 0
0.401 0.002 0.0289444 0.0149135 0
0.4015 0.002 0.0227912 0.0133059 0
0.402 0.002 0.0251964 0.0140013 0
0.4025 0.002 0.0272303 0.00975359 0
0.403 0.002 0.0227432 0.0120577 0
0.4035 0.002 0.0245342 0.0132803 0
0.404 0.002 0.0276226 0.0150911 0
0.4045 0.002 0.0312864 0.0108095 0
0.405 0.002 0.0309915 0.0105084 0
0.4055 0.002 0.0251607 0.0132779 0
0.406 0.002 0.0266923 0.0141391 0
0.4065 0.002 0.0212829 0.01121 0
0.407 0.002 0.0361232 0.0160147 0
0.4075 0.002 0.0232586 0.0142479 0
0.408 0.002 0.0245841 0.0125372 0
0.4085 0.002 0.0255227 0.011663 0
0.409 0.002 0.0252718 0.0120282 0
0.4095 0.002 0.0217204 0.0108715 0
0.41 0.002 0.0274704 0.0155137 0
0.4105 0.002 0.0266215 0.0123664 0
0.411 0.002 0.0319641 0.0138336 0
0.4115 0.002 0.025005 0.0118371 0
0.412 0.002 0.0256586 0.00931731 0
0.4125 0.002 0.0273612 0.0118401 0
0.413 0.002 0.0298247 0.0139802 0
0.4135 0.002 0.0279805 0.0106239 0
0.414 0.002 0.0328426 0.0169249 0
0.4145 0.002 0.0259643 0.0130949 0
0.415 0.002 0.0240287 0.0136833 0
0.4155 0.002 0.0258908 0.0149306 0
0.416 0.002 0.031912 0.0142994 0
0.4165 0.002 0.025418 0.0136643 0
0.417 0.002 0.0314685 0.0120093 0
0.4175 0.002 0.0367026 0.0164151 0
0.418 0.002 0.0370495 0.0196326 0
0.4185 0.002 0.028981 0.0127532 0
0.419 0.002 0.0194168 0.0121813 0
0.4195 0.002 0.0227215 0.0132764 0
0.42 0.002 0.0272245 0.012781 0
0.4205 0.002 0.0194279 0.00885613 0
0.421 0.002 0.0253372 0.0152101 0
0.4215 0.002 0.0256281 0.0132508 0
0.422 0.002 0.0218534 0.0106546 0
0.4225 0.002 0.0263335 0.0109615 0
0.423 0.002 0.0312912 0.0114551 0
0.4235 0.002 0.0303421 0.0151792 0
0.424 0.002 0.0279052 0.0135971 0
0.4245 0.002 0.0267556 0.0135724 0
0.425 0.002 0.0281366 0.0177645 0
0.4255 0.0025 0.0341103 0.0133751 0
0.426 0.0025 0.0251081 0.00997595 0
0.4265 0.0025 0.0290963 0.0178864 0
0.427 0.0025 0.0224254 0.0125959 0
0.4275 0.0025 0.0254466 0.00963587 0
0.428 0.0025 0.0315489 0.0155127 0
0.4285 0.0025 0.0293699 0.0154502 0
0.429 0.0025 0.0286885 0.0134154 0
0.4295 0.0025 0.0291723 0.0133565 0
0.43 0.0025 0.0318972 0.0165372 0
0.4305 0.0025 0.0222863 0.0112045 0
0.431 0.0025 0.0303976 0.015826 0
0.4315 0.0025 0.0232389 0.0121221 0
0.432 0.0025 0.0308768 0.017436 0
0.4325 0.0025 0.0296227 0.0153777 0
0.433 0.0025 0.0255047 0.0139084 0
0.4335 0.0025 0.0234602 0.0124624 0
0.434 0.0025 0.0314619 0.0134375 0
0.4345 0.0025 0.0333315 0.0137329 0
0.435 0.0025 0.0241048 0.0116006 0
0.4355 0.0025 0.0307012 0.0118785 0
0.436 0.0025 0.023357 0.011542 0
0.4365 0.0025 0.0254713 0.0125175 0
0.437 0.0025 0.025931 0.0129834 0
0.4375 0.0025 0.0256251 0.0112657 0
0.438 0.0025 0.0262954 0.0162959 0
0.4385 0.0025 0.0277702 0.0150537 0
0.439 0.0025 0.0322787 0.0149613 0
0.4395 0.0025 0.0270967 0.0165121 0
0.44 0.0025 0.022404 0.00926982 0
0.4405 0.0025 0.0269103 0.0165684 0
0.441 0.0025 0.0212286 0.0112504 0
0.4415 0.0025 0.0225561 0.0120046 0
0.442 0.0025 0.0290194 0.0182753 0
0.4425 0.0025 0.0311931 0.0158087 0
0.443 0.0025 0.030177 0.0146992 0
0.4435 0.0025 0.0320923 0.0187646 0
0.444 0.0025 0.0234664 0.0094454 0
0.4445 0.0025 0.0252509 0.0130039 0
0.445 0.0025 0.0206213 0.0105033 0
0.4455 0.0025 0.0186354 0.010126 0
0.446 0.0025 0.0279667 0.0140715 0
0.4465 0.0025 0.021591 0.0129309 0
0.447 0.0025 0.0304383 0.0129826 0
0.4475 0.0025 0.0357273 0.0152704 0
0.448 0.0025 0.0315029 0.0207235 0
0.4485 0.0025 0.034358 0.0191531 0
0.449 0.0025 0.0266309 0.0147763 0
0.4495 0.0025 0.0191453 0.0100726 0
0.45 0.0025 0.0390386 0.0193296 0
0.4505 0.0025 0.0326391 0.0134549 0
0.451 0.0025 0.0286052 0.0103842 0
0.4515 0.0025 0.0249853 0.0153282 0
0.452 0.0025 0.0306936 0.0143143 0
0.4525 0.0025 0.0296461 0.0182068 0
0.453 0.0025 0.0275312 0.0162733 0
0.4535 0.0025 0.0287392 0.0184751 0
0.454 0.0025 0.0277072 0.012792 0
0.4545 0.0025 0.0256483 0.0111653 0
0.455 0.0025 0.0276893 0.0123003 0
0.4555 0.0025 0.0304092 0.0132255 0
0.456 0.0025 0.0305402 0.0152341 0
0.4565 0.0025 0.0359126 0.02033 0
0.457 0.0025 0.0308258 0.0135749 0
0.4575 0.0025 0.0313483 0.0163446 0
0.458 0.0025 0.0298875 0.0134912 0
0.4585 0.0025 0.0249768 0.0146102 0
0.459 0.0025 0.0261155 0.0115902 0
0.4595 0.0025 0.0262351 0.0158105 0
0.46 0.0025 0.0264636 0.0131056 0
0.4605 0.0025 0.0340087 0.0205995 0
0.461 0.0025 0.0241293 0.0109419 0
0.4615 0.0025 0.0375364 0.0190754 0
0.462 0.0025 0.0322554 0.01261 0
0.4625 0.0025 0.0258511 0.0151751 0
0.463 0.0025 0.0257002 0.0153675 0
0.4635 0.0025 0.0251324 0.0126961 0
0.464 0.0025 0.0295033 0.0123128 0
0.4645 0.0025 0.0255942 0.0139806 0
0.465 0.0025 0.0253889 0.0130382 0
0.4655 0.0025 0.0358857 0.0153056 0
0.466 0.0025 0.0240126 0.00951053 0
0.4665 0.0025 0.0261888 0.015539 0
0.467 0.0025 0.0371137 0.0149773 0
0.4675 0.0025 0.0232741 0.011995 0
0.468 0.0025 0.0312547 0.0146435 0
0.4685 0.0025 0.0216101 0.0103759 0
0.469 0.0025 0.0281116 0.0129485 0
0.4695 0.0025 0.0324092 0.0115525 0
0.47 0.0025 0.0254261 0.0167459 0
0.4705 0.0025 0.0338551 0.0197783 0
0.471 0.0025 0.0205545 0.01094 0
0.4715 0.0025 0.0241849 0.0139498 0
0.472 0.0025 0.0308764 0.0145731 0
0.4725 0.003 0.0289951 0.015614 0
0.473 0.003 0.0329042 0.0105815 0
0.4735 0.003 0.0247134 0.0136374 0
0.474 0.003 0.0421817 0.0191655 0
0.4745 0.003 0.0271709 0.0145791 0
0.475 0.003 0.0340855 0.0171227 0
0.4755 0.003 0.0292534 0.0124572 0
0.476 0.003 0.0267709 0.00986797 0
0.4765 0.003 0.0299871 0.0139219 0
0.477 0.003 0.0413686 0.0142943 0
0.4775 0.003 0.0302069 0.018982 0
0.478 0.003 0.0307045 0.00976717 0
0.4785 0.003 0.0219377 0.0100343 0
0.479 0.003 0.0347444 0.0139543 0
0.4795 0.003 0.0367107 0.0160229 0
0.48 0.003 0.0327505 0.0189555 0
0.4805 0.003 0.0298947 0.0166329 0
0.481 0.003 0.0273506 0.0133544 0
0.4815 0.003 0.0241346 0.0132227 0
0.482 0.003 0.0262136 0.0145765 0
0.4825 0.003 0.02478 0.0141836 0
0.483 0.003 0.0269275 0.0151678 0
0.4835 0.003 0.0282054 0.0176027 0
0.484 0.003 0.0330494 0.0188231 0
0.4845 0.003 0.0260038 0.0140791 0
0.485 0.003 0.0374101 0.0164043 0
0.4855 0.003 0.0304924 0.0132702 0
0.486 0.003 0.0279888 0.012981 0
0.4865 0.003 0.0266955 0.0112459 0
0.487 0.003 0.0260754 0.015405 0
0.4875 0.003 0.0246096 0.011907 0
0.488 0.003 0.0234157 0.0128312 0
0.4885 0.003 0.0247445 0.013514 0
0.489 0.003 0.0289113 0.014369 0
0.4895 0.003 0.0305926 0.0135331 0
0.49 0.003 0.0342055 0.0135443 0
0.4905 0.003 0.0324429 0.0132928 0
0.491 0.003 0.0263386 0.0143275 0
0.4915 0.003 0.0336736 0.0158857 0
0.492 0.003 0.0282648 0.0142746 0
0.4925 0.003 0.0350802 0.0207039 0
0.493 0.003 0.0279632 0.0103463 0
0.4935 0.003 0.023103 0.00921093 0
0.494 0.003 0.0326028 0.0158551 0
0.4945 0.003 0.0280173 0.0131612 0
0.495 0.003 0.032395 0.0165907 0
0.4955 0.003 0.0243619 0.0109936 0
0.496 0.003 0.0269742 0.0137711 0
0.4965 0.003 0.0310925 0.0110367 0
0.497 0.003 0.0357537 0.0136087 0
0.4975 0.003 0.0255047 0.0114885 0
0.498 0.003 0.0347474 0.015118 0
0.4985 0.003 0.0297079 0.0128656 0
0.499 0.003 0.0294028 0.0201703 0
0.4995 0.003 0.0305169 0.0114693 0
0.5 0.003 0.019391 0.0111699 0
0.5005 0.003 0.022635 0.0118221 0
0.501 0.003 0.0413413 0.0150052 0
0.5015 0.003 0.0270641 0.0141048 0
0.502 0.003 0.0305526 0.0229502 0
0.5025 0.003 0.0427647 0.0150496 0
0.503 0.003 0.0407015 0.0181584 0
0.5035 0.003 0.0229524 0.0167835 0
0.504 0.003 0.0315198 0.0171868 0
0.5045 0.003 0.0275754 0.0127844 0
0.505 0.003 0.0244917 0.0133949 0
0.5055 0.003 0.0279723 0.0137331 0
0.506 0.003 0.0262124 0.0200372 0
0.5065 0.003 0.0328618 0.0154091 0
0.507 0.003 0.0278198 0.0143696 0
0.5075 0.003 0.0281138 0.0175575 0
0.508 0.003 0.0332258 0.0159119 0
0.5085 0.003 0.0421034 0.0191748 0
0.509 0.003 0.0215903 0.0121921 0
0.5095 0.003 0.0356007 0.013997 0
0.51 0.003 0.0306581 0.0113293 0
0.5105 0.003 0.031862 0.0158894 0
0.511 0.003 0.0239398 0.0117878 0
0.5115 0.003 0.0283258 0.0112774 0
0.512 0.003 0.0347023 0.0127308 0
0.5125 0.003 0.0303088 0.013108 0
0.513 0.003 0.0336342 0.0197989 0
0.5135 0.003 0.0303807 0.0132441 0
0.514 0.003 0.0251718 0.0117998 0
0.5145 0.003 0.0346425 0.0169208 0
0.515 0.003 0.0382123 0.0142084 0
0.5155 0.003 0.0404135 0.0185038 0
0.516 0.003 0.0418252 0.0160855 0
0.5165 0.003 0.0264017 0.0135279 0
0.517 0.003 0.0276279 0.0174165 0
0.5175 0.003 0.0291569 0.0149132 0
0.518 0.003 0.0234572 0.0120058 0
0.5185 0.003 0.0341134 0.0151859 0
0.519 0.003 0.0242882 0.0170524 0
0.5195 0.003 0.0289618 0.0145768 0
0.52 0.003 0.0303967 0.010443 0
0.5205 0.003 0.03499 0.0130486 0
0.521 0.003 0.0297577 0.0146156 0
0.5215 0.003 0.032373 0.0114136 0
0.522 0.003 0.0305166 0.0143501 0
0.5225 0.003 0.0268701 0.0152493 0
0.523 0.003 0.0259532 0.0132502 0
0.5235 0.003 0.031149 0.0165961 0
0.524 0.003 0.0404431 0.0212254 0
0.5245 0.003 0.0362112 0.0215296 0
0.525 0.003 0.0270062 0.0116717 0
0.5255 0.003 0.0255649 0.0152236 0
0.526 0.003 0.0282753 0.0136186 0
0.5265 0.003 0.0279303 0.016593 0
0.527 0.003 0.0322108 0.0138308 0
0.5275 0.003 0.0229446 0.013544 0
0.528 0.003 0.0308436 0.0152365 0
0.5285 0.003 0.0268718 0.0145344 0
0.529 0.003 0.0329375 0.013234 0
0.5295 0.003 0.0276404 0.0105595 0
0.53 0.003 0.0273294 0.0174208 0
0.5305 0.003 0.0268301 0.0126061 0
0.531 0.003 0.0346553 0.0143952 0
0.5315 0.003 0.0281136 0.0174595 0
0.532 0.003 0.0289057 0.0168203 0
0.5325 0.003 0.0245265 0.012014 0
0.533 0.003 0.032207 0.0163353 0
0.5335 0.003 0.0206415 0.0121335 0
0.534 0.003 0.0359816 0.0144672 0
0.5345 0.003 0.0242029 0.0113217 0
0.535 0.003 0.0291608 0.014362 0
0.5355 0.003 0.0304468 0.012999 0
0.536 0.003 0.0372269 0.0188741 0
0.5365 0.003 0.0264625 0.0110667 0
0.537 0.003 0.0346337 0.0181042 0
0.5375 0.003 0.0312512 0.0131016 0
0.538 0.003 0.0209727 0.0136021 0
0.5385 0.003 0.0348092 0.0221205 0
0.539 0.003 0.0334958 0.014315 0
0.5395 0.003 0.0285181 0.0136095 0
0.54 0.003 0.0347768 0.0155624 0
0.5405 0.003 0.0270883 0.0163664 0
0.541 0.003 0.0380802 0.0210672 0
0.5415 0.003 0.0287012 0.0136062 0
0.542 0.003 0.0377091 0.0198473 0
0.5425 0.003 0.0321948 0.0119998 0
0.543 0.003 0.0346895 0.0154715 0
0.5435 0.003 0.0266052 0.013129 0
0.544 0.003 0.0327359 0.0154434 0
0.5445 0.003 0.0313811 0.0127777 0
0.545 0.003 0.0366404 0.0155437 0
0.5455 0.003 0.026612 0.0186008 0
0.546 0.003 0.0303272 0.0171815 0
0.5465 0.003 0.0315308 0.0155344 0
0.547 0.003 0.038097 0.0219338 0
0.5475 0.003 0.0231276 0.0111878 0
0.548 0.003 0.0237914 0.0141223 0
0.5485 0.003 0.0353668 0.0171425 0
0.549 0.003 0.0324176 0.0171553 0
0.5495 0.003 0.0337748 0.0159485 0
0.55 0.003 0.0253655 0.0150667 0
0.5505 0.003 0.0294613 0.0162516 0
0.551 0.003 0.0300876 0.015732 0
0.5515 0.003 0.0267909 0.0118045 0
0.552 0.003 0.0253475 0.0141875 0
0.5525 0.003 0.0217967 0.0114248 0
0.553 0.003 0.0357663 0.0204105 0
0.5535 0.003 0.030505 0.0151338 0
0.554 0.003 0.0334113 0.0164195 0
0.5545 0.003 0.0267611 0.00968051 0
0.555 0.003 0.0306213 0.0116101 0
0.5555 0.003 0.0336721 0.0178179 0
0.556 0.003 0.0253491 0.0145167 0
0.5565 0.003 0.0334305 0.0195536 0
0.557 0.003 0.0185357 0.0125809 0
0.5575 0.003 0.0373722 0.0142318 0
0.558 0.003 0.0224508 0.0107312 0
0.5585 0.003 0.0391191 0.0117135 0
0.559 0.003 0.038571 0.0147622 0
0.5595 0.003 0.0330241 0.0162262 0
0.56 0.003 0.0370417 0.0173634 0
0.5605 0.003 0.0238414 0.0162245 0
0.561 0.003 0.0386185 0.0210321 0
0.5615 0.003 0.033196 0.0157506 0
0.562 0.003 0.0429351 0.0177052 0
0.5625 0.003 0.0325473 0.0170463 0
0.563 0.003 0.0279404 0.0117744 0
0.5635 0.003 0.0351973 0.0167857 0
0.564 0.003 0.0316192 0.0152849 0
0.5645 0.003 0.022694 0.0103789 0
0.565 0.003 0.0235674 0.0126061 0
0.5655 0.003 0.0335031 0.0175749 0
0.566 0.003 0.0412883 0.025896 0
0.5665 0.003 0.0297726 0.0215315 0
0.567 0.003 0.0282526 0.020461 0
0.5675 0.003 0.0253755 0.0113166 0
0.568 0.003 0.0262236 0.0144201 0
0.5685 0.003 0.030538 0.00964113 0
0.569 0.003 0.0300872 0.0122006 0
0.5695 0.003 0.0281812 0.0162418 0
0.57 0.003 0.0349689 0.0150563 0
0.5705 0.0035 0.0380064 0.0157521 0
0.571 0.0035 0.0369455 0.0193122 0
0.5715 0.0035 0.040569 0.0213696 0
0.572 0.0035 0.0372829 0.0197391 0
0.5725 0.0035 0.041424 0.018191 0
0.573 0.0035 0.0336454 0.0174451 0
0.5735 0.0035 0.0341255 0.0115147 0
0.574 0.0035 0.038647 0.0168479 0
0.5745 0.0035 0.0295962 0.0114439 0
0.575 0.0035 0.0324925 0.0134361 0
0.5755 0.0035 0.0377969 0.0174187 0
0.576 0.0035 0.0290094 0.0193104 0
0.5765 0.0035 0.0318277 0.0197181 0
0.577 0.0035 0.0328083 0.0163898 0
0.5775 0.0035 0.0321491 0.0167165 0
0.578 0.0035 0.0432821 0.0207274 0
0.5785 0.0035 0.0435812 0.0193543 0
0.579 0.0035 0.0279626 0.0101071 0
0.5795 0.0035 0.0436785 0.0248982 0
0.58 0.0035 0.0312711 0.016631 0
0.5805 0.0035 0.035436 0.0130668 0
0.581 0.0035 0.0381912 0.018283 0
0.5815 0.0035 0.0340817 0.0163602 0
0.582 0.0035 0.0326261 0.0178754 0
0.5825 0.0035 0.0332497 0.0133795 0
0.583 0.0035 0.0358275 0.0166517 0
0.5835 0.0035 0.0367202 0.0198201 0
0.584 0.0035 0.0488404 0.0233556 0
0.5845 0.0035 0.0338157 0.0140217 0
0.585 0.0035 0.0375247 0.0155087 0
0.5855 0.0035 0.0349628 0.0145422 0
0.586 0.0035 0.0470757 0.0166473 0
0.5865 0.0035 0.0252208 0.0123902 0
0.587 0.0035 0.0344907 0.0119929 0
0.5875 0.0035 0.0269396 0.0173209 0
0.588 0.0035 0.0287373 0.0177865 0
0.5885 0.0035 0.0292199 0.0143943 0
0.589 0.0035 0.0329692 0.019341 0
0.5895 0.0035 0.0318956 0.0194769 0
0.59 0.0035 0.0307405 0.0265927 0
0.5905 0.0035 0.033001 0.0111779 0
0.591 0.0035 0.0316766 0.0191994 0
0.5915 0.0035 0.026667 0.0153183 0
0.592 0.0035 0.0352912 0.014415 0
0.5925 0.0035 0.0260657 0.0124765 0
0.593 0.0035 0.0299807 0.0176154 0
0.5935 0.0035 0.0196621 0.0109576 0
0.594 0.0035 0.02933 0.012142 0
0.5945 0.0035 0.0344594 0.0222041 0
0.595 0.0035 0.029038 0.0136869 0
0.5955 0.0035 0.0299332 0.0131865 0
0.596 0.004 0.0241883 0.0142844 0
0.5965 0.004 0.0236855 0.0120221 0
0.597 0.004 0.0316731 0.0161329 0
0.5975 0.004 0.0363808 0.0151692 0
0.598 0.004 0.0332407 0.0159877 0
0.5985 0.004 0.0474905 0.0176981 0
0.599 0.004 0.0313463 0.0137205 0
0.5995 0.004 0.0259042 0.0151944 0
0.6 0.004 0.0282181 0.0144933 0
0.6005 0.004 0.0299393 0.0156418 0
0.601 0.004 0.030589 0.0109128 0
0.6015 0.0055 0.0380448 0.0141623 0
0.602 0.0055 0.0403707 0.021262 0
0.6025 0.0055 0.0429093 0.0187504 0
0.603 0.0055 0.026314 0.0168741 0
0.6035 0.0055 0.0344108 0.0173808 0
0.604 0.0055 0.0249779 0.0142698 0
0.6045 0.0055 0.0294692 0.0161972 0
0.605 0.0055 0.0314267 0.0188478 0
0.6055 0.0055 0.021423 0.0130226 0
0.606 0.0055 0.0382921 0.0141652 0
0.6065 0.0055 0.0285382 0.0135296 0
0.607 0.0055 0.0449194 0.0248592 0
0.6075 0.0055 0.0312029 0.0145205 0
0.608 0.0055 0.0401207 0.0199578 0
0.6085 0.0055 0.0393225 0.0204887 0
0.609 0.0055 0.0365601 0.0165687 0
0.6095 0.0055 0.0352795 0.0210959 0
0.61 0.0055 0.0272681 0.0179001 0
0.6105 0.0055 0.0585545 0.0257254 0
0.611 0.0055 0.0309611 0.0152417 0
0.6115 0.0055 0.029988 0.0192314 0
0.612 0.0055 0.0449275 0.0145928 0
0.6125 0.0055 0.0258094 0.0167372 0
0.613 0.0055 0.0299268 0.0135233 0
0.6135 0.0055 0.0376121 0.018306 0
0.614 0.0055 0.0498455 0.0270093 0
0.6145 0.0055 0.0280473 0.0184604 0
0.615 0.0055 0.046592 0.0200485 0
0.6155 0.0055 0.0291662 0.0155948 0
0.616 0.0055 0.029894 0.0136 0
0.6165 0.0055 0.0340263 0.0148663 0
0.617 0.0055 0.0460923 0.0108739 0
0.6175 0.0055 0.0283408 0.0138426 0
0.618 0.0055 0.0372801 0.0155412 0
0.6185 0.0055 0.0313039 0.0150305 0
0.619 0.0055 0.0376676 0.0203314 0
0.6195 0.0055 0.0440515 0.0180637 0
0.62 0.0055 0.0391865 0.0102838 0
0.6205 0.0055 0.0376477 0.0128441 0
0.621 0.0055 0.0295674 0.0136993 0
0.6215 0.0055 0.0328434 0.0149514 0
0.622 0.0055 0.0363324 0.0173735 0
0.6225 0.0055 0.0334929 0.0148048 0
0.623 0.0055 0.0335327 0.0137481 0
0.6235 0.0055 0.0370149 0.0124341 0
0.624 0.0055 0.0307498 0.0148684 0
0.6245 0.0055 0.0293145 0.0168368 0
0.625 0.0055 0.0477466 0.0246057 0
0.6255 0.0055 0.0364704 0.0152213 0
0.626 0.0055 0.0291355 0.0137191 0
0.6265 0.0055 0.0355999 0.022357 0
0.627 0.0055 0.0369866 0.0180852 0
0.6275 0.0055 0.03318 0.0187312 0
0.628 0.0055 0.032268 0.0143338 0
0.6285 0.0055 0.0512391 0.0191527 0
0.629 0.0055 0.0362324 0.0163355 0
0.6295 0.0055 0.0303641 0.0110301 0
0.63 0.0055 0.0347907 0.0136752 0
0.6305 0.0055 0.0303925 0.0148714 0
0.631 0.0055 0.0415495 0.0191935 0
0.6315 0.0055 0.0422084 0.0198482 0
0.632 0.0055 0.030839 0.0139435 0
0.6325 0.0055 0.0309902 0.0141116 0
0.633 0.0055 0.0396286 0.0206938 0
0.6335 0.0055 0.0476367 0.0148937 0
0.634 0.0055 0.0305417 0.0126391 0
0.6345 0.0055 0.0368699 0.0171976 0
0.635 0.0055 0.0461115 0.0165874 0
0.6355 0.0055 0.0490014 0.0208018 0
0.636 0.0055 0.0282027 0.0103985 0
0.6365 0.0055 0.0316481 0.0189842 0
0.637 0.0055 0.0419905 0.0233311 0
0.6375 0.0055 0.035315 0.0134517 0
0.638 0.0055 0.0409056 0.0191679 0
0.6385 0.0055 0.0417229 0.0154723 0
0.639 0.0055 0.0371654 0.0189206 0
0.6395 0.0055 0.0335909 0.0181106 0
0.64 0.0055 0.0299871 0.0189118 0
0.6405 0.0055 0.0433733 0.0215949 0
0.641 0.0055 0.0351448 0.0148936 0
0.6415 0.0055 0.0392841 0.0185367 0
0.642 0.0055 0.0476721 0.0235383 0
0.6425 0.0055 0.0348256 0.0180026 0
0.643 0.0055 0.0436544 0.0249079 0
0.6435 0.0055 0.0357809 0.0191614 0
0.644 0.0055 0.0421279 0.023687 0
0.6445 0.0055 0.0466941 0.0209541 0
0.645 0.0055 0.0307416 0.017664 0
0.6455 0.0055 0.0341424 0.016001 0
0.646 0.0055 0.0294547 0.018683 0
0.6465 0.0055 0.0330634 0.0169424 0
0.647 0.0055 0.0362876 0.0129185 0
0.6475 0.0055 0.0359166 0.0165316 0
0.648 0.0055 0.0305442 0.0133943 0
0.6485 0.0055 0.0295158 0.0130961 0
0.649 0.0055 0.0304699 0.0212961 0
0.6495 0.0055 0.0389234 0.022867 0
0.65 0.0055 0.0360296 0.0189894 0
0.6505 0.0055 0.0379517 0.0221455 0
0.651 0.0055 0.0469663 0.0211563 0
0.6515 0.0055 0.0304886 0.01187 0
0.652 0.0055 0.0320268 0.0109158 0
0.6525 0.0055 0.0433493 0.0166179 0
0.653 0.0055 0.0444102 0.0203444 0
0.6535 0.0055 0.0397214 0.0166688 0
0.654 0.0055 0.0423675 0.0147324 0
0.6545 0.0055 0.0439502 0.0176381 0
0.655 0.0055 0.0476532 0.0284929 0
0.6555 0.0055 0.0332132 0.0159901 0
0.656 0.0055 0.0296734 0.017529 0
0.6565 0.0055 0.0372835 0.0183443 0
0.657 0.0055 0.0519418 0.0252185 0
0.6575 0.0055 0.0473089 0.0211283 0
0.658 0.0055 0.0351209 0.0132705 0
0.6585 0.0055 0.042892 0.0238424 0
0.659 0.0055 0.0372195 0.0227062 0
0.6595 0.0055 0.0323173 0.0159942 0
0.66 0.0055 0.0398887 0.0233989 0
0.6605 0.0055 0.0331049 0.0129681 0
0.661 0.0055 0.0314339 0.0200024 0
0.6615 0.0055 0.0509075 0.0254088 0
0.662 0.0055 0.0455988 0.0193057 0
0.6625 0.0055 0.0327994 0.017284 0
0.663 0.0055 0.0216574 0.00947018 0
0.6635 0.0055 0.0396812 0.0188775 0
0.664 0.0055 0.0305319 0.010837 0
0.6645 0.0055 0.044558 0.0289651 0
0.665 0.0055 0.0249466 0.0107898 0
0.6655 0.006 0.039044 0.0133729 0
0.666 0.006 0.0356542 0.016451 0
0.6665 0.006 0.0392963 0.017826 0
0.667 0.006 0.0359001 0.0185783 0
0.6675 0.006 0.0364638 0.0182456 0
0.668 0.006 0.0435028 0.0293299 0
0.6685 0.006 0.0404108 0.0202704 0
0.669 0.006 0.0384036 0.0191583 0
0.6695 0.006 0.0204671 0.0102261 0
0.67 0.006 0.0385032 0.0198921 0
0.6705 0.006 0.0349227 0.0197152 0
0.671 0.006 0.0384943 0.0159978 0
0.6715 0.006 0.0272377 0.0165701 0
0.672 0.006 0.0351939 0.0205563 0
0.6725 0.006 0.0278887 0.0102531 0
0.673 0.006 0.0397983 0.016409 0
0.6735 0.006 0.0310336 0.0169922 0
0.674 0.006 0.0351163 0.0193911 0
0.6745 0.006 0.0364787 0.0118219 0
0.675 0.006 0.0464146 0.0242527 0
0.6755 0.006 0.0434389 0.0173257 0
0.676 0.006 0.0374076 0.0165413 0
0.6765 0.006 0.0474607 0.0283758 0
0.677 0.006 0.0320651 0.0176168 0
0.6775 0.006 0.0340201 0.0138149 0
0.678 0.006 0.0410851 0.0240965 0
0.6785 0.006 0.0388046 0.0227765 0
0.679 0.006 0.0365578 0.0184343 0
0.6795 0.006 0.0462607 0.0228459 0
0.68 0.006 0.0488312 0.0329455 0
0.6805 0.006 0.0355457 0.0139656 0
0.681 0.006 0.0462644 0.022872 0
0.6815 0.006 0.0268263 0.0151482 0
0.682 0.006 0.0386421 0.0218974 0
0.6825 0.006 0.0515797 0.0268087 0
0.683 0.006 0.0420669 0.016054 0
0.6835 0.006 0.0567181 0.0188027 0
0.684 0.006 0.0320632 0.0128548 0
0.6845 0.006 0.0473335 0.028684 0
0.685 0.006 0.0487291 0.0181455 0
0.6855 0.006 0.0325727 0.0138763 0
0.686 0.006 0.026679 0.0200118 0
0.6865 0.006 0.042065 0.0150979 0
0.687 0.006 0.0324545 0.0127377 0
0.6875 0.006 0.0394581 0.0117744 0
0.688 0.006 0.0475576 0.0197839 0
0.6885 0.006 0.0397942 0.0173113 0
0.689 0.006 0.0623628 0.0282707 0
0.6895 0.006 0.0563449 0.0229272 0
0.69 0.006 0.0534496 0.0227071 0
0.6905 0.006 0.0423145 0.0187751 0
0.691 0.006 0.0352799 0.0268328 0
0.6915 0.006 0.060914 0.0248101 0
0.692 0.006 0.0319287 0.0191758 0
0.6925 0.006 0.0409361 0.0149856 0
0.693 0.006 0.0528389 0.0264149 0
0.6935 0.006 0.0379872 0.0199885 0
0.694 0.0065 0.0306903 0.0226149 0
0.6945 0.0065 0.0404193 0.0222796 0
0.695 0.0065 0.0492177 0.015378 0
0.6955 0.0065 0.0430455 0.0250031 0
0.696 0.0065 0.0397083 0.0199777 0
0.6965 0.0065 0.0336563 0.0189518 0
0.697 0.0065 0.0419505 0.0129556 0
0.6975 0.0065 0.0377679 0.019076 0
0.698 0.0065 0.0339387 0.0169105 0
0.6985 0.0065 0.0334268 0.0111486 0
0.699 0.007 0.0437186 0.0133628 0
0.6995 0.007 0.0197729 0.00892211 0
0.7 0.007 0.0358429 0.0188363 0
0.7005 0.007 0.0380987 0.0143151 0
0.701 0.007 0.0551114 0.0183359 0
0.7015 0.007 0.0350514 0.0107796 0
0.702 0.007 0.0391699 0.023024 0
0.7025 0.007 0.0388875 0.0264763 0
0.703 0.007 0.0328504 0.013913 0
0.7035 0.007 0.0446782 0.0171446 0
0.704 0.007 0.0357991 0.0192531 0
0.7045 0.007 0.0419005 0.0192388 0
0.705 0.007 0.0461811 0.0155367 0
0.7055 0.007 0.0401855 0.0119203 0
0.706 0.007 0.0468475 0.0151958 0
0.7065 0.007 0.0435586 0.0190487 0
0.707 0.007 0.0409051 0.0155584 0
0.7075 0.007 0.0480626 0.0201478 0
0.708 0.007 0.038331 0.0222391 0
0.7085 0.007 0.0371762 0.0219655 0
0.709 0.007 0.0534223 0.0216244 0
0.7095 0.007 0.0358705 0.0120679 0
0.71 0.007 0.0403159 0.0156851 0
0.7105 0.007 0.0632397 0.0266482 0
0.711 0.007 0.034038 0.017499 0
0.7115 0.007 0.0405806 0.021174 0
0.712 0.007 0.0438493 0.0181415 0
0.7125 0.007 0.032984 0.0167833 0
0.713 0.007 0.0378554 0.0196041 0
0.7135 0.007 0.0420933 0.0179813 0
0.714 0.007 0.0492666 0.0266877 0
0.7145 0.007 0.0345232 0.0209954 0
0.715 0.007 0.0752357 0.0239769 0
0.7155 0.007 0.0408816 0.0205219 0
0.716 0.007 0.0447699 0.0208747 0
0.7165 0.007 0.0422416 0.0221899 0
0.717 0.007 0.0374006 0.0289456 0
0.7175 0.007 0.0313112 0.0211283 0
0.718 0.007 0.0508603 0.0182801 0
0.7185 0.007 0.0441492 0.00770062 0
0.719 0.007 0.0459921 0.0214493 0
0.7195 0.007 0.025087 0.0106823 0
0.72 0.0075 0.0405451 0.0218644 0
0.7205 0.0075 0.0435852 0.0197363 0
0.721 0.0075 0.043997 0.0271225 0
0.7215 0.0075 0.0442123 0.034658 0
0.722 0.0075 0.0179502 0.0121608 0
0.7225 0.0075 0.0435366 0.0237496 0
0.723 0.0075 0.0502855 0.0158731 0
0.7235 0.0075 0.0533099 0.0201456 0
0.724 0.0075 0.0374324 0.0224505 0
0.7245 0.0075 0.0342283 0.0126361 0
0.725 0.0075 0.0387041 0.0141397 0
0.7255 0.0075 0.0400322 0.0227453 0
0.726 0.0075 0.0450478 0.025681 0
0.7265 0.0075 0.0423333 0.0111172 0
0.727 0.0075 0.0509075 0.00873651 0
0.7275 0.0075 0.0265933 0.0136148 0
0.728 0.0075 0.0305704 0.0113951 0
0.7285 0.0075 0.0521007 0.0267572 0
0.729 0.0075 0.0512608 0.0211897 0
0.7295 0.0075 0.0302192 0.0199645 0
0.73 0.0075 0.0572461 0.0169915 0
0.7305 0.0075 0.0514389 0.0219152 0
0.731 0.0075 0.0414001 0.0176168 0
0.7315 0.0075 0.0608922 0.0257636 0
0.732 0.0075 0.0587764 0.015476 0
0.7325 0.0075 0.0466581 0.0189677 0
0.733 0.0075 0.0365462 0.0155941 0
0.7335 0.0075 0.0459117 0.0204221 0
0.734 0.0075 0.0435129 0.0154196 0
0.7345 0.0075 0.0591277 0.0184251 0
0.735 0.0075 0.0507854 0.0272983 0
0.7355 0.0075 0.0391485 0.0173033 0
0.736 0.0075 0.0376384 0.0130551 0
0.7365 0.0075 0.0511624 0.021473 0
0.737 0.0075 0.0465501 0.0128743 0
0.7375 0.0075 0.0375573 0.0180173 0
0.738 0.0075 0.0554208 0.0217131 0
0.7385 0.0075 0.0404813 0.020073 0
0.739 0.0075 0.0362447 0.0224954 0
0.7395 0.0075 0.0528525 0.0232334 0
0.74 0.0075 0.0513861 0.0211543 0
0.7405 0.0075 0.0425719 0.0210733 0
0.741 0.0075 0.055795 0.0184501 0
0.7415 0.0075 0.0605267 0.0336702 0
0.742 0.0075 0.0438059 0.0155453 0
0.7425 0.0075 0.0458416 0.0174685 0
0.743 0.0075 0.032256 0.0181784 0
0.7435 0.0075 0.0378875 0.0196557 0
0.744 0.0075 0.0676443 0.0367309 0
0.7445 0.0075 0.0390305 0.0125612 0
0.745 0.0075 0.0680313 0.0139913 0
0.7455 0.0075 0.0448194 0.0277705 0
0.746 0.0075 0.0443166 0.021102 0
0.7465 0.0075 0.0632797 0.0162795 0
0.747 0.0075 0.0557595 0.0284431 0
0.7475 0.0075 0.0595536 0.0209201 0
0.748 0.0075 0.0559632 0.0164075 0
0.7485 0.0075 0.0365935 0.0138473 0
0.749 0.0075 0.026896 0.00931426 0
0.7495 0.0075 0.0216995 0.0113764 0
0.75 0.0075 0.0553367 0.0287103 0
0.7505 0.0075 0.0340783 0.0197618 0
0.751 0.0075 0.0562688 0.0206332 0
0.7515 0.0075 0.049934 0.0289763 0
0.752 0.0085 0.0407287 0.0202893 0
0.7525 0.0085 0.0472527 0.0174705 0
0.753 0.0085 0.0497384 0.0237146 0
0.7535 0.0085 0.0513166 0.0212542 0
0.754 0.0085 0.045183 0.0302704 0
0.7545 0.0085 0.04519 0.0282314 0
0.755 0.0085 0.0465353 0.0363088 0
0.7555 0.0085 0.0402039 0.017914 0
0.756 0.0085 0.0351424 0.014421 0
0.7565 0.0085 0.0451136 0.0245724 0
0.757 0.0085 0.0498084 0.0298808 0
0.7575 0.0085 0.0530892 0.0221063 0
0.758 0.0085 0.0502753 0.0178024 0
0.7585 0.0085 0.0341724 0.0179334 0
0.759 0.0085 0.0626008 0.0181021 0
0.7595 0.0085 0.0470298 0.0145098 0
0.76 0.0085 0.0440233 0.0227863 0
0.7605 0.0085 0.0632101 0.0239158 0
0.761 0.0085 0.0704509 0.0254483 0
0.7615 0.0085 0.0531243 0.0233441 0
0.762 0.0085 0.0496946 0.0137368 0
0.7625 0.0085 0.0513749 0.0184053 0
0.763 0.0085 0.0462572 0.0188776 0
0.7635 0.0085 0.0365894 0.0180445 0
0.764 0.0085 0.0408849 0.0146657 0
0.7645 0.0085 0.0647722 0.0342275 0
0.765 0.0085 0.0524398 0.0272615 0
0.7655 0.0085 0.0719593 0.0374836 0
0.766 0.0085 0.0433573 0.0231335 0
0.7665 0.0085 0.0362113 0.0132754 0
0.767 0.0085 0.0385321 0.0134379 0
0.7675 0.0085 0.0478285 0.0213323 0
0.768 0.0085 0.0510453 0.0122399 0
0.7685 0.0085 0.0359941 0.00840585 0
0.769 0.0085 0.0480003 0.0152503 0
0.7695 0.0095 0.0485962 0.026379 0
0.77 0.0095 0.0389041 0.014482 0
0.7705 0.0095 0.0451046 0.0204482 0
0.771 0.0095 0.0599679 0.0218817 0
0.7715 0.0095 0.048058 0.0234027 0
0.772 0.0105 0.0647373 0.022183 0
0.7725 0.0105 0.0578555 0.0268381 0
0.773 0.0105 0.0575644 0.0157074 0
0.7735 0.0105 0.0348306 0.00896279 0
0.774 0.0105 0.0260797 0.0144231 0
0.7745 0.0105 0.0473069 0.0268868 0
0.775 0.0105 0.0617801 0.0216267 0
0.7755 0.0105 0.0528656 0.0260436 0
0.776 0.0105 0.0835694 0.0316891 0
0.7765 0.0105 0.0660723 0.0365258 0
0.777 0.0105 0.0563259 0.0138307 0
0.7775 0.0105 0.0713531 0.017058 0
0.778 0.0105 0.0416851 0.0138256 0
0.7785 0.0105 0.0516835 0.0270717 0
0.779 0.0105 0.0395163 0.012908 0
0.7795 0.0105 0.0421379 0.0132397 0
0.78 0.0105 0.0368478 0.0158575 0
0.7805 0.0105 0.0742945 0.0358981 0
0.781 0.0105 0.0469197 0.0200843 0
0.7815 0.0105 0.0366882 0.0224917 0
0.782 0.0105 0.0593293 0.0303759 0
0.7825 0.0105 0.0434151 0.0199474 0
0.783 0.0105 0.0540061 0.025116 0
0.7835 0.0105 0.0420595 0.0182121 0
0.784 0.0105 0.0730818 0.0251407 0
0.7845 0.0105 0.0357016 0.0141457 0
0.785 0.0105 0.0600994 0.0211604 0
0.7855 0.0105 0.0630821 0.0162025 0
0.786 0.0105 0.0475219 0.0265317 0
0.7865 0.0105 0.0529698 0.021945 0
0.787 0.0105 0.0473153 0.0319502 0
0.7875 0.0105 0.0671297 0.0325551 0
0.788 0.0105 0.0654022 0.0219094 0
0.7885 0.0105 0.0497946 0.0170582 0
0.789 0.0105 0.0371218 0.0212853 0
0.7895 0.0105 0.0497849 0.0189471 0
0.79 0.0105 0.0852973 0.0358573 0
0.7905 0.0105 0.0696255 0.0368411 0
0.791 0.0105 0.0643761 0.0329624 0
0.7915 0.0105 0.0625714 0.0232319 0
0.792 0.0105 0.0438105 0.0118743 0
0.7925 0.0105 0.0766224 0.0188942 0
0.793 0.0105 0.0540048 0.0208112 0
0.7935 0.0105 0.0492756 0.0189327 0
0.794 0.0105 0.070468 0.0243315 0
0.7945 0.0105 0.0526871 0.0171347 0
0.795 0.0105 0.0634917 0.0262411 0
0.7955 0.0105 0.0677653 0.0191476 0
0.796 0.0105 0.0603935 0.0327535 0
0.7965 0.0105 0.0466682 0.0223675 0
0.797 0.0105 0.046259 0.0203517 0
0.7975 0.0105 0.0426185 0.0184244 0
0.798 0.0105 0.0596197 0.0261574 0
0.7985 0.0105 0.0641302 0.0249604 0
0.799 0.0105 0.0413268 0.0180629 0
0.7995 0.0105 0.0638533 0.0246002 0
0.8 0.0105 0.0602947 0.0204566 0
0.8005 0.0105 0.0724015 0.0314484 0
0.801 0.0105 0.0548433 0.0205488 0
0.8015 0.0105 0.0631202 0.0244769 0
0.802 0.0105 0.063212 0.0216616 0
0.8025 0.0105 0.06824 0.018684 0
0.803 0.0105 0.0659961 0.0361181 0
0.8035 0.0105 0.0462051 0.0266559 0
0.804 0.0105 0.0284576 0.010546 0
0.8045 0.0105 0.0724967 0.0287429 0
0.805 0.0105 0.0653477 0.0239404 0
0.8055 0.0105 0.0308482 0.0105197 0
0.806 0.0105 0.0458876 0.0184606 0
0.8065 0.0105 0.114831 0.0197997 0
0.807 0.0105 0.064755 0.0325598 0
0.8075 0.0105 0.0505425 0.0261279 0
0.808 0.0105 0.0456086 0.0206697 0
0.8085 0.0105 0.0405362 0.0200279 0
0.809 0.0115 0.0537089 0.0229541 0
0.8095 0.0115 0.0721093 0.0260433 0
0.81 0.0115 0.0431915 0.0218462 0
0.8105 0.0115 0.0382543 0.0208509 0
0.811 0.0115 0.0244832 0.010079 0
0.8115 0.0115 0.0833402 0.0311645 0
0.812 0.013 0.0417214 0.0192449 0
0.8125 0.013 0.0771332 0.0313763 0
0.813 0.016 0.0606183 0.016274 0
0.8135 0.016 0.0715836 0.0310275 0
0.814 0.016 0.0595445 0.0166804 0
0.8145 0.016 0.0668048 0.0249836 0
0.815 0.016 0.0481506 0.0236681 0
0.8155 0.016 0.0558454 0.0308356 0
0.816 0.016 0.0521524 0.02063 0
0.8165 0.016 0.0388486 0.0183875 0
0.817 0.016 0.0481955 0.0272756 0
0.8175 0.016 0.0431033 0.02084 0
0.818 0.016 0.0774902 0.0386956 0
0.8185 0.016 0.0486176 0.0286979 0
0.819 0.016 0.0503588 0.0247808 0
0.8195 0.016 0.0711165 0.0396361 0
0.82 0.016 0.03642 0.0164932 0
0.8205 0.016 0.0496735 0.0277717 0
0.821 0.016 0.0758788 0.0215908 0
0.8215 0.016 0.0441614 0.0287101 0
0.822 0.016 0.0601966 0.0445092 0
0.8225 0.016 0.0835814 0.0419573 0
0.823 0.016 0.0417513 0.0240103 0
0.8235 0.016 0.0753508 0.0210297 0
0.824 0.016 0.0716162 0.038004 0
0.8245 0.016 0.0405466 0.0176973 0
0.825 0.016 0.08246 0.0306098 0
0.8255 0.016 0.0458106 0.0172675 0
0.826 0.016 0.0694383 0.0288628 0
0.8265 0.016 0.0630424 0.0272387 0
0.827 0.016 0.0588019 0.0175324 0
0.8275 0.016 0.0321368 0.0136267 0
0.828 0.016 0.0574798 0.0368969 0
0.8285 0.016 0.0637884 0.0151034 0
0.829 0.016 0.0557762 0.0349821 0
0.8295 0.016 0.0502245 0.0225315 0
0.83 0.016 0.0279679 0.0147458 0
0.8305 0.016 0.0659332 0.0380156 0
0.831 0.018 0.064255 0.0296261 0
0.8315 0.018 0.0746462 0.0392604 0
0.832 0.018 0.0670752 0.0247023 0
0.8325 0.018 0.041969 0.0187096 0
0.833 0.018 0.0719483 0.0310071 0
0.8335 0.018 0.0878859 0.0364077 0
0.834 0.018 0.0463243 0.0188384 0
0.8345 0.018 0.0382768 0.0172709 0
0.835 0.018 0.0623551 0.026524 0
0.8355 0.0185 0.0856611 0.0406449 0
0.836 0.0185 0.058347 0.0157294 0
0.8365 0.0185 0.052721 0.0340753 0
0.837 0.0185 0.0845838 0.0264783 0
0.8375 0.0185 0.0411846 0.0234579 0
0.838 0.0185 0.0617987 0.0160567 0
0.8385 0.0185 0.0778967 0.0286236 0
0.839 0.0185 0.0758971 0.030345 0
0.8395 0.0185 0.0564024 0.0221107 0
0.84 0.0185 0.0645867 0.0420569 0
0.8405 0.0185 0.107044 0.0405977 0
0.841 0.0185 0.0454072 0.0176901 0
0.8415 0.0185 0.0512328 0.0238508 0
0.842 0.0185 0.0650303 0.0250682 0
0.8425 0.0185 0.0930692 0.0344735 0
0.843 0.0185 0.0857633 0.0437172 0
0.8435 0.0185 0.0789285 0.0282108 0
0.844 0.0185 0.0440191 0.0151249 0
0.8445 0.0185 0.0387415 0.0148045 0
0.845 0.0185 0.057253 0.0349781 0
0.8455 0.0185 0.0339555 0.0211591 0
0.846 0.0185 0.0387637 0.0214614 0
0.8465 0.0185 0.0805678 0.0196032 0
0.847 0.0185 0.0607073 0.0250491 0
0.8475 0.0185 0.0902567 0.0177616 0
0.848 0.0185 0.0711161 0.0191992 0
0.8485 0.0185 0.0880099 0.0223701 0
0.849 0.0185 0.0480889 0.0254241 0
0.8495 0.0185 0.0919344 0.0313579 0
0.85 0.0185 0.038228 0.0215839 0
0.8505 0.0185 0.0741737 0.0321021 0
0.851 0.0185 0.0652993 0.032538 0
0.8515 0.0185 0.0462795 0.0202361 0
0.852 0.0185 0.0640755 0.022757 0
0.8525 0.0185 0.0668164 0.0278408 0
0.853 0.0185 0.0764341 0.0282742 0
0.8535 0.0185 0.0775979 0.0250488 0
0.854 0.0185 0.0603514 0.0251746 0
0.8545 0.0185 0.078768 0.0390557 0
0.855 0.0185 0.0659857 0.0322087 0
0.8555 0.0185 0.1262 0.058434 0
0.856 0.0185 0.0559392 0.0428301 0
0.8565 0.0185 0.0572281 0.0265892 0
0.857 0.0185 0.123413 0.04984 0
0.8575 0.0185 0.0525398 0.0110094 0
0.858 0.0185 0.105871 0.0436359 0
0.8585 0.0185 0.0691887 0.0239815 0
0.859 0.0185 0.0814378 0.0395088 0
0.8595 0.019 0.085996 0.0536482 0
0.86 0.019 0.0498391 0.0250223 0
0.8605 0.019 0.0927304 0.0141172 0
0.861 0.019 0.0921312 0.0261688 0
0.8615 0.019 0.102281 0.0490263 0
0.862 0.019 0.104089 0.0511168 0
0.8625 0.019 0.0800556 0.0292108 0
0.863 0.019 0.0887389 0.0349801 0
0.8635 0.019 0.0663488 0.0255844 0
0.864 0.019 0.0853831 0.0226509 0
0.8645 0.019 0.0496037 0.023243 0
0.865 0.019 0.0537237 0.0165872 0
0.8655 0.019 0.112134 0.0605657 0
0.866 0.019 0.0568307 0.0207062 0
0.8665 0.019 0.0721928 0.0165555 0
0.867 0.019 0.0355301 0.0114984 0
0.8675 0.019 0.0468676 0.0223024 0
0.868 0.019 0.0493887 0.0227178 0
0.8685 0.019 0.119866 0.0330136 0
0.869 0.0195 0.0926942 0.0227628 0
0.8695 0.0195 0.0378947 0.0205141 0
0.87 0.0195 0.0609761 0.0265298 0
0.8705 0.0195 0.0636643 0.0287055 0
0.871 0.0195 0.0600067 0.0274076 0
0.8715 0.0195 0.0629154 0.0243121 0
0.872 0.0195 0.0615439 0.0266044 0
0.8725 0.0195 0.107894 0.0232574 0
0.873 0.0225 0.0679929 0.0417727 0
0.8735 0.0225 0.0609539 0.0241566 0
0.874 0.0225 0.0929224 0.0548544 0
0.8745 0.0225 0.0779702 0.0212041 0
0.875 0.0225 0.0922872 0.0396373 0
0.8755 0.0225 0.0783923 0.027152 0
0.876 0.035 0.0306767 0.0289633 0
0.8765 0.035 0.0683281 0.0262184 0
0.877 0.035 0.0974616 0.0391385 0
0.8775 0.035 0.0575697 0.0451925 0
0.878 0.035 0.0680247 0.0289845 0
0.8785 0.035 0.0678268 0.0267231 0
0.879 0.035 0.125574 0.0442375 0
0.8795 0.035 0.0820573 0.0413488 0
0.88 0.035 0.0669569 0.0289088 0
0.8805 0.035 0.0726532 0.0349773 0
0.881 0.035 0.074238 0.0414687 0
0.8815 0.035 0.100474 0.0537882 0
0.882 0.035 0.049924 0.0252487 0
0.8825 0.035 0.0883818 0.025456 0
0.883 0.037 0.0683918 0.0322407 0
0.8835 0.037 0.0615822 0.0303044 0
0.884 0.037 0.0629124 0.0302989 0
0.8845 0.037 0.0452345 0.00841754 0
0.885 0.037 0.0623812 0.0226756 0
0.8855 0.037 0.0859547 0.0207753 0
0.886 0.037 0.102262 0.0399402 0
0.8865 0.037 0.0585612 0.0258626 0
0.887 0.037 0.104756 0.0295839 0
0.8875 0.037 0.127097 0.0786117 0
0.888 0.037 0.0819645 0.0270234 0
0.8885 0.037 0.105951 0.0248968 0
0.889 0.037 0.0568468 0.04013 0
0.8895 0.037 0.0509502 0.0166078 0
0.89 0.037 0.102302 0.026404 0
0.8905 0.037 0.0758997 0.0236732 0
0.891 0.037 0.0937074 0.0307866 0
0.8915 0.04 0.0962962 0.022708 0
0.892 0.04 0.0789891 0.0312751 0
0.8925 0.04 0.070292 0.0399089 0
0.893 0.04 0.0818439 0.0251219 0
0.8935 0.04 0.0846027 0.0491807 0
0.894 0.0415 0.065811 0.0516501 0
0.8945 0.0415 0.0655646 0.0360245 0
0.895 0.0415 0.0638957 0.0240992 0
0.8955 0.0415 0.0740522 0.0103784 0
0.896 0.0415 0.0586613 0.0216123 0
0.8965 0.0415 0.077946 0.0133695 0
0.897 0.0415 0.0857517 0.00984728 0
0.8975 0.0415 0.0589891 0.0212092 0
0.898 0.0415 0.0277058 0.0131487 0
0.8985 0.0415 0.0643883 0.0361685 0
0.899 0.0415 0.074078 0.0300575 0
0.8995 0.0415 0.0661612 0.0319486 0
0.9 0.0415 0.0444941 0.0384652 0
0.9005 0.0495 0.0706972 0.0201193 0
0.901 0.0495 0.0944903 0.0375411 0
0.9015 0.0495 0.0860443 0.0406198 0
0.902 0.0495 0.049823 0.0276719 0
0.9025 0.0495 0.087435 0.033125 0
0.903 0.0495 0.0843083 0.0390267 0
0.9035 0.0495 0.0393176 0.0184836 0
0.904 0.0495 0.0627213 0.00997109 0
0.9045 0.0495 0.0664012 0.0243717 0
0.905 0.0495 0.133968 0.0781465 0
0.9055 0.0495 0.13707 0.0278179 0
0.906 0.0495 0.108004 0.0253709 0
0.9065 0.0495 0.0800009 0.010977 0
0.907 0.0495 0.0359455 0.0203098 0
0.9075 0.0495 0.0758201 0.025942 0
0.908 0.0495 0.0561237 0.0164401 0
0.9085 0.0495 0.10733 0.0287466 0
0.909 0.0495 0.106037 0.0536328 0
0.9095 0.0495 0.106468 0.0316523 0
0.91 0.056 0.128545 0.0257403 0
0.9105 0.0575 0.164246 0.0536326 0
0.911 0.0575 0.0878206 0.047876 0
0.9115 0.0575 0.09307 0.0118395 0
0.912 0.0575 0.154989 0.0390757 0
0.9125 0.0575 0.185484 0.0212658 0
0.913 0.0575 0.166122 0.0425955 0
0.9135 0.0575 0.0825063 0.0723644 0
0.914 0.0575 0.0603589 0.0306988 0
0.9145 0.0575 0.0885095 0.0358596 0
0.915 0.0575 0.0667539 0.0457165 0
0.9155 0.0575 0.0776299 0.0428314 0
0.916 0.0575 0.0808571 0.048063 0
0.9165 0.0575 0.185297 0.0245099 0
0.917 0.0575 0.0961344 0.0159651 0
0.9175 0.0575 0.166797 0.0160011 0
0.918 0.0575 0.112424 0.0270404 0
0.9185 0.0575 0.158167 0.0477411 0
0.919 0.0605 0.166122 0.0416505 0
0.9195 0.0605 0.125958 0.0285891 0
0.92 0.0605 0.121837 0.0166522 0
0.9205 0.0605 0.170619 0.0403628 0
0.921 0.0605 0.14746 0.0315315 0
0.9215 0.0605 0.071775 0.0151166 0
0.922 0.074 0.103989 0.0279722 0
0.9225 0.087 0.124521 0.0235324 0
0.923 0.1215 0.0858279 0.0159025 0
0.9235 0.1215 0.0506106 0.0278687 0
0.924 0.1215 0.156015 0.0167355 0
0.9245 0.1215 0.131163 0.0286013 0
0.925 0.1225 0.168266 0.043521 0
0.9255 0.1225 0.166409 0.0487457 0
0.926 0.1225 0.226775 0.0263711 0
0.9265 0.1225 0.127638 0.0498556 0
0.927 0.1225 0.0833041 0.0198461 0
0.9275 0.1225 0.0668539 0.0313068 0
0.928 0.1225 0.0657906 0.0117419 0
0.9285 0.1225 0.0589652 0.0261031 0
0.929 0.1225 0.15826 0.0324439 0
0.9295 0.1225 0.131732 0.0411443 0
0.93 0.1225 0.105648 0.0334711 0
0.9305 0.1225 0.0717655 0.0156422 0
0.931 0.1225 0.0536573 0.0113349 0
0.9315 0.1225 0.0509514 0.00797443 0
0.932 0.1225 0.0855315 0.0285499 0
0.9325 0.1225 0.223494 0.0586477 0
0.933 0.1225 0.306789 0.0214069 0
0.9335 0.1225 0.207588 0.016544 0
0.934 0.1225 0.16986 0.0350408 0
0.9345 0.1225 0.106171 0.0254473 0
0.935 0.1225 0.152847 0.0161698 0
0.9355 0.124 0.15164 0.00912039 0
0.936 0.124 0.164035 0.0136534 0
0.9365 0.124 0.156767 0.0347741 0
0.937 0.124 0.192102 0.0265651 0
0.9375 0.124 0.0954727 0.0546322 0
0.938 0.1435 0.131032 0.0390821 0
0.9385 0.1435 0.113976 0.043512 0
0.939 0.1435 0.167788 0.0153331 0
0.9395 0.1435 0.213118 0.0281146 0
0.94 0.1435 0.215508 0.0401267 0
0.9405 0.1435 0.124684 0.0288939 0
0.941 0.1435 0.20283 0.0147112 0
0.9415 0.1435 0.159663 0.0189287 0
0.942 0.1435 0.195227 0.0188853 0
0.9425 0.1435 0.0925965 0.0232394 0
0.943 0.1465 0.133754 0.0227188 0
0.9435 0.1465 0.0446148 0.0250373 0
0.944 0.1465 0.0541296 0.0249089 0
0.9445 0.1475 0.0860624 0.0284028 0
0.945 0.1475 0.123257 0.00986532 0
0.9455 0.1485 0.113911 0.0231048 0
0.946 0.1485 0.0920039 0.0121342 0
0.9465 0.1485 0.14679 0.0385025 0
0.947 0.1485 0.232546 0.00530748 0
0.9475 0.155 0.134463 0.0438687 0
0.948 0.155 0.0884314 0.0214852 0
0.9485 0.155 0.0864498 0.0461553 0
0.949 0.1915 0.175788 0.0299431 0
0.9495 0.321 0.0981742 0.0102405 0
0.95 0.322 0.0673493 0.0289885 0
0.9505 0.322 0.0933021 0.0254774 0
0.951 0.322 0.148283 0.0181063 0
0.9515 0.322 0.123145 0.0184279 0
0.952 0.3245 0.123429 0.005113 0
0.9525 0.3245 0.100414 0.0304158 0
0.953 0.3245 0.0362834 0.0180159 0
0.9535 0.3245 0.0374643 0.0156465 0
0.954 0.3245 0.0534616 0.0221602 0
0.9545 0.3245 0.126492 0.0181655 0
0.955 0.4815 0.115179 0.0266326 0
0.9555 0.482 0.142508 0.0264229 0
0.956 0.482 0.155675 0.0201709 0
0.9565 0.5635 0.0822901 0.0138412 0
0.957 0.603 0.0703307 0.0200035 0
0.9575 0.802 0.0945391 0.0132716 0
0.958 0.802 0.128283 0.0172724 0
0.9585 0.8395 0.11995 0.0212702 0
0.959 0.859 0.144523 0.0203948 0
0.9595 0.865 0.122235 0.00788243 0
0.96 0.865 0.132193 0.0166562 0
0.9605 0.8665 0.152407 0.00844503 0
0.961 0.8665 0.172413 0.0171616 0
0.9615 0.874 0.155605 0.0246818 0
0.962 0.875 0.103275 0.0207836 0
0.9625 0.879 0.0699799 0.0235248 0
0.963 0.895 0.0230422 0.0176679 0
0.9635 0.895 0.0331303 0.0185157 0
0.964 0.895 0.0620973 0.0111882 0
0.9645 0.8955 0.087066 0.0120965 0
0.965 0.8985 0.114582 0.0079473 0
0.9655 0.8985 0.148138 0.0153253 0
0.966 0.8985 0.137012 0.00841974 0
0.9665 0.899 0.139182 0.00713989 0
0.967 0.9025 0.137239 0.0104422 0
0.9675 0.9025 0.134676 0.00550312 0
0.968 0.9025 0.141878 0.00772595 0
0.9685 0.905 0.117885 0.00989456 0
0.969 0.9055 0.120179 0.00978006 0
0.9695 0.908 0.11068 0.00513586 0
0.97 0.908 0.109377 0.00940632 0
0.9705 0.908 0.114561 0.00904784 0
0.971 0.908 0.134483 0.00571305 0
0.9715 0.91 0.160572 0.0172315 0
0.972 0.91 0.179175 0.0076611 0
0.9725 0.912 0.185525 0.00395028 0
0.973 0.912 0.196679 0.0125328 0
0.9735 0.912 0.214581 0.0171361 0
0.974 0.912 0.185534 0.00788547 0
0.9745 0.912 0.183431 0.00807331 0
0.975 0.912 0.184283 0.00846146 0
0.9755 0.913 0.165161 0.00683639 0
0.976 0.913 0.152425 0.00777614 0
0.9765 0.913 0.156189 0.00754457 0
0.977 0.9165 0.148995 0.00803581 0
0.9775 0.9165 0.153989 0.00692504 0
0.978 0.9165 0.127994 0.00822149 0
0.9785 0.9165 0.134474 0.00579619 0
0.979 0.9165 0.14486 0.00598348 0
0.9795 0.9165 0.158272 0.00494512 0
0.98 0.918 0.15805 0.00892495 0
0.9805 0.9205 0.155422 0.00550141 0
0.981 0.923 0.153136 0.00711035 0
0.9815 0.932 0.156883 0.00985124 0
0.982 0.932 0.122325 0.00546655 0
0.9825 0.932 0.130166 0.00156307 0
0.983 0.933 0.156006 0.010831 0
0.9835 0.9335 0.177595 0.00452274 0
0.984 0.934 0.180292 0.0062644 0
0.9845 0.934 0.174397 0.00490617 0
0.985 0.934 0.184113 0.00295641 0
0.9855 0.934 0.197566 0.00789699 0
0.986 0.934 0.225745 0.00390377 0
0.9865 0.9375 0.247357 0.0136063 0
0.987 0.9375 0.26431 0.0053338 0
0.9875 0.9375 0.280281 0.0064594 0
0.988 0.9375 0.290112 0.00376297 0
0.9885 0.943 0.308166 0.00526417 0
0.989 0.943 0.321858 0.00451623 0
0.9895 0.944 0.328825 0.00987899 0
0.99 0.944 0.337172 0.00275015 0
0.9905 0.944 0.337158 0.0061518 0
0.991 0.944 0.317711 0.00925093 0
0.9915 0.944 0.318029 0.00492054 0
0.992 0.946 0.318198 0.0162978 0
0.9925 0.946 0.276179 0.0034405 0
0.993 0.946 0.280735 0.00529299 0
0.9935 0.946 0.287298 0.00760709 0
0.994 0.9485 0.289433 0.00306422 0
0.9945 0.9485 0.287153 0.00536813 0
0.995 0.9485 0.282377 0.00304688 0
0.9955 0.9485 0.289066 0.00361841 0
0.996 0.9485 0.305018 0.00537346 0
0.9965 0.949 0.302456 0.00246527 0
0.997 0.949 0.302411 0.00198659 0
0.9975 0.949 0.303895 0.00554644 0
0.998 0.949 0.297359 0.00884803 0
0.9985 0.949 0.300276 0.00385685 0
0.999 0.9495 0.300718 0.00337029 0
0.9995 0.9495 0.302105 0.0030656 0
1 0.9495 0.312731 0.00421542 0
1.0005 0.9495 0.294972 0.00629543 0
1.001 0.9495 0.314271 0.00635317 0
1.0015 0.9505 0.31569 0.00485521 0
1.002 0.9505 0.319507 0.00526873 0
1.0025 0.9505 0.320125 0.00278616 0
1.003 0.9505 0.33011 0.0023627 0
1.0035 0.9505 0.328039 0.0155337 0
1.004 0.951 0.333054 0.0077126 0
1.0045 0.951 0.343397 0.00217975 0
1.005 0.951 0.335248 0.00708444 0
1.0055 0.9535 0.338249 0.00711893 0
1.006 0.9535 0.334045 0.00335879 0
1.0065 0.9535 0.3419 0.00371545 0
1.007 0.955 0.341592 0.00400382 0
1.0075 0.955 0.342999 0.00643723 0
1.008 0.955 0.355411 0.00727459 0
1.0085 0.955 0.357455 0.00498901 0
1.009 0.955 0.356379 0.00415751 0
1.0095 0.956 0.361017 0.00188809 0
1.01 0.956 0.362348 0.00284306 0
1.0105 0.956 0.369392 0.0024892 0
1.011 0.956 0.366136 0.00298113 0
1.0115 0.956 0.362884 0.00189527 0
1.012 0.956 0.354066 0.00625721 0
1.0125 0.956 0.359831 0.00423969 0
1.013 0.956 0.355608 0.00284165 0
1.0135 0.956 0.362897 0.0056826 0
1.014 0.957 0.368405 0.00197871 0
1.0145 0.957 0.377118 0.00427283 0
1.015 0.957 0.379021 0.00238895 0
1.0155 0.957 0.385151 0.00511159 0
1.016 0.959 0.388938 0.00222764 0
1.0165 0.959 0.391668 0.00376824 0
1.017 0.9605 0.390798 0.00259259 0
1.0175 0.9605 0.38923 0.00475084 0
1.018 0.9605 0.391638 0.00497277 0
1.0185 0.9605 0.393456 0.0045696 0
1.019 0.9605 0.385899 0.00483469 0
1.0195 0.9605 0.381425 0.0032701 0
1.02 0.9605 0.375331 0.00595034 0
1.0205 0.9605 0.375561 0.0019212 0
1.021 0.9615 0.367158 0.0036274 0
1.0215 0.9615 0.37209 0.00338526 0
1.022 0.9615 0.387302 0.00463172 0
1.0225 0.9615 0.398343 0.00213674 0
1.023 0.9615 0.397965 0.00261535 0
1.0235 0.9615 0.407016 0.00241137 0
1.024 0.9615 0.413277 0.00638284 0
1.0245 0.9615 0.417969 0.00262891 0
1.025 0.9615 0.414041 0.00290206 0
1.0255 0.9615 0.424423 0.00357008 0
1.026 0.9615 0.431729 0.00446504 0
1.0265 0.9615 0.43591 0.0021203 0
1.027 0.9615 0.433022 0.00253015 0
1.0275 0.9615 0.435353 0.00439211 0
1.028 0.9615 0.433446 0.00421085 0
1.0285 0.962 0.433059 0.00256466 0
1.029 0.9625 0.425269 0.00318824 0
1.0295 0.9625 0.433155 0.00275061 0
1.03 0.9625 0.438756 0.00317731 0
1.0305 0.9635 0.429204 0.00245087 0
1.031 0.9635 0.425417 0.00295125 0
1.0315 0.9635 0.428638 0.00300434 0
1.032 0.9635 0.44938 0.00529476 0
1.0325 0.9635 0.452425 0.00293149 0
1.033 0.9635 0.447157 0.0037936 0
1.0335 0.9635 0.488279 0.0123351 0
1.034 0.9655 0.500773 0.00254989 0
1.0345 0.966 0.501458 0.00317912 0
1.035 0.966 0.505032 0.00340059 0
1.0355 0.966 0.509346 0.00246261 0
1.036 0.966 0.509863 0.00172716 0
1.0365 0.966 0.516358 0.00379185 0
1.037 0.966 0.520514 0.00411306 0
1.0375 0.966 0.528147 0.00204626 0
1.038 0.966 0.543941 0.00611004 0
1.0385 0.967 0.570792 0.00533747 0
1.039 0.967 0.571297 0.00347117 0
1.0395 0.967 0.574781 0.00321739 0
1.04 0.9675 0.573142 0.00232995 0
1.0405 0.9675 0.574523 0.00224665 0
1.041 0.9675 0.573641 0.000926027 0
1.0415 0.9675 0.5724 0.00524666 0
1.042 0.9675 0.573334 0.00250749 0
1.0425 0.9675 0.576622 0.00390009 0
1.043 0.968 0.575193 0.00373887 0
1.0435 0.968 0.579353 0.0036871 0
1.044 0.968 0.573658 0.00306602 0
1.0445 0.968 0.577393 0.00323828 0
1.045 0.968 0.585523 0.00873793 0
1.0455 0.968 0.587747 0.0044438 0
1.046 0.968 0.593819 0.00277172 0
1.0465 0.968 0.597703 0.00290726 0
1.047 0.969 0.596584 0.00223674 0
1.0475 0.969 0.596582 0.00279766 0
1.048 0.969 0.600388 0.00378746 0
1.0485 0.969 0.600715 0.00140751 0
1.049 0.969 0.618078 0.00470191 0
1.0495 0.969 0.618525 0.00376649 0
1.05 0.969 0.621497 0.00250847 0
1.0505 0.969 0.625591 0.00166243 0
1.051 0.969 0.623801 0.00307475 0
1.0515 0.969 0.629381 0.0019629 0
1.052 0.969 0.632084 0.0018046 0
1.0525 0.969 0.636882 0.000932154 0
1.053 0.969 0.634337 0.00221985 0
1.0535 0.969 0.63937 0.00181523 0
1.054 0.969 0.639745 0.00189194 0
1.0545 0.969 0.637948 0.000652093 0
1.055 0.969 0.641395 0.0039415 0
1.0555 0.969 0.645694 0.00302045 0
1.056 0.969 0.649695 0.00164855 0
1.0565 0.969 0.645712 0.00100823 0
1.057 0.969 0.648354 0.00291159 0
1.0575 0.969 0.653332 0.00174728 0
1.058 0.969 0.654287 0.00138749 0
1.0585 0.969 0.658402 0.00184003 0
1.059 0.969 0.661185 0.00398206 0
1.0595 0.969 0.665936 0.0027792 0
1.06 0.969 0.664766 0.00277234 0
1.0605 0.969 0.665267 0.00255215 0
1.061 0.969 0.661669 0.00250394 0
1.0615 0.969 0.655348 0.00213263 0
1.062 0.969 0.65627 0.00338588 0
1.0625 0.969 0.654209 0.00374071 0
1.063 0.969 0.656786 0.000931745 0
1.0635 0.969 0.65518 0.00222708 0
1.064 0.969 0.685928 0.00987045 0
1.0645 0.969 0.697343 0.00261751 0
1.065 0.969 0.697831 0.00241191 0
1.0655 0.969 0.711056 0.00553793 0
1.066 0.969 0.709511 0.00204047 0
1.0665 0.969 0.711221 0.00325951 0
1.067 0.969 0.724939 0.00434569 0
1.0675 0.969 0.729809 0.00145175 0
1.068 0.969 0.73186 0.00237843 0
1.0685 0.969 0.730062 0.00318919 0
1.069 0.969 0.733266 0.00252055 0
1.0695 0.97 0.733944 0.00422082 0
1.07 0.97 0.739067 0.00168126 0
1.0705 0.97 0.736076 0.00184755 0
1.071 0.97 0.740024 0.00507228 0
1.0715 0.97 0.740396 0.00128515 0
1.072 0.97 0.742156 0.00223775 0
1.0725 0.971 0.741511 0.00349783 0
1.073 0.971 0.740405 0.00344723 0
1.0735 0.971 0.742052 0.00288663 0
1.074 0.971 0.743373 0.0016801 0
1.0745 0.971 0.74373 0.00404419 0
1.075 0.971 0.741945 0.002266 0
1.0755 0.971 0.743901 0.00166194 0
1.076 0.971 0.748941 0.00130434 0
1.0765 0.971 0.73782 0.00403345 0
1.077 0.971 0.738283 0.00283502 0
1.0775 0.971 0.736915 0.00114393 0
1.078 0.971 0.740927 0.00198175 0
1.0785 0.971 0.739521 0.00338721 0
1.079 0.971 0.737769 0.00351189 0
1.0795 0.971 0.744167 0.00351547 0
1.08 0.971 0.74597 0.00213768 0
1.0805 0.971 0.748097 0.00347855 0
1.081 0.971 0.744281 0.00162398 0
1.0815 0.971 0.762117 0.00549528 0
1.082 0.971 0.762523 0.000939409 0
1.0825 0.971 0.761427 0.00179108 0
1.083 0.971 0.786607 0.00666498 0
1.0835 0.971 0.7901 0.00342025 0
1.084 0.971 0.793308 0.00346071 0
1.0845 0.971 0.802137 0.00610945 0
1.085 0.971 0.808679 0.00320402 0
1.0855 0.971 0.806483 0.00295612 0
1.086 0.971 0.806848 0.00266668 0
1.0865 0.971 0.802371 0.00246904 0
1.087 0.971 0.809346 0.00173311 0
1.0875 0.971 0.809305 0.00146355 0
1.088 0.971 0.811128 0.00276226 0
1.0885 0.971 0.808645 0.00163578 0
1.089 0.971 0.812705 0.00171317 0
1.0895 0.971 0.812756 0.00257362 0
1.09 0.971 0.813735 0.00228863 0
1.0905 0.971 0.811196 0.00136472 0
1.091 0.971 0.817204 0.00177387 0
1.0915 0.971 0.816634 0.00200301 0
1.092 0.971 0.818214 0.00269918 0
1.0925 0.971 0.816332 0.0029101 0
1.093 0.9725 0.820651 0.00167616 0
1.0935 0.9725 0.821007 0.00176058 0
1.094 0.9725 0.823224 0.002879 0
1.0945 0.9725 0.822863 0.00364857 0
1.095 0.9725 0.822731 0.00361884 0
1.0955 0.9725 0.823507 0.00281352 0
1.096 0.9725 0.822763 0.00297798 0
1.0965 0.9725 0.824459 0.00284967 0
1.097 0.9725 0.824624 0.00283165 0
1.0975 0.9725 0.824633 0.00270519 0
1.098 0.9725 0.824705 0.00151271 0
1.0985 0.9725 0.824803 0.00218034 0
1.099 0.9725 0.827823 0.00161397 0
1.0995 0.9725 0.827442 0.000862926 0
1.1 0.9725 0.828726 0.00452701 0
1.1005 0.9725 0.82821 0.00320586 0
1.101 0.9725 0.831742 0.0028146 0
1.1015 0.9725 0.82962 0.00208936 0
1.102 0.9725 0.832164 0.00235801 0
1.1025 0.9725 0.830674 0.00569128 0
1.103 0.9725 0.830805 0.00172837 0
1.1035 0.9725 0.8306 0.00186698 0
1.104 0.9725 0.841326 0.00437673 0
1.1045 0.9725 0.837647 0.00236934 0
1.105 0.9735 0.838643 0.0020173 0
1.1055 0.9735 0.840528 0.00303812 0
1.106 0.9735 0.84311 0.00228679 0
1.1065 0.9735 0.841555 0.00193892 0
1.107 0.9735 0.843651 0.000712744 0
1.1075 0.9735 0.844637 0.00214826 0
1.108 0.9735 0.84436 0.00367002 0
1.1085 0.9735 0.839276 0.00271778 0
1.109 0.9735 0.839515 0.00237622 0
1.1095 0.9735 0.842694 0.00335386 0
1.11 0.9735 0.843429 0.00276948 0
1.1105 0.9735 0.839931 0.00236505 0
1.111 0.9735 0.845463 0.00339202 0
1.1115 0.9735 0.844754 0.00246085 0
1.112 0.9735 0.846154 0.000710074 0
1.1125 0.9735 0.842792 0.00122013 0
1.113 0.9735 0.845382 0.00116562 0
1.1135 0.9735 0.846719 0.00224778 0
1.114 0.9735 0.845016 0.00189385 0
1.1145 0.9735 0.846426 0.00275957 0
1.115 0.9735 0.847688 0.00228349 0
1.1155 0.9735 0.850495 0.00309927 0
1.116 0.9735 0.844513 0.00334504 0
1.1165 0.9735 0.847421 0.00327111 0
1.117 0.9735 0.846557 0.00246806 0
1.1175 0.9735 0.847947 0.00188018 0
1.118 0.9735 0.846819 0.00229273 0
1.1185 0.9735 0.848745 0.00341761 0
1.119 0.9735 0.851452 0.00183866 0
1.1195 0.9735 0.851043 0.00115037 0
1.12 0.9735 0.848716 0.00143775 0
1.1205 0.9735 0.847499 0.00269358 0
1.121 0.9735 0.847733 0.00161436 0
1.1215 0.9735 0.84526 0.00145213 0
1.122 0.9735 0.84406 0.00252189 0
1.1225 0.9735 0.846066 0.00154145 0
1.123 0.9735 0.847454 0.00188575 0
1.1235 0.974 0.848845 0.00226235 0
1.124 0.974 0.84917 0.00473879 0
1.1245 0.974 0.847152 0.0012174 0
1.125 0.974 0.865244 0.00564944 0
1.1255 0.974 0.864214 0.00451093 0
1.126 0.974 0.86615 0.00271544 0
1.1265 0.974 0.86405 0.00218413 0
1.127 0.975 0.866462 0.00295971 0
1.1275 0.975 0.866968 0.00199318 0
1.128 0.975 0.868726 0.00135383 0
1.1285 0.975 0.86887 0.00268042 0
1.129 0.975 0.868269 0.00182761 0
1.1295 0.9755 0.870923 0.00426852 0
1.13 0.9755 0.868028 0.00302611 0
1.1305 0.9755 0.870985 0.000703836 0
1.131 0.9755 0.869383 0.00492879 0
1.1315 0.9755 0.873353 0.00429611 0
1.132 0.9755 0.873371 0.00341319 0
1.1325 0.9755 0.87427 0.00268121 0
1.133 0.9755 0.873357 0.00357886 0
1.1335 0.9755 0.874831 0.00299619 0
1.134 0.9765 0.87053 0.00207138 0
1.1345 0.9765 0.871336 0.0029288 0
1.135 0.9765 0.872711 0.00113953 0
1.1355 0.9765 0.877474 0.00098053 0
1.136 0.978 0.87574 0.00148429 0
1.1365 0.978 0.87844 0.00298778 0
1.137 0.978 0.87697 0.00260525 0
1.1375 0.978 0.879387 0.0018163 0
1.138 0.978 0.874747 0.00175121 0
1.1385 0.978 0.872995 0.0026788 0
1.139 0.978 0.877063 0.00138573 0
1.1395 0.978 0.876849 0.0019752 0
1.14 0.978 0.874761 0.00225685 0
1.1405 0.978 0.873731 0.00130371 0
1.141 0.978 0.878517 0.00120513 0
1.1415 0.978 0.876698 0.00238865 0
1.142 0.978 0.87568 0.00198004 0
1.1425 0.9785 0.87598 0.00177862 0
1.143 0.9785 0.877749 0.00146002 0
1.1435 0.9785 0.879112 0.0022057 0
1.144 0.9785 0.875625 0.00162544 0
1.1445 0.9785 0.878973 0.00179142 0
1.145 0.9785 0.881416 0.00140504 0
1.1455 0.9795 0.880669 0.00411913 0
1.146 0.9795 0.878915 0.00219314 0
1.1465 0.9795 0.881368 0.00176026 0
1.147 0.9795 0.881354 0.0030649 0
1.1475 0.9795 0.882653 0.00278976 0
1.148 0.9795 0.882953 0.00183951 0
1.1485 0.9795 0.885886 0.0023518 0
1.149 0.9795 0.886519 0.00291832 0
1.1495 0.9795 0.885868 0.0026295 0
1.15 0.9795 0.880735 0.00280447 0
1.1505 0.9795 0.884347 0.000705993 0
1.151 0.9795 0.882231 0.00245553 0
1.1515 0.9795 0.883642 0.00177368 0
1.152 0.981 0.881588 0.0023784 0
1.1525 0.981 0.885143 0.00233602 0
1.153 0.981 0.88441 0.00301291 0
1.1535 0.981 0.887559 0.00182032 0
1.154 0.981 0.885888 0.00123671 0
1.1545 0.981 0.886756 0.0026547 0
1.155 0.981 0.887863 0.00240451 0
1.1555 0.981 0.886327 0.00321996 0
1.156 0.981 0.885791 0.00337139 0
1.1565 0.982 0.886222 0.00253813 0
1.157 0.982 0.885748 0.00146887 0
1.1575 0.982 0.887851 0.00321662 0
1.158 0.982 0.887983 0.0027257 0
1.1585 0.982 0.88657 0.0013853 0
1.159 0.982 0.886057 0.00135289 0
1.1595 0.982 0.888322 0.00143538 0
1.16 0.982 0.888317 0.00232724 0
1.1605 0.982 0.88972 0.000725402 0
1.161 0.982 0.890153 0.00151484 0
1.1615 0.982 0.896595 0.00180499 0
1.162 0.982 0.896417 0.000810954 0
1.1625 0.982 0.894145 0.00124709 0
1.163 0.982 0.892654 0.00221746 0
1.1635 0.982 0.895407 0.00228968 0
1.164 0.982 0.892713 0.00121207 0
1.1645 0.982 0.893592 0.00182615 0
1.165 0.982 0.895489 0.00331123 0
1.1655 0.982 0.898361 0.00170847 0
1.166 0.982 0.895406 0.00179068 0
1.1665 0.982 0.896428 0.00288104 0
1.167 0.982 0.896212 0.00107555 0
1.1675 0.982 0.912381 0.00388884 0
1.168 0.982 0.908684 0.00129774 0
1.1685 0.982 0.908965 0.00249771 0
1.169 0.983 0.9099 0.00265565 0
1.1695 0.983 0.913998 0.00106142 0
1.17 0.983 0.90959 0.00233722 0
1.1705 0.983 0.911253 0.000930957 0
1.171 0.983 0.911628 0.00286069 0
1.1715 0.983 0.913565 0.00233898 0
1.172 0.983 0.910661 0.00238572 0
1.1725 0.983 0.919634 0.0023484 0
1.173 0.983 0.923714 0.0022363 0
1.1735 0.983 0.928065 0.0039755 0
1.174 0.983 0.926307 0.00157344 0
1.1745 0.983 0.925192 0.00322104 0
1.175 0.983 0.926457 0.00208869 0
1.1755 0.983 0.925031 0.0031668 0
1.176 0.983 0.922461 0.00134839 0
1.1765 0.983 0.923913 0.00114703 0
1.177 0.9835 0.926252 0.00109882 0
1.1775 0.9835 0.928172 0.000746578 0
1.178 0.9835 0.926704 0.00236994 0
1.1785 0.9835 0.927806 0.00099436 0
1.179 0.9835 0.929089 0.00252274 0
1.1795 0.9835 0.928182 0.00273164 0
1.18 0.9855 0.925361 0.00135192 0
1.1805 0.9855 0.929408 0.00213017 0
1.181 0.9855 0.929177 0.000747654 0
1.1815 0.9855 0.929593 0.0014428 0
1.182 0.9855 0.927944 0.00184159 0
1.1825 0.9855 0.930403 0.000997205 0
1.183 0.9855 0.928272 0.0015894 0
1.1835 0.9855 0.930191 0.000605614 0
1.184 0.9855 0.92669 0.00217815 0
1.1845 0.9855 0.929711 0.000985523 0
1.185 0.9865 0.928753 0.00166287 0
1.1855 0.9865 0.931429 0.00146721 0
1.186 0.9865 0.931378 0.00244051 0
1.1865 0.9865 0.933208 0.00156188 0
1.187 0.9865 0.929851 0.00173748 0
1.1875 0.9865 0.930148 0.000708054 0
1.188 0.9865 0.929385 0.000582442 0
1.1885 0.9865 0.928474 0.00111321 0
1.189 0.9865 0.927864 0.00208903 0
1.1895 0.9865 0.92895 0.000811127 0
1.19 0.9865 0.930574 0.00185638 0
1.1905 0.9865 0.931928 0.00161698 0
1.191 0.9865 0.930561 0.00177122 0
1.1915 0.9865 0.929936 0.00132973 0
1.192 0.9865 0.931543 0.00129098 0
1.1925 0.9865 0.929744 0.00202867 0
1.193 0.9865 0.927972 0.00226185 0
1.1935 0.9865 0.929014 0.00141434 0
1.194 0.9865 0.929902 0.000515508 0
1.1945 0.9865 0.929506 0.0013594 0
1.195 0.9865 0.928328 0.00213021 0
1.1955 0.9865 0.92897 0.00160515 0
1.196 0.9865 0.928563 0.00207344 0
1.1965 0.9865 0.929285 0.0026656 0
1.197 0.9865 0.926645 0.00202474 0
1.1975 0.9865 0.931219 0.00105342 0
1.198 0.9865 0.92956 0.00226113 0
1.1985 0.9865 0.930352 0.0013003 0
1.199 0.9865 0.929095 0.000967682 0
1.1995 0.9865 0.932242 0.000961677 0
1.2 0.9865 0.927319 0.00116951 0
1.2005 0.9875 0.927839 0.00181335 0
1.201 0.9875 0.92732 0.00128773 0
1.2015 0.9875 0.929886 0.00170745 0
1.202 0.9875 0.928919 0.000528146 0
1.2025 0.9875 0.930275 0.000531822 0
1.203 0.9875 0.931266 0.00137815 0
1.2035 0.9875 0.933881 0.000902403 0
1.204 0.9875 0.931523 0.00164314 0
1.2045 0.9875 0.930677 0.00183021 0
1.205 0.9875 0.931849 0.00103318 0
1.2055 0.9875 0.93069 0.00147267 0
1.206 0.9875 0.930723 0.000596035 0
1.2065 0.9875 0.930887 0.0010832 0
1.207 0.9875 0.932666 0.00204452 0
1.2075 0.9875 0.932113 0.00156149 0
1.208 0.9875 0.932664 0.00114825 0
1.2085 0.9875 0.931331 0.00125096 0
1.209 0.9875 0.933073 0.00239153 0
1.2095 0.9875 0.942645 0.00214355 0
1.21 0.9875 0.942194 0.00116848 0
1.2105 0.9875 0.94568 0.001578 0
1.211 0.9875 0.945926 0.00156455 0
1.2115 0.9875 0.945848 0.00196676 0
1.212 0.9875 0.943358 0.00196209 0
1.2125 0.9885 0.945526 0.00232482 0
1.213 0.9885 0.942762 0.00118639 0
1.2135 0.9885 0.945457 0.000778043 0
1.214 0.9885 0.942253 0.00165737 0
1.2145 0.9885 0.945706 0.00142947 0
1.215 0.9885 0.947271 0.000985011 0
1.2155 0.9885 0.949759 0.00208809 0
1.216 0.9885 0.947669 0.000626752 0
1.2165 0.9885 0.950327 0.00104752 0
1.217 0.9885 0.947179 0.00157987 0
1.2175 0.9885 0.94827 0.00133843 0
1.218 0.9885 0.947453 0.00101124 0
1.2185 0.9885 0.947727 0.00172979 0
1.219 0.9885 0.947829 0.00124241 0
1.2195 0.9885 0.949057 0.0010455 0
1.22 0.9895 0.949322 0.000412569 0
1.2205 0.9895 0.949793 0.00114427 0
1.221 0.9895 0.950487 0.000754465 0
1.2215 0.9895 0.948637 0.000848328 0
1.222 0.9895 0.950993 0.00135938 0
1.2225 0.9895 0.949704 0.000926953 0
1.223 0.9895 0.9512 0.00193221 0
1.2235 0.9895 0.951917 0.00136088 0
1.224 0.9895 0.951853 0.000902562 0
1.2245 0.9895 0.950506 0.00193558 0
1.225 0.9895 0.950417 0.000703093 0
1.2255 0.9895 0.949532 0.00243958 0
1.226 0.9895 0.947681 0.00193533 0
1.2265 0.9895 0.949875 0.00184788 0
1.227 0.9895 0.948791 0.00244658 0
1.2275 0.9895 0.951811 0.00108477 0
1.228 0.9895 0.951035 0.00137337 0
1.2285 0.9895 0.953165 0.00116137 0
1.229 0.9895 0.950544 0.00159266 0
1.2295 0.9895 0.9562 0.00223684 0
1.23 0.9895 0.951929 0.00131727 0
1.2305 0.9895 0.95471 0.000507735 0
1.231 0.9895 0.951558 0.000323193 0
1.2315 0.9895 0.953798 0.0013499 0
1.232 0.9895 0.952823 0.000983769 0
1.2325 0.9895 0.954916 0.000693081 0
1.233 0.9895 0.952779 0.000724939 0
1.2335 0.9895 0.954527 0.000600759 0
1.234 0.9895 0.953564 0.00204083 0
1.2345 0.9895 0.953095 0.00113883 0
1.235 0.9895 0.954379 0.000318243 0
1.2355 0.9895 0.954342 0.000782736 0
1.236 0.9895 0.955354 0.000951956 0
1.2365 0.9895 0.9544 0.00156469 0
1.237 0.9895 0.954798 0.000712391 0
1.2375 0.9895 0.953159 0.000888661 0
1.238 0.9895 0.953205 0.00158178 0
1.2385 0.9895 0.951423 0.00177846 0
1.239 0.9895 0.952851 0.00152308 0
1.2395 0.9905 0.953362 0.00123979 0
1.24 0.9905 0.954956 0.00174685 0
1.2405 0.9905 0.956568 0.00141844 0
1.241 0.9905 0.95637 0.00144058 0
1.2415 0.9905 0.956343 0.00149734 0
1.242 0.9905 0.954818 0.00149582 0
1.2425 0.9905 0.954685 0.00217512 0
1.243 0.9905 0.951763 0.00170568 0
1.2435 0.9905 0.954371 0.00111585 0
1.244 0.9905 0.951723 0.000894926 0
1.2445 0.9905 0.955248 0.00074065 0
1.245 0.9905 0.953515 0.0011735 0
1.2455 0.9905 0.956257 0.000890774 0
1.246 0.9905 0.953729 0.000475145 0
1.2465 0.9905 0.956544 0.000911307 0
1.247 0.9905 0.954141 0.00139026 0
1.2475 0.9905 0.956577 0.000901526 0
1.248 0.9905 0.95529 0.000916832 0
1.2485 0.9905 0.956393 0.000623108 0
1.249 0.9905 0.956205 0.00105552 0
1.2495 0.9905 0.956606 0.000945494 0
1.25 0.9915 0.955183 0.000483862 0
1.2505 0.9915 0.95666 0.000876863 0
1.251 0.9915 0.956484 0.000915859 0
1.2515 0.9915 0.956911 0.000852296 0
1.252 0.9915 0.958202 0.000778466 0
1.2525 0.9915 0.958044 0.000690482 0
1.253 0.9915 0.958641 0.000534392 0
1.2535 0.9915 0.959131 0.00133368 0
1.254 0.9915 0.958422 0.000500617 0
1.2545 0.9915 0.958204 0.000786934 0
1.255 0.9915 0.958439 0.000831678 0
1.2555 0.9915 0.958299 0.00137357 0
1.256 0.9915 0.958315 0.00153689 0
1.2565 0.9915 0.959312 0.00077901 0
1.257 0.9915 0.95807 0.0011416 0
1.2575 0.9915 0.960503 0.000671887 0
1.258 0.9915 0.959559 0.00134291 0
1.2585 0.9915 0.961127 0.000787715 0
1.259 0.9915 0.960362 0.000926325 0
1.2595 0.9915 0.962118 0.00138188 0
1.26 0.9915 0.959547 0.000861469 0
1.2605 0.9915 0.962 0.00107105 0
1.261 0.992 0.959278 0.000902955 0
1.2615 0.992 0.961087 0.000423921 0
1.262 0.992 0.960032 0.00108856 0
1.2625 0.992 0.961313 0.000610347 0
1.263 0.992 0.960182 0.00100533 0
1.2635 0.992 0.963184 0.000443561 0
1.264 0.992 0.961115 0.000620652 0
1.2645 0.992 0.96357 0.00114905 0
1.265 0.992 0.962598 0.000561252 0
1.2655 0.992 0.963306 0.0007527 0
1.266 0.992 0.962122 0.000270851 0
1.2665 0.992 0.963347 0.000858193 0
1.267 0.992 0.960706 0.000922989 0
1.2675 0.992 0.96229 0.000461823 0
1.268 0.992 0.960832 0.000993188 0
1.2685 0.992 0.961494 0.000526169 0
1.269 0.993 0.961547 0.000867897 0
1.2695 0.993 0.963694 0.00061976 0
1.27 0.993 0.962893 0.000468897 0
1.2705 0.993 0.964864 0.00084862 0
1.271 0.993 0.964009 0.000589929 0
1.2715 0.993 0.964214 0.000975524 0
1.272 0.993 0.964181 0.000484708 0
1.2725 0.993 0.96342 0.000456221 0
1.273 0.993 0.962739 0.000742341 0
1.2735 0.993 0.963084 0.000963722 0
1.274 0.993 0.961998 0.000504948 0
1.2745 0.993 0.962642 0.000384657 0
1.275 0.993 0.962833 0.000584755 0
1.2755 0.993 0.963083 0.000907486 0
1.276 0.993 0.963435 0.00105759 0
1.2765 0.994 0.964539 0.00066916 0
1.277 0.994 0.963136 0.00111711 0
1.2775 0.994 0.964866 0.000814049 0
1.278 0.994 0.963174 0.000978049 0
1.2785 0.994 0.96444 0.000565467 0
1.279 0.994 0.962995 0.000650529 0
1.2795 0.994 0.965 0.00108165 0
1.28 0.994 0.962396 0.000932832 0
1.2805 0.994 0.965332 0.00118095 0
1.281 0.994 0.961988 0.0008322 0
1.2815 0.994 0.964827 0.000926624 0
1.282 0.994 0.962275 0.00121097 0
1.2825 0.994 0.964516 0.000522145 0
1.283 0.994 0.962209 0.00107834 0
1.2835 0.994 0.964723 0.000827545 0
1.284 0.994 0.962071 0.00143739 0
1.2845 0.994 0.964434 0.0018277 0
1.285 0.994 0.962637 0.00117868 0
1.2855 0.994 0.96342 0.00154688 0
1.286 0.994 0.964498 0.000951872 0
1.2865 0.994 0.964576 0.00118686 0
1.287 0.994 0.96412 0.00116294 0
1.2875 0.994 0.964501 0.000902861 0
1.288 0.994 0.964365 0.00147535 0
1.2885 0.994 0.96372 0.000959757 0
1.289 0.994 0.965093 0.00094416 0
1.2895 0.994 0.963554 0.000451555 0
1.29 0.994 0.964751 0.000563054 0
1.2905 0.994 0.964301 0.000593779 0
1.291 0.994 0.964141 0.000778919 0
1.2915 0.994 0.964282 0.000566212 0
1.292 0.994 0.964425 0.000573724 0
