# Node_nr = 500
# K <r> sigma_r(sig not of average! divide by sqrt(n))
0 0.004 0.03609 0.0170294 0
0.002 0.004 0.0365693 0.0183628 0
0.004 0.004 0.0437617 0.0213627 0
0.006 0.004 0.0396022 0.0190937 0
0.008 0.004 0.0439805 0.0218082 0
0.01 0.004 0.0442611 0.0188479 0
0.012 0.004 0.045178 0.0220991 0
0.014 0.006 0.0391581 0.0210925 0
0.016 0.006 0.0434733 0.0200092 0
0.018 0.006 0.0373377 0.0187226 0
0.02 0.006 0.0430583 0.0212955 0
0.022 0.006 0.0417962 0.0206635 0
0.024 0.006 0.0420863 0.0176058 0
0.026 0.006 0.041724 0.0226095 0
0.028 0.006 0.0345572 0.0168617 0
0.03 0.006 0.0461469 0.0203124 0
0.032 0.006 0.0433727 0.0201468 0
0.034 0.01 0.0388325 0.0203767 0
0.036 0.01 0.0408374 0.0220235 0
0.038 0.01 0.0363235 0.0169249 0
0.04 0.01 0.0386892 0.0216565 0
0.042 0.01 0.0354868 0.0176323 0
0.044 0.01 0.0377647 0.0192284 0
0.046 0.01 0.0333541 0.0172791 0
0.048 0.01 0.0434632 0.0248049 0
0.05 0.01 0.044933 0.0228082 0
0.052 0.01 0.0456427 0.0169928 0
0.054 0.01 0.0480328 0.0217713 0
0.056 0.01 0.036274 0.0193877 0
0.058 0.01 0.0401934 0.0180793 0
0.06 0.01 0.0412075 0.0188575 0
0.062 0.01 0.0456704 0.0225176 0
0.064 0.01 0.0447851 0.0209655 0
0.066 0.01 0.0403756 0.022325 0
0.068 0.01 0.0425188 0.0236863 0
0.07 0.01 0.0434183 0.0231925 0
0.072 0.01 0.0471725 0.0209103 0
0.074 0.01 0.0393992 0.022974 0
0.076 0.01 0.0446573 0.0219526 0
0.078 0.01 0.0449684 0.0213329 0
0.08 0.01 0.0464755 0.019699 0
0.082 0.01 0.044598 0.0221968 0
0.084 0.01 0.0420053 0.0192184 0
0.086 0.01 0.0426456 0.0221131 0
0.088 0.01 0.0359715 0.0205069 0
0.09 0.01 0.0416408 0.0221662 0
0.092 0.01 0.0365818 0.0199077 0
0.094 0.01 0.0459235 0.025215 0
0.096 0.01 0.0411242 0.0219039 0
0.098 0.01 0.0427535 0.0194391 0
0.1 0.01 0.0370037 0.0237028 0
0.102 0.01 0.0482935 0.0266838 0
0.104 0.01 0.0449816 0.0232504 0
0.106 0.01 0.0423157 0.0212026 0
0.108 0.01 0.0491983 0.0248979 0
0.11 0.01 0.042051 0.0226037 0
0.112 0.01 0.0369438 0.020066 0
0.114 0.01 0.048228 0.0184873 0
0.116 0.01 0.0414609 0.0257019 0
0.118 0.01 0.0449409 0.0201254 0
0.12 0.01 0.0404761 0.019848 0
0.122 0.01 0.0463516 0.021737 0
0.124 0.01 0.0485943 0.0236604 0
0.126 0.01 0.0436002 0.0250991 0
0.128 0.01 0.0392359 0.0209647 0
0.13 0.01 0.0446503 0.0185127 0
0.132 0.01 0.0405465 0.0190549 0
0.134 0.01 0.0373215 0.0172562 0
0.136 0.01 0.0379273 0.0200316 0
0.138 0.01 0.0306498 0.0183956 0
0.14 0.01 0.0420641 0.0193248 0
0.142 0.01 0.0441366 0.0151094 0
0.144 0.012 0.0416457 0.0172028 0
0.146 0.012 0.0506441 0.0289997 0
0.148 0.012 0.04196 0.0206615 0
0.15 0.012 0.0494499 0.0204852 0
0.152 0.012 0.0481055 0.0244507 0
0.154 0.012 0.044621 0.0207866 0
0.156 0.012 0.0427452 0.0192973 0
0.158 0.012 0.0414232 0.0227339 0
0.16 0.012 0.0405386 0.0241227 0
0.162 0.012 0.0391818 0.0184733 0
0.164 0.012 0.0503615 0.0241897 0
0.166 0.012 0.0416001 0.021046 0
0.168 0.012 0.0416546 0.0195151 0
0.17 0.012 0.0404052 0.0213556 0
0.172 0.012 0.0358475 0.017076 0
0.174 0.012 0.0442679 0.0209881 0
0.176 0.012 0.043496 0.0216364 0
0.178 0.012 0.053545 0.023292 0
0.18 0.012 0.0448286 0.0199233 0
0.182 0.012 0.0469085 0.0228714 0
0.184 0.012 0.0398017 0.0258804 0
0.186 0.012 0.0580056 0.0236246 0
0.188 0.014 0.0411045 0.0216013 0
0.19 0.014 0.0454186 0.0233416 0
0.192 0.014 0.0439904 0.0193137 0
0.194 0.014 0.048023 0.0291948 0
0.196 0.014 0.0444472 0.0190747 0
0.198 0.014 0.0555623 0.0289471 0
0.2 0.014 0.0535476 0.0282159 0
0.202 0.014 0.0507408 0.0223628 0
0.204 0.014 0.0469245 0.0290534 0
0.206 0.014 0.0463494 0.023898 0
0.208 0.014 0.0509554 0.0212215 0
0.21 0.014 0.0486403 0.0222723 0
0.212 0.014 0.0519053 0.0262124 0
0.214 0.014 0.0425908 0.023076 0
0.216 0.016 0.0556307 0.0250287 0
0.218 0.016 0.0457651 0.0189584 0
0.22 0.016 0.050718 0.0251992 0
0.222 0.016 0.0541976 0.0291422 0
0.224 0.016 0.0422904 0.02483 0
0.226 0.016 0.0507766 0.0237474 0
0.228 0.016 0.0385614 0.022532 0
0.23 0.016 0.056182 0.0237122 0
0.232 0.016 0.040557 0.0216791 0
0.234 0.016 0.0627444 0.0295015 0
0.236 0.016 0.0393435 0.0218115 0
0.238 0.022 0.0450062 0.0182172 0
0.24 0.022 0.0460672 0.0238519 0
0.242 0.022 0.0448161 0.0286652 0
0.244 0.022 0.0404613 0.0206879 0
0.246 0.022 0.0483161 0.0253836 0
0.248 0.022 0.0463812 0.0232743 0
0.25 0.022 0.0465975 0.0203123 0
0.252 0.022 0.0539154 0.0284439 0
0.254 0.022 0.0482843 0.0255591 0
0.256 0.022 0.0527942 0.0249976 0
0.258 0.022 0.0547098 0.0285894 0
0.26 0.022 0.0613634 0.0265565 0
0.262 0.022 0.0514386 0.0225264 0
0.264 0.022 0.0465537 0.0231798 0
0.266 0.022 0.0536942 0.0265017 0
0.268 0.022 0.0539952 0.0239375 0
0.27 0.022 0.0465396 0.0208899 0
0.272 0.022 0.0576533 0.0225099 0
0.274 0.022 0.0487974 0.0211359 0
0.276 0.022 0.0613141 0.0238171 0
0.278 0.022 0.0523693 0.0201224 0
0.28 0.022 0.0452641 0.0209404 0
0.282 0.022 0.0522502 0.0239587 0
0.284 0.022 0.0542352 0.0254112 0
0.286 0.022 0.043638 0.0253641 0
0.288 0.022 0.055937 0.0239119 0
0.29 0.022 0.0556266 0.02792 0
0.292 0.022 0.0431281 0.0208045 0
0.294 0.022 0.0531655 0.0263935 0
0.296 0.022 0.0500922 0.0236872 0
0.298 0.022 0.0449234 0.0243729 0
0.3 0.022 0.0575394 0.0278529 0
0.302 0.022 0.0439186 0.0225277 0
0.304 0.022 0.0537296 0.0279137 0
0.306 0.022 0.0410772 0.0285092 0
0.308 0.022 0.0573459 0.0270882 0
0.31 0.022 0.0520686 0.0227722 0
0.312 0.022 0.0470188 0.0245163 0
0.314 0.022 0.0596621 0.0259706 0
0.316 0.022 0.0512827 0.021935 0
0.318 0.022 0.0601119 0.031763 0
0.32 0.022 0.0461223 0.0257483 0
0.322 0.022 0.0493033 0.0260716 0
0.324 0.022 0.0387482 0.0255501 0
0.326 0.022 0.0635853 0.0370679 0
0.328 0.022 0.0667459 0.0350785 0
0.33 0.022 0.0517883 0.0274546 0
0.332 0.022 0.0504902 0.0253539 0
0.334 0.022 0.050142 0.0237008 0
0.336 0.022 0.052655 0.0254852 0
0.338 0.022 0.0465057 0.0240334 0
0.34 0.022 0.0557802 0.0234271 0
0.342 0.022 0.0664543 0.0370803 0
0.344 0.022 0.040787 0.0187314 0
0.346 0.022 0.0527281 0.0297535 0
0.348 0.022 0.0779415 0.0334246 0
0.35 0.022 0.0567167 0.0234591 0
0.352 0.022 0.0460043 0.0236245 0
0.354 0.022 0.0537309 0.0246806 0
0.356 0.022 0.0455944 0.0208453 0
0.358 0.022 0.0443841 0.0213284 0
0.36 0.022 0.0541705 0.0288978 0
0.362 0.022 0.058557 0.0258567 0
0.364 0.024 0.0482043 0.029442 0
0.366 0.024 0.0519982 0.0267462 0
0.368 0.024 0.0518897 0.021142 0
0.37 0.024 0.0589874 0.0287008 0
0.372 0.024 0.050407 0.0279 0
0.374 0.03 0.0599974 0.0266399 0
0.376 0.03 0.0570227 0.0315993 0
0.378 0.03 0.0598262 0.0319413 0
0.38 0.03 0.0539049 0.0208107 0
0.382 0.03 0.063789 0.0266815 0
0.384 0.03 0.0592522 0.0277728 0
0.386 0.03 0.0511475 0.0216192 0
0.388 0.03 0.0514751 0.0256944 0
0.39 0.03 0.0511834 0.0264703 0
0.392 0.03 0.0572052 0.0255404 0
0.394 0.03 0.0672273 0.0285549 0
0.396 0.03 0.0500462 0.0291944 0
0.398 0.03 0.0608642 0.0296756 0
0.4 0.03 0.0483046 0.0262101 0
0.402 0.03 0.0587731 0.0285477 0
0.404 0.03 0.0610535 0.0301123 0
0.406 0.03 0.0615825 0.0392213 0
0.408 0.03 0.0660599 0.0348529 0
0.41 0.03 0.0568631 0.0268304 0
0.412 0.03 0.0650259 0.0270841 0
0.414 0.03 0.0664064 0.0312 0
0.416 0.03 0.0552761 0.0304184 0
0.418 0.03 0.0523509 0.0309514 0
0.42 0.03 0.0670729 0.0378857 0
0.422 0.03 0.0751072 0.0385403 0
0.424 0.03 0.0520098 0.032978 0
0.426 0.034 0.0658194 0.033866 0
0.428 0.034 0.0706923 0.0262875 0
0.43 0.034 0.0530823 0.0202875 0
0.432 0.034 0.0441197 0.0239567 0
0.434 0.034 0.0556943 0.0231322 0
0.436 0.036 0.0517209 0.0278774 0
0.438 0.036 0.0645666 0.0361771 0
0.44 0.036 0.0628972 0.029526 0
0.442 0.036 0.0680692 0.033865 0
0.444 0.036 0.058866 0.0358547 0
0.446 0.036 0.0462752 0.0273397 0
0.448 0.038 0.0547249 0.0341402 0
0.45 0.038 0.0537386 0.0303724 0
0.452 0.038 0.0689888 0.0277762 0
0.454 0.038 0.0536962 0.0252516 0
0.456 0.038 0.0718571 0.0311786 0
0.458 0.038 0.0638921 0.0303233 0
0.46 0.042 0.0640705 0.0265154 0
0.462 0.042 0.0727012 0.0366503 0
0.464 0.042 0.0712806 0.0332406 0
0.466 0.052 0.0597479 0.0299311 0
0.468 0.052 0.0664385 0.0379781 0
0.47 0.052 0.0799546 0.0294522 0
0.472 0.052 0.0737146 0.0300361 0
0.474 0.052 0.0739993 0.0313646 0
0.476 0.052 0.0661438 0.0293495 0
0.478 0.052 0.074318 0.0277627 0
0.48 0.052 0.0693813 0.0392654 0
0.482 0.052 0.0684202 0.0363681 0
0.484 0.052 0.0549619 0.0304165 0
0.486 0.052 0.0636289 0.0367148 0
0.488 0.052 0.0591726 0.0216278 0
0.49 0.052 0.0780394 0.0462449 0
0.492 0.052 0.0649985 0.0292623 0
0.494 0.052 0.0532914 0.0336912 0
0.496 0.052 0.062982 0.0331856 0
0.498 0.052 0.0796646 0.0375574 0
0.5 0.052 0.0641335 0.0358683 0
0.502 0.052 0.069003 0.0328694 0
0.504 0.052 0.0711715 0.0350677 0
0.506 0.052 0.0624672 0.023515 0
0.508 0.052 0.0656254 0.0276644 0
0.51 0.052 0.0646489 0.0320899 0
0.512 0.052 0.0768785 0.0439197 0
0.514 0.052 0.0581231 0.030304 0
0.516 0.052 0.0730602 0.028609 0
0.518 0.052 0.0648592 0.035875 0
0.52 0.052 0.0630799 0.0291805 0
0.522 0.052 0.0549672 0.0235565 0
0.524 0.052 0.0604802 0.0273332 0
0.526 0.052 0.0682614 0.0268996 0
0.528 0.052 0.0628947 0.0222541 0
0.53 0.056 0.0786584 0.0405469 0
0.532 0.056 0.0629464 0.0303526 0
0.534 0.056 0.0856279 0.0381465 0
0.536 0.056 0.0634871 0.025881 0
0.538 0.056 0.0646017 0.0335055 0
0.54 0.056 0.04622 0.023374 0
0.542 0.056 0.0752358 0.0354952 0
0.544 0.056 0.0610457 0.0320952 0
0.546 0.056 0.0861519 0.0356562 0
0.548 0.056 0.0670175 0.0315335 0
0.55 0.056 0.0660839 0.0331465 0
0.552 0.056 0.0612224 0.0324772 0
0.554 0.056 0.0634685 0.0388087 0
0.556 0.056 0.0693063 0.0374995 0
0.558 0.056 0.0547433 0.0274989 0
0.56 0.056 0.0677908 0.0360455 0
0.562 0.056 0.0675788 0.0356419 0
0.564 0.056 0.0656604 0.0232235 0
0.566 0.056 0.0661151 0.0353108 0
0.568 0.056 0.0683094 0.0378862 0
0.57 0.056 0.0573289 0.0269974 0
0.572 0.056 0.0693225 0.0454002 0
0.574 0.07 0.0963958 0.0411258 0
0.576 0.07 0.0692007 0.0419613 0
0.578 0.07 0.0579931 0.0301422 0
0.58 0.07 0.0679272 0.0429364 0
0.582 0.07 0.0682823 0.0406913 0
0.584 0.086 0.075813 0.0364183 0
0.586 0.088 0.060975 0.0371801 0
0.588 0.088 0.0758776 0.0337671 0
0.59 0.092 0.0941695 0.0460925 0
0.592 0.098 0.0804647 0.0351364 0
0.594 0.098 0.0833916 0.0393766 0
0.596 0.098 0.0894872 0.0367832 0
0.598 0.098 0.0493697 0.0241715 0
0.6 0.138 0.0737016 0.0299168 0
0.602 0.138 0.0701536 0.0309626 0
0.604 0.138 0.0790001 0.0295653 0
0.606 0.138 0.0690165 0.0278241 0
0.608 0.138 0.0642313 0.0346246 0
0.61 0.138 0.0708584 0.0352645 0
0.612 0.14 0.0956679 0.0644405 0
0.614 0.14 0.0704577 0.0232256 0
0.616 0.152 0.0741628 0.0259975 0
0.618 0.152 0.0608259 0.0371232 0
0.62 0.152 0.045499 0.0301931 0
0.622 0.152 0.0767118 0.0358133 0
0.624 0.152 0.0574389 0.0337502 0
0.626 0.164 0.0705903 0.0306212 0
0.628 0.164 0.0655184 0.0297717 0
0.63 0.164 0.0700958 0.0316597 0
0.632 0.166 0.0650412 0.0330679 0
0.634 0.166 0.065827 0.0410035 0
0.636 0.166 0.0629976 0.0255127 0
0.638 0.166 0.0491175 0.0306489 0
0.64 0.168 0.0821388 0.0424524 0
0.642 0.168 0.0721453 0.040284 0
0.644 0.168 0.0818186 0.0412497 0
0.646 0.17 0.0665814 0.0373867 0
0.648 0.17 0.0741529 0.0376081 0
0.65 0.172 0.0766823 0.0338949 0
0.652 0.232 0.0824961 0.0389551 0
0.654 0.232 0.0646544 0.0361416 0
0.656 0.234 0.0808635 0.0409017 0
0.658 0.266 0.0689966 0.0288955 0
0.66 0.266 0.063095 0.0333167 0
0.662 0.266 0.0705307 0.0337949 0
0.664 0.266 0.0830766 0.0362479 0
0.666 0.266 0.0771237 0.0510443 0
0.668 0.266 0.0960676 0.0326107 0
0.67 0.266 0.0717839 0.0248805 0
0.672 0.268 0.0396128 0.0243331 0
0.674 0.268 0.0618144 0.0352902 0
0.676 0.268 0.0584652 0.0261894 0
0.678 0.284 0.0684357 0.0203404 0
0.68 0.284 0.0732597 0.0307266 0
0.682 0.284 0.076399 0.0266823 0
0.684 0.284 0.07788 0.0352506 0
0.686 0.284 0.0774444 0.0361584 0
0.688 0.284 0.0672557 0.0291111 0
0.69 0.284 0.0688939 0.034385 0
0.692 0.3 0.0692032 0.0274206 0
0.694 0.3 0.050812 0.0224903 0
0.696 0.344 0.0628232 0.0404291 0
0.698 0.344 0.066295 0.0253491 0
0.7 0.344 0.0767502 0.0491605 0
0.702 0.346 0.0766029 0.0327233 0
0.704 0.346 0.0551761 0.0242447 0
0.706 0.346 0.0850964 0.0326645 0
0.708 0.346 0.0760055 0.0379627 0
0.71 0.346 0.0740172 0.0331846 0
0.712 0.356 0.0543892 0.0269838 0
0.714 0.356 0.0921208 0.0453416 0
0.716 0.356 0.0580909 0.0283919 0
0.718 0.356 0.0799341 0.0308416 0
0.72 0.358 0.0687303 0.0294001 0
0.722 0.358 0.0692869 0.0333928 0
0.724 0.358 0.0686183 0.0369792 0
0.726 0.358 0.0825684 0.0300881 0
0.728 0.358 0.0619735 0.0483822 0
0.73 0.358 0.0868713 0.0425255 0
0.732 0.358 0.0755057 0.0374075 0
0.734 0.358 0.0868526 0.0462715 0
0.736 0.358 0.0728366 0.0395974 0
0.738 0.358 0.0969362 0.0490716 0
0.74 0.41 0.0812217 0.0380146 0
0.742 0.412 0.0791173 0.0419602 0
0.744 0.412 0.0809224 0.0348374 0
0.746 0.416 0.0680141 0.0458449 0
0.748 0.416 0.0792773 0.0364803 0
0.75 0.416 0.0638948 0.0430365 0
0.752 0.416 0.0723665 0.0354969 0
0.754 0.426 0.0647515 0.0288951 0
0.756 0.426 0.0938117 0.0388188 0
0.758 0.432 0.0720964 0.0343622 0
0.76 0.44 0.0920892 0.0367911 0
0.762 0.442 0.0643194 0.0393519 0
0.764 0.442 0.0800656 0.0364452 0
0.766 0.58 0.0858885 0.0394008 0
0.768 0.58 0.0986176 0.0368415 0
0.77 0.582 0.0842275 0.0424892 0
0.772 0.582 0.0833591 0.0311838 0
0.774 0.582 0.0490594 0.0248321 0
0.776 0.582 0.0746493 0.0493189 0
0.778 0.582 0.0845214 0.0364978 0
0.78 0.586 0.0714162 0.0358219 0
0.782 0.586 0.0821446 0.0356689 0
0.784 0.586 0.100879 0.0420286 0
0.786 0.586 0.0688417 0.0318495 0
0.788 0.586 0.0727562 0.0420918 0
0.79 0.586 0.0881154 0.0456626 0
0.792 0.586 0.0893226 0.0563331 0
0.794 0.588 0.100176 0.0418307 0
0.796 0.59 0.106197 0.0616832 0
0.798 0.592 0.0922663 0.0356502 0
0.8 0.592 0.110794 0.0485764 0
0.802 0.592 0.090279 0.0455376 0
0.804 0.592 0.0793725 0.0331851 0
0.806 0.592 0.109459 0.0422281 0
0.808 0.592 0.0796592 0.0359451 0
0.81 0.592 0.0961466 0.0307121 0
0.812 0.596 0.101338 0.0361145 0
0.814 0.596 0.0998031 0.0449131 0
0.816 0.598 0.106086 0.0532314 0
0.818 0.598 0.0862204 0.0450728 0
0.82 0.598 0.103642 0.0420832 0
0.822 0.6 0.110602 0.050648 0
0.824 0.602 0.116817 0.0433682 0
0.826 0.604 0.10294 0.0388888 0
0.828 0.604 0.0900664 0.0403076 0
0.83 0.608 0.100413 0.0375579 0
0.832 0.612 0.114782 0.0531678 0
0.834 0.616 0.0834753 0.0292676 0
0.836 0.618 0.106064 0.053791 0
0.838 0.67 0.0946157 0.0572323 0
0.84 0.674 0.103972 0.0582127 0
0.842 0.68 0.0775857 0.0326897 0
0.844 0.686 0.0883046 0.0591412 0
0.846 0.686 0.0874741 0.0333259 0
0.848 0.688 0.0971056 0.0426788 0
0.85 0.696 0.146686 0.0606248 0
0.852 0.7 0.122938 0.0488614 0
0.854 0.702 0.0635129 0.0390193 0
0.856 0.704 0.0945789 0.0377925 0
0.858 0.704 0.130391 0.0549358 0
0.86 0.704 0.0910696 0.0500724 0
0.862 0.706 0.119417 0.0473099 0
0.864 0.706 0.110255 0.052443 0
0.866 0.706 0.11415 0.0773646 0
0.868 0.71 0.116781 0.0698117 0
0.87 0.71 0.114485 0.0421116 0
0.872 0.71 0.111146 0.0539338 0
0.874 0.71 0.113718 0.0458414 0
0.876 0.712 0.0830136 0.0524728 0
0.878 0.716 0.109727 0.0698049 0
0.88 0.716 0.118484 0.046871 0
0.882 0.716 0.10195 0.0513341 0
0.884 0.716 0.140054 0.0780837 0
0.886 0.716 0.0888272 0.0378507 0
0.888 0.716 0.128227 0.0651043 0
0.89 0.716 0.108695 0.0577617 0
0.892 0.716 0.112599 0.0598502 0
0.894 0.726 0.143357 0.0456066 0
0.896 0.728 0.184626 0.0617921 0
0.898 0.732 0.128854 0.0443882 0
0.9 0.732 0.157085 0.0775154 0
0.902 0.738 0.147936 0.0539593 0
0.904 0.74 0.1338 0.053683 0
0.906 0.74 0.120222 0.0523304 0
0.908 0.74 0.0767256 0.0526293 0
0.91 0.74 0.123428 0.0583371 0
0.912 0.742 0.168239 0.0583167 0
0.914 0.742 0.103682 0.03614 0
0.916 0.754 0.153957 0.0432283 0
0.918 0.754 0.125778 0.0306398 0
0.92 0.754 0.155941 0.083111 0
0.922 0.756 0.193851 0.0543041 0
0.924 0.76 0.210567 0.0347881 0
0.926 0.76 0.128899 0.0670891 0
0.928 0.776 0.185362 0.0765754 0
0.93 0.776 0.20133 0.032612 0
0.932 0.776 0.209745 0.0501436 0
0.934 0.776 0.210182 0.0550572 0
0.936 0.776 0.153274 0.0837589 0
0.938 0.776 0.192506 0.0408347 0
0.94 0.776 0.193696 0.0527933 0
0.942 0.782 0.219452 0.0487359 0
0.944 0.782 0.189314 0.0650971 0
0.946 0.784 0.205538 0.0513994 0
0.948 0.784 0.185096 0.0626461 0
0.95 0.784 0.193642 0.063101 