# Node_nr = 1000
# K <r> sigma_r(sig not of average! divide by sqrt(n))
0 0.002 0.0276804 0.018852 0
0.02 0.002 0.0291788 0.014004 0
0.04 0.003 0.0288282 0.0167025 0
0.06 0.004 0.0296945 0.0138399 0
0.08 0.004 0.0318732 0.0159418 0
0.1 0.004 0.0329896 0.0169404 0
0.12 0.004 0.0267926 0.0145947 0
0.14 0.009 0.0333344 0.0163203 0
0.16 0.009 0.0365774 0.01927 0
0.18 0.009 0.0317122 0.0149816 0
0.2 0.009 0.0315134 0.0147913 0
0.22 0.009 0.0355168 0.0218257 0
0.24 0.009 0.0412689 0.016809 0
0.26 0.009 0.0308518 0.0157153 0
0.28 0.012 0.0424302 0.0216306 0
0.3 0.012 0.0391831 0.0191422 0
0.32 0.013 0.0328313 0.0164349 0
0.34 0.013 0.0438574 0.0260949 0
0.36 0.017 0.0487442 0.0233764 0
0.38 0.022 0.0629197 0.0272551 0
0.4 0.024 0.0457279 0.0244574 0
0.42 0.027 0.0467455 0.026399 0
0.44 0.046 0.0479034 0.0257341 0
0.46 0.078 0.0550909 0.0275887 0
0.48 0.08 0.0458577 0.0193786 0
0.5 0.086 0.0498201 0.0240176 0
0.52 0.095 0.0673786 0.0302929 0
0.54 0.189 0.0488251 0.0258193 0
0.56 0.223 0.0638994 0.0266923 0
0.58 0.247