# Relevant parameters to reproduce this network:
# node_nr=2000	 k_max=500
# initial_seed=1557414222	 delta_t=0.5	 max_steps=1000	 in_between=0
# fg_m=1	 fg_alpha=10	 fg_t_min=0	 fg_t_max=10	 fg_t_number=20000	 fg_weff_lower_frequency=-1e+08	 fg_weff_max_steps=1000	 fg_weff_in_between=0
# K Giant_component <r> sigma_r*sqrt(NODE_NR) clustering
0 0.001 0.0167401 0.00793721 0
0.0005 0.001 0.0159574 0.00879225 0
0.001 0.001 0.0261509 0.0121844 0
0.0015 0.001 0.0201277 0.0101176 0
0.002 0.001 0.0189048 0.0101166 0
0.0025 0.001 0.0175383 0.00871382 0
0.003 0.001 0.0221348 0.0103935 0
0.0035 0.001 0.0155845 0.00873367 0
0.004 0.001 0.0197016 0.0102906 0
0.0045 0.001 0.0237928 0.0120554 0
0.005 0.001 0.0176631 0.00881878 0
0.0055 0.001 0.0225841 0.0111061 0
0.006 0.001 0.017564 0.00940264 0
0.0065 0.001 0.0183435 0.00760329 0
0.007 0.001 0.020937 0.0106256 0
0.0075 0.001 0.0183843 0.0077892 0
0.008 0.001 0.0201504 0.00805849 0
0.0085 0.0015 0.0204369 0.0115409 0
0.009 0.0015 0.0245146 0.0113503 0
0.0095 0.0015 0.0152315 0.00720824 0
0.01 0.0015 0.0175902 0.00724721 0
0.0105 0.0015 0.0213696 0.0108669 0
0.011 0.0015 0.0189432 0.0084303 0
0.0115 0.0015 0.0200466 0.0107656 0
0.012 0.0015 0.0190042 0.00792976 0
0.0125 0.0015 0.0180213 0.009038 0
0.013 0.0015 0.0156652 0.01009 0
0.0135 0.0015 0.0199441 0.00957106 0
0.014 0.0015 0.0189303 0.0102574 0
0.0145 0.0015 0.0221227 0.0119223 0
0.015 0.0015 0.0195099 0.0116882 0
0.0155 0.0015 0.0189783 0.00782189 0
0.016 0.0015 0.0160775 0.00855518 0
0.0165 0.0015 0.0195011 0.0119622 0
0.017 0.0015 0.0253377 0.011412 0
0.0175 0.0015 0.0175278 0.010389 0
0.018 0.0015 0.0213235 0.0100696 0
0.0185 0.0015 0.0208553 0.0127273 0
0.019 0.0015 0.0205504 0.0117671 0
0.0195 0.0015 0.0209636 0.00965181 0
0.02 0.0015 0.0230091 0.00932275 0
0.0205 0.0015 0.0186293 0.00895565 0
0.021 0.0015 0.0167563 0.00748103 0
0.0215 0.0015 0.0215558 0.0115873 0
0.022 0.0015 0.0197825 0.0103368 0
0.0225 0.0015 0.0254916 0.0107863 0
0.023 0.0015 0.0188788 0.00923379 0
0.0235 0.002 0.0205494 0.0106361 0
0.024 0.002 0.0177855 0.00946628 0
0.0245 0.002 0.020384 0.0108459 0
0.025 0.002 0.0188327 0.00953029 0
0.0255 0.002 0.0181402 0.00872254 0
0.026 0.002 0.0173906 0.00978292 0
0.0265 0.002 0.0240322 0.0119455 0
0.027 0.002 0.0173298 0.00866138 0
0.0275 0.002 0.0205956 0.0138918 0
0.028 0.002 0.017047 0.00939987 0
0.0285 0.002 0.0166543 0.010636 0
0.029 0.002 0.0194853 0.00862195 0
0.0295 0.002 0.0223168 0.0135337 0
0.03 0.002 0.0204735 0.00866431 0
0.0305 0.002 0.0229268 0.0137964 0
0.031 0.002 0.0163686 0.00859565 0
0.0315 0.002 0.0226742 0.0110598 0
0.032 0.002 0.0176636 0.0106047 0
0.0325 0.002 0.018961 0.0121897 0
0.033 0.002 0.0160567 0.00898744 0
0.0335 0.002 0.0189364 0.00902959 0
0.034 0.002 0.0207078 0.0107974 0
0.0345 0.002 0.0227796 0.0111834 0
0.035 0.002 0.0209936 0.00932809 0
0.0355 0.002 0.0242528 0.0122997 0
0.036 0.002 0.020417 0.00930349 0
0.0365 0.002 0.0216783 0.010795 0
0.037 0.002 0.0225179 0.0121398 0
0.0375 0.002 0.0220075 0.00919659 0
0.038 0.002 0.0212304 0.0121913 0
0.0385 0.002 0.0222465 0.0110457 0
0.039 0.002 0.0194831 0.0109284 0
0.0395 0.002 0.0236705 0.0115709 0
0.04 0.002 0.0196081 0.00912747 0
0.0405 0.002 0.0186597 0.00702125 0
0.041 0.002 0.0179944 0.00905659 0
0.0415 0.002 0.0219237 0.00957619 0
0.042 0.002 0.0210929 0.012484 0
0.0425 0.002 0.0199054 0.0104302 0
0.043 0.002 0.0218067 0.0100273 0
0.0435 0.002 0.0188753 0.0116063 0
0.044 0.002 0.0198695 0.00881319 0
0.0445 0.002 0.0250409 0.0117731 0
0.045 0.002 0.021872 0.0106287 0
0.0455 0.002 0.0234124 0.0107882 0
0.046 0.002 0.01628 0.00893835 0
0.0465 0.002 0.0205573 0.00977927 0
0.047 0.002 0.0227415 0.0134539 0
0.0475 0.002 0.0189988 0.00806182 0
0.048 0.002 0.0173199 0.00813696 0
0.0485 0.002 0.0184575 0.00963341 0
0.049 0.002 0.0219989 0.0131629 0
0.0495 0.002 0.0169289 0.00787732 0
0.05 0.002 0.0150496 0.0086285 0
0.0505 0.002 0.0178713 0.0117967 0
0.051 0.002 0.0174482 0.00873541 0
0.0515 0.002 0.0229987 0.0128577 0
0.052 0.002 0.0200495 0.0118039 0
0.0525 0.002 0.0208383 0.0111022 0
0.053 0.002 0.0192957 0.0104848 0
0.0535 0.002 0.0164478 0.00922901 0
0.054 0.002 0.0173405 0.00802228 0
0.0545 0.002 0.0257496 0.0123372 0
0.055 0.002 0.0193624 0.0100965 0
0.0555 0.002 0.0207548 0.0093854 0
0.056 0.002 0.0201631 0.0106594 0
0.0565 0.002 0.0213306 0.0105822 0
0.057 0.002 0.0200135 0.00842899 0
0.0575 0.002 0.0271566 0.0118425 0
0.058 0.002 0.0191015 0.00982021 0
0.0585 0.002 0.0249509 0.0103317 0
0.059 0.002 0.0191887 0.00901662 0
0.0595 0.002 0.0263128 0.0110129 0
0.06 0.002 0.0212969 0.0100171 0
0.0605 0.002 0.0218029 0.00896928 0
0.061 0.002 0.0199211 0.00895281 0
0.0615 0.002 0.0183283 0.0146227 0
0.062 0.002 0.025923 0.0117256 0
0.0625 0.002 0.0193174 0.0132685 0
0.063 0.002 0.0223015 0.0117154 0
0.0635 0.002 0.018913 0.0120671 0
0.064 0.002 0.019123 0.0104482 0
0.0645 0.002 0.017073 0.0091781 0
0.065 0.002 0.0232429 0.0123801 0
0.0655 0.002 0.0260847 0.00998799 0
0.066 0.002 0.0184954 0.0125435 0
0.0665 0.002 0.0189122 0.00821009 0
0.067 0.002 0.0201819 0.00970091 0
0.0675 0.002 0.0240183 0.0107527 0
0.068 0.002 0.0270917 0.0122443 0
0.0685 0.002 0.0169826 0.00868163 0
0.069 0.002 0.0191924 0.00895747 0
0.0695 0.002 0.0213946 0.0106673 0
0.07 0.002 0.0218664 0.00929992 0
0.0705 0.002 0.0194481 0.00725108 0
0.071 0.002 0.0197449 0.00936867 0
0.0715 0.002 0.0240187 0.0109798 0
0.072 0.002 0.024232 0.0139287 0
0.0725 0.002 0.0213647 0.00890701 0
0.073 0.002 0.0234563 0.0118801 0
0.0735 0.002 0.0187091 0.00940107 0
0.074 0.002 0.0212103 0.0109419 0
0.0745 0.002 0.024037 0.0116929 0
0.075 0.002 0.019648 0.00829358 0
0.0755 0.002 0.0229905 0.0106448 0
0.076 0.002 0.0166718 0.00710704 0
0.0765 0.002 0.0201652 0.0102988 0
0.077 0.0025 0.0177835 0.00907518 0
0.0775 0.0025 0.0240137 0.013253 0
0.078 0.0025 0.0188795 0.0130144 0
0.0785 0.0025 0.0200629 0.0110251 0
0.079 0.0025 0.0214242 0.00936223 0
0.0795 0.0025 0.0219235 0.0113361 0
0.08 0.0025 0.0238123 0.011972 0
0.0805 0.0025 0.0273165 0.0120805 0
0.081 0.0025 0.0245139 0.0140507 0
0.0815 0.0025 0.0237975 0.0121505 0
0.082 0.0025 0.0181871 0.00779086 0
0.0825 0.0025 0.0246461 0.0119602 0
0.083 0.0025 0.0207339 0.0108525 0
0.0835 0.0025 0.0228911 0.0119784 0
0.084 0.0025 0.0290963 0.0109532 0
0.0845 0.0025 0.0205175 0.0117222 0
0.085 0.0025 0.015691 0.0067339 0
0.0855 0.0025 0.0276246 0.0151388 0
0.086 0.0025 0.0226314 0.0102751 0
0.0865 0.0025 0.0233488 0.011996 0
0.087 0.0025 0.0218356 0.0113222 0
0.0875 0.0025 0.0229602 0.0140291 0
0.088 0.0025 0.019212 0.00956313 0
0.0885 0.0025 0.0184153 0.0104044 0
0.089 0.0025 0.018759 0.0113777 0
0.0895 0.0025 0.0204235 0.0114377 0
0.09 0.0025 0.0206913 0.00870278 0
0.0905 0.0025 0.022489 0.0111212 0
0.091 0.0025 0.0201468 0.0116269 0
0.0915 0.0025 0.0201886 0.00816333 0
0.092 0.0025 0.0215868 0.0124348 0
0.0925 0.0025 0.0174345 0.00842296 0
0.093 0.0025 0.0227334 0.0103239 0
0.0935 0.0025 0.017721 0.00842045 0
0.094 0.0025 0.0197949 0.00934555 0
0.0945 0.0025 0.0189121 0.0131957 0
0.095 0.0025 0.0205098 0.0127095 0
0.0955 0.0025 0.0225142 0.00904079 0
0.096 0.0025 0.0216875 0.0122669 0
0.0965 0.0025 0.0201666 0.0105389 0
0.097 0.0025 0.0185196 0.0069686 0
0.0975 0.0025 0.0195145 0.00776468 0
0.098 0.0025 0.0199296 0.00978526 0
0.0985 0.0025 0.0222991 0.0099705 0
0.099 0.0025 0.0221857 0.00946945 0
0.0995 0.0025 0.0276977 0.0133923 0
0.1 0.0025 0.0164715 0.0079857 0
0.1005 0.0025 0.0212676 0.0103416 0
0.101 0.0025 0.026123 0.0116844 0
0.1015 0.0025 0.020212 0.012225 0
0.102 0.0025 0.0194476 0.00796475 0
0.1025 0.0025 0.023033 0.0107779 0
0.103 0.0025 0.0225867 0.00993141 0
0.1035 0.0025 0.0177657 0.0108653 0
0.104 0.0025 0.0211926 0.0116297 0
0.1045 0.0025 0.0237393 0.0126239 0
0.105 0.0025 0.024357 0.00962862 0
0.1055 0.0025 0.0273872 0.0117794 0
0.106 0.0025 0.0247531 0.0105285 0
0.1065 0.0025 0.0183051 0.0087178 0
0.107 0.003 0.022779 0.0121125 0
0.1075 0.003 0.019194 0.011269 0
0.108 0.003 0.0185763 0.00808686 0
0.1085 0.003 0.0217014 0.0118164 0
0.109 0.003 0.021565 0.0147539 0
0.1095 0.003 0.0233009 0.00810015 0
0.11 0.003 0.0186939 0.00994129 0
0.1105 0.003 0.0207886 0.00972208 0
0.111 0.003 0.0184886 0.00927631 0
0.1115 0.003 0.0157026 0.00894254 0
0.112 0.003 0.0236151 0.01096 0
0.1125 0.003 0.0264001 0.01476 0
0.113 0.003 0.0231868 0.011764 0
0.1135 0.003 0.0180983 0.00810197 0
0.114 0.003 0.0214592 0.00953185 0
0.1145 0.003 0.0266857 0.00910663 0
0.115 0.003 0.0203873 0.0116604 0
0.1155 0.003 0.0277606 0.0120013 0
0.116 0.003 0.0232205 0.0155867 0
0.1165 0.003 0.0200945 0.0126292 0
0.117 0.003 0.0200558 0.00910059 0
0.1175 0.003 0.0197944 0.0100124 0
0.118 0.003 0.0231624 0.010939 0
0.1185 0.003 0.0219692 0.0107391 0
0.119 0.003 0.0228755 0.0118161 0
0.1195 0.003 0.019119 0.00867181 0
0.12 0.003 0.0216197 0.00990058 0
0.1205 0.003 0.0205211 0.0103582 0
0.121 0.003 0.021237 0.0101566 0
0.1215 0.003 0.0249339 0.0114324 0
0.122 0.003 0.021956 0.0109131 0
0.1225 0.003 0.0276564 0.00882464 0
0.123 0.003 0.0269446 0.0138548 0
0.1235 0.003 0.0180843 0.0114201 0
0.124 0.003 0.0194939 0.0111574 0
0.1245 0.003 0.0291539 0.0108877 0
0.125 0.003 0.0202931 0.00986388 0
0.1255 0.003 0.0255032 0.0107408 0
0.126 0.003 0.0207056 0.0122837 0
0.1265 0.003 0.0244354 0.0134796 0
0.127 0.003 0.0236458 0.0131772 0
0.1275 0.003 0.0245143 0.0111825 0
0.128 0.003 0.0214771 0.0105971 0
0.1285 0.003 0.0220708 0.00922947 0
0.129 0.003 0.0217153 0.0110492 0
0.1295 0.003 0.0260514 0.012959 0
0.13 0.003 0.0222944 0.0123464 0
0.1305 0.003 0.0256138 0.0143062 0
0.131 0.003 0.0215772 0.00881825 0
0.1315 0.003 0.0239449 0.0122553 0
0.132 0.003 0.0191139 0.0100991 0
0.1325 0.003 0.0275879 0.0135039 0
0.133 0.003 0.0333332 0.0120606 0
0.1335 0.003 0.0249503 0.0100935 0
0.134 0.003 0.0228936 0.0102675 0
0.1345 0.003 0.0241252 0.00930639 0
0.135 0.003 0.0247006 0.0094276 0
0.1355 0.003 0.020218 0.0101057 0
0.136 0.003 0.0323754 0.0108271 0
0.1365 0.003 0.0183696 0.00771456 0
0.137 0.003 0.0254807 0.0123682 0
0.1375 0.003 0.0227572 0.0110969 0
0.138 0.003 0.0218793 0.0101858 0
0.1385 0.003 0.0323251 0.0167687 0
0.139 0.003 0.0256868 0.0136362 0
0.1395 0.003 0.0238486 0.00964797 0
0.14 0.003 0.0252915 0.0113426 0
0.1405 0.003 0.0223368 0.0138244 0
0.141 0.003 0.0262953 0.0115187 0
0.1415 0.003 0.0217833 0.0132966 0
0.142 0.003 0.0254062 0.0142155 0
0.1425 0.003 0.0241194 0.0136486 0
0.143 0.003 0.0205954 0.0121499 0
0.1435 0.003 0.0212739 0.0100426 0
0.144 0.003 0.0229528 0.0108521 0
0.1445 0.003 0.0214846 0.00991723 0
0.145 0.003 0.020471 0.0114961 0
0.1455 0.003 0.0232273 0.0127913 0
0.146 0.003 0.0254283 0.0127033 0
0.1465 0.003 0.0233434 0.0112066 0
0.147 0.003 0.0223586 0.00897165 0
0.1475 0.003 0.0237199 0.0101205 0
0.148 0.003 0.0197489 0.0105571 0
0.1485 0.003 0.020735 0.010517 0
0.149 0.003 0.0246153 0.0132164 0
0.1495 0.003 0.0239841 0.013715 0
0.15 0.003 0.0242963 0.0125972 0
0.1505 0.003 0.0264819 0.0121728 0
0.151 0.003 0.0212461 0.0132815 0
0.1515 0.003 0.022672 0.0111042 0
0.152 0.003 0.0274658 0.0126523 0
0.1525 0.003 0.0233826 0.0135135 0
0.153 0.003 0.0238867 0.012138 0
0.1535 0.003 0.0224889 0.0110276 0
0.154 0.003 0.0210625 0.0106887 0
0.1545 0.003 0.0216801 0.0103768 0
0.155 0.003 0.0252722 0.0127774 0
0.1555 0.003 0.0223304 0.0110796 0
0.156 0.003 0.0204093 0.0106013 0
0.1565 0.003 0.0227744 0.00883405 0
0.157 0.003 0.0214407 0.010039 0
0.1575 0.003 0.021974 0.00758354 0
0.158 0.003 0.0198159 0.010956 0
0.1585 0.003 0.0250417 0.0152272 0
0.159 0.003 0.0215288 0.0153048 0
0.1595 0.003 0.0326608 0.01534 0
0.16 0.003 0.0222009 0.00889042 0
0.1605 0.003 0.0209964 0.0105782 0
0.161 0.003 0.0205355 0.0119279 0
0.1615 0.003 0.0263994 0.0125497 0
0.162 0.003 0.0227845 0.011756 0
0.1625 0.003 0.0154641 0.00846346 0
0.163 0.003 0.0265044 0.015739 0
0.1635 0.003 0.0249649 0.0132218 0
0.164 0.003 0.0213999 0.0103136 0
0.1645 0.003 0.0169054 0.00941941 0
0.165 0.003 0.0252646 0.0134067 0
0.1655 0.003 0.0238873 0.00923543 0
0.166 0.003 0.0240362 0.0130057 0
0.1665 0.003 0.0233966 0.0117892 0
0.167 0.003 0.021421 0.00950345 0
0.1675 0.003 0.0164936 0.00841277 0
0.168 0.003 0.0197868 0.00992903 0
0.1685 0.003 0.0229279 0.0119387 0
0.169 0.003 0.0269909 0.0118135 0
0.1695 0.003 0.0216652 0.0110105 0
0.17 0.003 0.0265422 0.0143855 0
0.1705 0.003 0.0204041 0.00980741 0
0.171 0.003 0.0166981 0.00999795 0
0.1715 0.003 0.0291163 0.0166362 0
0.172 0.003 0.0220615 0.00874656 0
0.1725 0.003 0.025085 0.0164671 0
0.173 0.003 0.020993 0.00960824 0
0.1735 0.003 0.0249609 0.0109686 0
0.174 0.003 0.0261918 0.0154802 0
0.1745 0.003 0.028294 0.0109227 0
0.175 0.003 0.0225407 0.011121 0
0.1755 0.003 0.0233892 0.0111321 0
0.176 0.003 0.0229003 0.0122631 0
0.1765 0.003 0.0228318 0.0119055 0
0.177 0.003 0.0242062 0.00966391 0
0.1775 0.003 0.0195345 0.00957912 0
0.178 0.003 0.0199724 0.0101465 0
0.1785 0.003 0.0199563 0.00883223 0
0.179 0.003 0.0226923 0.0102992 0
0.1795 0.003 0.0238067 0.013286 0
0.18 0.003 0.0296688 0.0167298 0
0.1805 0.003 0.0305716 0.0150742 0
0.181 0.003 0.0205001 0.0101 0
0.1815 0.003 0.020147 0.0100332 0
0.182 0.003 0.0275202 0.0116228 0
0.1825 0.003 0.0273915 0.0115047 0
0.183 0.003 0.0232647 0.00994087 0
0.1835 0.003 0.0219878 0.0113726 0
0.184 0.003 0.0187105 0.0115263 0
0.1845 0.003 0.029408 0.0101486 0
0.185 0.003 0.0235339 0.0114513 0
0.1855 0.003 0.0190407 0.00920155 0
0.186 0.003 0.0279746 0.0176554 0
0.1865 0.003 0.0229343 0.010847 0
0.187 0.003 0.0207743 0.0122312 0
0.1875 0.003 0.0250887 0.0119904 0
0.188 0.003 0.0257722 0.0111053 0
0.1885 0.003 0.0197648 0.00970535 0
0.189 0.0035 0.029208 0.0131896 0
0.1895 0.0035 0.0184507 0.00871833 0
0.19 0.0035 0.0176028 0.0121364 0
0.1905 0.0035 0.0250678 0.0126849 0
0.191 0.0035 0.0242948 0.0125137 0
0.1915 0.0035 0.0267884 0.0123975 0
0.192 0.0035 0.0255575 0.0133141 0
0.1925 0.0035 0.0208624 0.00893747 0
0.193 0.0035 0.0258802 0.00899041 0
0.1935 0.0035 0.0218552 0.0108108 0
0.194 0.0035 0.0231369 0.0107664 0
0.1945 0.0035 0.024232 0.0138149 0
0.195 0.0035 0.0234533 0.0117469 0
0.1955 0.0035 0.0199283 0.0092631 0
0.196 0.0035 0.0249464 0.0123859 0
0.1965 0.0035 0.0192275 0.0108317 0
0.197 0.0035 0.0277519 0.0147385 0
0.1975 0.0035 0.0215424 0.011866 0
0.198 0.0035 0.0241257 0.0113113 0
0.1985 0.0035 0.0232308 0.0112465 0
0.199 0.0035 0.0206532 0.0121316 0
0.1995 0.0035 0.0184444 0.0109797 0
0.2 0.0035 0.0259784 0.0123263 0
0.2005 0.0035 0.0212616 0.0127944 0
0.201 0.0035 0.0239937 0.0130103 0
0.2015 0.0035 0.0215161 0.0108965 0
0.202 0.0035 0.0220707 0.0108617 0
0.2025 0.0035 0.0232541 0.00914004 0
0.203 0.0035 0.0273273 0.013752 0
0.2035 0.0035 0.0266195 0.0133925 0
0.204 0.0035 0.0198883 0.0114317 0
0.2045 0.0035 0.0183446 0.0121884 0
0.205 0.0035 0.0282212 0.0124484 0
0.2055 0.0035 0.0261651 0.0111046 0
0.206 0.0035 0.0196401 0.0111619 0
0.2065 0.0035 0.024306 0.0100124 0
0.207 0.0035 0.020737 0.0135325 0
0.2075 0.0035 0.0232405 0.0130509 0
0.208 0.0035 0.0265528 0.00846125 0
0.2085 0.0035 0.0205383 0.0123182 0
0.209 0.0035 0.0314475 0.00934622 0
0.2095 0.0035 0.0275301 0.0146537 0
0.21 0.0035 0.0170402 0.0109844 0
0.2105 0.0035 0.0275846 0.0117173 0
0.211 0.0035 0.0224511 0.0129649 0
0.2115 0.0035 0.0253317 0.0126708 0
0.212 0.0035 0.0290393 0.0129338 0
0.2125 0.0035 0.0223733 0.00943911 0
0.213 0.0035 0.0220682 0.0105005 0
0.2135 0.0035 0.0265945 0.0129882 0
0.214 0.0045 0.0221662 0.0098356 0
0.2145 0.0045 0.031396 0.0118054 0
0.215 0.0045 0.0248943 0.0102168 0
0.2155 0.0045 0.0290669 0.0142357 0
0.216 0.0045 0.0223418 0.00991592 0
0.2165 0.0045 0.023771 0.013931 0
0.217 0.0045 0.0206061 0.010978 0
0.2175 0.0045 0.0202104 0.00988489 0
0.218 0.0045 0.0304701 0.0122771 0
0.2185 0.0045 0.0267206 0.0129735 0
0.219 0.0045 0.0185646 0.00909615 0
0.2195 0.0045 0.0215614 0.0102232 0
0.22 0.0045 0.0265806 0.014044 0
0.2205 0.0045 0.0261534 0.0110074 0
0.221 0.0045 0.0268622 0.0122054 0
0.2215 0.0045 0.0235674 0.0121195 0
0.222 0.0045 0.0270011 0.0130804 0
0.2225 0.0045 0.025873 0.0143245 0
0.223 0.0045 0.0211689 0.00998623 0
0.2235 0.0045 0.0276282 0.0140877 0
0.224 0.0045 0.0262526 0.0131576 0
0.2245 0.0045 0.0193532 0.00982268 0
0.225 0.0045 0.0244405 0.0144359 0
0.2255 0.0045 0.018458 0.00967541 0
0.226 0.0045 0.028484 0.0117452 0
0.2265 0.0045 0.0255781 0.0127098 0
0.227 0.0045 0.0262335 0.0121315 0
0.2275 0.0045 0.0175578 0.00867448 0
0.228 0.0045 0.0282297 0.011688 0
0.2285 0.0045 0.0199106 0.00984437 0
0.229 0.0065 0.0210381 0.00867522 0
0.2295 0.0065 0.0258192 0.0109583 0
0.23 0.0065 0.0278845 0.0104506 0
0.2305 0.0065 0.0287489 0.0137176 0
0.231 0.0065 0.033721 0.0134478 0
0.2315 0.0065 0.0206611 0.0117764 0
0.232 0.0065 0.0275382 0.0113154 0
0.2325 0.0065 0.0255211 0.0116583 0
0.233 0.0065 0.0278182 0.0129654 0
0.2335 0.0065 0.0295201 0.0156021 0
0.234 0.0065 0.0265508 0.0111086 0
0.2345 0.0065 0.0278621 0.015183 0
0.235 0.0065 0.0243219 0.0134041 0
0.2355 0.0065 0.0292409 0.0154154 0
0.236 0.0065 0.0208903 0.0129157 0
0.2365 0.0065 0.0350594 0.0191978 0
0.237 0.0065 0.0201777 0.0101362 0
0.2375 0.0065 0.0290109 0.0166345 0
0.238 0.0065 0.0233559 0.0112682 0
0.2385 0.0065 0.0260492 0.0115847 0
0.239 0.0065 0.0249935 0.0127175 0
0.2395 0.0065 0.0318048 0.0119168 0
0.24 0.0065 0.0239019 0.0100791 0
0.2405 0.0065 0.0262001 0.0153023 0
0.241 0.0065 0.0267179 0.0166727 0
0.2415 0.0065 0.0231555 0.0108819 0
0.242 0.0065 0.0204389 0.0114678 0
0.2425 0.0065 0.0205973 0.0102089 0
0.243 0.0065 0.0274025 0.0140585 0
0.2435 0.0065 0.020763 0.00934443 0
0.244 0.0065 0.0263685 0.0103729 0
0.2445 0.0065 0.0288587 0.0130574 0
0.245 0.0065 0.0218867 0.00956076 0
0.2455 0.0065 0.0200322 0.0131493 0
0.246 0.0065 0.0291588 0.0136043 0
0.2465 0.0065 0.0255922 0.0137854 0
0.247 0.0065 0.0193379 0.0107675 0
0.2475 0.0075 0.023867 0.0136353 0
0.248 0.0075 0.0234553 0.0135585 0
0.2485 0.0075 0.0242207 0.0106157 0
0.249 0.0075 0.0234363 0.011583 0
0.2495 0.0075 0.0218732 0.0121631 0
0.25 0.0075 0.0265557 0.012907 0
0.2505 0.0075 0.0346084 0.0207044 0
0.251 0.0075 0.0330297 0.0167685 0
0.2515 0.0075 0.0213469 0.010784 0
0.252 0.0075 0.021751 0.0105109 0
0.2525 0.0075 0.0238271 0.0110521 0
0.253 0.0075 0.0300315 0.0123069 0
0.2535 0.0075 0.0245454 0.0137927 0
0.254 0.0075 0.0362163 0.0160578 0
0.2545 0.0075 0.02278 0.0123272 0
0.255 0.0075 0.0188079 0.00882586 0
0.2555 0.0075 0.026212 0.0114481 0
0.256 0.0075 0.0227272 0.0149323 0
0.2565 0.0075 0.0285664 0.0139122 0
0.257 0.0075 0.0280777 0.0142819 0
0.2575 0.0075 0.029658 0.0148304 0
0.258 0.0075 0.0312733 0.0141487 0
0.2585 0.0075 0.0258402 0.012304 0
0.259 0.0075 0.0248518 0.0107923 0
0.2595 0.0075 0.0230328 0.0132714 0
0.26 0.0075 0.0267892 0.0147093 0
0.2605 0.0075 0.0279073 0.0136225 0
0.261 0.0075 0.0250127 0.0130524 0
0.2615 0.0075 0.0265492 0.0146896 0
0.262 0.0075 0.022361 0.0121323 0
0.2625 0.0075 0.0299426 0.0151786 0
0.263 0.0075 0.0249383 0.0124041 0
0.2635 0.0075 0.026042 0.0136874 0
0.264 0.0075 0.030136 0.012419 0
0.2645 0.0075 0.0168579 0.00785388 0
0.265 0.0075 0.0243118 0.0129979 0
0.2655 0.0075 0.0229281 0.0113721 0
0.266 0.0075 0.0226744 0.00903128 0
0.2665 0.0075 0.0245394 0.0132259 0
0.267 0.0075 0.0341016 0.0167103 0
0.2675 0.0075 0.0226632 0.0095435 0
0.268 0.0075 0.0245031 0.0131154 0
0.2685 0.0075 0.0270587 0.0159348 0
0.269 0.0075 0.0249692 0.0140646 0
0.2695 0.0075 0.0273495 0.0129294 0
0.27 0.0075 0.0337097 0.0179145 0
0.2705 0.0075 0.0196201 0.0137288 0
0.271 0.0075 0.0295344 0.0153845 0
0.2715 0.0075 0.0239516 0.012402 0
0.272 0.0075 0.0228484 0.0133447 0
0.2725 0.0075 0.0239448 0.0121254 0
0.273 0.0075 0.0275386 0.0146036 0
0.2735 0.0075 0.0302734 0.0149004 0
0.274 0.0075 0.0288348 0.0117299 0
0.2745 0.0075 0.0323988 0.0171384 0
0.275 0.0075 0.0198477 0.0103615 0
0.2755 0.0075 0.0339544 0.014801 0
0.276 0.0075 0.0278112 0.0155488 0
0.2765 0.0075 0.025583 0.0119066 0
0.277 0.0075 0.0274842 0.0141808 0
0.2775 0.0075 0.0240606 0.0124931 0
0.278 0.0075 0.0259309 0.0171206 0
0.2785 0.0075 0.0243976 0.0105957 0
0.279 0.0075 0.0226473 0.013365 0
0.2795 0.0075 0.0230868 0.012777 0
0.28 0.0075 0.0213934 0.0103073 0
0.2805 0.01 0.0228783 0.00995258 0
0.281 0.01 0.0335653 0.0141757 0
0.2815 0.01 0.0278837 0.0101722 0
0.282 0.01 0.0268496 0.0107128 0
0.2825 0.01 0.0309829 0.0139895 0
0.283 0.01 0.0341386 0.0160753 0
0.2835 0.01 0.0285446 0.0116216 0
0.284 0.01 0.0269032 0.0149063 0
0.2845 0.01 0.0239182 0.0130865 0
0.285 0.01 0.028392 0.0153667 0
0.2855 0.01 0.0240334 0.0105532 0
0.286 0.01 0.0197898 0.00845459 0
0.2865 0.0105 0.0321527 0.016709 0
0.287 0.0105 0.0234592 0.0124344 0
0.2875 0.0105 0.0313362 0.0165585 0
0.288 0.0105 0.0291915 0.0103355 0
0.2885 0.0105 0.0220639 0.0110822 0
0.289 0.0105 0.0200637 0.0113529 0
0.2895 0.0105 0.0250278 0.0129936 0
0.29 0.0105 0.0260089 0.0109368 0
0.2905 0.0105 0.029071 0.014555 0
0.291 0.0105 0.0270645 0.0115482 0
0.2915 0.0105 0.0266719 0.015666 0
0.292 0.0105 0.0325378 0.0122659 0
0.2925 0.0105 0.0232944 0.0124329 0
0.293 0.0105 0.0244448 0.00912133 0
0.2935 0.0105 0.025669 0.0135319 0
0.294 0.0105 0.0258952 0.0118983 0
0.2945 0.011 0.0250389 0.0148117 0
0.295 0.011 0.0252255 0.0101703 0
0.2955 0.011 0.0247045 0.0124477 0
0.296 0.011 0.0310796 0.0135229 0
0.2965 0.011 0.0268023 0.0154894 0
0.297 0.011 0.0308754 0.0137846 0
0.2975 0.011 0.0213956 0.0103807 0
0.298 0.011 0.0226235 0.0139343 0
0.2985 0.011 0.0213977 0.0120976 0
0.299 0.011 0.0276163 0.0157691 0
0.2995 0.011 0.0276092 0.0141003 0
0.3 0.011 0.0281201 0.0114682 0
0.3005 0.011 0.0311708 0.0138847 0
0.301 0.011 0.0217782 0.00860628 0
0.3015 0.011 0.0269248 0.0129646 0
0.302 0.011 0.0256952 0.0115017 0
0.3025 0.011 0.0260819 0.0143769 0
0.303 0.011 0.0287922 0.0118189 0
0.3035 0.011 0.0298514 0.0123299 0
0.304 0.011 0.0285952 0.0133752 0
0.3045 0.011 0.0237465 0.0135266 0
0.305 0.011 0.0241743 0.00949384 0
0.3055 0.011 0.0313946 0.0149698 0
0.306 0.011 0.0252533 0.0130404 0
0.3065 0.011 0.0215699 0.0111611 0
0.307 0.011 0.0290634 0.012845 0
0.3075 0.011 0.0253667 0.00907679 0
0.308 0.011 0.0256865 0.0137397 0
0.3085 0.011 0.0242273 0.0145773 0
0.309 0.011 0.0250959 0.0109998 0
0.3095 0.011 0.0280433 0.0137217 0
0.31 0.011 0.0277908 0.0132361 0
0.3105 0.011 0.0208445 0.00896571 0
0.311 0.011 0.0269813 0.010376 0
0.3115 0.011 0.0284475 0.0152672 0
0.312 0.011 0.024173 0.0108287 0
0.3125 0.011 0.0320351 0.0110473 0
0.313 0.011 0.0276564 0.0156676 0
0.3135 0.011 0.0248121 0.0119281 0
0.314 0.011 0.0224309 0.0081501 0
0.3145 0.011 0.0250893 0.0120287 0
0.315 0.011 0.027769 0.0149254 0
0.3155 0.011 0.0250656 0.0115558 0
0.316 0.011 0.029932 0.0177888 0
0.3165 0.011 0.031453 0.0135773 0
0.317 0.011 0.0310969 0.0147813 0
0.3175 0.011 0.0183881 0.00992099 0
0.318 0.011 0.0276569 0.0133317 0
0.3185 0.011 0.023048 0.0135766 0
0.319 0.011 0.028504 0.011536 0
0.3195 0.011 0.0229377 0.0124784 0
0.32 0.011 0.0226217 0.0129455 0
0.3205 0.011 0.0299414 0.0154722 0
0.321 0.011 0.0328452 0.0154966 0
0.3215 0.011 0.0192163 0.0105351 0
0.322 0.011 0.0239743 0.013023 0
0.3225 0.011 0.0242011 0.0116666 0
0.323 0.011 0.0271259 0.0126997 0
0.3235 0.011 0.023855 0.0129487 0
0.324 0.011 0.0288371 0.0157614 0
0.3245 0.011 0.028812 0.0120067 0
0.325 0.011 0.0225802 0.0122259 0
0.3255 0.011 0.025535 0.0119981 0
0.326 0.011 0.0252141 0.0140889 0
0.3265 0.011 0.0333956 0.0143851 0
0.327 0.011 0.0348549 0.0204185 0
0.3275 0.011 0.032912 0.0147308 0
0.328 0.011 0.0254429 0.0105855 0
0.3285 0.011 0.029951 0.0128735 0
0.329 0.011 0.0199906 0.00798676 0
0.3295 0.011 0.0289477 0.0163148 0
0.33 0.011 0.0260326 0.0114049 0
0.3305 0.011 0.0295553 0.0133315 0
0.331 0.011 0.0311342 0.0150628 0
0.3315 0.011 0.0324769 0.0165754 0
0.332 0.011 0.0314835 0.0151566 0
0.3325 0.011 0.0254969 0.0129112 0
0.333 0.011 0.0252532 0.0116185 0
0.3335 0.011 0.0258039 0.0101493 0
0.334 0.011 0.0285689 0.0138004 0
0.3345 0.011 0.0217046 0.0112487 0
0.335 0.011 0.0257413 0.0105632 0
0.3355 0.011 0.0266675 0.0137739 0
0.336 0.011 0.0299168 0.0158769 0
0.3365 0.011 0.0234541 0.011788 0
0.337 0.011 0.0232444 0.0103526 0
0.3375 0.011 0.0248358 0.0129602 0
0.338 0.011 0.0218795 0.0123635 0
0.3385 0.011 0.0259321 0.0158214 0
0.339 0.015 0.0255495 0.0121983 0
0.3395 0.015 0.0266425 0.0120618 0
0.34 0.015 0.0228667 0.00854914 0
0.3405 0.015 0.0307885 0.0183189 0
0.341 0.015 0.0201328 0.00846859 0
0.3415 0.015 0.0217959 0.0122542 0
0.342 0.015 0.0242502 0.0122282 0
0.3425 0.016 0.0276685 0.0128433 0
0.343 0.016 0.0255918 0.0112581 0
0.3435 0.016 0.0297943 0.0163873 0
0.344 0.016 0.028758 0.0157114 0
0.3445 0.016 0.0342437 0.0178304 0
0.345 0.016 0.0244962 0.0133563 0
0.3455 0.016 0.0233702 0.0114853 0
0.346 0.016 0.0211292 0.012056 0
0.3465 0.016 0.0283374 0.0150464 0
0.347 0.017 0.0269487 0.0136454 0
0.3475 0.017 0.029541 0.0165435 0
0.348 0.017 0.0246574 0.0134373 0
0.3485 0.017 0.0223079 0.012025 0
0.349 0.0175 0.0268897 0.0126312 0
0.3495 0.0175 0.0257263 0.012801 0
0.35 0.0175 0.0269805 0.0117667 0
0.3505 0.0175 0.0292637 0.0175752 0
0.351 0.0175 0.0256727 0.0148495 0
0.3515 0.0175 0.0235077 0.0116321 0
0.352 0.0195 0.026554 0.0137144 0
0.3525 0.0195 0.0254054 0.0143231 0
0.353 0.0195 0.0317462 0.0123832 0
0.3535 0.0195 0.025247 0.0109893 0
0.354 0.0195 0.0295839 0.0103147 0
0.3545 0.0195 0.041615 0.0146867 0
0.355 0.0195 0.0307442 0.0121496 0
0.3555 0.0195 0.0314131 0.0182172 0
0.356 0.0195 0.0224223 0.016134 0
0.3565 0.0195 0.0317446 0.0115388 0
0.357 0.0195 0.0235988 0.0141246 0
0.3575 0.0195 0.0288023 0.0150692 0
0.358 0.0195 0.024129 0.00862507 0
0.3585 0.0195 0.0275377 0.0136122 0
0.359 0.0205 0.0239717 0.0116425 0
0.3595 0.0205 0.0278946 0.0133307 0
0.36 0.0205 0.022648 0.0109084 0
0.3605 0.0205 0.0189596 0.0101016 0
0.361 0.0205 0.0251412 0.0114373 0
0.3615 0.0205 0.0329031 0.0205458 0
0.362 0.0205 0.0322466 0.0148952 0
0.3625 0.0205 0.0303772 0.012199 0
0.363 0.0205 0.0260745 0.0121895 0
0.3635 0.0205 0.0322522 0.0158856 0
0.364 0.0205 0.0270808 0.0147072 0
0.3645 0.021 0.0265521 0.0156381 0
0.365 0.021 0.0299514 0.0196575 0
0.3655 0.021 0.0336506 0.0182019 0
0.366 0.021 0.0237952 0.014283 0
0.3665 0.021 0.0293125 0.0144968 0
0.367 0.021 0.020778 0.0123524 0
0.3675 0.021 0.028007 0.0127212 0
0.368 0.021 0.026892 0.0127746 0
0.3685 0.0285 0.0172216 0.00874108 0
0.369 0.0285 0.0365693 0.0139745 0
0.3695 0.0295 0.0241387 0.0128131 0
0.37 0.0295 0.026483 0.0168118 0
0.3705 0.0295 0.0247293 0.0185405 0
0.371 0.0295 0.0226726 0.011147 0
0.3715 0.0295 0.0311376 0.0141495 0
0.372 0.0295 0.0299971 0.0160756 0
0.3725 0.0295 0.0260062 0.0114291 0
0.373 0.0295 0.0340207 0.0158735 0
0.3735 0.0295 0.0307413 0.0135129 0
0.374 0.0295 0.0318007 0.0141949 0
0.3745 0.0295 0.0351948 0.0172272 0
0.375 0.0295 0.021709 0.0139405 0
0.3755 0.0295 0.0300518 0.0157233 0
0.376 0.0295 0.0264624 0.0125233 0
0.3765 0.0295 0.0318819 0.0177427 0
0.377 0.0295 0.0333574 0.0138865 0
0.3775 0.0295 0.0231336 0.01306 0
0.378 0.0295 0.0253021 0.0137347 0
0.3785 0.0295 0.0346534 0.0176659 0
0.379 0.0295 0.0352323 0.0141501 0
0.3795 0.0295 0.0227492 0.00958379 0
0.38 0.0295 0.0250081 0.0153083 0
0.3805 0.0295 0.032759 0.0142512 0
0.381 0.0295 0.0261095 0.0134452 0
0.3815 0.0295 0.0254738 0.0128099 0
0.382 0.0295 0.0252942 0.0154481 0
0.3825 0.0295 0.0296298 0.013812 0
0.383 0.0295 0.0315034 0.0121945 0
0.3835 0.0295 0.0252294 0.0155918 0
0.384 0.0295 0.025489 0.0134711 0
0.3845 0.0295 0.0262319 0.0125911 0
0.385 0.0295 0.0322658 0.0182164 0
0.3855 0.0295 0.0301339 0.0206095 0
0.386 0.0295 0.0277295 0.0144996 0
0.3865 0.0295 0.0315348 0.0148434 0
0.387 0.0295 0.0325028 0.0177155 0
0.3875 0.0295 0.037366 0.0183917 0
0.388 0.0295 0.0238958 0.0146192 0
0.3885 0.0295 0.0321596 0.0140703 0
0.389 0.0295 0.032817 0.0150255 0
0.3895 0.0295 0.0307295 0.0147517 0
0.39 0.0295 0.0300942 0.0117798 0
0.3905 0.0295 0.029328 0.00932641 0
0.391 0.0295 0.034771 0.014526 0
0.3915 0.0295 0.0281625 0.0154118 0
0.392 0.0295 0.0272234 0.0170648 0
0.3925 0.0295 0.0286453 0.0144409 0
0.393 0.0295 0.0292358 0.0147766 0
0.3935 0.0295 0.023131 0.012049 0
0.394 0.0295 0.0257557 0.0118773 0
0.3945 0.0295 0.0261752 0.0118433 0
0.395 0.0295 0.0308057 0.0148436 0
0.3955 0.0295 0.0287687 0.0154248 0
0.396 0.0295 0.0318348 0.0135351 0
0.3965 0.0295 0.0267054 0.0111344 0
0.397 0.0295 0.0227873 0.0109269 0
0.3975 0.0295 0.0341406 0.0171474 0
0.398 0.0295 0.0330592 0.0122813 0
0.3985 0.0295 0.0331844 0.0209396 0
0.399 0.0295 0.0274468 0.0148222 0
0.3995 0.0295 0.0326264 0.0153284 0
0.4 0.0295 0.0324882 0.0131261 0
0.4005 0.0295 0.0315775 0.0118432 0
0.401 0.0335 0.0308778 0.0146526 0
0.4015 0.0335 0.0249526 0.0128281 0
0.402 0.0335 0.0308546 0.0120317 0
0.4025 0.0335 0.0256439 0.0142442 0
0.403 0.0335 0.028346 0.0105232 0
0.4035 0.0335 0.0250713 0.00875826 0
0.404 0.0335 0.0232189 0.0113924 0
0.4045 0.0335 0.0225926 0.0114933 0
0.405 0.0335 0.0329252 0.0163608 0
0.4055 0.034 0.0343377 0.0138755 0
0.406 0.034 0.0380062 0.0149731 0
0.4065 0.034 0.0352417 0.01385 0
0.407 0.034 0.0264113 0.0146005 0
0.4075 0.034 0.0306009 0.0188604 0
0.408 0.034 0.0304273 0.0115094 0
0.4085 0.034 0.0334478 0.0178592 0
0.409 0.034 0.0264726 0.0136432 0
0.4095 0.034 0.0351754 0.0148496 0
0.41 0.034 0.0338519 0.0157316 0
0.4105 0.034 0.0320287 0.0120297 0
0.411 0.034 0.0300542 0.015098 0
0.4115 0.034 0.0310768 0.0123744 0
0.412 0.034 0.0302956 0.0203909 0
0.4125 0.034 0.042691 0.0170783 0
0.413 0.034 0.0275058 0.0103422 0
0.4135 0.034 0.0267257 0.0127666 0
0.414 0.034 0.0257301 0.0146677 0
0.4145 0.034 0.0243458 0.0115336 0
0.415 0.034 0.0266067 0.0116075 0
0.4155 0.034 0.0314726 0.0191861 0
0.416 0.034 0.0386543 0.0169567 0
0.4165 0.0345 0.0335264 0.0155962 0
0.417 0.0345 0.0194052 0.00768837 0
0.4175 0.0345 0.0406131 0.0191858 0
0.418 0.0345 0.0290504 0.0161277 0
0.4185 0.0345 0.0267885 0.0146819 0
0.419 0.0345 0.0318903 0.017756 0
0.4195 0.0345 0.0335509 0.0154081 0
0.42 0.0345 0.0357887 0.0178712 0
0.4205 0.0345 0.0317653 0.0141062 0
0.421 0.0345 0.0387638 0.026549 0
0.4215 0.0345 0.0231527 0.0106768 0
0.422 0.0345 0.0235175 0.0163781 0
0.4225 0.0345 0.0290919 0.0139588 0
0.423 0.0345 0.0283442 0.0136847 0
0.4235 0.0345 0.0428333 0.0166957 0
0.424 0.0345 0.0297832 0.01648 0
0.4245 0.0345 0.0371347 0.0152831 0
0.425 0.0345 0.031452 0.0150738 0
0.4255 0.0345 0.0331788 0.0127371 0
0.426 0.0345 0.0255179 0.0143498 0
0.4265 0.0345 0.0307977 0.0129585 0
0.427 0.0345 0.0257001 0.0103166 0
0.4275 0.0345 0.0289547 0.0126225 0
0.428 0.0345 0.0241273 0.0140739 0
0.4285 0.0345 0.0310588 0.01437 0
0.429 0.0345 0.0322954 0.014982 0
0.4295 0.0345 0.029696 0.00913685 0
0.43 0.0345 0.0438282 0.0147822 0
0.4305 0.0345 0.0473422 0.0248868 0
0.431 0.0345 0.0421728 0.0319205 0
0.4315 0.035 0.0337852 0.013255 0
0.432 0.035 0.0293192 0.013843 0
0.4325 0.035 0.0253726 0.0119661 0
0.433 0.035 0.0348224 0.0188285 0
0.4335 0.035 0.0293755 0.0193868 0
0.434 0.035 0.0294113 0.0134377 0
0.4345 0.0355 0.0300797 0.0143918 0
0.435 0.0355 0.0292298 0.0151572 0
0.4355 0.0355 0.0301356 0.0151144 0
0.436 0.0355 0.0297961 0.0149748 0
0.4365 0.0375 0.028971 0.0159998 0
0.437 0.0375 0.0256216 0.0144322 0
0.4375 0.0375 0.0306915 0.0148108 0
0.438 0.0375 0.0298365 0.0143135 0
0.4385 0.0375 0.0266825 0.0137003 0
0.439 0.0375 0.0350242 0.02221 0
0.4395 0.038 0.0363048 0.0168034 0
0.44 0.038 0.0364942 0.0190681 0
0.4405 0.038 0.028734 0.0125895 0
0.441 0.038 0.0391934 0.0191164 0
0.4415 0.038 0.0324431 0.0161169 0
0.442 0.038 0.0317772 0.0122235 0
0.4425 0.038 0.0285642 0.0130457 0
0.443 0.038 0.0277138 0.0158345 0
0.4435 0.038 0.0216466 0.00883048 0
0.444 0.038 0.0322525 0.0139922 0
0.4445 0.038 0.0222516 0.0132288 0
0.445 0.038 0.0244612 0.0167603 0
0.4455 0.038 0.0258541 0.0112094 0
0.446 0.038 0.0288012 0.0156752 0
0.4465 0.038 0.0302403 0.0124137 0
0.447 0.038 0.0370994 0.0157555 0
0.4475 0.038 0.0379694 0.0206334 0
0.448 0.038 0.029196 0.0175654 0
0.4485 0.038 0.0319408 0.0172289 0
0.449 0.038 0.026526 0.0126178 0
0.4495 0.038 0.0344586 0.0164856 0
0.45 0.038 0.0351926 0.0195122 0
0.4505 0.038 0.0290086 0.0145825 0
0.451 0.038 0.0416435 0.0195831 0
0.4515 0.038 0.0216713 0.0107243 0
0.452 0.038 0.0383753 0.0194821 0
0.4525 0.038 0.0312638 0.0162759 0
0.453 0.038 0.0438531 0.0200307 0
0.4535 0.038 0.0307288 0.0178633 0
0.454 0.038 0.0330074 0.018604 0
0.4545 0.038 0.022565 0.0109006 0
0.455 0.038 0.0348949 0.0167181 0
0.4555 0.038 0.0320539 0.0163036 0
0.456 0.038 0.0314853 0.0122944 0
0.4565 0.038 0.0301184 0.0130192 0
0.457 0.038 0.0325016 0.0160598 0
0.4575 0.038 0.0286932 0.0163922 0
0.458 0.038 0.0364713 0.0197517 0
0.4585 0.038 0.0308521 0.0122364 0
0.459 0.038 0.0355563 0.0163576 0
0.4595 0.038 0.0303987 0.0157798 0
0.46 0.038 0.0352525 0.0174269 0
0.4605 0.038 0.0353859 0.0144406 0
0.461 0.038 0.0227256 0.0126494 0
0.4615 0.038 0.0291854 0.0139262 0
0.462 0.038 0.0268503 0.0159283 0
0.4625 0.038 0.0320435 0.0158376 0
0.463 0.038 0.0265724 0.0141221 0
0.4635 0.038 0.0246785 0.012529 0
0.464 0.038 0.0312861 0.0126819 0
0.4645 0.038 0.0277052 0.0151448 0
0.465 0.038 0.0291243 0.0135363 0
0.4655 0.038 0.0303432 0.0168135 0
0.466 0.038 0.0284411 0.0152306 0
0.4665 0.038 0.0374467 0.0180185 0
0.467 0.038 0.0270696 0.013521 0
0.4675 0.0385 0.0312519 0.0133761 0
0.468 0.0385 0.0333575 0.0164929 0
0.4685 0.0395 0.0333933 0.0165925 0
0.469 0.0395 0.0323449 0.0112425 0
0.4695 0.0395 0.0360171 0.0167928 0
0.47 0.0395 0.0366737 0.0193824 0
0.4705 0.0395 0.042971 0.0168881 0
0.471 0.0395 0.0337771 0.0125476 0
0.4715 0.0395 0.0308106 0.0125294 0
0.472 0.0395 0.0419176 0.0156549 0
0.4725 0.0395 0.0250117 0.0129532 0
0.473 0.0395 0.0418941 0.0208141 0
0.4735 0.0395 0.0363696 0.0177326 0
0.474 0.0395 0.0351117 0.0171652 0
0.4745 0.0395 0.0316617 0.0107937 0
0.475 0.0395 0.0285617 0.0150595 0
0.4755 0.0395 0.0290385 0.0152163 0
0.476 0.0395 0.0368882 0.0150279 0
0.4765 0.0395 0.0341255 0.0132119 0
0.477 0.0395 0.0384746 0.0201446 0
0.4775 0.0395 0.0287274 0.0171829 0
0.478 0.0395 0.0277011 0.0168487 0
0.4785 0.0395 0.0299443 0.0123668 0
0.479 0.0395 0.0369284 0.016842 0
0.4795 0.0395 0.0401721 0.0164252 0
0.48 0.0395 0.0255444 0.0152365 0
0.4805 0.0395 0.0320906 0.0190031 0
0.481 0.0395 0.0395908 0.016109 0
0.4815 0.0395 0.0350527 0.0144475 0
0.482 0.0395 0.0330604 0.0174064 0
0.4825 0.0395 0.0204502 0.0126722 0
0.483 0.0395 0.0264264 0.0107309 0
0.4835 0.0395 0.0379118 0.0197487 0
0.484 0.0395 0.035467 0.0139513 0
0.4845 0.0395 0.049436 0.0186692 0
0.485 0.0395 0.0344522 0.0197975 0
0.4855 0.0395 0.031931 0.0138869 0
0.486 0.0395 0.0342785 0.0156276 0
0.4865 0.0395 0.0422989 0.0177996 0
0.487 0.0395 0.0388353 0.0200649 0
0.4875 0.0395 0.0415126 0.0205681 0
0.488 0.0395 0.0293211 0.0150007 0
0.4885 0.0395 0.0305185 0.0126747 0
0.489 0.0515 0.0337295 0.0157105 0
0.4895 0.0515 0.0277859 0.0107628 0
0.49 0.0515 0.0283865 0.0112492 0
0.4905 0.0515 0.0298675 0.0147822 0
0.491 0.0515 0.0307932 0.015553 0
0.4915 0.0515 0.0262421 0.0120341 0
0.492 0.0535 0.0314075 0.0155801 0
0.4925 0.0535 0.0480248 0.0206949 0
0.493 0.0535 0.0223287 0.0105322 0
0.4935 0.0535 0.0306289 0.0119611 0
0.494 0.0535 0.0302141 0.0172958 0
0.4945 0.0535 0.0362647 0.0161274 0
0.495 0.0535 0.0290153 0.0142695 0
0.4955 0.0535 0.0413865 0.0271885 0
0.496 0.0535 0.0322489 0.0153981 0
0.4965 0.0535 0.0320036 0.0153263 0
0.497 0.0535 0.0323971 0.0221563 0
0.4975 0.054 0.0342102 0.0222273 0
0.498 0.054 0.0315001 0.0129298 0
0.4985 0.054 0.0397952 0.0280287 0
0.499 0.054 0.0297219 0.0155075 0
0.4995 0.054 0.03517 0.0181975 0
0.5 0.055 0.0272231 0.0161905 0
0.5005 0.0555 0.0429108 0.0209851 0
0.501 0.0555 0.0263826 0.0117634 0
0.5015 0.0555 0.0344975 0.0173345 0
0.502 0.0555 0.0316796 0.0189622 0
0.5025 0.056 0.034403 0.0137006 0
0.503 0.0605 0.0228653 0.0123536 0
0.5035 0.0605 0.0355525 0.018201 0
0.504 0.105 0.0344861 0.0173555 0
0.5045 0.105 0.0243602 0.0106847 0
0.505 0.105 0.0359597 0.0182996 0
0.5055 0.105 0.0319471 0.0149439 0
0.506 0.105 0.0352412 0.0185836 0
0.5065 0.105 0.0400056 0.0191967 0
0.507 0.105 0.0280816 0.0122446 0
0.5075 0.105 0.0320499 0.0160758 0
0.508 0.105 0.0465727 0.0172688 0
0.5085 0.105 0.0287356 0.0116402 0
0.509 0.105 0.0339567 0.015221 0
0.5095 0.105 0.0273273 0.0141847 0
0.51 0.105 0.0417586 0.0203044 0
0.5105 0.105 0.0303528 0.0118089 0
0.511 0.105 0.0483501 0.0154015 0
0.5115 0.105 0.0285077 0.0105232 0
0.512 0.105 0.0329622 0.0161906 0
0.5125 0.105 0.0330769 0.0177981 0
0.513 0.105 0.0347061 0.0170048 0
0.5135 0.105 0.0293963 0.0135718 0
0.514 0.105 0.0317402 0.0128634 0
0.5145 0.105 0.0315714 0.0156964 0
0.515 0.109 0.0359924 0.0188381 0
0.5155 0.1095 0.0330543 0.0149936 0
0.516 0.1095 0.0209253 0.0101279 0
0.5165 0.1095 0.0365788 0.0203595 0
0.517 0.11 0.0246 0.0138504 0
0.5175 0.11 0.0438364 0.0172722 0
0.518 0.11 0.0271947 0.0128064 0
0.5185 0.11 0.0299813 0.0117529 0
0.519 0.1105 0.0248152 0.0149917 0
0.5195 0.111 0.0322826 0.0198286 0
0.52 0.111 0.0262379 0.0129923 0
0.5205 0.111 0.0447783 0.0205326 0
0.521 0.1115 0.0316603 0.0171678 0
0.5215 0.1115 0.0371508 0.0254591 0
0.522 0.1115 0.0351907 0.0156417 0
0.5225 0.1115 0.0428503 0.0275079 0
0.523 0.1115 0.0401764 0.021387 0
0.5235 0.1115 0.0379096 0.0139973 0
0.524 0.1115 0.0272196 0.0132459 0
0.5245 0.1135 0.0300784 0.0108052 0
0.525 0.1135 0.0280575 0.00957266 0
0.5255 0.114 0.0345997 0.017632 0
0.526 0.114 0.0331439 0.0169927 0
0.5265 0.114 0.0325225 0.0146119 0
0.527 0.114 0.0379833 0.0168082 0
0.5275 0.114 0.0343808 0.0121837 0
0.528 0.1145 0.0315702 0.0184291 0
0.5285 0.1145 0.0381281 0.0206652 0
0.529 0.1145 0.0291264 0.0156649 0
0.5295 0.1145 0.0360985 0.0149478 0
0.53 0.1145 0.0359737 0.015763 0
0.5305 0.1145 0.0394168 0.0154369 0
0.531 0.115 0.0401318 0.0170698 0
0.5315 0.1155 0.0295967 0.0178312 0
0.532 0.1155 0.0259096 0.0117241 0
0.5325 0.1155 0.024513 0.0137416 0
0.533 0.1155 0.0368711 0.00878024 0
0.5335 0.117 0.0362031 0.0129211 0
0.534 0.1255 0.030103 0.021462 0
0.5345 0.1255 0.0335179 0.0229032 0
0.535 0.1265 0.0263467 0.0150979 0
0.5355 0.1265 0.0373524 0.0208571 0
0.536 0.1265 0.027493 0.0116456 0
0.5365 0.1265 0.0389638 0.0236809 0
0.537 0.1265 0.0295425 0.0104958 0
0.5375 0.1265 0.0302257 0.0155045 0
0.538 0.1265 0.0419313 0.0186909 0
0.5385 0.1275 0.0385939 0.0192617 0
0.539 0.1275 0.0382878 0.020263 0
0.5395 0.1275 0.045643 0.017414 0
0.54 0.1275 0.0376659 0.0165777 0
0.5405 0.1275 0.0349813 0.0295363 0
0.541 0.1295 0.0417975 0.0204425 0
0.5415 0.13 0.0386651 0.0146474 0
0.542 0.13 0.0374082 0.0151619 0
0.5425 0.1375 0.0381712 0.0120653 0
0.543 0.14 0.0317777 0.0118182 0
0.5435 0.14 0.0287835 0.0103546 0
0.544 0.14 0.0308026 0.0120965 0
0.5445 0.14 0.0472646 0.0154504 0
0.545 0.1405 0.0351417 0.0165466 0
0.5455 0.141 0.0351513 0.0171949 0
0.546 0.141 0.0377774 0.0166707 0
0.5465 0.1425 0.0301839 0.0132066 0
0.547 0.1425 0.0420118 0.016548 0
0.5475 0.1425 0.0323846 0.0193237 0
0.548 0.143 0.0318222 0.0110349 0
0.5485 0.143 0.0334383 0.0129468 0
0.549 0.143 0.0353379 0.0158834 0
0.5495 0.1455 0.0339476 0.0199089 0
0.55 0.1455 0.0406415 0.0193652 0
0.5505 0.1455 0.042905 0.0268254 0
0.551 0.1455 0.0312059 0.0210197 0
0.5515 0.1455 0.0445997 0.0227995 0
0.552 0.1455 0.038249 0.0184936 0
0.5525 0.1455 0.0274276 0.0129193 0
0.553 0.1455 0.0348432 0.0144427 0
0.5535 0.1455 0.0339027 0.0150281 0
0.554 0.1455 0.0318042 0.0101932 0
0.5545 0.146 0.0480112 0.0180358 0
0.555 0.146 0.0435704 0.0201865 0
0.5555 0.1465 0.032921 0.0132565 0
0.556 0.1465 0.0491228 0.0199078 0
0.5565 0.1535 0.0264898 0.0120531 0
0.557 0.1535 0.0327444 0.0182161 0
0.5575 0.1535 0.0229731 0.014306 0
0.558 0.1535 0.0353943 0.0171132 0
0.5585 0.1535 0.0487221 0.0223585 0
0.559 0.1535 0.0280768 0.0146767 0
0.5595 0.1535 0.0327358 0.0193804 0
0.56 0.1535 0.0461691 0.0188518 0
0.5605 0.1535 0.0420789 0.013665 0
0.561 0.1565 0.0269027 0.0144207 0
0.5615 0.157 0.0352782 0.0133563 0
0.562 0.157 0.0383592 0.0159855 0
0.5625 0.157 0.0327299 0.0136468 0
0.563 0.157 0.0303742 0.0136634 0
0.5635 0.157 0.0345614 0.0189862 0
0.564 0.158 0.0329661 0.016549 0
0.5645 0.1585 0.033412 0.0186296 0
0.565 0.1585 0.0344784 0.01768 0
0.5655 0.1585 0.0351437 0.019324 0
0.566 0.1585 0.0321563 0.0144497 0
0.5665 0.1585 0.0387197 0.0196802 0
0.567 0.1585 0.0346103 0.0142874 0
0.5675 0.1585 0.0343733 0.0209283 0
0.568 0.1585 0.0358473 0.0128493 0
0.5685 0.1585 0.0304089 0.0166621 0
0.569 0.1585 0.0313508 0.0111644 0
0.5695 0.1585 0.0306134 0.016691 0
0.57 0.1585 0.033586 0.0187723 0
0.5705 0.1585 0.0317478 0.0145386 0
0.571 0.1585 0.0277934 0.0128042 0
0.5715 0.1585 0.0457941 0.0207601 0
0.572 0.1585 0.0351652 0.016539 0
0.5725 0.164 0.0315924 0.0133775 0
0.573 0.164 0.0240917 0.0119521 0
0.5735 0.164 0.038388 0.0184121 0
0.574 0.164 0.0212443 0.0142321 0
0.5745 0.164 0.0377348 0.0238308 0
0.575 0.164 0.0303318 0.0139509 0
0.5755 0.168 0.0385286 0.0177255 0
0.576 0.168 0.0339435 0.0188134 0
0.5765 0.1695 0.0320041 0.0177264 0
0.577 0.1695 0.0370665 0.0176918 0
0.5775 0.1695 0.0207292 0.00986616 0
0.578 0.1695 0.0352004 0.0188194 0
0.5785 0.1695 0.0335563 0.0183926 0
0.579 0.1695 0.0290631 0.0126962 0
0.5795 0.17 0.0412115 0.0188074 0
0.58 0.1785 0.0244127 0.0122922 0
0.5805 0.1795 0.0350282 0.0208563 0
0.581 0.2895 0.0427734 0.0205598 0
0.5815 0.2895 0.0289613 0.0142469 0
0.582 0.2925 0.0460357 0.0336861 0
0.5825 0.2925 0.0318841 0.0151639 0
0.583 0.2925 0.0337888 0.0163745 0
0.5835 0.293 0.040168 0.0191088 0
0.584 0.293 0.0451811 0.0182628 0
0.5845 0.2945 0.0308771 0.0170703 0
0.585 0.2945 0.0553944 0.0180298 0
0.5855 0.2945 0.0416647 0.0149992 0
0.586 0.2945 0.0334544 0.0152882 0
0.5865 0.2945 0.0403803 0.0176545 0
0.587 0.305 0.0486299 0.0304729 0
0.5875 0.305 0.0389702 0.0197662 0
0.588 0.306 0.0306926 0.0143752 0
0.5885 0.309 0.0381339 0.0201123 0
0.589 0.309 0.0437949 0.0138661 0
0.5895 0.309 0.0402002 0.0186624 0
0.59 0.309 0.0306447 0.0128159 0
0.5905 0.3095 0.0466074 0.0193733 0
0.591 0.333 0.0372512 0.0119916 0
0.5915 0.334 0.0335339 0.0179056 0
0.592 0.334 0.0411107 0.0146516 0
0.5925 0.334 0.0334674 0.0172868 0
0.593 0.334 0.0310206 0.0189397 0
0.5935 0.334 0.0523178 0.026665 0
0.594 0.334 0.0331997 0.0137063 0
0.5945 0.336 0.0356478 0.0164956 0
0.595 0.3365 0.0486172 0.0265582 0
0.5955 0.3375 0.0397184 0.0168151 0
0.596 0.338 0.0513534 0.0195 0
0.5965 0.3385 0.0486597 0.0173762 0
0.597 0.3395 0.0328715 0.0170115 0
0.5975 0.3395 0.0385302 0.0174656 0
0.598 0.3395 0.0279379 0.0171753 0
0.5985 0.3395 0.0328664 0.0184671 0
0.599 0.341 0.0421105 0.0209102 0
0.5995 0.3415 0.0423232 0.0174495 0
0.6 0.3445 0.0380642 0.0176398 0
0.6005 0.3445 0.0313022 0.0149564 0
0.601 0.345 0.0581379 0.0221404 0
0.6015 0.345 0.0320998 0.0156835 0
0.602 0.346 0.0390861 0.0185923 0
0.6025 0.346 0.0402812 0.0195632 0
0.603 0.3465 0.0397444 0.0219022 0
0.6035 0.347 0.043943 0.0178915 0
0.604 0.3475 0.0417995 0.0218595 0
0.6045 0.3475 0.032609 0.0163006 0
0.605 0.348 0.0510191 0.0234067 0
0.6055 0.3655 0.0456784 0.0217789 0
0.606 0.3655 0.0216794 0.0130845 0
0.6065 0.366 0.0277352 0.0116666 0
0.607 0.366 0.0279137 0.0150511 0
0.6075 0.366 0.0437376 0.0204274 0
0.608 0.366 0.0279877 0.0161774 0
0.6085 0.366 0.0255596 0.012636 0
0.609 0.371 0.0542653 0.0219787 0
0.6095 0.3715 0.0454129 0.0146439 0
0.61 0.3715 0.0405057 0.021824 0
0.6105 0.372 0.0359553 0.0122716 0
0.611 0.3795 0.0552892 0.0235434 0
0.6115 0.3795 0.0439948 0.020525 0
0.612 0.381 0.0529532 0.0133373 0
0.6125 0.381 0.0362721 0.0140588 0
0.613 0.381 0.0314654 0.0134989 0
0.6135 0.381 0.0459555 0.0203508 0
0.614 0.398 0.0485582 0.020886 0
0.6145 0.404 0.0398623 0.0173936 0
0.615 0.404 0.0461552 0.0188349 0
0.6155 0.404 0.0458446 0.0140274 0
0.616 0.4075 0.0516496 0.0296523 0
0.6165 0.4075 0.0268621 0.0134858 0
0.617 0.4075 0.0450711 0.0193868 0
0.6175 0.4075 0.042471 0.0169832 0
0.618 0.4085 0.0336433 0.0142079 0
0.6185 0.409 0.0313333 0.0190769 0
0.619 0.409 0.0287422 0.0201139 0
0.6195 0.409 0.0262975 0.0148455 0
0.62 0.41 0.0372251 0.0190423 0
0.6205 0.41 0.0379323 0.0183216 0
0.621 0.411 0.038427 0.0166626 0
0.6215 0.411 0.0344558 0.0101639 0
0.622 0.4145 0.0345033 0.0138182 0
0.6225 0.4145 0.046223 0.0197343 0
0.623 0.4145 0.04189 0.021221 0
0.6235 0.4165 0.046425 0.0216291 0
0.624 0.417 0.0359372 0.0204472 0
0.6245 0.4175 0.0326638 0.020173 0
0.625 0.4175 0.0358081 0.0148771 0
0.6255 0.418 0.0315867 0.0191342 0
0.626 0.418 0.0455506 0.0186244 0
0.6265 0.4185 0.0492512 0.0154665 0
0.627 0.4185 0.0386116 0.0178851 0
0.6275 0.4185 0.0470227 0.020374 0
0.628 0.421 0.0374325 0.015511 0
0.6285 0.421 0.0377806 0.0202757 0
0.629 0.4215 0.0429994 0.0166333 0
0.6295 0.422 0.035152 0.0168768 0
0.63 0.422 0.0405015 0.0244843 0
0.6305 0.422 0.0424705 0.0185666 0
0.631 0.4225 0.0365631 0.0151827 0
0.6315 0.4325 0.0345678 0.0158067 0
0.632 0.4325 0.0324427 0.0148721 0
0.6325 0.4325 0.0339731 0.0125325 0
0.633 0.4325 0.0406503 0.0179964 0
0.6335 0.44 0.0489025 0.0284267 0
0.634 0.4455 0.0481417 0.0209446 0
0.6345 0.446 0.0354977 0.0138113 0
0.635 0.446 0.0221332 0.0101989 0
0.6355 0.4465 0.042527 0.01552 0
0.636 0.447 0.0472019 0.0202654 0
0.6365 0.451 0.0429915 0.0159142 0
0.637 0.452 0.0317713 0.0133205 0
0.6375 0.454 0.0376056 0.0164473 0
0.638 0.4545 0.0735369 0.031645 0
0.6385 0.4545 0.043831 0.0250637 0
0.639 0.455 0.045675 0.01801 0
0.6395 0.4595 0.0356717 0.0169463 0
0.64 0.4595 0.0348306 0.0213014 0
0.6405 0.461 0.0545345 0.0284418 0
0.641 0.4625 0.0419311 0.0166019 0
0.6415 0.4625 0.0572144 0.0258284 0
0.642 0.4635 0.0290438 0.0115402 0
0.6425 0.4635 0.0336443 0.0216029 0
0.643 0.4635 0.0560153 0.0178921 0
0.6435 0.4635 0.0459078 0.0225089 0
0.644 0.464 0.031885 0.0216927 0
0.6445 0.464 0.0300447 0.0098164 0
0.645 0.464 0.0569414 0.021701 0
0.6455 0.4645 0.0402653 0.0225713 0
0.646 0.4645 0.042726 0.0149292 0
0.6465 0.4665 0.0400255 0.0246556 0
0.647 0.4665 0.0501604 0.0235393 0
0.6475 0.4665 0.0523554 0.0198834 0
0.648 0.4665 0.043748 0.0227271 0
0.6485 0.4665 0.0462744 0.0203109 0
0.649 0.4665 0.0501741 0.0203999 0
0.6495 0.467 0.0378741 0.0178834 0
0.65 0.4675 0.0441712 0.0211731 0
0.6505 0.4675 0.0361259 0.016328 0
0.651 0.469 0.0453176 0.0156017 0
0.6515 0.469 0.0321733 0.0226336 0
0.652 0.4695 0.0404573 0.0224482 0
0.6525 0.471 0.034155 0.0196978 0
0.653 0.471 0.0560699 0.0263507 0
0.6535 0.471 0.0401461 0.0178399 0
0.654 0.4715 0.0267222 0.0182386 0
0.6545 0.4715 0.0579726 0.0216082 0
0.655 0.4815 0.0461839 0.0238495 0
0.6555 0.4985 0.0480608 0.021468 0
0.656 0.4995 0.055011 0.0236413 0
0.6565 0.5005 0.0321825 0.0152333 0
0.657 0.5005 0.0396592 0.0210993 0
0.6575 0.501 0.059636 0.0261979 0
0.658 0.501 0.0468411 0.0201579 0
0.6585 0.501 0.0302172 0.0119994 0
0.659 0.5015 0.044111 0.0250564 0
0.6595 0.502 0.0469156 0.0174645 0
0.66 0.503 0.0436492 0.0191828 0
0.6605 0.5035 0.0590364 0.0134286 0
0.661 0.5045 0.0422269 0.0257614 0
0.6615 0.5045 0.0346058 0.0146546 0
0.662 0.5045 0.0549962 0.0318688 0
0.6625 0.5045 0.0318585 0.015935 0
0.663 0.5045 0.0364649 0.0190639 0
0.6635 0.505 0.0268362 0.0127074 0
0.664 0.509 0.062379 0.0295437 0
0.6645 0.509 0.0468925 0.0216748 0
0.665 0.5095 0.0328046 0.0189453 0
0.6655 0.5105 0.0536719 0.0208624 0
0.666 0.511 0.0281273 0.0124098 0
0.6665 0.511 0.0486118 0.0159412 0
0.667 0.513 0.0452975 0.0207654 0
0.6675 0.5135 0.0376456 0.0112444 0
0.668 0.5135 0.0514597 0.0170581 0
0.6685 0.514 0.0365091 0.0195003 0
0.669 0.514 0.0455934 0.0213851 0
0.6695 0.5145 0.0621091 0.0189726 0
0.67 0.519 0.0384508 0.0200507 0
0.6705 0.5195 0.0442439 0.0249722 0
0.671 0.5195 0.0469104 0.0225033 0
0.6715 0.52 0.0483212 0.0166054 0
0.672 0.5205 0.0407845 0.0176513 0
0.6725 0.5205 0.0393148 0.0190993 0
0.673 0.5205 0.056125 0.0195003 0
0.6735 0.5205 0.0428018 0.0174692 0
0.674 0.5215 0.0411604 0.0171607 0
0.6745 0.5215 0.0566142 0.038476 0
0.675 0.5215 0.0512207 0.0144737 0
0.6755 0.522 0.0585626 0.0265712 0
0.676 0.522 0.0647897 0.0201639 0
0.6765 0.522 0.0381705 0.0197699 0
0.677 0.5225 0.0318209 0.0179625 0
0.6775 0.5225 0.0619128 0.0297412 0
0.678 0.5225 0.0519633 0.0198071 0
0.6785 0.523 0.0523787 0.0278228 0
0.679 0.5235 0.0658083 0.0341424 0
0.6795 0.5245 0.0598635 0.0339302 0
0.68 0.5315 0.039554 0.0205966 0
0.6805 0.532 0.0382099 0.019543 0
0.681 0.532 0.0445258 0.0174659 0
0.6815 0.532 0.050655 0.0214195 0
0.682 0.532 0.0417041 0.0164669 0
0.6825 0.5355 0.0546474 0.0142512 0
0.683 0.5355 0.037589 0.0221463 0
0.6835 0.5355 0.0410071 0.0190942 0
0.684 0.5355 0.0412946 0.0205259 0
0.6845 0.536 0.0268714 0.0143127 0
0.685 0.536 0.0476223 0.0241919 0
0.6855 0.536 0.0441169 0.0202591 0
0.686 0.5365 0.0572491 0.0230785 0
0.6865 0.537 0.049681 0.0293556 0
0.687 0.537 0.027449 0.0122439 0
0.6875 0.537 0.0313715 0.0158676 0
0.688 0.537 0.0513183 0.0180487 0
0.6885 0.537 0.0394626 0.0204905 0
0.689 0.537 0.0273161 0.0138749 0
0.6895 0.5405 0.065522 0.0341415 0
0.69 0.541 0.0397228 0.0161537 0
0.6905 0.541 0.0523458 0.0161793 0
0.691 0.5415 0.044055 0.0219569 0
0.6915 0.5415 0.0491888 0.0184133 0
0.692 0.5415 0.0346496 0.0255799 0
0.6925 0.5425 0.0394432 0.0183303 0
0.693 0.543 0.0513036 0.0240639 0
0.6935 0.5435 0.0558755 0.0230883 0
0.694 0.5445 0.0310348 0.0155124 0
0.6945 0.545 0.0486478 0.0225895 0
0.695 0.545 0.0429026 0.0247347 0
0.6955 0.5455 0.0443099 0.0195528 0
0.696 0.5455 0.0515659 0.0211652 0
0.6965 0.5455 0.051594 0.0235613 0
0.697 0.5455 0.035852 0.0241469 0
0.6975 0.546 0.0652014 0.0287846 0
0.698 0.5465 0.0492705 0.0295408 0
0.6985 0.551 0.0359788 0.0146919 0
0.699 0.5515 0.0524961 0.026755 0
0.6995 0.552 0.0577008 0.0259822 0
0.7 0.552 0.038812 0.0144406 0
0.7005 0.5525 0.043428 0.0170579 0
0.701 0.5525 0.0431932 0.0235619 0
0.7015 0.5525 0.0466606 0.0158506 0
0.702 0.553 0.0297169 0.0165489 0
0.7025 0.5545 0.0349386 0.0158078 0
0.703 0.5545 0.0629837 0.0223447 0
0.7035 0.5545 0.0460215 0.02533 0
0.704 0.555 0.0552855 0.027937 0
0.7045 0.555 0.0360192 0.0191523 0
0.705 0.555 0.0634652 0.0251346 0
0.7055 0.555 0.0432788 0.0147234 0
0.706 0.5555 0.0478252 0.0184709 0
0.7065 0.5555 0.0482007 0.0229192 0
0.707 0.56 0.0361043 0.0203387 0
0.7075 0.56 0.035839 0.0143451 0
0.708 0.56 0.0517193 0.0194547 0
0.7085 0.56 0.0656243 0.0340964 0
0.709 0.56 0.035817 0.0177417 0
0.7095 0.561 0.0633939 0.0236199 0
0.71 0.561 0.0542461 0.0200871 0
0.7105 0.5615 0.0710854 0.0361713 0
0.711 0.5615 0.0404617 0.017188 0
0.7115 0.562 0.0473102 0.02297 0
0.712 0.562 0.0450906 0.0207373 0
0.7125 0.5625 0.0396359 0.0190412 0
0.713 0.5625 0.0371785 0.0170561 0
0.7135 0.5625 0.0365019 0.023324 0
0.714 0.5645 0.0307931 0.0141643 0
0.7145 0.566 0.0526764 0.0217617 0
0.715 0.566 0.0445521 0.0185593 0
0.7155 0.5665 0.0424715 0.0165792 0
0.716 0.5665 0.0379915 0.0131077 0
0.7165 0.567 0.0378383 0.0174971 0
0.717 0.567 0.0567037 0.0241195 0
0.7175 0.567 0.0581951 0.043726 0
0.718 0.567 0.0487606 0.0126053 0
0.7185 0.5795 0.04894 0.0204575 0
0.719 0.58 0.0768455 0.0162162 0
0.7195 0.58 0.0434315 0.0273482 0
0.72 0.58 0.0283586 0.0135251 0
0.7205 0.5945 0.0583187 0.0174434 0
0.721 0.5945 0.0694104 0.0304714 0
0.7215 0.5945 0.063973 0.0237104 0
0.722 0.5945 0.0535935 0.0262551 0
0.7225 0.5945 0.0392805 0.0156941 0
0.723 0.5945 0.0411752 0.0159631 0
0.7235 0.5945 0.0539381 0.0264038 0
0.724 0.5945 0.044594 0.0189903 0
0.7245 0.5945 0.0426799 0.0203147 0
0.725 0.5945 0.0523558 0.0202535 0
0.7255 0.597 0.0550645 0.0293992 0
0.726 0.597 0.0432429 0.0244402 0
0.7265 0.598 0.0299269 0.0193636 0
0.727 0.5985 0.0355274 0.0202613 0
0.7275 0.599 0.0457359 0.0205516 0
0.728 0.601 0.0421484 0.0233049 0
0.7285 0.601 0.0369045 0.0186582 0
0.729 0.6015 0.0417453 0.0236496 0
0.7295 0.6035 0.0705292 0.0221227 0
0.73 0.6035 0.0515608 0.0197835 0
0.7305 0.6035 0.0507174 0.0297283 0
0.731 0.6055 0.0473621 0.0203456 0
0.7315 0.606 0.0571459 0.017379 0
0.732 0.606 0.0552019 0.0194668 0
0.7325 0.606 0.0490166 0.0268152 0
0.733 0.6065 0.041401 0.0227956 0
0.7335 0.6065 0.038316 0.0175213 0
0.734 0.607 0.0479386 0.0237526 0
0.7345 0.608 0.0250166 0.0121417 0
0.735 0.608 0.0654525 0.0107937 0
0.7355 0.608 0.0379018 0.0225218 0
0.736 0.608 0.043537 0.0129338 0
0.7365 0.6085 0.0587963 0.014548 0
0.737 0.6085 0.0490116 0.0285276 0
0.7375 0.609 0.075506 0.0397591 0
0.738 0.61 0.0759806 0.0206325 0
0.7385 0.6105 0.0447965 0.0217688 0
0.739 0.6105 0.0381791 0.0203368 0
0.7395 0.611 0.0537272 0.0225138 0
0.74 0.611 0.0357623 0.0193755 0
0.7405 0.611 0.0419882 0.0308979 0
0.741 0.611 0.048536 0.0286885 0
0.7415 0.611 0.0684908 0.0244471 0
0.742 0.6115 0.0419984 0.029038 0
0.7425 0.6115 0.0534473 0.0243931 0
0.743 0.6115 0.0457987 0.0315863 0
0.7435 0.6115 0.0455144 0.0132638 0
0.744 0.6115 0.0782843 0.0360128 0
0.7445 0.6115 0.062149 0.0168212 0
0.745 0.614 0.0693208 0.0297389 0
0.7455 0.614 0.0560849 0.0252854 0
0.746 0.6145 0.0594706 0.0326552 0
0.7465 0.6145 0.0926478 0.0212338 0
0.747 0.6145 0.0603596 0.0256673 0
0.7475 0.6145 0.0394322 0.0175946 0
0.748 0.615 0.0545871 0.0347419 0
0.7485 0.6165 0.0608814 0.0220868 0
0.749 0.6165 0.079869 0.0302923 0
0.7495 0.6165 0.0511186 0.0207913 0
0.75 0.6165 0.0798674 0.0197536 0
0.7505 0.6165 0.0628374 0.0262754 0
0.751 0.617 0.0614518 0.0352651 0
0.7515 0.6175 0.0864831 0.0147333 0
0.752 0.618 0.0736366 0.0275161 0
0.7525 0.618 0.0594267 0.017396 0
0.753 0.6185 0.0389341 0.019845 0
0.7535 0.622 0.0598226 0.0266367 0
0.754 0.6225 0.0746881 0.0265618 0
0.7545 0.624 0.0770627 0.0369405 0
0.755 0.624 0.0528549 0.025555 0
0.7555 0.6245 0.0536753 0.0199023 0
0.756 0.6245 0.0573139 0.0358358 0
0.7565 0.625 0.0588867 0.0193138 0
0.757 0.6255 0.0655287 0.0288834 0
0.7575 0.628 0.0563252 0.026425 0
0.758 0.628 0.0671896 0.0360062 0
0.7585 0.628 0.0403579 0.0284604 0
0.759 0.6305 0.0418878 0.0171972 0
0.7595 0.6305 0.0732087 0.0374701 0
0.76 0.631 0.0682477 0.0436828 0
0.7605 0.6315 0.0532993 0.0249251 0
0.761 0.632 0.0684151 0.0259581 0
0.7615 0.632 0.0332303 0.015147 0
0.762 0.632 0.0721657 0.0288212 0
0.7625 0.632 0.0968628 0.0279115 0
0.763 0.632 0.0552455 0.0249935 0
0.7635 0.6325 0.0409988 0.0120012 0
0.764 0.6325 0.0572924 0.0295354 0
0.7645 0.6325 0.0712444 0.025587 0
0.765 0.6325 0.0477027 0.0178612 0
0.7655 0.6325 0.0348919 0.0172944 0
0.766 0.633 0.0962312 0.0213452 0
0.7665 0.634 0.0479302 0.0152699 0
0.767 0.6345 0.0457239 0.0191585 0
0.7675 0.635 0.030896 0.00996201 0
0.768 0.6355 0.0605819 0.0171844 0
0.7685 0.6355 0.0396753 0.0214857 0
0.769 0.636 0.0753343 0.0291503 0
0.7695 0.636 0.041187 0.0188465 0
0.77 0.636 0.048549 0.0167022 0
0.7705 0.636 0.0418202 0.0235198 0
0.771 0.637 0.0736107 0.0223128 0
0.7715 0.637 0.0608684 0.0158823 0
0.772 0.6375 0.0415893 0.0199089 0
0.7725 0.6375 0.0396356 0.0136445 0
0.773 0.64 0.113517 0.0304127 0
0.7735 0.641 0.0448941 0.0330837 0
0.774 0.641 0.0829671 0.0266512 0
0.7745 0.641 0.0501922 0.0281095 0
0.775 0.641 0.0610719 0.02686 0
0.7755 0.6415 0.051998 0.0297393 0
0.776 0.6415 0.046701 0.0270729 0
0.7765 0.6415 0.0558053 0.0197588 0
0.777 0.6415 0.0872468 0.0308201 0
0.7775 0.6415 0.0442878 0.0236461 0
0.778 0.6415 0.0622572 0.0355475 0
0.7785 0.6415 0.043803 0.0283821 0
0.779 0.6415 0.0790453 0.0340369 0
0.7795 0.642 0.083595 0.0186679 0
0.78 0.642 0.0573151 0.0295043 0
0.7805 0.6425 0.0405636 0.0256762 0
0.781 0.6425 0.0564049 0.0271087 0
0.7815 0.643 0.0850544 0.026142 0
0.782 0.6445 0.0623245 0.0277494 0
0.7825 0.645 0.0819456 0.0267103 0
0.783 0.6455 0.0376008 0.0138522 0
0.7835 0.6455 0.0964301 0.0246433 0
0.784 0.646 0.0694463 0.0249787 0
0.7845 0.646 0.0471811 0.0226267 0
0.785 0.6465 0.0545597 0.0240165 0
0.7855 0.647 0.0528454 0.0287688 0
0.786 0.647 0.0574656 0.0226859 0
0.7865 0.656 0.0923879 0.0205071 0
0.787 0.656 0.0309591 0.0143253 0
0.7875 0.656 0.112119 0.0144445 0
0.788 0.656 0.0796412 0.025188 0
0.7885 0.6565 0.056242 0.0310811 0
0.789 0.657 0.0924339 0.0299471 0
0.7895 0.657 0.0904075 0.0289562 0
0.79 0.657 0.0502927 0.0285801 0
0.7905 0.658 0.0349696 0.012846 0
0.791 0.6585 0.0362757 0.0215885 0
0.7915 0.659 0.060178 0.0322985 0
0.792 0.66 0.0392564 0.0187837 0
0.7925 0.66 0.0607282 0.0273059 0
0.793 0.6605 0.102705 0.0353112 0
0.7935 0.662 0.0723419 0.0178291 0
0.794 0.662 0.0722242 0.0193666 0
0.7945 0.6625 0.0646391 0.0212464 0
0.795 0.663 0.0948006 0.0216163 0
0.7955 0.664 0.0864298 0.0299873 0
0.796 0.664 0.0924093 0.023685 0
0.7965 0.6645 0.0525667 0.0163324 0
0.797 0.6645 0.063493 0.0274202 0
0.7975 0.6645 0.0863044 0.0171111 0
0.798 0.665 0.0690066 0.0150732 0
0.7985 0.666 0.113891 0.0335205 0
0.799 0.666 0.0782376 0.0169225 0
0.7995 0.666 0.056695 0.0216877 0
0.8 0.666 0.0781015 0.0246031 0
0.8005 0.666 0.0680938 0.0161735 0
0.801 0.666 0.095074 0.0238248 0
0.8015 0.6665 0.117289 0.0284062 0
0.802 0.6665 0.0646902 0.0160801 0
0.8025 0.667 0.0509867 0.0317328 0
0.803 0.667 0.0865739 0.037327 0
0.8035 0.667 0.0857502 0.0460937 0
0.804 0.667 0.0996475 0.0209749 0
0.8045 0.6675 0.083186 0.0202703 0
0.805 0.6675 0.10492 0.0150864 0
0.8055 0.668 0.0912438 0.0215021 0
0.806 0.668 0.111575 0.0369637 0
0.8065 0.668 0.118439 0.0315381 0
0.807 0.669 0.0802602 0.0251106 0
0.8075 0.672 0.049787 0.0254479 0
0.808 0.672 0.0764666 0.0277635 0
0.8085 0.672 0.0934092 0.0182758 0
0.809 0.672 0.0806835 0.0364858 0
0.8095 0.672 0.0765439 0.0239117 0
0.81 0.672 0.0845541 0.0180555 0
0.8105 0.672 0.105719 0.0324423 0
0.811 0.6725 0.100275 0.0347802 0
0.8115 0.6725 0.131118 0.0305768 0
0.812 0.6725 0.068185 0.0378785 0
0.8125 0.6725 0.060909 0.0292736 0
0.813 0.6725 0.0780393 0.0395026 0
0.8135 0.673 0.0627531 0.0308992 0
0.814 0.6735 0.0669975 0.0177831 0
0.8145 0.675 0.0914311 0.0316678 0
0.815 0.675 0.0934883 0.0284842 0
0.8155 0.675 0.0897168 0.019394 0
0.816 0.6755 0.0564197 0.0190261 0
0.8165 0.6755 0.0759977 0.0331365 0
0.817 0.6765 0.0576119 0.0348827 0
0.8175 0.677 0.102396 0.0344707 0
0.818 0.678 0.13275 0.0532 0
0.8185 0.678 0.0847464 0.0421948 0
0.819 0.68 0.130169 0.0345341 0
0.8195 0.68 0.0610441 0.0361575 0
0.82 0.6805 0.0644907 0.0191509 0
0.8205 0.681 0.065722 0.0305826 0
0.821 0.681 0.0970744 0.0149078 0
0.8215 0.6825 0.115272 0.0364361 0
0.822 0.6825 0.125094 0.0580923 0
0.8225 0.684 0.0868666 0.0222195 0
0.823 0.685 0.115703 0.0364961 0
0.8235 0.685 0.0826167 0.0268117 0
0.824 0.6855 0.0486629 0.0226859 0
0.8245 0.6865 0.0534508 0.0188985 0
0.825 0.6865 0.0927365 0.0329981 0
0.8255 0.6865 0.0433808 0.0202359 0
0.826 0.687 0.0846414 0.0430116 0
0.8265 0.687 0.115088 0.0148491 0
0.827 0.687 0.087792 0.0349527 0
0.8275 0.6875 0.0444018 0.0209904 0
0.828 0.6875 0.121792 0.0595255 0
0.8285 0.6875 0.0681752 0.0272409 0
0.829 0.688 0.0674067 0.0383377 0
0.8295 0.688 0.0708954 0.0264989 0
0.83 0.689 0.074729 0.0415481 0
0.8305 0.6895 0.0873154 0.0239637 0
0.831 0.6895 0.103241 0.053076 0
0.8315 0.6895 0.0815186 0.0336554 0
0.832 0.6895 0.0624973 0.0488252 0
0.8325 0.6895 0.0323321 0.0158946 0
0.833 0.6895 0.127285 0.0202772 0
0.8335 0.6895 0.0771009 0.0247472 0
0.834 0.6895 0.0769693 0.0257479 0
0.8345 0.69 0.080318 0.0202056 0
0.835 0.69 0.0974798 0.0352163 0
0.8355 0.6905 0.0724137 0.0327202 0
0.836 0.691 0.0916008 0.0167386 0
0.8365 0.691 0.116007 0.0353629 0
0.837 0.691 0.126546 0.024016 0
0.8375 0.694 0.151279 0.024664 0
0.838 0.694 0.084991 0.0444436 0
0.8385 0.694 0.129708 0.0372531 0
0.839 0.694 0.0452584 0.0187105 0
0.8395 0.694 0.12755 0.0414666 0
0.84 0.6955 0.0567704 0.0212856 0
0.8405 0.6955 0.0602024 0.0205338 0
0.841 0.6955 0.0811457 0.035658 0
0.8415 0.6955 0.0577631 0.0169531 0
0.842 0.6955 0.130943 0.0343728 0
0.8425 0.696 0.10915 0.0211799 0
0.843 0.696 0.0872038 0.0490328 0
0.8435 0.6965 0.0784447 0.023032 0
0.844 0.697 0.120136 0.0336906 0
0.8445 0.697 0.0639797 0.0327999 0
0.845 0.697 0.114297 0.0266 0
0.8455 0.697 0.111567 0.0154832 0
0.846 0.6975 0.0962333 0.0362307 0
0.8465 0.698 0.115146 0.0394207 0
0.847 0.6985 0.113716 0.0452492 0
0.8475 0.699 0.137435 0.0410293 0
0.848 0.6995 0.10749 0.0267079 0
0.8485 0.7005 0.0660898 0.030373 0
0.849 0.7005 0.0979109 0.0265958 0
0.8495 0.7005 0.10835 0.0298466 0
0.85 0.7005 0.0812274 0.0144164 0
0.8505 0.701 0.0797439 0.029018 0
0.851 0.7025 0.138306 0.0430945 0
0.8515 0.7025 0.0704625 0.0377059 0
0.852 0.7025 0.0789662 0.0281633 0
0.8525 0.7025 0.138738 0.0356748 0
0.853 0.7025 0.129321 0.0330128 0
0.8535 0.7025 0.107968 0.049385 0
0.854 0.7025 0.119701 0.0451589 0
0.8545 0.7025 0.108137 0.0246158 0
0.855 0.7025 0.0965529 0.0510313 0
0.8555 0.7025 0.145506 0.0261464 0
0.856 0.7025 0.13042 0.0376977 0
0.8565 0.7025 0.105175 0.047041 0
0.857 0.7025 0.143007 0.0304395 0
0.8575 0.7025 0.117732 0.0313995 0
0.858 0.7025 0.0552158 0.0162812 0
0.8585 0.703 0.121039 0.0335883 0
0.859 0.703 0.129567 0.0382273 0
0.8595 0.703 0.105803 0.0212401 0
0.86 0.703 0.100012 0.0466046 0
0.8605 0.7035 0.0731837 0.0313013 0
0.861 0.704 0.1148 0.0301816 0
0.8615 0.7045 0.127584 0.0237077 0
0.862 0.705 0.207719 0.041518 0
0.8625 0.706 0.137053 0.0226773 0
0.863 0.706 0.115841 0.0307542 0
0.8635 0.706 0.0875346 0.0350882 0
0.864 0.706 0.167444 0.0388444 0
0.8645 0.7075 0.130458 0.0318186 0
0.865 0.7075 0.111259 0.0207199 0
0.8655 0.7085 0.101956 0.0256175 0
0.866 0.709 0.0794574 0.020319 0
0.8665 0.7095 0.0992269 0.0377945 0
0.867 0.71 0.141445 0.0366846 0
0.8675 0.71 0.158525 0.0232879 0
0.868 0.71 0.0873243 0.0303318 0
0.8685 0.71 0.174526 0.0196146 0
0.869 0.71 0.115772 0.0635561 0
0.8695 0.71 0.152128 0.0326223 0
0.87 0.71 0.172598 0.0370739 0
0.8705 0.71 0.137113 0.0422948 0
0.871 0.71 0.152813 0.0216857 0
0.8715 0.71 0.165801 0.0254663 0
0.872 0.7105 0.114926 0.0426778 0
0.8725 0.7105 0.146291 0.0331284 0
0.873 0.7105 0.12986 0.0424764 0
0.8735 0.711 0.190959 0.0192258 0
0.874 0.713 0.0926556 0.0220453 0
0.8745 0.713 0.157046 0.0295497 0
0.875 0.7135 0.102939 0.0322999 0
0.8755 0.714 0.0579501 0.0306989 0
0.876 0.714 0.131182 0.0282676 0
0.8765 0.714 0.168468 0.0641129 0
0.877 0.714 0.120456 0.0357241 0
0.8775 0.714 0.134128 0.0281646 0
0.878 0.7145 0.181141 0.0250428 0
0.8785 0.7145 0.145167 0.0525263 0
0.879 0.7145 0.13547 0.0372935 0
0.8795 0.7145 0.145692 0.015772 0
0.88 0.7145 0.15896 0.0248384 0
0.8805 0.718 0.149577 0.0404687 0
0.881 0.718 0.159458 0.036704 0
0.8815 0.718 0.131092 0.0309749 0
0.882 0.7185 0.180965 0.0321167 0
0.8825 0.7185 0.165608 0.0223082 0
0.883 0.719 0.176781 0.021553 0
0.8835 0.7195 0.169719 0.0248002 0
0.884 0.722 0.181521 0.0343183 0
0.8845 0.7225 0.166795 0.0245108 0
0.885 0.7225 0.175743 0.0540834 0
0.8855 0.7225 0.170691 0.0171209 0
0.886 0.723 0.118759 0.0285793 0
0.8865 0.7235 0.211881 0.0437883 0
0.887 0.7235 0.171589 0.0146154 0
0.8875 0.7235 0.169494 0.0190736 0
0.888 0.724 0.127382 0.0391145 0
0.8885 0.7245 0.167901 0.0296225 0
0.889 0.7245 0.157258 0.0198338 0
0.8895 0.7245 0.164454 0.028209 0
0.89 0.7245 0.166415 0.0267077 0
0.8905 0.7245 0.191314 0.0202548 0
0.891 0.725 0.21996 0.0391153 0
0.8915 0.725 0.156069 0.0568548 0
0.892 0.7255 0.188539 0.0391911 0
0.8925 0.726 0.195032 0.0251699 0
0.893 0.726 0.148989 0.0324095 0
0.8935 0.726 0.110145 0.0207791 0
0.894 0.726 0.155566 0.019172 0
0.8945 0.7265 0.195452 0.0456999 0
0.895 0.727 0.13898 0.0257281 0
0.8955 0.7275 0.195314 0.0177173 0
0.896 0.7275 0.141702 0.0555297 0
0.8965 0.728 0.13172 0.0163319 0
0.897 0.728 0.222382 0.0160189 0
0.8975 0.728 0.147308 0.0375528 0
0.898 0.728 0.12297 0.0243875 0
0.8985 0.728 0.101838 0.0281399 0
0.899 0.728 0.166052 0.0283977 0
0.8995 0.7285 0.214247 0.0435594 0
0.9 0.7295 0.16727 0.0327671 0
0.9005 0.73 0.189358 0.0522344 0
0.901 0.73 0.164983 0.0265469 0
0.9015 0.7305 0.129555 0.0411883 0
0.902 0.7305 0.201672 0.0488371 0
0.9025 0.7305 0.188208 0.0310811 0
0.903 0.731 0.126078 0.0442591 0
0.9035 0.731 0.195951 0.0226437 0
0.904 0.7315 0.162371 0.0405701 0
0.9045 0.7315 0.213095 0.0223062 0
0.905 0.7325 0.202059 0.036241 0
0.9055 0.733 0.20022 0.0331393 0
0.906 0.733 0.172465 0.032725 0
0.9065 0.7335 0.214037 0.0206636 0
0.907 0.7335 0.157473 0.0512696 0
0.9075 0.734 0.183009 0.0250397 0
0.908 0.734 0.209347 0.0389489 0
0.9085 0.7355 0.161279 0.0357541 0
0.909 0.7355 0.174708 0.0319206 0
0.9095 0.7355 0.180641 0.0346272 0
0.91 0.74 0.168093 0.0462456 0
0.9105 0.74 0.180643 0.0209931 0
0.911 0.7405 0.174195 0.0145477 0
0.9115 0.7405 0.225391 0.0529037 0
0.912 0.7405 0.134789 0.0487512 0
0.9125 0.7405 0.205422 0.0208649 0
0.913 0.741 0.183383 0.0331052 0
0.9135 0.7415 0.146616 0.0267935 0
0.914 0.744 0.149277 0.0304569 0
0.9145 0.744 0.179495 0.0293051 0
0.915 0.744 0.180963 0.0356154 0
0.9155 0.744 0.204952 0.0305617 0
0.916 0.7455 0.17138 0.0273114 0
0.9165 0.7455 0.199097 0.0484547 0
0.917 0.7455 0.195129 0.0242902 0
0.9175 0.746 0.176024 0.0423469 0
0.918 0.7475 0.20024 0.0504285 0
0.9185 0.7475 0.20383 0.0324751 0
0.919 0.7475 0.225459 0.0273182 0
0.9195 0.7475 0.190118 0.0327526 0
0.92 0.7475 0.201205 0.0365198 0
0.9205 0.748 0.205134 0.0175359 0
0.921 0.748 0.1954 0.0367506 0
0.9215 0.748 0.188528 0.0298091 0
0.922 0.748 0.1236 0.0669104 0
0.9225 0.7485 0.0723428 0.0172862 0
0.923 0.749 0.173578 0.0249625 0
0.9235 0.7495 0.172426 0.0284659 0
0.924 0.7495 0.14375 0.00871434 0
0.9245 0.75 0.180534 0.0205096 0
0.925 0.75 0.101156 0.0304891 0
0.9255 0.75 0.125291 0.0375372 0
0.926 0.75 0.150459 0.0343116 0
0.9265 0.75 0.187385 0.0285654 0
0.927 0.75 0.100669 0.0547938 0
0.9275 0.75 0.190378 0.0552349 0
0.928 0.75 0.196396 0.022755 0
0.9285 0.7505 0.217491 0.0295167 0
0.929 0.7515 0.231993 0.0301752 0
0.9295 0.7515 0.187027 0.0522993 0
0.93 0.7515 0.197953 0.0319381 0
0.9305 0.7515 0.184327 0.0266666 0
0.931 0.7515 0.179357 0.0239165 0
0.9315 0.7515 0.219118 0.0237086 0
0.932 0.7525 0.141646 0.0326892 0
0.9325 0.753 0.145579 0.0152141 0
0.933 0.753 0.248085 0.0342514 0
0.9335 0.753 0.168977 0.0369442 0
0.934 0.753 0.188651 0.0256894 0
0.9345 0.753 0.199921 0.0288171 0
0.935 0.754 0.159688 0.0316268 0
0.9355 0.7545 0.220377 0.0280877 0
0.936 0.7545 0.183857 0.0162031 0
0.9365 0.7545 0.179397 0.0157102 0
0.937 0.755 0.197118 0.0668001 0
0.9375 0.755 0.185253 0.0163246 0
0.938 0.756 0.211252 0.0260305 0
0.9385 0.756 0.183152 0.0379932 0
0.939 0.756 0.235761 0.0272914 0
0.9395 0.7565 0.232911 0.0218597 0
0.94 0.7565 0.20707 0.0144546 0
0.9405 0.7565 0.165299 0.0106625 0
0.941 0.7565 0.143394 0.0388658 0
0.9415 0.7565 0.21953 0.0338712 0
0.942 0.7565 0.203884 0.0396348 0
0.9425 0.7565 0.240442 0.0166617 0
0.943 0.757 0.27234 0.0253725 0
0.9435 0.757 0.278812 0.0153307 0
0.944 0.757 0.253463 0.0284032 0
0.9445 0.757 0.286101 0.0163213 0
0.945 0.7575 0.278746 0.0195904 0
0.9455 0.7575 0.26096 0.0250223 0
0.946 0.7575 0.169141 0.0488214 0
0.9465 0.758 0.153136 0.0196278 0
0.947 0.7585 0.174194 0.0244795 0
0.9475 0.7585 0.251131 0.0213371 0
0.948 0.7585 0.246534 0.0199477 0
0.9485 0.7585 0.243982 0.0212474 0
0.949 0.7585 0.259986 0.030822 0
0.9495 0.759 0.241068 0.0142413 0
0.95 0.759 0.272097 0.0279003 0
0.9505 0.759 0.198805 0.0490092 0
0.951 0.759 0.25667 0.0253718 0
0.9515 0.759 0.239214 0.0193298 0
0.952 0.7595 0.291411 0.0134381 0
0.9525 0.7595 0.275318 0.0196345 0
0.953 0.7595 0.279819 0.0232238 0
0.9535 0.7595 0.266083 0.0152468 0
0.954 0.76 0.243644 0.0252747 0
0.9545 0.76 0.23359 0.0158513 0
0.955 0.76 0.256402 0.0384291 0
0.9555 0.7605 0.266356 0.0393753 0
0.956 0.7605 0.265002 0.0245421 0
0.9565 0.761 0.246426 0.0334065 0
0.957 0.7615 0.204754 0.0326082 0
0.9575 0.762 0.260618 0.0173935 0
0.958 0.762 0.277749 0.0168239 0
0.9585 0.7625 0.207415 0.0241104 0
0.959 0.763 0.209755 0.0404895 0
0.9595 0.763 0.263168 0.0167502 0
0.96 0.763 0.290863 0.0256521 0
0.9605 0.763 0.279113 0.0137789 0
0.961 0.763 0.293025 0.0304046 0
0.9615 0.763 0.288179 0.0187386 0
0.962 0.763 0.287003 0.020573 0
0.9625 0.763 0.301157 0.0228966 0
0.963 0.7635 0.298078 0.0202256 0
0.9635 0.765 0.311392 0.0177711 0
0.964 0.765 0.327349 0.0168392 0
0.9645 0.7655 0.296141 0.0248217 0
0.965 0.766 0.278346 0.0168591 0
0.9655 0.766 0.25752 0.0171181 0
0.966 0.767 0.284526 0.0229128 0
0.9665 0.767 0.266026 0.0300122 0
0.967 0.767 0.270834 0.0229311 0
0.9675 0.767 0.292799 0.0141089 0
0.968 0.7675 0.268528 0.0165636 0
0.9685 0.768 0.254847 0.0286958 0
0.969 0.7685 0.273457 0.0230862 0
0.9695 0.7685 0.316142 0.0231087 0
0.97 0.7685 0.29206 0.0160055 0
0.9705 0.7685 0.310734 0.0129031 0
0.971 0.7685 0.315378 0.0204048 0
0.9715 0.769 0.317033 0.0232077 0
0.972 0.769 0.310248 0.018514 0
0.9725 0.769 0.316194 0.0148344 0
0.973 0.769 0.323072 0.0184735 0
0.9735 0.769 0.315215 0.0271734 0
0.974 0.769 0.275834 0.0341173 0
0.9745 0.7695 0.322053 0.0195526 0
0.975 0.771 0.339527 0.0113283 0
0.9755 0.772 0.293286 0.0248148 0
0.976 0.772 0.31865 0.0142077 0
0.9765 0.7725 0.320962 0.0190363 0
0.977 0.7725 0.325109 0.0206703 0
0.9775 0.7725 0.319281 0.0292606 0
0.978 0.773 0.311707 0.0121091 0
0.9785 0.773 0.303735 0.0325952 0
0.979 0.7735 0.279795 0.0238848 0
0.9795 0.7735 0.30144 0.0190651 0
0.98 0.7735 0.295309 0.0182238 0
0.9805 0.7745 0.305006 0.021107 0
0.981 0.776 0.294313 0.0308001 0
0.9815 0.7775 0.296722 0.0150392 0
0.982 0.7775 0.296643 0.0206815 0
0.9825 0.7785 0.302374 0.0113696 0
0.983 0.7785 0.288448 0.0135377 0
0.9835 0.7785 0.286078 0.0221411 0
0.984 0.779 0.283919 0.025141 0
0.9845 0.7795 0.29496 0.0274239 0
0.985 0.7795 0.290441 0.0231944 0
0.9855 0.7805 0.278114 0.0250469 0
0.986 0.7805 0.295912 0.0306292 0
0.9865 0.7805 0.263432 0.0304549 0
0.987 0.781 0.304298 0.0144893 0
0.9875 0.781 0.329773 0.0212998 0
0.988 0.781 0.300518 0.0241731 0
0.9885 0.781 0.307594 0.0188101 0
0.989 0.782 0.300347 0.0251715 0
0.9895 0.782 0.309456 0.0181652 0
0.99 0.782 0.313513 0.015432 0
0.9905 0.782 0.298968 0.022226 0
0.991 0.7825 0.303274 0.01727 0
0.9915 0.7835 0.309301 0.0171752 0
0.992 0.7835 0.29423 0.0188127 0
0.9925 0.7835 0.317414 0.0134948 0
0.993 0.7835 0.333077 0.0232726 0
0.9935 0.7835 0.316708 0.0147973 0
0.994 0.784 0.317763 0.0168413 0
0.9945 0.785 0.314686 0.0151395 0
0.995 0.785 0.313184 0.010914 0
0.9955 0.785 0.300888 0.0333351 0
0.996 0.7855 0.328769 0.0172802 0
0.9965 0.7855 0.301845 0.0143684 0
0.997 0.7855 0.310044 0.0163302 0
0.9975 0.7855 0.323751 0.0157565 0
0.998 0.7855 0.327248 0.0153672 0
0.9985 0.7855 0.324203 0.0223475 0
0.999 0.7855 0.320196 0.0228105 0
0.9995 0.7855 0.320262 0.0220451 0
1 0.7855 0.329528 0.0114741 0
1.0005 0.7855 0.317859 0.0224734 0
1.001 0.7855 0.322062 0.0155651 0
1.0015 0.7855 0.327485 0.0166334 0
1.002 0.7855 0.324578 0.0179648 0
1.0025 0.786 0.320197 0.0164831 0
1.003 0.7865 0.321818 0.0209672 0
1.0035 0.787 0.327165 0.0199116 0
1.004 0.787 0.333581 0.0294064 0
1.0045 0.787 0.32717 0.026041 0
1.005 0.787 0.339662 0.0128175 0
1.0055 0.787 0.335532 0.0174099 0
1.006 0.787 0.348308 0.0202702 0
1.0065 0.787 0.348758 0.0205904 0
1.007 0.789 0.351277 0.013819 0
1.0075 0.7895 0.354674 0.0197833 0
1.008 0.7895 0.353771 0.0134007 0
1.0085 0.7895 0.344951 0.0177642 0
1.009 0.7895 0.340949 0.0220278 0
1.0095 0.7895 0.337107 0.0166901 0
1.01 0.7895 0.342161 0.0166998 0
1.0105 0.7895 0.341812 0.0141416 0
1.011 0.79 0.3553 0.0136094 0
1.0115 0.79 0.36014 0.0131006 0
1.012 0.79 0.354202 0.0210111 0
1.0125 0.79 0.346399 0.0166727 0
1.013 0.79 0.349737 0.0159183 0
1.0135 0.79 0.342442 0.0229514 0
1.014 0.79 0.358914 0.025095 0
1.0145 0.791 0.357293 0.0251288 0
1.015 0.791 0.350503 0.0150628 0
1.0155 0.7915 0.348474 0.0209175 0
1.016 0.7915 0.348766 0.0111599 0
1.0165 0.7935 0.350289 0.015318 0
1.017 0.794 0.349984 0.0130162 0
1.0175 0.794 0.351996 0.0182146 0
1.018 0.794 0.347947 0.0163915 0
1.0185 0.794 0.347099 0.0162565 0
1.019 0.794 0.338715 0.00912559 0
1.0195 0.7945 0.341375 0.0146423 0
1.02 0.7945 0.355668 0.0135434 0
1.0205 0.7945 0.343467 0.0190079 0
1.021 0.795 0.361133 0.0190975 0
1.0215 0.7955 0.339622 0.0131701 0
1.022 0.7955 0.361633 0.0133979 0
1.0225 0.7955 0.353634 0.017222 0
1.023 0.796 0.352156 0.0160446 0