# Node_nr = 100
# K <r> sigma_r(sig not of average! divide by sqrt(n))
0 0.02 0.0911922 0.0475774 0
0.01 0.04 0.0857808 0.0459507 0
0.02 0.04 0.0892114 0.0455829 0
0.03 0.04 0.0872584 0.0445055 0
0.04 0.04 0.0897237 0.0493525 0
0.05 0.04 0.0856144 0.0445778 0
0.06 0.04 0.0866754 0.0455228 0
0.07 0.04 0.0879473 0.0461626 0
0.08 0.04 0.0928651 0.0498432 0
0.09 0.04 0.0880611 0.0446354 0
0.1 0.07 0.0935079 0.0486029 0
0.11 0.07 0.0892349 0.0458727 0
0.12 0.07 0.092954 0.0472831 0
0.13 0.07 0.0963782 0.0521076 