# Node_nr = 200
# K <r> sigma_r(sig not of average! divide by sqrt(n))
0 0.01 0.0673331 0.034175 0
0.005 0.01 0.0669221 0.0293979 0
0.01 0.01 0.0633473 0.0367306 0
0.015 0.015 0.0640321 0.0344713 0
0.02 0.015 0.0680999 0.034379 0
0.025 0.015 0.0630393 0.0336519 0
0.03 0.015 0.0691381 0.0314497 0
0.035 0.015 0.060557 0.0331471 0
0.04 0.02 0.0689545 0.0384447 0
0.045 0.02 0.0663579 0.0357947 0
0.05 0.02 0.0646275 0.03619 0
0.055 0.02 0.0638808 0.0338494 0
0.06 0.02 0.0719532 0.0363064 0
0.065 0.02 0.0698792 0.0329809 0
0.07 0.02 0.0659042 0.0322653 0
0.075 0.02 0.063274 0.0365894 0
0.08 0.02 0.0659066 0.0320242 0
0.085 0.02 0.0649174 0.03701 0
0.09 0.02 0.0575441 0.0309167 0
0.095 0.02 0.0710049 0.0367746 0
0.1 0.02 0.0679168 0.0336512 0
0.105 0.02 0.0670447 0.0339291 0
0.11 0.02 0.0721874 0.0319579 0
0.115 0.02 0.0753509 0.0424965 0
0.12 0.02 0.0790963 0.0370972 0
0.125 0.02 0.0726145 0.0352592 0
0.13 0.02 0.077477 0.041086 0
0.135 0.02 0.08157 0.0404248 0
0.14 0.02 0.0762141 0.0430058 0
0.145 0.025 0.0659266 0.0319933 0
0.15 0.025 0.0679895 0.0362646 0
0.155 0.025 0.070781 0.0381311 0
0.16 0.025 0.0775563 0.034635 0
0.165 0.025 0.0747527 0.0366103 0
0.17 0.025 0.0827961 0.045509 0
0.175 0.025 0.0716233 0.0373971 0
0.18 0.025 0.0912856 0.0456689 0
0.185 0.025 0.0768228 0.0440796 0
0.19 0.025 0.0777874 0.0413336 0
0.195 0.025 0.083203 0.0368192 0
0.2 0.025 0.0723879 0.0393547 0
0.205 0.025 0.0856879 0.038705 0
0.21 0.025 0.0776162 0.0394193 0
0.215 0.03 0.0802427 0.0376409 0
0.22 0.03 0.0764863 0.0400164 0
0.225 0.03 0.0737663 0.0403654 0
0.23 0.03 0.0924942 0.0443446 0
0.235 0.03 0.0759722 0.0386143 0
0.24 0.03 0.0800133 0.0383958 0
0.245 0.03 0.0961204 0.0524944 0
0.25 0.03 0.0960218 0.0592053 0
0.255 0.03 0.0823561 0.0353845 0
0.26 0.03 0.071405 0.0360428 0
0.265 0.03 0.0973069 0.0415377 0
0.27 0.03 0.084485 0.0432368 0
0.275 0.03 0.0793253 0.0345834 0
0.28 0.035 0.0829934 0.0506088 0
0.285 0.035 0.0715084 0.0383657 0
0.29 0.035 0.0866313 0.0424733 0
0.295 0.035 0.0781776 0.0533593 0
0.3 0.035 0.0914957 0.0431063 0
0.305 0.035 0.0856094 0.0429198 0
0.31 0.035 0.0813746 0.0466509 0
0.315 0.035 0.0781106 0.0519932 0
0.32 0.035 0.0989587 0.0546696 0
0.325 0.035 0.0926755 0.0475598 0
0.33 0.035 0.0771107 0.0356333 0
0.335 0.035 0.0911801 0.0523762 0
0.34 0.035 0.0898811 0.0447392 0
0.345 0.035 0.0893626 0.0420357 0
0.35 0.035 0.0805663 0.040642 0
0.355 0.035 0.104263 0.0492875 0
0.36 0.04 0.111123 0.0664491 0
0.365 0.04 0.0914809 0.0443664 0
0.37 0.04 0.0868049 0.0536874 0
0.375 0.04 0.0904664 0.0437288 0
0.38 0.04 0.0841124 0.0504934 0
0.385 0.04 0.0914143 0.036084 0
0.39 0.04 0.0965206 0.0502016 0
0.395 0.04 0.0881525 0.042497 0
0.4 0.04 0.0896169 0.0404982 0
0.405 0.04 0.0959039 0.0465467 0
0.41 0.045 0.113224 0.061159 0
0.415 0.045 0.102771 0.057772 0
0.42 0.045 0.100413 0.0535411 0
0.425 0.045 0.0895131 0.0429861 0
0.43 0.045 0.0934951 0.0455844 0
0.435 0.05 0.101707 0.053572 0
0.44 0.05 0.103197 0.0446392 0
0.445 0.055 0.0826056 0.0405728 0
0.45 0.055 0.102226 0.0554497 0
0.455 0.055 0.0888305 0.0476101 0
0.46 0.055 0.103399 0.0486157 0
0.465 0.055 0.0993027 0.0592853 0
0.47 0.055 0.0971623 0.0399835 0
0.475 0.06 0.0847098 0.0520557 0
0.48 0.06 0.129477 0.0520702 0
0.485 0.06 0.0984793 0.0434737 0
0.49 0.06 0.121459 0.0515186 0
0.495 0.06 0.121682 0.0548093 0
0.5 0.06 0.0821892 0.0391016 0
0.505 0.06 0.126951 0.0548061 0
0.51 0.06 0.107685 0.0505254 0
0.515 0.06 0.146672 0.0615249 0
0.52 0.06 0.128294 0.0573817 0
0.525 0.06 0.0997744 0.0411637 0
0.53 0.06 0.0935808 0.0437315 0
0.535 0.06 0.108087 0.0466328 0
0.54 0.06 0.109827 0.0504117 0
0.545 0.06 0.117054 0.0655605 0
0.55 0.065 0.14848 0.0619773 0
0.555 0.065 0.103814 0.0497835 0
0.56 0.065 0.171148 0.0663713 0
0.565 0.065 0.115924 0.0556452 0
0.57 0.065 0.107976 0.0582817 0
0.575 0.065 0.125518 0.0536371 0
0.58 0.065 0.145452 0.0633789 0
0.585 0.065 0.10556 0.0587016 0
0.59 0.065 0.138867 0.072539 0
0.595 0.065 0.109965 0.0639234 0
0.6 0.065 0.144286 0.0645067 0
0.605 0.065 0.115417 0.051846 0
0.61 0.065 0.130194 0.0539919 0
0.615 0.065 0.116842 0.0557702 0
0.62 0.065 0.128475 0.0743204 0
0.625 0.065 0.148414 0.0683131 0
0.63 0.065 0.127972 0.0636362 0
0.635 0.125 0.144418 0.0735379 0
0.64 0.125 0.167632 0.077828 0
0.645 0.125 0.160481 0.0611008 0
0.65 0.13 0.13737 0.0477783 0
0.655 0.135 0.126819 0.0636892 0
0.66 0.135 0.191292 0.0689534 0
0.665 0.18 0.178524 0.0982605 0
0.67 0.18 0.164059 0.0895421 0
0.675 0.18 0.174824 0.0684562 0
0.68 0.18 0.133419 0.0610268 0
0.685 0.18 0.200836 0.0918615 0
0.69 0.18 0.108717 0.0581795 0
0.695 0.26 0.118592 0.0579997 0
0.7 0.26 0.129418 0.0647538 0
0.705 0.26 0.116462 0.0701973 0
0.71 0.26 0.14203 0.0625648 0
0.715 0.26 0.143338 0.0792535 0
0.72 0.26 0.157437 0.063142 0
0.725 0.26 0.1283 0.0601638 0
0.73 0.285 0.100015 0.0338123 0
0.735 0.345 0.127188 0.0421101 0
0.74 0.345 0.152011 0.0813286 0
0.745 0.345 0.187092 0.0948823 0
0.75 0.345 0.134777 0.0664636 0
0.755 0.345 0.134251 0.056925 0
0.76 0.345 0.198729 0.0845278 0
0.765 0.36 0.169209 0.0842361 0
0.77 0.415 0.148438 0.0656646 0
0.775 0.53 0.160619 0.0761153 0
0.78 0.53 0.231219 0.111392 0
0.785 0.535 0.111142 0.0435144 0
0.79 0.535 0.109545 0.0594491 0
0.795 0.535 0.112465 0.049229 0
0.8 0.535 0.1157 0.0578838 0
0.805 0.61 0.11127 0.0575224 0
0.81 0.615 0.119629 0.0590295 0
0.815 0.615 0.13669 0.0742106 0
0.82 0.615 0.158387 0.047274 0
0.825 0.625 0.159929 0.0609743 0
0.83 0.625 0.175262 0.0764212 0
0.835 0.625 0.167212 0.0792929 0
0.84 0.625 0.113489 0.0514003 0
0.845 0.625 0.137261 0.0708922 0
0.85 0.625 0.12798 0.073386 0
0.855 0.625 0.124368 0.0563333 0
0.86 0.63 0.247216 0.0792397 0
0.865 0.63 0.231323 0.0992813 0
0.87 0.64 0.229175 0.0787326 0
0.875 0.655 0.189904 0.0858127 0
0.88 0.655 0.245698 0.0882132 0
0.885 0.705 0.229061 0.066405 0
0.89 0.715 0.203714 0.0656596 0
0.895 0.715 0.240684 0.0683087 0
0.9 0.715 0.210384 0.0825488 0
0.905 0.775 0.100087 0.0427655 0
0.91 0.775 0.0894061 0.0391923 0
0.915 0.78 0.130313 0.0758693 0
0.92 0.815 0.142445 0.0785293 0
0.925 0.815 0.136028 0.0654162 0
0.93 0.815 0.141304 0.0693184 0
0.935 0.815 0.217748 0.0316616 0
0.94 0.815 0.260961 0.0276176 0
0.945 0.82 0.264244 0.0285817 0
0.95 0.82 0.276281 0.0316477 0
0.955 0.83 0.307877 0.0330144 0
0.96 0.83 0.333265 0.0357257 0
0.965 0.83 0.333329 0.0261752 0
0.97 0.835 0.330153 0.0235071 0
0.975 0.835 0.326091 0.0274554 0
0.98 0.845 0.340962 0.026211 0
0.985 0.845 0.338258 0.0305733 0
0.99 0.845 0.341104 0.0256222 0
0.995 0.855 0.370647 0.0325549 0
1 0.865 0.385334 0.0242359 0
1.005 0.865 0.415794 0.0194582 0
1.01 0.865 0.41673 0.0342753 0
1.015 0.865 0.417981 0.0302024 0
1.02 0.87 0.435131 0.0323245 0
1.025 0.87 0.432962 0.0330607 0
1.03 0.88 0.461293 0.0288186 0
1.035 0.88 0.465167 0.0301286 0
1.04 0.915 0.428433 0.0232953 0
1.045 0.915 0.422152 0.0147291 0
1.05 0.915 0.340689 0.0275117 0
1.055 0.915 0.334865 0.0171854 0
1.06 0.915 0.32561 0.0175787 0
1.065 0.915 0.351131 0.0172803 0
1.07 0.915 0.350088 0.0180472 0
1.075 0.915 0.352785 0.0174118 0
1.08 0.92 0.377277 0.0156187 0
1.085 0.925 0.383211 0.0145244 0
1.09 0.925 0.407014 0.0164791 0
1.095 0.925 0.40738 0.018121 0
1.1 0.925 0.605777 0.0585282 0
1.105 0.925 0.636167 0.0143815 0
1.11 0.925 0.690616 0.0517238 0
1.115 0.925 0.743257 0.0139367 0
1.12 0.925 0.751906 0.0109847 0
1.125 0.925 0.755468 0.0146505 0
1.13 0.925 0.767397 0.0150904 0
1.135 0.925 0.766849 0.0169427 0
1.14 0.925 0.773519 0.0149609 0
1.145 0.925 0.782247 0.0157254 0
1.15 0.925 0.784169 0.0149811 0
1.155 0.935 0.782095 0.0141312 0
1.16 0.935 0.788914 0.0143421 0
1.165 0.935 0.790991 0.0129853 0
1.17 0.935 0.790033 0.0157073 0
1.175 0.935 0.789164 0.0175471 0
1.18 0.935 0.818915 0.0175238 0
1.185 0.935 0.823613 0.0119197 0
1.19 0.935 0.825154 0.0137186 0
1.195 0.935 0.826275 0.0146286 0
1.2 0.935 0.832902 0.0140328 0
1.205 0.935 0.830166 0.0133127 0
1.21 0.935 0.833221 0.0161714 0
1.215 0.935 0.836467 0.0165672 0
1.22 0.935 0.839268 0.0155372 0
1.225 0.935 0.83755 0.0112981 0
1.23 0.94 0.830856 0.0102063 0
1.235 0.94 0.846094 0.0127107 0
1.24 0.94 0.846387 0.0127771 0
1.245 0.94 0.845183 0.0117368 0
1.25 0.945 0.849793 0.0130897 0
1.255 0.945 0.847931 0.0177605 0
1.26 0.95 0.850219 0.0163825 0
1.265 0.95 0.849405 0.0118704 0
1.27 0.95 0.849121 0.00951687 0
1.275 0.95 0.849766 0.0113802 0
1.28 0.95 0.848186 0.010423 0
1.285 0.95 0.850072 0.01262 0
1.29 0.95 0.857945 0.0143573 0
1.295 0.95 0.861066 0.0186524 0
1.3 0.95 0.86413 0.0152933 0
1.305 0.95 0.86411 0.0113241 0
1.31 0.95 0.869986 0.00983403 0
1.315 0.95 0.868023 0.0116733 0
1.32 0.955 0.875249 0.00971724 0
1.325 0.955 0.87759 0.00993618 0
1.33 0.955 0.878231 0.0131782 0
1.335 0.965 0.888107 0.0109777 0
1.34 0.97 0.894 0 0