# Node_nr = 300
# K <r> sigma_r(sig not of average! divide by sqrt(n))
0 0.00666667 0.0518387 0.0269939 0
0.00333333 0.00666667 0.0523494 0.0270127 0
0.00666667 0.00666667 0.052362 0.025195 0
0.01 0.00666667 0.0499042 0.0266053 0
0.0133333 0.00666667 0.0478328 0.0256313 0
0.0166667 0.00666667 0.0563397 0.0288503 0
0.02 0.00666667 0.0509832 0.0271669 0
0.0233333 0.00666667 0.053762 0.0286882 0
0.0266667 0.00666667 0.0549976 0.0278084 0
0.03 0.01 0.0553079 0.0301683 0
0.0333333 0.01 0.0541156 0.0288611 0
0.0366667 0.01 0.0553454 0.0278947 0
0.04 0.01 0.0538377 0.0279177 0
0.0433333 0.01 0.0540939 0.0286723 0
0.0466667 0.01 0.0513351 0.0275907 0
0.05 0.01 0.0549788 0.028872 0
0.0533333 0.01 0.0534241 0.0280097 0
0.0566667 0.01 0.0546595 0.0284645 0
0.06 0.01 0.0492776 0.0252721 0
0.0633333 0.01 0.0581876 0.0292713 0
0.0666667 0.01 0.0575937 0.0285715 0
0.07 0.01 0.0577569 0.030474 0
0.0733333 0.01 0.0549389 0.0309693 0
0.0766667 0.01 0.0574466 0.0300632 0
0.08 0.01 0.0561694 0.0291381 0
0.0833333 0.01 0.0570517 0.0324662 0
0.0866667 0.01 0.0549947 0.0300193 0
0.09 0.0133333 0.0574058 0.029545 0
0.0933333 0.0133333 0.0576581 0.0317576 0
0.0966667 0.0133333 0.0566983 0.0276353 0
0.1 0.0133333 0.0599469 0.0331119 0
0.103333 0.0133333 0.0551639 0.029817 0
0.106667 0.0133333 0.0565244 0.0285549 0
0.11 0.0133333 0.0574928 0.0299219 0
0.113333 0.0133333 0.0576799 0.0316384 0
0.116667 0.0133333 0.0629746 0.032172 0
0.12 0.0133333 0.0562854 0.032099 0
0.123333 0.0133333 0.0608255 0.0326142 0
0.126667 0.0133333 0.0590762 0.0284091 0
0.13 0.0133333 0.0602755 0.0310766 0
0.133333 0.0133333 0.0628236 0.0293603 0
0.136667 0.0133333 0.0560287 0.0292128 0
0.14 0.0133333 0.0606966 0.031885 0
0.143333 0.0133333 0.0599525 0.0304825 0
0.146667 0.0133333 0.0596263 0.0294269 0
0.15 0.0133333 0.06221 0.0302021 0
0.153333 0.0133333 0.0635699 0.0315994 0
0.156667 0.0133333 0.0606943 0.0321911 0
0.16 0.0133333 0.066281 0.033131 0
0.163333 0.0133333 0.0621789 0.0335096 0
0.166667 0.0133333 0.0592958 0.0322262 0
0.17 0.0133333 0.0631266 0.0338695 0
0.173333 0.0133333 0.0630172 0.0341833 0
0.176667 0.0133333 0.0559592 0.0300685 0
0.18 0.0133333 0.0663776 0.0339797 0
0.183333 0.0133333 0.0610547 0.0332211 0
0.186667 0.0133333 0.0689513 0.0349205 0
0.19 0.0133333 0.065594 0.0320248 0
0.193333 0.0133333 0.0642535 0.0321644 0
0.196667 0.0133333 0.0642468 0.033186 0
0.2 0.0166667 0.0625351 0.0330645 0
0.203333 0.0166667 0.0608603 0.0340521 0
0.206667 0.02 0.065759 0.0353684 0
0.21 0.02 0.0657321 0.033239 0
0.213333 0.02 0.0647107 0.0317358 0
0.216667 0.02 0.0666219 0.0353187 0
0.22 0.02 0.0674258 0.0315339 0
0.223333 0.02 0.0722549 0.03348 0
0.226667 0.02 0.0646584 0.0313333 0
0.23 0.0233333 0.0710105 0.0383517 0
0.233333 0.0233333 0.070617 0.0364328 0
0.236667 0.0233333 0.0649879 0.0341948 0
0.24 0.0266667 0.0696858 0.0353495 0
0.243333 0.0266667 0.0690395 0.0364166 0
0.246667 0.0266667 0.0691641 0.0330712 0
0.25 0.0266667 0.0714113 0.033917 0
0.253333 0.0266667 0.0717764 0.0352222 0
0.256667 0.0266667 0.0715201 0.0377694 0
0.26 0.0266667 0.0724066 0.0366307 0
0.263333 0.0266667 0.0751002 0.0420896 0
0.266667 0.0266667 0.0695605 0.0369448 0
0.27 0.0266667 0.0736908 0.0352096 0
0.273333 0.0266667 0.0711634 0.0375958 0
0.276667 0.0266667 0.071914 0.0365636 0
0.28 0.0266667 0.0745854 0.0372981 0
0.283333 0.0266667 0.0746698 0.0374209 0
0.286667 0.0266667 0.072431 0.035949 0
0.29 0.0466667 0.0772624 0.0406765 0
0.293333 0.05 0.0822309 0.041379 0
0.296667 0.05 0.0845591 0.0415917 0
0.3 0.05 0.082946 0.0423122 0
0.303333 0.05 0.0809986 0.0409885 0
0.306667 0.05 0.0798762 0.0396329 0
0.31 0.05 0.0760812 0.0364168 0
0.313333 0.05 0.0821006 0.0421622 0
0.316667 0.05 0.0778534 0.0385763 0
0.32 0.05 0.0895671 0.0410377 0
0.323333 0.05 0.0838069 0.0409904 0
0.326667 0.05 0.0793199 0.0416235 0
0.33 0.05 0.0893107 0.043166 0
0.333333 0.0566667 0.0860958 0.04272 0
0.336667 0.0566667 0.0887844 0.0489134 0
0.34 0.0566667 0.0912661 0.0434438 0
0.343333 0.0566667 0.0957 0.0448383 0
0.346667 0.0566667 0.0909599 0.0452781 0
0.35 0.0566667 0.091677 0.0405231 0
0.353333 0.0566667 0.0892143 0.0483305 0
0.356667 0.06 0.089742 0.0477601 0
0.36 0.06 0.0859685 0.044574 0
0.363333 0.06 0.0915432 0.043527 0
0.366667 0.06 0.0964609 0.046924 0
0.37 0.06 0.0855701 0.0431085 0
0.373333 0.06 0.0873208 0.0443236 0
0.376667 0.06 0.093706 0.0484439 0
0.38 0.0633333 0.0969115 0.0472688 0
0.383333 0.0633333 0.0970198 0.047419 0
0.386667 0.0633333 0.0979983 0.0465263 0
0.39 0.0633333 0.0916895 0.0476435 0
0.393333 0.0633333 0.0964268 0.0450311 0
0.396667 0.0633333 0.0990168 0.0527364 0
0.4 0.0633333 0.0965754 0.0498433 0
0.403333 0.0633333 0.0915757 0.044932 0
0.406667 0.0666667 0.105967 0.0473154 0
0.41 0.0666667 0.091518 0.0471733 0
0.413333 0.0666667 0.115044 0.0544807 0
0.416667 0.0666667 0.104374 0.0535195 0
0.42 0.0666667 0.111514 0.0564327 0
0.423333 0.0666667 0.0844032 0.0448204 0
0.426667 0.0666667 0.106466 0.051549 0
0.43 0.0666667 0.101584 0.0473477 0
0.433333 0.0666667 0.101628 0.0542977 0
0.436667 0.0666667 0.106385 0.0529237 0
0.44 0.07 0.110616 0.0508047 0
0.443333 0.07 0.114307 0.0572647 0
0.446667 0.07 0.10468 0.0483518 0
0.45 0.0733333 0.115186 0.0576852 0
0.453333 0.0733333 0.112174 0.0546735 0
0.456667 0.0733333 0.109836 0.0546338 0
0.46 0.0866667 0.115325 0.0569989 0
0.463333 0.0866667 0.119108 0.0530751 0
0.466667 0.0866667 0.113117 0.0518059 0
0.47 0.0933333 0.117626 0.0595836 0
0.473333 0.0933333 0.126027 0.0578062 0
0.476667 0.0933333 0.123849 0.0532122 0
0.48 0.0966667 0.126043 0.0637334 0
0.483333 0.11 0.137584 0.0587526 0
0.486667 0.11 0.138144 0.0644251 0
0.49 0.11 0.138193 0.0691605 0
0.493333 0.113333 0.137344 0.0577133 0
0.496667 0.113333 0.138571 0.0647336 0
0.5 0.113333 0.137378 0.0583749 0
0.503333 0.113333 0.141576 0.0522429 0
0.506667 0.113333 0.1417 0.0687084 0
0.51 0.113333 0.141101 0.0701189 0
0.513333 0.113333 0.141352 0.073608 0
0.516667 0.113333 0.139871 0.0638373 0
0.52 0.113333 0.138488 0.0643739 0
0.523333 0.113333 0.133248 0.0658628 0
0.526667 0.113333 0.149562 0.0632416 0
0.53 0.113333 0.150627 0.0723846 0
0.533333 0.116667 0.147663 0.0606464 0
0.536667 0.116667 0.142869 0.0617938 0
0.54 0.116667 0.146329 0.0727747 0
0.543333 0.12 0.158502 0.0685052 0
0.546667 0.14 0.176391 0.0750744 0
0.55 0.163333 0.186596 0.0735001 0
0.553333 0.166667 0.187945 0.0711747 0
0.556667 0.166667 0.174705 0.0780983 0
0.56 0.213333 0.222477 0.0672924 0
0.563333 0.213333 0.222234 0.0689026 0
0.566667 0.213333 0.224602 0.0714473 0
0.57 0.216667 0.226923 0.0702841 0
0.573333 0.216667 0.226459 0.0634393 0
0.576667 0.216667 0.224877 0.0785402 0
0.58 0.22 0.232467 0.0706532 0
0.583333 0.22 0.209048 0.0719172 0
0.586667 0.27 0.264786 0.0596722 0
0.59 0.28 0.281547 0.0656943 0
0.593333 0.28 0.29001 0.0677419 0
0.596667 0.28 0.294665 0.0623762 0
0.6 0.28 0.28344 0.0681667 0
0.603333 0.306667 0.309864 0.0568829 0
0.606667 0.306667 0.310545 0.0586298 0
0.61 0.306667 0.313211 0.0636113 0
0.613333 0.306667 0.315326 0.0677483 0
0.616667 0.313333 0.315082 0.0639556 0
0.62 0.313333 0.141969 0.0563949 0
0.623333 0.36 0.346806 0.0571474 0
0.626667 0.36 0.347226 0.0559904 0
0.63 0.36 0.33985 0.0524331 0
0.633333 0.36 0.343541 0.0532582 0
0.636667 0.366667 0.352821 0.0579955 0
0.64 0.366667 0.356122 0.0572227 0
0.643333 0.366667 0.35017 0.0511444 0
0.646667 0.366667 0.348508 0.0590817 0
0.65 0.366667 0.225792 0.0621249 0
0.653333 0.366667 0.372641 0.0534583 0
0.656667 0.366667 0.246064 0.0594804 0
0.66 0.373333 0.270865 0.0569757 0
0.663333 0.373333 0.258991 0.062399 0
0.666667 0.376667 0.384123 0.0621825 0
0.67 0.376667 0.377759 0.0638546 0
0.673333 0.38 0.362202 0.062004 0
0.676667 0.38 0.373811 0.0642539 0
0.68 0.386667 0.266351 0.060951 0
0.683333 0.386667 0.368906 0.0638976 0
0.686667 0.39 0.162799 0.0575239 0
0.69 0.39 0.237281 0.0567776 0
0.693333 0.43 0.342372 0.060573 0
0.696667 0.43 0.412044 0.0543775 0
0.7 0.43 0.415615 0.0565178 0
0.703333 0.44 0.32426 0.054376 0
0.706667 0.443333 0.309007 0.0605477 0
0.71 0.45 0.355102 0.0559108 0
0.713333 0.45 0.371638 0.057229 0
0.716667 0.456667 0.440318 0.0632725 0
0.72 0.463333 0.317705 0.0600492 0
0.723333 0.466667 0.428161 0.0552256 0
0.726667 0.49 0.34399 0.0499404 0
0.73 0.53 0.351722 0.0416919 0
0.733333 0.53 0.409815 0.0416709 0
0.736667 0.53 0.219011 0.0471246 0
0.74 0.53 0.407295 0.0458451 0
0.743333 0.53 0.2203 0.0420001 0
0.746667 0.53 0.519031 0.0441262 0
0.75 0.536667 0.219185 0.0447715 0
0.753333 0.536667 0.39301 0.0469554 0
0.756667 0.543333 0.298252 0.0487122 0
0.76 0.55 0.375211 0.0475132 0
0.763333 0.56 0.3109 0.0434017 0
0.766667 0.566667 0.505519 0.0419678 0
0.77 0.59 0.225149 0.040195 0
0.773333 0.593333 0.182108 0.0403833 0
0.776667 0.593333 0.439593 0.0404518 0
0.78 0.593333 0.25149 0.0434764 0
0.783333 0.593333 0.377523 0.0414998 0
0.786667 0.623333 0.368421 0.0389389 0
0.79 0.633333 0.207407 0.034627 0
0.793333 0.633333 0.171844 0.0347173 0
0.796667 0.636667 0.51289 0.0330012 0
0.8 0.64 0.454158 0.0399675 0
0.803333 0.656667 0.433255 0.0355464 0
0.806667 0.66 0.344242 0.0328678 0
0.81 0.66 0.420697 0.0378716 0
0.813333 0.66 0.375902 0.0360086 0
0.816667 0.666667 0.503091 0.0370168 0
0.82 0.666667 0.353433 0.0350979 0
0.823333 0.67 0.540597 0.037619 0
0.826667 0.67 0.419293 0.0353688 0
0.83 0.69 0.395685 0.0356562 0
0.833333 0.706667 0.434582 0.0315925 0
0.836667 0.706667 0.409916 0.0293987 0
0.84 0.706667 0.546069 0.0279861 0
0.843333 0.71 0.647588 0.0314322 0
0.846667 0.71 0.599085 0.0305522 0
0.85 0.71 0.4865 0.0302875 0
0.853333 0.71 0.448592 0.0319306 0
0.856667 0.71 0.469439 0.0330347 0
0.86 0.713333 0.531935 0.0307447 0
0.863333 0.716667 0.263716 0.0284284 0
0.866667 0.716667 0.392301 0.030233 0
0.87 0.726667 0.410045 0.0322724 0
0.873333 0.726667 0.422692 0.0296156 0
0.876667 0.726667 0.42768 0.028588 0
0.88 0.726667 0.506535 0.0273226 0
0.883333 0.73 0.504916 0.0284572 0
0.886667 0.75 0.350732 0.0256262 0
0.89 0.75 0.692241 0.0248261 0
0.893333 0.75 0.678093 0.026199 0
0.896667 0.75 0.695499 0.0277319 0
0.9 0.75 0.409572 0.0281011 0
0.903333 0.76 0.480537 0.0252237 0
0.906667 0.77 0.344131 0.0248441 0
0.91 0.77 0.501445 0.0248767 0
0.913333 0.773333 0.492889 0.0232213 0
0.916667 0.776667 0.509601 0.0233009 0
0.92 0.776667 0.53333 0.0227121 0
0.923333 0.776667 0.56561 0.0247086 0
0.926667 0.776667 0.490356 0.025189 0
0.93 0.78 0.55953 0.0257071 0
0.933333 0.783333 0.753728 0.023816 0
0.936667 0.783333 0.279914 0.0233301 0
0.94 0.783333 0.557314 0.0238959 0
0.943333 0.783333 0.503315 0.0243199 0
0.946667 0.783333 0.313644 0.0247735 0
0.95 0.786667 0.387436 0.0221248 0
0.953333 0.79 0.259441 0.0217183 0
0.956667 0.79 0.288815 0.0227666 0
0.96 0.79 0.28029 0.0220393 0
0.963333 0.79 0.420443 0.0227121 0
0.966667 0.793333 0.504649 0.0255268 0
0.97 0.793333 0.44017 0.0231325 0
0.973333 0.793333 0.790233 0.0252938 0
0.976667 0.796667 0.528206 0.023296 0
0.98 0.8 0.0805982 0.0226314 0
0.983333 0.8 0.444328 0.0228971 0
0.986667 0.8 0.713142 0.0238719 0
0.99 0.8 0.697229 0.022613 0
0.993333 0.803333 0.772867 0.0235294 0
0.996667 0.803333 0.70868 0.0235945 0
1 0.803333 0.770351 0.0244754 0
1.00333 0.816667 0.702229 0.0214322 0
1.00667 0.816667 0.820373 0.0223695 0
1.01 0.816667 0.781454 0.0203888 0
1.01333 0.816667 0.592596 0.0197872 0
1.01667 0.816667 0.60226 0.0211008 0
1.02 0.82 0.783966 0.0212023 0
1.02333 0.82 0.699886 0.0208429 0
1.02667 0.82 0.639994 0.02042 0
1.03 0.82 0.783668 0.0203902 0
1.03333 0.82 0.777649 0.023366 0
1.03667 0.823333 0.128282 0.0216209 0
1.04 0.823333 0.776966 0.0210528 0
1.04333 0.833333 0.575911 0.0204616 0
1.04667 0.833333 0.586644 0.0211089 0
1.05 0.833333 0.512044 0.019727 0
1.05333 0.833333 0.649979 0.0203769 0
1.05667 0.833333 0.386896 0.0195146 0
1.06 0.833333 0.790881 0.0210847 0
1.06333 0.833333 0.828972 0.0204165 0
1.06667 0.833333 0.826554 0.0197615 0
1.07 0.833333 0.535334 0.0202814 0
1.07333 0.833333 0.7796 0.0202781 0
1.07667 0.833333 0.800483 0.0211692 0
1.08 0.836667 0.514318 0.020631 0
1.08333 0.836667 0.810899 0.0205218 0
1.08667 0.836667 0.746265 0.020739 0
1.09 0.836667 0.742673 0.0204567 0
1.09333 0.836667 0.539938 0.0210696 0
1.09667 0.84 0.810837 0.0203426 0
1.1 0.84 0.510645 0.020216 0
1.10333 0.84 0.837369 0.020511 0
1.10667 0.85 0.773572 0.0193219 0
1.11 0.85 0.669802 0.0190005 0
1.11333 0.85 0.704609 0.0179833 0
1.11667 0.85 0.821116 0.0191244 0
1.12 0.85 0.765425 0.0178169 0
1.12333 0.85 0.698114 0.0193809 0
1.12667 0.85 0.848799 0.0167588 0
1.13 0.853333 0.723981 0.019627 0
1.13333 0.856667 0.804321 0.0172587 0
1.13667 0.863333 0.831725 0.0184641 0
1.14 0.866667 0.835078 0.0186823 0
1.14333 0.87 0.847798 0.0174106 0
1.14667 0.87 0.838816 0.0182985 0
1.15 0.87 0.867982 0.0192266 0
1.15333 0.87 0.86837 0.0189598 0
1.15667 0.87 0.200972 0.0184441 0
1.16 0.87 0.504519 0.0172083 0
1.16333 0.87 0.869 0 0