# Node_nr = 500
# K <r> sigma_r(sig not of average! divide by sqrt(n))
0 0.004 0.0373449 0.0203909 0
0.02 0.004 0.0439295 0.0222725 0
0.04 0.006 0.0439344 0.0204221 0
0.06 0.006 0.0360697 0.0211635 0
0.08 0.008 0.0385645 0.0202943 0
0.1 0.008 0.0426408 0.0214912 0
0.12 0.012 0.0360316 0.0194683 0
0.14 0.012 0.0391573 0.0190108 0
0.16 0.014 0.0432355 0.0215193 0
0.18 0.018 0.0403084 0.0217517 0
0.2 0.024 0.0392516 0.0209588 0
0.22 0.026 0.0384309 0.0191652 0
0.24 0.028 0.0412667 0.0220075 0
0.26 0.028 0.0419075 0.0225045 0
0.28 0.034 0.0416284 0.0209145 0
0.3 0.046 0.0370685 0.0192878 0
0.32 0.048 0.037708 0.0198834 0
0.34 0.066 0.0402889 0.0203093 0
0.36 0.066 0.0414634 0.0216197 0
0.38 0.07 0.0421819 0.0216571 0
0.4 0.072 0.0384278 0.020044 0
0.42 0.078 0.0413214 0.022253 0
0.44 0.082 0.0392711 0.0204694 0
0.46 0.09 0.0425732 0.0218065 0
0.48 0.09 0.0379932 0.0194331 0
0.5 0.098 0.0379454 0.020375 0
0.52 0.122 0.03917 0.0202385 0
0.54 0.122 0.03967 0.0205162 0
0.56 0.13 0.0379555 0.020199 0
0.58 0.146 0.0382