# Node_nr = 200
# K <r> sigma_r(sig not of average! divide by sqrt(n))
0 0.01 0.0631345 0.0350593 0
0.005 0.01 0.0683396 0.0315704 0
0.01 0.01 0.058754 0.0334126 0
0.015 0.015 0.0620553 0.0344773 0
0.02 0.015 0.0655858 0.0338181 0
0.025 0.015 0.064441 0.0326567 0
0.03 0.015 0.0656152 0.0405442 0
0.035 0.015 0.0686124 0.0349915 0
0.04 0.02 0.0710107 0.0342827 0
0.045 0.02 0.070627 0.0382663 0
0.05 0.02 0.0602866 0.0333497 0
0.055 0.02 0.0672871 0.0331313 0
0.06 0.02 0.0712776 0.0410944 0
0.065 0.02 0.0613492 0.0311888 0
0.07 0.02 0.075628 0.0339224 0
0.075 0.02 0.0692646 0.0374975 0
0.08 0.02 0.0651221 0.0312401 0
0.085 0.02 0.0687659 0.0342598 0
0.09 0.02 0.0779645 0.0353197 0
0.095 0.02 0.0698496 0.0319264 0
0.1 0.02 0.0672264 0.0383733 0
0.105 0.02 0.0678156 0.0345876 0
0.11 0.02 0.0705145 0.0336119 0
0.115 0.02 0.075495 0.0377134 0
0.12 0.02 0.0759126 0.039711 0
0.125 0.02 0.0715258 0.0368798 0
0.13 0.02 0.0751408 0.0360417 0
0.135 0.02 0.0729334 0.0343479 0
0.14 0.02 0.0707896 0.0367938 0
0.145 0.025 0.0819047 0.0396397 0
0.15 0.025 0.0769042 0.0391602 0
0.155 0.025 0.0823939 0.0426956 0
0.16 0.025 0.0798581 0.0397485 0
0.165 0.025 0.078655 0.0367692 0
0.17 0.025 0.0844242 0.0377549 0
0.175 0.025 0.0801651 0.0403092 0
0.18 0.025 0.067185 0.0366683 0
0.185 0.025 0.0733383 0.0358665 0
0.19 0.025 0.0898313 0.0379571 0
0.195 0.025 0.0745321 0.0321762 0
0.2 0.025 0.0786905 0.0472947 0
0.205 0.025 0.0709479 0.0387027 0
0.21 0.025 0.0827003 0.0453224 0
0.215 0.03 0.072273 0.0293803 0
0.22 0.03 0.0726577 0.0387143 0
0.225 0.03 0.0811718 0.0331092 0
0.23 0.03 0.085529 0.0385018 0
0.235 0.03 0.07817 0.0439057 0
0.24 0.03 0.0922619 0.0450099 0
0.245 0.03 0.0956448 0.043983 0
0.25 0.03 0.0761626 0.0412631 0
0.255 0.03 0.0845788 0.0462936 0
0.26 0.03 0.0879997 0.044274 0
0.265 0.03 0.0873875 0.0419397 0
0.27 0.03 0.0847957 0.0353472 0
0.275 0.03 0.0765116 0.0393452 0
0.28 0.035 0.0743642 0.0381127 0
0.285 0.035 0.0878693 0.0350882 0
0.29 0.035 0.0893527 0.0351369 0
0.295 0.035 0.0885301 0.0498201 0
0.3 0.035 0.0953509 0.0552089 0
0.305 0.035 0.0970048 0.0522824 0
0.31 0.035 0.10588 0.0497911 0
0.315 0.035 0.0862288 0.0406694 0
0.32 0.035 0.0846592 0.0407102 0
0.325 0.035 0.0861612 0.0446935 0
0.33 0.035 0.0893505 0.0503615 0
0.335 0.035 0.0776206 0.04154 0
0.34 0.035 0.0983417 0.051889 0
0.345 0.035 0.0978709 0.0531781 0
0.35 0.035 0.0945863 0.0523235 0
0.355 0.035 0.0997069 0.0451907 0
0.36 0.04 0.096806 0.0504024 0
0.365 0.04 0.0900488 0.0444049 0
0.37 0.04 0.0988074 0.0428189 0
0.375 0.04 0.100972 0.0499275 0
0.38 0.04 0.107741 0.0532425 0
0.385 0.04 0.10267 0.0526542 0
0.39 0.04 0.103424 0.0599104 0
0.395 0.04 0.0979124 0.0495065 0
0.4 0.04 0.100681 0.038997 0
0.405 0.04 0.101431 0.0562925 0
0.41 0.045 0.0974243 0.0529293 0
0.415 0.045 0.092247 0.0537339 0
0.42 0.045 0.10721 0.0549363 0
0.425 0.045 0.118016 0.0438779 0
0.43 0.045 0.113009 0.0621007 0
0.435 0.05 0.101585 0.0484956 0
0.44 0.05 0.10488 0.0709937 0
0.445 0.055 0.100702 0.0528922 0
0.45 0.055 0.117789 0.0594769 0
0.455 0.055 0.113198 0.0542315 0
0.46 0.055 0.0983018 0.0691106 0
0.465 0.055 0.132676 0.0502642 0
0.47 0.055 0.131571 0.0658795 0
0.475 0.06 0.1269 0.0671679 0
0.48 0.06 0.111661 0.0452368 0
0.485 0.06 0.0976141 0.0614988 0
0.49 0.06 0.0980248 0.0517712 0
0.495 0.06 0.140651 0.0731986 0
0.5 0.06 0.0955259 0.0489906 0
0.505 0.06 0.138836 0.0553672 0
0.51 0.06 0.134205 0.0715522 0
0.515 0.06 0.110756 0.0645646 0
0.52 0.06 0.0925069 0.0496926 0
0.525 0.06 0.147175 0.0548223 0
0.53 0.06 0.108634 0.0561555 0
0.535 0.06 0.0935805 0.0479689 0
0.54 0.06 0.145714 0.0677616 0
0.545 0.06 0.114044 0.0642693 0
0.55 0.065 0.0853218 0.035265 0
0.555 0.065 0.134112 0.0571944 0
0.56 0.065 0.159519 0.0729898 0
0.565 0.065 0.115088 0.0472742 0
0.57 0.065 0.14678 0.079627 0
0.575 0.065 0.133043 0.0677079 0
0.58 0.065 0.124044 0.058509 0
0.585 0.065 0.160225 0.0947686 0
0.59 0.065 0.137812 0.081358 0
0.595 0.065 0.181116 0.0944686 0
0.6 0.065 0.140224 0.079203 0
0.605 0.065 0.177814 0.0782532 0
0.61 0.065 0.144813 0.0665072 0
0.615 0.065 0.153489 0.0964844 0
0.62 0.065 0.148205 0.0708713 0
0.625 0.065 0.146323 0.0578787 0
0.63 0.065 0.167855 0.0666861 0
0.635 0.125 0.176279 0.0863836 0
0.64 0.125 0.170879 0.0542169 0
0.645 0.125 0.147305 0.0842185 0
0.65 0.13 0.210462 0.0866703 0
0.655 0.135 0.192282 0.0835133 0
0.66 0.135 0.218634 0.11216 0
0.665 0.18 0.194106 0.071456 0
0.67 0.18 0.228142 0.100338 0
0.675 0.18 0.2003 0.0732292 0
0.68 0.18 0.240841 0.0645507 0
0.685 0.18 0.236973 0.0818165 0
0.69 0.18 0.262478 0.0867698 0
0.695 0.26 0.254096 0.0700511 0
0.7 0.26 0.270053 0.0729892 0
0.705 0.26 0.285638 0.085892 0
0.71 0.26 0.288315 0.0789664 0
0.715 0.26 0.223556 0.0640125 0
0.72 0.26 0.36343 0.109261 0
0.725 0.26 0.258085 0.103852 0
0.73 0.285 0.343764 0.0739861 0
0.735 0.345 0.383874 0.0693137 0
0.74 0.345 0.332917 0.0736904 0
0.745 0.345 0.32989 0.0943786 0
0.75 0.345 0.432176 0.0545957 0
0.755 0.345 0.379989 0.164829 0
0.76 0.345 0.303626 0.123971 0
0.765 0.36 0.359355 0.0979492 0
0.77 0.415 0.452073 0.112083 0
0.775 0.53 0.553751 0.0552736 0
0.78 0.53 0.512656 0.0844821 0
0.785 0.535 0.55158 0.0506824 0
0.79 0.535 0.524671 0.0725219 0
0.795 0.535 0.57297 0.0746951 0
0.8 0.535 0.552816 0.0891751 0
0.805 0.61 0.61279 0.0637528 0
0.81 0.615 0.612639 0.0652775 0
0.815 0.615 0.62051 0.0760059 0
0.82 0.615 0.627089 0.0371621 0
0.825 0.625 0.62084 0.0827366 0
0.83 0.625 0.622031 0.0556939 0
0.835 0.625 0.641903 0.0495603 0
0.84 0.625 0.626116 0.0793463 0
0.845 0.625 0.612912 0.0479238 0
0.85 0.625 0.64478 0.0749941 0
0.855 0.625 0.638193 0.0542906 0
0.86 0.63 0.619932 0.0576514 0
0.865 0.63 0.641265 0.0777878 0
0.87 0.64 0.637644 0.0579834 0
0.875 0.655 0.676135 0.0732093 0
0.88 0.655 0.636535 0.0604124 0
0.885 0.705 0.727869 0.0565483 0
0.89 0.715 0.716942 0.046159 0
0.895 0.715 0.704496 0.0539736 0
0.9 0.715 0.740068 0.0452223 0
0.905 0.775 0.76784 0.0345851 0
0.91 0.775 0.775535 0.0373543 0
0.915 0.78 0.778338 0.0348186 0
0.92 0.815 0.803592 0.0340921 0
0.925 0.815 0.81239 0.0272656 0
0.93 0.815 0.824681 0.0258153 0
0.935 0.815 0.824054 0.0315549 0
0.94 0.815 0.806574 0.0273844 0
