# Node_nr = 30
# K <r> sigma_r(sig not of average! divide by sqrt(n))
0 0.0666667 0.160944 0.0823903 0
0.0333333 0.0666667 0.173856 0.0868093 0
0.0666667 0.0666667 0.17677 0.0871322 0
0.1 0.0666667 0.17862 0.0935459 0
0.133333 0.1 0.174401 0.0969013 0
0.166667 0.1 0.193315 0.0989799 0
0.2 0.1 0.205038 0.10962 0
0.233333 0.133333 0.202477 0.0800612 0
0.266667 0.166667 0.181521 0.103224 0
0.3 0.166667 0.1854 0.0950495 0
0.333333 0.166667 0.204742 0.0810572 0
0.366667 0.166667 0.231445 0.100982 0
0.4 0.166667 0.189731 0.11099 0
0.433333 0.2 0.203821 0.097104 0
0.466667 0.2 0.186669 0.0893404 0
0.5 0.2 0.213155 0.119769 0
0.533333 0.3 0.234971 0.116668 0
0.566667 0.3 0.200449 0.116429 0
0.6 0.3 0.233386 0.114757 0
0.633333 0.6 0.252505 0.118676 0
0.666667 0.6 0.214908 0.116445 0
0.7 0.6 0.226942 0.0896166 0
0.733333 0.6 0.260511 0.138025 0
0.766667 0.666667 0.280751 0.1559 0
0.8 0.666667 0.291411 0.115484 0
0.833333 0.666667 0.390116 0.132645 0
0.866667 0.7 0.366688 0.112612 0
0.9 0.733333 0.309236 0.113014 0
0.933333 0.733333 0.474452 0.0957955 0
0.966667 0.8 0.445032 0.151433 0
1 0.9 0.42642 0.178034 0
1.03333 0.9 0.367413 0.108087 0
1.06667 1 0.311425 0.250673 0
1.1 1 0.416709 0.183836 0
1.13333 1 0.422099 0.204546 0
1.16667 1 0.450749 0.054158 0
1.2 1 0.537716 0.0383172 0
1.23333 1 0.573063 0.0372205 0
1.26667 1 0.55273 0.0386308 0
1.3 1 0.610346 0.0406044 0
1.33333 1 0.713213 0.0274637 0
1.36667 1 0.726747 0.000695443 0
1.4 1 0.783652 0.00607568 0
1.43333 1 0.856012 0.00734523 0
1.46667 1 0.863146 0.000529959 0
