# Relevant parameters to reproduce this network:
# node_nr=500	 k_max=50
# initial_seed=1557434111	 delta_t=0.1	 max_steps=10000	 in_between=0
# fg_m=1	 fg_alpha=0	 fg_t_min=0	 fg_t_max=1.5	 fg_t_number=750	 fg_weff_lower_frequency=-1e+08	 fg_weff_max_steps=10000	 fg_weff_in_between=0
# K Giant_component <r> sigma_r*sqrt(NODE_NR) clustering
0 0.004 0.0381237 0.0192327 0
0.002 0.004 0.0388765 0.0191 0
0.004 0.004 0.0394053 0.0202845 0
0.006 0.004 0.0412752 0.0209981 0
0.008 0.004 0.0421353 0.0222083 0
0.01 0.004 0.0401266 0.020908 0
0.012 0.004 0.0408401 0.0220665 0
0.014 0.004 0.0410579 0.0207197 0
0.016 0.004 0.0395231 0.0202946 0
0.018 0.004 0.0408684 0.0198365 0
0.02 0.004 0.0383292 0.02003 0
0.022 0.004 0.0392044 0.021354 0
0.024 0.004 0.0401299 0.021639 0
0.026 0.004 0.0395911 0.0213666 0
0.028 0.004 0.0393455 0.0214613 0
0.03 0.004 0.0415206 0.0212458 0
0.032 0.004 0.0418469 0.0211282 0
0.034 0.004 0.0438263 0.0222943 0
0.036 0.004 0.0428253 0.0212799 0
0.038 0.004 0.0438008 0.0218428 0
0.04 0.004 0.042549 0.0224029 0
0.042 0.006 0.0387028 0.0193906 0
0.044 0.006 0.0395077 0.0217765 0
0.046 0.006 0.0412603 0.0192991 0
0.048 0.006 0.0388953 0.020724 0
0.05 0.006 0.0394295 0.021248 0
0.052 0.006 0.041748 0.0231504 0
0.054 0.006 0.0435971 0.0224202 0
0.056 0.006 0.0410554 0.0221011 0
0.058 0.006 0.0421563 0.0200553 0
0.06 0.006 0.0417876 0.0230783 0
0.062 0.006 0.0398588 0.0206554 0
0.064 0.006 0.0407852 0.0194359 0
0.066 0.006 0.0430442 0.0212717 0
0.068 0.006 0.0412244 0.0206003 0
0.07 0.006 0.0424246 0.0236791 0
0.072 0.006 0.0428401 0.0212352 0
0.074 0.006 0.0407196 0.0209686 0
0.076 0.006 0.0438578 0.02214 0
0.078 0.006 0.0439166 0.0237562 0
0.08 0.006 0.0422129 0.0221676 0
0.082 0.006 0.0412904 0.021944 0
0.084 0.006 0.0422711 0.0222767 0
0.086 0.006 0.0430037 0.0216934 0
0.088 0.006 0.0439494 0.0235395 0
0.09 0.006 0.0441053 0.0250954 0
0.092 0.006 0.0460173 0.0239058 0
0.094 0.006 0.0441633 0.0238968 0
0.096 0.006 0.0432424 0.021765 0
0.098 0.006 0.0433516 0.0214661 0
0.1 0.006 0.0408895 0.021332 0
0.102 0.006 0.0440986 0.0235148 0
0.104 0.006 0.0447695 0.0227165 0
0.106 0.006 0.0435854 0.0238705 0
0.108 0.006 0.0432693 0.0236045 0
0.11 0.006 0.043856 0.023412 0
0.112 0.006 0.0433198 0.0216892 0
0.114 0.006 0.0445554 0.0237324 0
0.116 0.006 0.0440435 0.0242029 0
0.118 0.006 0.0442567 0.0246093 0
0.12 0.006 0.0453401 0.0226552 0
0.122 0.006 0.04189 0.0214644 0
0.124 0.006 0.0448255 0.0225995 0
0.126 0.006 0.0455871 0.0224056 0
0.128 0.006 0.0464825 0.0240892 0
0.13 0.006 0.0451673 0.0228051 0
0.132 0.006 0.046061 0.0241056 0
0.134 0.006 0.0482785 0.0234546 0
0.136 0.006 0.0461617 0.0232749 0
0.138 0.008 0.0461262 0.0228183 0
0.14 0.008 0.0432425 0.0229926 0
0.142 0.008 0.0471269 0.0244953 0
0.144 0.008 0.0465427 0.0249742 0
0.146 0.008 0.0474027 0.0254212 0
0.148 0.008 0.0447717 0.0237929 0
0.15 0.01 0.0491732 0.0254471 0
0.152 0.01 0.0455082 0.0251202 0
0.154 0.01 0.0454906 0.0242936 0
0.156 0.01 0.0477473 0.0240226 0
0.158 0.01 0.045296 0.0246505 0
0.16 0.01 0.0533184 0.024931 0
0.162 0.01 0.0551041 0.0285862 0
0.164 0.01 0.0486788 0.0234647 0
0.166 0.01 0.0477712 0.0238186 0
0.168 0.01 0.0496139 0.0267515 0
0.17 0.01 0.0482646 0.026364 0
0.172 0.01 0.047655 0.0252897 0
0.174 0.01 0.0478107 0.0259725 0
0.176 0.01 0.0498294 0.0251645 0
0.178 0.01 0.0497776 0.0254745 0
0.18 0.01 0.045311 0.0230372 0
0.182 0.01 0.0482417 0.0256697 0
0.184 0.01 0.0463313 0.0231566 0
0.186 0.01 0.0495926 0.024826 0
0.188 0.01 0.0475373 0.0228475 0
0.19 0.012 0.0507591 0.0263508 0
0.192 0.012 0.051635 0.0267224 0
0.194 0.012 0.0505167 0.0273191 0
0.196 0.012 0.0512493 0.0248782 0
0.198 0.012 0.0476355 0.0266133 0
0.2 0.012 0.0499882 0.0239609 0
0.202 0.012 0.0551055 0.0263094 0
0.204 0.012 0.0534613 0.026497 0
0.206 0.012 0.0490808 0.0235849 0
0.208 0.012 0.0532458 0.0266623 0
0.21 0.012 0.0530345 0.025808 0
0.212 0.012 0.0513089 0.0258172 0
0.214 0.012 0.050856 0.0261943 0
0.216 0.012 0.0545635 0.0286859 0
0.218 0.012 0.0524948 0.026848 0
0.22 0.014 0.0497487 0.0252402 0
0.222 0.014 0.0522355 0.0286154 0
0.224 0.016 0.0513004 0.0275788 0
0.226 0.016 0.0515024 0.0245721 0
0.228 0.016 0.0491661 0.02413 0
0.23 0.016 0.056595 0.0294193 0
0.232 0.016 0.0534117 0.0298172 0
0.234 0.016 0.0529944 0.0282959 0
0.236 0.016 0.0572359 0.0288636 0
0.238 0.016 0.0552209 0.0279456 0
0.24 0.016 0.0506056 0.0245057 0
0.242 0.016 0.0546928 0.0276605 0
0.244 0.016 0.0543544 0.0270839 0
0.246 0.016 0.0528455 0.0261116 0
0.248 0.016 0.0540192 0.0272934 0
0.25 0.016 0.0582756 0.0296016 0
0.252 0.016 0.0517169 0.028763 0
0.254 0.016 0.0520802 0.0308702 0
0.256 0.016 0.0558795 0.0291342 0
0.258 0.016 0.0533911 0.0284876 0
0.26 0.016 0.0523761 0.0292234 0
0.262 0.016 0.0569511 0.0313927 0
0.264 0.016 0.0530216 0.0277986 0
0.266 0.016 0.0533372 0.0276621 0
0.268 0.016 0.0601709 0.0289553 0
0.27 0.016 0.0567533 0.029491 0
0.272 0.016 0.0530765 0.0269364 0
0.274 0.016 0.0568075 0.0285748 0
0.276 0.016 0.0581831 0.0282978 0
0.278 0.018 0.0550433 0.0271113 0
0.28 0.018 0.0589485 0.0331822 0
0.282 0.018 0.0577961 0.0314608 0
0.284 0.018 0.0529618 0.0282456 0
0.286 0.018 0.055041 0.0270057 0
0.288 0.018 0.0593492 0.0319755 0
0.29 0.018 0.0573768 0.0287436 0
0.292 0.018 0.055611 0.0321141 0
0.294 0.018 0.0643638 0.033623 0
0.296 0.018 0.0536011 0.0277722 0
0.298 0.018 0.0547537 0.0288738 0
0.3 0.018 0.0580895 0.0279875 0
0.302 0.018 0.0610795 0.0303474 0
0.304 0.018 0.05472 0.0302023 0
0.306 0.018 0.0569473 0.0276039 0
0.308 0.018 0.0608821 0.0314256 0
0.31 0.018 0.0614571 0.0299627 0
0.312 0.018 0.0540884 0.0300072 0
0.314 0.018 0.0569923 0.0311071 0
0.316 0.024 0.0618243 0.0320756 0
0.318 0.024 0.058166 0.0283416 0
0.32 0.024 0.0596961 0.0294613 0
0.322 0.024 0.0609783 0.0305304 0
0.324 0.024 0.0623168 0.0312657 0
0.326 0.024 0.0590159 0.0331628 0
0.328 0.024 0.0571022 0.0326832 0
0.33 0.024 0.0646301 0.0319913 0
0.332 0.024 0.0638201 0.0347402 0
0.334 0.024 0.0568822 0.0308014 0
0.336 0.024 0.0626148 0.0318188 0
0.338 0.024 0.0633268 0.0303439 0
0.34 0.024 0.0597249 0.0316455 0
0.342 0.024 0.0557147 0.0323236 0
0.344 0.024 0.066661 0.0318258 0
0.346 0.024 0.0687649 0.0313002 0
0.348 0.024 0.0629536 0.031139 0
0.35 0.024 0.0703001 0.0338524 0
0.352 0.024 0.0644942 0.0340743 0
0.354 0.028 0.0607958 0.0289681 0
0.356 0.028 0.0636579 0.0319033 0
0.358 0.028 0.062212 0.0325019 0
0.36 0.028 0.0683799 0.0354713 0
0.362 0.028 0.0692828 0.0350037 0
0.364 0.028 0.0691199 0.0385759 0
0.366 0.028 0.0684613 0.0322119 0
0.368 0.028 0.0667553 0.033894 0
0.37 0.028 0.0613718 0.0341943 0
0.372 0.028 0.0670088 0.0344639 0
0.374 0.028 0.0669568 0.0334487 0
0.376 0.028 0.0645999 0.0333143 0
0.378 0.028 0.0669709 0.0322434 0
0.38 0.028 0.0647695 0.0322312 0
0.382 0.028 0.0628903 0.033662 0
0.384 0.028 0.0666823 0.0346978 0
0.386 0.028 0.0731942 0.0360526 0
0.388 0.028 0.0574942 0.030767 0
0.39 0.028 0.0704688 0.0340385 0
0.392 0.028 0.0660548 0.0365256 0
0.394 0.028 0.0720722 0.0338983 0
0.396 0.028 0.0640433 0.0335582 0
0.398 0.028 0.0776806 0.0391364 0
0.4 0.032 0.0737051 0.0366888 0
0.402 0.032 0.070607 0.0354925 0
0.404 0.032 0.0732104 0.0392503 0
0.406 0.032 0.072431 0.0373344 0
0.408 0.032 0.0692044 0.0375688 0
0.41 0.034 0.074466 0.038137 0
0.412 0.038 0.0709466 0.0370481 0
0.414 0.038 0.0678326 0.03377 0
0.416 0.038 0.0694025 0.0369162 0
0.418 0.038 0.0784736 0.0369044 0
0.42 0.038 0.0653631 0.0335371 0
0.422 0.038 0.0727582 0.0360144 0
0.424 0.038 0.0727711 0.0365529 0
0.426 0.038 0.0641855 0.0336815 0
0.428 0.038 0.0748983 0.0348515 0
0.43 0.04 0.0742935 0.0352285 0
0.432 0.04 0.0731264 0.0334451 0
0.434 0.04 0.0772923 0.0385349 0
0.436 0.04 0.0826731 0.0400149 0
0.438 0.04 0.0746958 0.0384325 0
0.44 0.04 0.0778268 0.04041 0
0.442 0.04 0.0769829 0.0399459 0
0.444 0.04 0.070386 0.0382633 0
0.446 0.04 0.0751939 0.0398811 0
0.448 0.04 0.0737214 0.0377768 0
0.45 0.04 0.0753519 0.0448743 0
0.452 0.04 0.0787261 0.0410838 0
0.454 0.04 0.0767005 0.039008 0
0.456 0.04 0.0813254 0.040669 0
0.458 0.04 0.0802962 0.0391987 0
0.46 0.08 0.0719605 0.0386383 0
0.462 0.08 0.0698734 0.0329064 0
0.464 0.08 0.0751056 0.0370252 0
0.466 0.08 0.071431 0.0378758 0
0.468 0.08 0.0780602 0.0386829 0
0.47 0.082 0.0743005 0.0378862 0
0.472 0.082 0.0809161 0.0410184 0
0.474 0.104 0.076013 0.040966 0
0.476 0.104 0.079073 0.0420286 0
0.478 0.104 0.0773112 0.0424205 0
0.48 0.104 0.0776047 0.0404452 0
0.482 0.104 0.0779161 0.0401711 0
0.484 0.104 0.0696258 0.0360203 0
0.486 0.104 0.0717316 0.0359194 0
0.488 0.104 0.0778758 0.0427077 0
0.49 0.104 0.0806882 0.0404096 0
0.492 0.104 0.0764603 0.0378558 0
0.494 0.106 0.0775312 0.0404448 0
0.496 0.106 0.0823357 0.0365801 0
0.498 0.106 0.0693343 0.0370667 0
0.5 0.106 0.0783513 0.0406081 0
0.502 0.106 0.0773268 0.0403059 0
0.504 0.106 0.0785837 0.0450894 0
0.506 0.106 0.077968 0.0404618 0
0.508 0.106 0.0783709 0.0389092 0
0.51 0.106 0.0823258 0.0403601 0
0.512 0.106 0.0723838 0.034655 0
0.514 0.106 0.0739523 0.0394247 0
0.516 0.106 0.0760838 0.0341395 0
0.518 0.106 0.0681411 0.0313475 0
0.52 0.106 0.0803062 0.0369978 0
0.522 0.106 0.0768559 0.0366721 0
0.524 0.106 0.0685556 0.0361954 0
0.526 0.106 0.0683111 0.0352773 0
0.528 0.106 0.0736842 0.0376461 0
0.53 0.106 0.0790847 0.0357385 0
0.532 0.11 0.070988 0.0337081 0
0.534 0.11 0.0892328 0.0459965 0
0.536 0.11 0.0956898 0.0442774 0
0.538 0.11 0.105169 0.0426148 0
0.54 0.11 0.109196 0.0454066 0
0.542 0.12 0.0687351 0.0379627 0
0.544 0.128 0.082932 0.0427819 0
0.546 0.128 0.0827397 0.0442591 0
0.548 0.128 0.0786875 0.0375292 0
0.55 0.128 0.0849596 0.0400933 0
0.552 0.128 0.0717348 0.0381938 0
0.554 0.13 0.0849599 0.0402833 0
0.556 0.13 0.0864551 0.0446246 0
0.558 0.132 0.0899839 0.0425289 0
0.56 0.132 0.0969262 0.0478242 0
0.562 0.138 0.08838 0.0453313 0
0.564 0.138 0.10346 0.0523515 0
0.566 0.142 0.0956461 0.0495501 0
0.568 0.142 0.0887562 0.0527689 0
0.57 0.142 0.0891802 0.0454387 0
0.572 0.144 0.0996533 0.0440771 0
0.574 0.144 0.0971927 0.0486831 0
0.576 0.144 0.0986429 0.0477881 0
0.578 0.144 0.0947376 0.0402594 0
0.58 0.144 0.101253 0.0497095 0
0.582 0.146 0.0888481 0.0450851 0
0.584 0.146 0.103711 0.049179 0
0.586 0.148 0.100385 0.0483228 0
0.588 0.148 0.0986587 0.0533504 0
0.59 0.148 0.100519 0.0533141 0
0.592 0.148 0.0993136 0.0492004 0
0.594 0.162 0.104378 0.0530219 0
0.596 0.162 0.0999939 0.0485153 0
0.598 0.162 0.0967312 0.0490033 0
0.6 0.18 0.105649 0.0412888 0
0.602 0.18 0.0999928 0.0423937 0
0.604 0.18 0.0884944 0.0451356 0
0.606 0.18 0.099167 0.0460166 0
0.608 0.18 0.115294 0.0425052 0
0.61 0.18 0.0826649 0.0360389 0
0.612 0.18 0.0778719 0.0377643 0
0.614 0.18 0.0788198 0.0392098 0
0.616 0.18 0.0769771 0.0393502 0
0.618 0.18 0.0876928 0.0404479 0
0.62 0.18 0.101748 0.0402893 0
0.622 0.352 0.090939 0.0432091 0
0.624 0.354 0.0637633 0.0347622 0
0.626 0.38 0.083879 0.0356654 0
0.628 0.38 0.0846964 0.0373529 0
0.63 0.384 0.0771653 0.044962 0
0.632 0.384 0.0579761 0.0316797 0
0.634 0.388 0.0646337 0.0311712 0
0.636 0.388 0.0634316 0.0321207 0
0.638 0.39 0.0841038 0.0402742 0
0.64 0.392 0.0926369 0.0444695 0
0.642 0.392 0.0851994 0.0409673 0
0.644 0.392 0.0860738 0.0417838 0
0.646 0.394 0.0717838 0.0394558 0
0.648 0.394 0.0673761 0.0302826 0
0.65 0.394 0.0671882 0.0377725 0
0.652 0.408 0.0915729 0.0412078 0
0.654 0.408 0.0791897 0.0412479 0
0.656 0.418 0.0798777 0.0382156 0
0.658 0.428 0.106358 0.0402591 0
0.66 0.432 0.124278 0.0404305 0
0.662 0.434 0.0828212 0.0364905 0
0.664 0.436 0.100006 0.0411664 0
0.666 0.466 0.113927 0.0374185 0
0.668 0.466 0.141549 0.0361939 0
0.67 0.466 0.0910729 0.0340261 0
0.672 0.47 0.0917 0.035822 0
0.674 0.48 0.108722 0.0363323 0
0.676 0.48 0.117378 0.0401954 0
0.678 0.48 0.113833 0.0394251 0
0.68 0.48 0.0807987 0.037102 0
0.682 0.484 0.0834287 0.0349323 0
0.684 0.486 0.096209 0.0487567 0
0.686 0.486 0.116228 0.0414617 0
0.688 0.486 0.115097 0.034879 0
0.69 0.49 0.117489 0.0406871 0
0.692 0.49 0.121389 0.0438732 0
0.694 0.49 0.0761323 0.037901 0
0.696 0.49 0.084431 0.0350791 0
0.698 0.514 0.0752877 0.0358985 0
0.7 0.54 0.0570264 0.0259081 0
0.702 0.54 0.0502221 0.0262084 0
0.704 0.544 0.0527282 0.027256 0
0.706 0.58 0.117656 0.0423939 0
0.708 0.582 0.129191 0.0378086 0
0.71 0.584 0.100707 0.0357826 0
0.712 0.59 0.107999 0.0349284 0
0.714 0.592 0.0868975 0.032073 0
0.716 0.596 0.0825249 0.0343897 0
0.718 0.6 0.0880005 0.0354298 0
0.72 0.602 0.0866515 0.0398467 0
0.722 0.604 0.0860008 0.0364151 0
0.724 0.604 0.0929176 0.0373321 0
0.726 0.606 0.0937243 0.037592 0
0.728 0.606 0.0924019 0.0374057 0
0.73 0.612 0.0879874 0.0367797 0
0.732 0.614 0.0912101 0.0385396 0
0.734 0.614 0.0798002 0.0416038 0
0.736 0.614 0.0664663 0.0307008 0
0.738 0.616 0.0677943 0.0292508 0
0.74 0.616 0.0732364 0.0327951 0
0.742 0.64 0.0532335 0.0277231 0
0.744 0.64 0.0560632 0.0273193 0
0.746 0.642 0.0529292 0.0265422 0
0.748 0.644 0.0525458 0.0253211 0
0.75 0.646 0.0598018 0.026595 0
0.752 0.646 0.0578849 0.0283568 0
0.754 0.652 0.0541706 0.03065 0
0.756 0.654 0.0588087 0.0296878 0
0.758 0.66 0.058654 0.0293956 0
0.76 0.662 0.0613216 0.031726 0
0.762 0.664 0.067047 0.0286704 0
0.764 0.666 0.0553214 0.0230917 0
0.766 0.666 0.0690905 0.0298345 0
0.768 0.676 0.0633689 0.0320855 0
0.77 0.678 0.062298 0.0304172 0
0.772 0.678 0.0692604 0.0341389 0
0.774 0.682 0.0710509 0.0371582 0
0.776 0.682 0.0608854 0.0354646 0
0.778 0.684 0.0333531 0.0154445 0
0.78 0.684 0.0333355 0.0175577 0
0.782 0.684 0.0325404 0.0173038 0
0.784 0.684 0.0593348 0.023315 0
0.786 0.684 0.0613473 0.0227908 0
0.788 0.686 0.0629757 0.0239302 0
0.79 0.686 0.0481493 0.0210734 0
0.792 0.686 0.0513523 0.0221163 0
0.794 0.686 0.0483654 0.021489 0
0.796 0.686 0.0532451 0.0230068 0
0.798 0.692 0.0488541 0.0177827 0
0.8 0.692 0.0572823 0.0208035 0
0.802 0.694 0.0574628 0.0225921 0
0.804 0.696 0.0599716 0.0233977 0
0.806 0.696 0.196566 0.0833707 0
0.808 0.698 0.236947 0.0487745 0
0.81 0.698 0.230702 0.0531742 0
0.812 0.702 0.251941 0.055065 0
0.814 0.704 0.254288 0.0504455 0
0.816 0.704 0.250018 0.0506141 0
0.818 0.706 0.243795 0.0508162 0
0.82 0.718 0.255616 0.051036 0
0.822 0.72 0.25824 0.05139 0
0.824 0.72 0.265039 0.049771 0
0.826 0.722 0.259221 0.0509584 0
0.828 0.724 0.227755 0.0556141 0
0.83 0.724 0.159949 0.0500506 0
0.832 0.724 0.132961 0.0206856 0
0.834 0.726 0.129649 0.0216309 0
0.836 0.728 0.130677 0.0207494 0
0.838 0.732 0.138667 0.0198512 0
0.84 0.732 0.208618 0.0316946 0
0.842 0.734 0.224879 0.0192862 0
0.844 0.734 0.228719 0.0199518 0
0.846 0.734 0.261584 0.0198543 0
0.848 0.734 0.262225 0.0209101 0
0.85 0.734 0.263678 0.0209244 0
0.852 0.734 0.269193 0.0189196 0
0.854 0.734 0.272768 0.0199643 0
0.856 0.734 0.286398 0.0216702 0
0.858 0.736 0.280666 0.0174302 0
0.86 0.74 0.277549 0.0179444 0
0.862 0.742 0.281735 0.0215901 0
0.864 0.742 0.255961 0.0192824 0
0.866 0.742 0.252107 0.0187937 0
0.868 0.746 0.26144 0.0188059 0
0.87 0.75 0.270221 0.0185039 0
0.872 0.75 0.270242 0.0193442 0
0.874 0.75 0.271878 0.0200649 0
0.876 0.75 0.310029 0.0207054 0
0.878 0.75 0.312517 0.0179001 0
0.88 0.75 0.308784 0.0197359 0
0.882 0.752 0.316723 0.0206998 0
0.884 0.754 0.306826 0.0192036 0
0.886 0.754 0.300316 0.0183651 0
0.888 0.754 0.302669 0.0193101 0
0.89 0.754 0.298657 0.0210863 0
0.892 0.754 0.308435 0.0193909 0
0.894 0.754 0.304157 0.0199826 0
0.896 0.754 0.310529 0.0220864 0
0.898 0.754 0.33188 0.0193902 0
0.9 0.756 0.328775 0.0207806 0
0.902 0.758 0.334029 0.018596 0
0.904 0.762 0.335681 0.0203965 0
0.906 0.762 0.335678 0.0175298 0
0.908 0.762 0.343849 0.0187873 0
0.91 0.768 0.341037 0.0196475 0
0.912 0.768 0.362919 0.0177732 0
0.914 0.77 0.364363 0.0197331 0
0.916 0.77 0.365277 0.0190728 0
0.918 0.772 0.371593 0.0200979 0
0.92 0.774 0.375939 0.0204125 0
0.922 0.774 0.385175 0.0199703 0
0.924 0.774 0.416946 0.0207902 0
0.926 0.776 0.423451 0.0172725 0
0.928 0.78 0.4222 0.0185478 0
0.93 0.78 0.421303 0.0206054 0
0.932 0.78 0.424197 0.0172303 0
0.934 0.78 0.401124 0.0207436 0
0.936 0.782 0.403389 0.0188411 0
0.938 0.784 0.397232 0.0197078 0
0.94 0.786 0.401258 0.019191 0
0.942 0.786 0.421659 0.0185104 0
0.944 0.786 0.425426 0.0163467 0
0.946 0.788 0.430802 0.0179401 0
0.948 0.788 0.445269 0.0179429 0
0.95 0.788 0.433438 0.0202552 0
0.952 0.79 0.417827 0.0201184 0
0.954 0.79 0.41706 0.0185304 0
0.956 0.79 0.422397 0.0206668 0
0.958 0.792 0.428093 0.0199684 0
0.96 0.792 0.429935 0.0185006 0
0.962 0.792 0.429405 0.0216961 0
0.964 0.796 0.435685 0.0182597 0
0.966 0.796 0.437208 0.019077 0
0.968 0.796 0.435298 0.0184654 0
0.97 0.796 0.437275 0.0196866 0
0.972 0.796 0.453169 0.0189608 0
0.974 0.796 0.461206 0.0169722 0
0.976 0.796 0.460044 0.0183254 0
0.978 0.796 0.501123 0.0200269 0
0.98 0.796 0.499331 0.0161905 0
0.982 0.796 0.502408 0.0218475 0
0.984 0.798 0.504945 0.0176772 0
0.986 0.798 0.510003 0.0196352 0
0.988 0.798 0.511787 0.0177037 0
0.99 0.798 0.513452 0.0184998 0
0.992 0.798 0.514973 0.0164252 0
0.994 0.8 0.514525 0.0153803 0
0.996 0.802 0.521482 0.0182 0
0.998 0.806 0.524014 0.0176532 0
1 0.81 0.535415 0.018072 0
1.002 0.81 0.594187 0.0186834 0
1.004 0.812 0.59204 0.0186714 0
1.006 0.812 0.601843 0.0177143 0
1.008 0.818 0.611111 0.0144299 0
1.01 0.82 0.623049 0.0191659 0
1.012 0.82 0.623437 0.0184312 0
1.014 0.822 0.624439 0.0183161 0
1.016 0.822 0.624577 0.0188388 0
1.018 0.822 0.626292 0.0185707 0
1.02 0.822 0.62639 0.0182139 0
1.022 0.822 0.627606 0.0176957 0
1.024 0.824 0.627955 0.0168858 0
1.026 0.824 0.630203 0.0178939 0
1.028 0.824 0.635485 0.0180343 0
1.03 0.826 0.631452 0.0168496 0
1.032 0.826 0.631405 0.0170502 0
1.034 0.828 0.633362 0.0156793 0
1.036 0.828 0.629851 0.0169228 0
1.038 0.828 0.640408 0.0180393 0
1.04 0.828 0.647503 0.0173978 0
1.042 0.828 0.656133 0.0160547 0
1.044 0.828 0.655889 0.0178274 0
1.046 0.83 0.660331 0.0161363 0
1.048 0.836 0.660361 0.0160773 0
1.05 0.836 0.655066 0.0179038 0
1.052 0.836 0.661423 0.0169117 0
1.054 0.836 0.657612 0.015443 0
1.056 0.836 0.658544 0.0168633 0
1.058 0.838 0.663603 0.0170448 0
1.06 0.838 0.676014 0.0156548 0
1.062 0.838 0.674306 0.0162531 0
1.064 0.838 0.67918 0.0172972 0
1.066 0.838 0.672729 0.0168362 0
1.068 0.838 0.680699 0.015217 0
1.07 0.84 0.67778 0.0163197 0
1.072 0.84 0.67291 0.017381 0
1.074 0.842 0.678766 0.0153576 0
1.076 0.846 0.67734 0.0152379 0
1.078 0.846 0.684285 0.0169987 0
1.08 0.848 0.679454 0.0154282 0
1.082 0.848 0.689386 0.0156178 0
1.084 0.848 0.694792 0.0166705 0
1.086 0.848 0.694439 0.0175064 0
1.088 0.848 0.693747 0.0155134 0
1.09 0.848 0.698269 0.0182379 0
1.092 0.848 0.701158 0.0154778 0
1.094 0.848 0.697645 0.0160211 0
1.096 0.848 0.697085 0.0156126 0
1.098 0.852 0.702643 0.0164642 0
1.1 0.854 0.706265 0.0163264 0
1.102 0.858 0.712974 0.0141874 0
1.104 0.858 0.713468 0.0161652 0
1.106 0.858 0.712873 0.0164436 0
1.108 0.858 0.714809 0.0157538 0
1.11 0.858 0.726786 0.0152176 0
1.112 0.858 0.727223 0.0152704 0
1.114 0.858 0.72802 0.0156057 0
1.116 0.86 0.728779 0.0138383 0
1.118 0.862 0.729678 0.0162914 0
1.12 0.864 0.733963 0.0155391 0
1.122 0.864 0.733866 0.0138819 0
1.124 0.864 0.734209 0.0164182 0
1.126 0.864 0.734499 0.0172485 0
1.128 0.864 0.734997 0.0153801 0
1.13 0.864 0.735668 0.0152985 0
1.132 0.864 0.735686 0.0163338 0
1.134 0.866 0.736927 0.0144024 0
1.136 0.866 0.736461 0.0154796 0
1.138 0.866 0.737388 0.0168737 0
1.14 0.868 0.73653 0.0147567 0
1.142 0.87 0.740314 0.0163243 0
1.144 0.87 0.739746 0.0158697 0
1.146 0.87 0.740594 0.0153043 0
1.148 0.87 0.787695 0.0167048 0
1.15 0.87 0.789721 0.0159976 0
1.152 0.882 0.797847 0.0137 0
1.154 0.882 0.797575 0.0141054 0
1.156 0.882 0.797696 0.0125767 0
1.158 0.882 0.79868 0.0121899 0
1.16 0.882 0.79976 0.0125104 0
1.162 0.882 0.801331 0.0129908 0
1.164 0.882 0.801124 0.0113889 0
1.166 0.882 0.803193 0.0134653 0
1.168 0.884 0.80405 0.0134202 0
1.17 0.886 0.806462 0.0138819 0
1.172 0.89 0.809677 0.0130642 0
1.174 0.89 0.809918 0.0129002 0
1.176 0.89 0.811272 0.013423 0
1.178 0.892 0.809439 0.0126062 0
1.18 0.892 0.815013 0.0119577 0
1.182 0.892 0.814449 0.0135488 0
1.184 0.892 0.817886 0.013272 0
1.186 0.892 0.819102 0.0128875 0
1.188 0.892 0.818818 0.0139786 0
1.19 0.892 0.821143 0.0125569 0
1.192 0.892 0.82078 0.0132787 0
1.194 0.892 0.821786 0.0128597 0
1.196 0.894 0.823552 0.0123919 0
1.198 0.894 0.823819 0.0129337 0
1.2 0.894 0.823731 0.0130987 0
1.202 0.894 0.824444 0.0135841 0
1.204 0.894 0.824932 0.0144067 0
1.206 0.894 0.824991 0.0126701 0
1.208 0.894 0.825734 0.0128995 0
1.21 0.894 0.826286 0.0130479 0
1.212 0.894 0.826795 0.0135219 0
1.214 0.898 0.829497 0.0134621 0
1.216 0.898 0.833403 0.0126845 0
1.218 0.902 0.836422 0.0121616 0
1.22 0.902 0.836904 0.0114988 0
1.222 0.904 0.839396 0.012599 0
1.224 0.904 0.840786 0.0125257 0
1.226 0.904 0.840677 0.0113242 0
1.228 0.914 0.839037 0.0102047 0
1.23 0.914 0.839221 0.00946928 0
1.232 0.914 0.839451 0.0110026 0
1.234 0.914 0.839498 0.00982776 0
1.236 0.916 0.841819 0.0095556 0
1.238 0.916 0.843566 0.0105376 0
1.24 0.916 0.843983 0.0111364 0
1.242 0.916 0.843544 0.0106149 0
1.244 0.916 0.845422 0.0100189 0
1.246 0.916 0.845723 0.0102302 0
1.248 0.92 0.848994 0.00967015 0
1.25 0.92 0.849157 0.00979798 0
1.252 0.92 0.849197 0.0107593 0
1.254 0.92 0.848972 0.00935846 0
1.256 0.92 0.849168 0.0092719 0
1.258 0.922 0.848641 0.00950202 0
1.26 0.922 0.848935 0.00922387 0
1.262 0.922 0.849325 0.00955934 0
1.264 0.922 0.849845 0.00931657 0
1.266 0.922 0.850187 0.00998485 0
1.268 0.922 0.850641 0.00993073 0
1.27 0.922 0.850608 0.00909383 0
1.272 0.922 0.850686 0.0101724 0
1.274 0.922 0.850511 0.0101827 0
1.276 0.922 0.852901 0.00962299 0
1.278 0.922 0.853872 0.00933513 0
1.28 0.922 0.85719 0.0105593 0
1.282 0.922 0.857855 0.00971946 0
1.284 0.922 0.860868 0.00870087 0
1.286 0.922 0.861119 0.00973648 0
1.288 0.922 0.860974 0.0096825 0
1.29 0.922 0.860923 0.00956484 0
1.292 0.922 0.860844 0.00954068 0
1.294 0.922 0.861062 0.00964233 0
1.296 0.922 0.864062 0.00941862 0
1.298 0.924 0.865177 0.00893332 0
1.3 0.924 0.864969 0.00999814 0
1.302 0.924 0.865451 0.0103639 0
1.304 0.924 0.865984 0.00974665 0
1.306 0.924 0.866203 0.00882877 0
1.308 0.924 0.866756 0.0104228 0
1.31 0.924 0.866772 0.0101507 0
1.312 0.924 0.866824 0.00922552 0
1.314 0.926 0.869184 0.00951426 0
1.316 0.926 0.869194 0.00972804 0
1.318 0.926 0.86905 0.00900896 0
1.32 0.926 0.869412 0.00900504 0
1.322 0.926 0.869374 0.00954129 0
1.324 0.928 0.871209 0.00929012 0
1.326 0.928 0.87138 0.0089319 0
1.328 0.928 0.87198 0.00945938 0
1.33 0.93 0.873466 0.0102133 0
1.332 0.93 0.874426 0.0087302 0
1.334 0.932 0.87552 0.00874675 0
1.336 0.936 0.864083 0.00973099 0
1.338 0.936 0.866891 0.00951251 0
1.34 0.936 0.866688 0.00787786 0
1.342 0.938 0.869014 0.00829232 0
1.344 0.938 0.868606 0.00954029 0
1.346 0.942 0.871876 0.0072134 0
1.348 0.944 0.875705 0.00749818 0
1.35 0.944 0.875735 0.00775276 0
1.352 0.944 0.877422 0.00791571 0
1.354 0.944 0.877341 0.00735482 0
1.356 0.944 0.876897 0.00742848 0
1.358 0.944 0.881187 0.00796614 0
1.36 0.944 0.884454 0.00802889 0
1.362 0.944 0.884692 0.00775927 0
1.364 0.944 0.884726 0.00859529 0
1.366 0.944 0.884427 0.00893539 0
1.368 0.944 0.887486 0.00756082 0
1.37 0.944 0.887992 0.00806558 0
1.372 0.944 0.887741 0.00882429 0
1.374 0.944 0.887327 0.00788363 0
1.376 0.944 0.888396 0.00779255 0
1.378 0.944 0.889004 0.00833417 0
1.38 0.944 0.88907 0.00749319 0
1.382 0.946 0.890686 0.00685679 0
1.384 0.946 0.891002 0.00731464 0
1.386 0.946 0.891002 0.00794027 0
1.388 0.946 0.891611 0.00800866 0
1.39 0.946 0.891212 0.00778467 0
1.392 0.946 0.89292 0.00809361 0
1.394 0.946 0.892565 0.00835413 0
1.396 0.946 0.893027 0.0073112 0
1.398 0.948 0.894422 0.0077545 0
1.4 0.948 0.894786 0.00876532 0
1.402 0.952 0.898309 0.00771747 0
1.404 0.952 0.900063 0.00753122 0
1.406 0.952 0.900243 0.00780091 0
1.408 0.952 0.900201 0.00707592 0
1.41 0.954 0.902296 0.00593709 0
1.412 0.954 0.902301 0.00753166 0
1.414 0.954 0.902276 0.00805781 0
1.416 0.956 0.904587 0.00562652 0
1.418 0.956 0.90505 0.00620474 0
1.42 0.956 0.905842 0.00630116 0
1.422 0.956 0.905998 0.00672702 0
1.424 0.956 0.907096 0.00730467 0
1.426 0.956 0.906899 0.0065981 0
1.428 0.956 0.907356 0.00744921 0
1.43 0.956 0.907397 0.00727926 0
1.432 0.958 0.909186 0.00596939 0
1.434 0.958 0.910033 0.00736304 0
1.436 0.958 0.909916 0.00742811 0
1.438 0.958 0.909843 0.00614777 0
1.44 0.958 0.909971 0.0070243 0
1.442 0.96 0.910864 0.00691098 0
1.444 0.96 0.911026 0.00577721 0
1.446 0.962 0.913236 0.00567244 0
1.448 0.964 0.91532 0.005927 0
1.45 0.964 0.915491 0.00620253 0
1.452 0.964 0.91585 0.00579552 0
1.454 0.964 0.915983 0.00590561 0
1.456 0.964 0.91612 0.00667747 0
1.458 0.964 0.916078 0.00610659 0
1.46 0.964 0.916411 0.00566007 0
1.462 0.964 0.916862 0.00702576 0
1.464 0.964 0.916823 0.00750957 0
1.466 0.964 0.918973 0.00633132 0
1.468 0.964 0.918892 0.00666731 0
1.47 0.964 0.919306 0.00683424 0
1.472 0.964 0.919156 0.00595173 0
1.474 0.964 0.920535 0.00568275 0
1.476 0.964 0.920596 0.00674934 0
1.478 0.964 0.92071 0.00670397 0
1.48 0.964 0.920855 0.00538148 0
1.482 0.964 0.921158 0.00520479 0
1.484 0.964 0.920986 0.00614488 0
1.486 0.964 0.922069 0.00583541 0
1.488 0.964 0.922213 0.00587253 0
1.49 0.964 0.922217 0.00724633 0
1.492 0.964 0.922551 0.00704907 0
1.494 0.964 0.922565 0.00566202 0
1.496 0.964 0.922623 0.00618013 0
1.498 0.964 0.92248 0.00725474 0
