# Relevant parameters to reproduce this network:
# node_nr=1000	 k_max=100
# initial_seed=1557414222	 delta_t=0.1	 max_steps=3000	 in_between=0
# fg_m=1	 fg_alpha=-0.8	 fg_t_min=0	 fg_t_max=1.2	 fg_t_number=1200	 fg_weff_lower_frequency=-1e+08	 fg_weff_max_steps=3000	 fg_weff_in_between=0
# K Giant_component <r> sigma_r*sqrt(NODE_NR) clustering
0 0.002 0.03471 0.0608948 0
0.001 0.002 0.0400379 0.0606218 0
0.002 0.002 0.0394737 0.061005 0
0.003 0.002 0.037812 0.0621115 0
0.004 0.002 0.0367937 0.0611863 0
0.005 0.002 0.0379482 0.0606137 0
0.006 0.002 0.0418308 0.0633618 0
0.007 0.002 0.0414288 0.0633336 0
0.008 0.002 0.0421062 0.0598634 0
0.009 0.002 0.0423542 0.0618946 0
0.01 0.003 0.0374094 0.0612336 0
0.011 0.003 0.0393507 0.0627375 0
0.012 0.003 0.0424043 0.0637572 0
0.013 0.003 0.04071 0.0647734 0
0.014 0.003 0.0403015 0.0609552 0
0.015 0.003 0.0367 0.0637229 0
0.016 0.003 0.0401234 0.059517 0
0.017 0.003 0.0399436 0.0645698 0
0.018 0.003 0.0426882 0.0596592 0
0.019 0.003 0.0378501 0.0616112 0
0.02 0.003 0.0398007 0.0606056 0
0.021 0.003 0.0395794 0.0613283 0
0.022 0.003 0.0423663 0.0606517 0
0.023 0.003 0.0376068 0.0622456 0
0.024 0.003 0.0398306 0.0619034 0
0.025 0.003 0.038652 0.0617129 0
0.026 0.003 0.0393733 0.0599907 0
0.027 0.003 0.0398212 0.0627867 0
0.028 0.003 0.0399621 0.0611346 0
0.029 0.003 0.0386586 0.0596735 0
0.03 0.003 0.0399801 0.0619296 0
0.031 0.003 0.0376604 0.0617706 0
0.032 0.003 0.0359709 0.0617891 0
0.033 0.003 0.038117 0.0636712 0
0.034 0.003 0.0400823 0.0614341 0
0.035 0.003 0.0409798 0.0630598 0
0.036 0.003 0.0409438 0.0598797 0
0.037 0.003 0.0419118 0.0630989 0
0.038 0.003 0.0389491 0.0633604 0
0.039 0.004 0.0385539 0.0581334 0
0.04 0.004 0.0363959 0.0604796 0
0.041 0.004 0.0392432 0.0641921 0
0.042 0.004 0.0404916 0.0623292 0
0.043 0.004 0.0391387 0.0606052 0
0.044 0.004 0.0421487 0.0607564 0
0.045 0.004 0.0425674 0.0636736 0
0.046 0.004 0.0383735 0.0610658 0
0.047 0.004 0.0378827 0.0605181 0
0.048 0.004 0.0387811 0.0629343 0
0.049 0.004 0.0378971 0.062485 0
0.05 0.004 0.0392821 0.0635028 0
0.051 0.004 0.0381013 0.0626974 0
0.052 0.004 0.0374076 0.0630168 0
0.053 0.004 0.0392541 0.06287 0
0.054 0.004 0.0388399 0.0603803 0
0.055 0.004 0.0420328 0.059828 0
0.056 0.004 0.0377788 0.0634978 0
0.057 0.004 0.0429829 0.0615064 0
0.058 0.004 0.0391993 0.0630387 0
0.059 0.004 0.0381047 0.0613455 0
0.06 0.004 0.0387405 0.0632906 0
0.061 0.004 0.0367665 0.0617821 0
0.062 0.004 0.038079 0.0635855 0
0.063 0.004 0.0358408 0.0616203 0
0.064 0.004 0.0386219 0.0639876 0
0.065 0.004 0.0405124 0.0625459 0
0.066 0.004 0.0434519 0.0621362 0
0.067 0.004 0.0376433 0.0640083 0
0.068 0.004 0.0411579 0.0654977 0
0.069 0.004 0.0371258 0.0633998 0
0.07 0.004 0.0381939 0.0647257 0
0.071 0.004 0.0405493 0.0633066 0
0.072 0.004 0.0390727 0.0672913 0
0.073 0.004 0.0380564 0.0604427 0
0.074 0.004 0.0393179 0.0626844 0
0.075 0.004 0.0415394 0.0638498 0
0.076 0.004 0.0405842 0.0623476 0
0.077 0.004 0.0401756 0.063902 0
0.078 0.004 0.0401239 0.0644914 0
0.079 0.004 0.04157 0.0628192 0
0.08 0.004 0.0374319 0.0630171 0
0.081 0.004 0.0393714 0.0630868 0
0.082 0.004 0.0397202 0.0617361 0
0.083 0.004 0.0395104 0.0651513 0
0.084 0.004 0.0376279 0.0613352 0
0.085 0.004 0.040036 0.0643453 0
0.086 0.004 0.0446999 0.0663682 0
0.087 0.004 0.0400094 0.0642643 0
0.088 0.004 0.0405557 0.0647657 0
0.089 0.004 0.0413336 0.0630036 0
0.09 0.004 0.0418635 0.0646108 0
0.091 0.004 0.0384224 0.0620804 0
0.092 0.004 0.0377241 0.0601257 0
0.093 0.004 0.0387275 0.0634262 0
0.094 0.004 0.0408079 0.0651893 0
0.095 0.004 0.0378828 0.0629533 0
0.096 0.004 0.0414108 0.0620927 0
0.097 0.005 0.0394418 0.0643534 0
0.098 0.005 0.041201 0.062834 0
0.099 0.006 0.0432045 0.0632767 0
0.1 0.006 0.0406368 0.0621588 0
0.101 0.006 0.0395919 0.0651122 0
0.102 0.006 0.0403248 0.0664785 0
0.103 0.006 0.0418242 0.0661564 0
0.104 0.006 0.0401902 0.0628317 0
0.105 0.006 0.0397911 0.0653476 0
0.106 0.006 0.0415724 0.0652375 0
0.107 0.006 0.0428114 0.064507 0
0.108 0.006 0.0384042 0.0630259 0
0.109 0.006 0.040855 0.0644435 0
0.11 0.006 0.0382178 0.0632257 0
0.111 0.006 0.0411142 0.0653417 0
0.112 0.006 0.041985 0.0650943 0
0.113 0.006 0.0374922 0.0648651 0
0.114 0.006 0.0396718 0.0625669 0
0.115 0.007 0.0398861 0.0650307 0
0.116 0.007 0.0372991 0.0649547 0
0.117 0.007 0.0446375 0.0647634 0
0.118 0.007 0.0419807 0.0657059 0
0.119 0.007 0.042892 0.063469 0
0.12 0.007 0.0396408 0.0627012 0
0.121 0.007 0.0419184 0.0611591 0
0.122 0.007 0.0429911 0.0657939 0
0.123 0.007 0.0399785 0.0609017 0
0.124 0.007 0.0433224 0.0631053 0
0.125 0.007 0.0392103 0.0657727 0
0.126 0.007 0.0424161 0.0610485 0
0.127 0.007 0.0425244 0.0628612 0
0.128 0.007 0.0417722 0.0650263 0
0.129 0.007 0.038576 0.063606 0
0.13 0.007 0.0403084 0.064567 0
0.131 0.007 0.0440588 0.067558 0
0.132 0.007 0.0400158 0.0621917 0
0.133 0.007 0.0420406 0.0638681 0
0.134 0.007 0.0409291 0.063874 0
0.135 0.007 0.0426499 0.0610018 0
0.136 0.007 0.0423071 0.0646974 0
0.137 0.007 0.0410072 0.0629186 0
0.138 0.007 0.0387143 0.0627325 0
0.139 0.007 0.0432322 0.0633388 0
0.14 0.007 0.0394237 0.0648537 0
0.141 0.007 0.0453409 0.0634639 0
0.142 0.007 0.0428183 0.0643322 0
0.143 0.007 0.044089 0.0620571 0
0.144 0.007 0.0444649 0.0636554 0
0.145 0.007 0.047486 0.0654823 0
0.146 0.007 0.0402108 0.0652233 0
0.147 0.007 0.0395347 0.0625717 0
0.148 0.007 0.0479288 0.0645025 0
0.149 0.007 0.038765 0.0624741 0
0.15 0.007 0.0421349 0.0664903 0
0.151 0.007 0.0411831 0.0624624 0
0.152 0.007 0.0433933 0.0639879 0
0.153 0.007 0.0422402 0.0631173 0
0.154 0.007 0.0408159 0.0694048 0
0.155 0.007 0.0420995 0.0663118 0
0.156 0.007 0.0440549 0.0675232 0
0.157 0.007 0.0394974 0.0640737 0
0.158 0.007 0.0410895 0.0654581 0
0.159 0.007 0.0414558 0.0626784 0
0.16 0.007 0.0419655 0.0635386 0
0.161 0.007 0.041369 0.0640607 0
0.162 0.007 0.0435618 0.0651661 0
0.163 0.007 0.0451678 0.0628616 0
0.164 0.007 0.0433059 0.0671164 0
0.165 0.007 0.0423939 0.0674539 0
0.166 0.007 0.0437867 0.0682678 0
0.167 0.007 0.0443955 0.0681928 0
0.168 0.007 0.0455292 0.0635557 0
0.169 0.007 0.0404437 0.0628384 0
0.17 0.007 0.0401128 0.0634637 0
0.171 0.007 0.0419353 0.0634174 0
0.172 0.007 0.0399574 0.0670607 0
0.173 0.007 0.0411385 0.0681651 0
0.174 0.007 0.0417909 0.064979 0
0.175 0.007 0.0400665 0.0680437 0
0.176 0.007 0.0410451 0.0685032 0
0.177 0.007 0.0414838 0.0669585 0
0.178 0.007 0.0503118 0.0625127 0
0.179 0.007 0.0417868 0.0641806 0
0.18 0.007 0.0469787 0.0662557 0
0.181 0.007 0.0453142 0.0659702 0
0.182 0.007 0.0400693 0.0651186 0
0.183 0.007 0.038071 0.0622465 0
0.184 0.007 0.0449709 0.0635148 0
0.185 0.007 0.0443974 0.0679885 0
0.186 0.007 0.0457768 0.064232 0
0.187 0.007 0.0448272 0.0633171 0
0.188 0.007 0.044514 0.0659551 0
0.189 0.007 0.0417107 0.0653415 0
0.19 0.007 0.0456835 0.0698549 0
0.191 0.007 0.042732 0.0645654 0
0.192 0.007 0.0390628 0.0665285 0
0.193 0.01 0.0440055 0.0667246 0
0.194 0.01 0.0440408 0.0652326 0
0.195 0.01 0.0410082 0.0637193 0
0.196 0.01 0.0442077 0.0685276 0
0.197 0.01 0.0434356 0.0668745 0
0.198 0.01 0.0446683 0.0656273 0
0.199 0.01 0.0433342 0.0671814 0
0.2 0.01 0.0445873 0.0672718 0
0.201 0.01 0.0407423 0.0668598 0
0.202 0.01 0.0403135 0.0679528 0
0.203 0.01 0.0430575 0.0667053 0
0.204 0.01 0.0407289 0.0691778 0
0.205 0.01 0.0460535 0.0672177 0
0.206 0.01 0.0424555 0.0645661 0
0.207 0.01 0.0471813 0.0660761 0
0.208 0.01 0.0412404 0.065571 0
0.209 0.01 0.0413641 0.0658796 0
0.21 0.01 0.0451713 0.0650766 0
0.211 0.01 0.0455399 0.0671871 0
0.212 0.01 0.0459366 0.0630663 0
0.213 0.01 0.0417981 0.0683312 0
0.214 0.01 0.0368003 0.0704875 0
0.215 0.01 0.0442938 0.0670758 0
0.216 0.01 0.0416378 0.0729098 0
0.217 0.01 0.0434177 0.0701214 0
0.218 0.01 0.0460884 0.0696698 0
0.219 0.01 0.0443859 0.0650328 0
0.22 0.01 0.0457353 0.0690688 0
0.221 0.01 0.0427288 0.0673605 0
0.222 0.01 0.045456 0.0678986 0
0.223 0.01 0.0453438 0.0669112 0
0.224 0.01 0.0463427 0.0671768 0
0.225 0.01 0.0499555 0.068591 0
0.226 0.01 0.0427225 0.0644055 0
0.227 0.01 0.0446041 0.068778 0
0.228 0.01 0.044545 0.0712591 0
0.229 0.01 0.0450512 0.0668802 0
0.23 0.01 0.0455535 0.0647982 0
0.231 0.01 0.0451294 0.0678766 0
0.232 0.01 0.0424422 0.0654904 0
0.233 0.01 0.0487961 0.0671243 0
0.234 0.01 0.0470682 0.0664036 0
0.235 0.01 0.0513822 0.0688151 0
0.236 0.01 0.0480271 0.0649111 0
0.237 0.01 0.0434771 0.0668941 0
0.238 0.01 0.0474797 0.0664988 0
0.239 0.01 0.0489581 0.0657838 0
0.24 0.01 0.0402844 0.0690761 0
0.241 0.01 0.0449781 0.0658735 0
0.242 0.01 0.047505 0.0649122 0
0.243 0.01 0.0399536 0.0678467 0
0.244 0.01 0.0488966 0.0673473 0
0.245 0.01 0.0442541 0.0698083 0
0.246 0.01 0.0453076 0.0690433 0
0.247 0.01 0.0499132 0.073364 0
0.248 0.01 0.0441351 0.0692498 0
0.249 0.01 0.0441839 0.0682094 0
0.25 0.01 0.0443963 0.0671536 0
0.251 0.01 0.048983 0.0686665 0
0.252 0.01 0.0419501 0.0716547 0
0.253 0.011 0.046359 0.0651473 0
0.254 0.011 0.0431229 0.0691091 0
0.255 0.011 0.0462568 0.0642185 0
0.256 0.011 0.0472405 0.0694473 0
0.257 0.011 0.0460538 0.0685412 0
0.258 0.011 0.0456092 0.0693214 0
0.259 0.011 0.0479793 0.0694126 0
0.26 0.011 0.0472556 0.0720204 0
0.261 0.011 0.0443414 0.0704955 0
0.262 0.011 0.0512098 0.0701266 0
0.263 0.011 0.0461431 0.0687215 0
0.264 0.011 0.0458053 0.0712281 0
0.265 0.011 0.0453094 0.0699642 0
0.266 0.014 0.0500378 0.0689824 0
0.267 0.015 0.0511263 0.0697122 0
0.268 0.015 0.0470679 0.0683515 0
0.269 0.015 0.0511447 0.0725963 0
0.27 0.016 0.0451607 0.0664028 0
0.271 0.016 0.051495 0.0690042 0
0.272 0.016 0.0527085 0.0732777 0
0.273 0.016 0.046361 0.0654083 0
0.274 0.016 0.0519187 0.0705092 0
0.275 0.016 0.0508448 0.0678448 0
0.276 0.016 0.051708 0.0691554 0
0.277 0.016 0.0488281 0.0723573 0
0.278 0.016 0.0503274 0.0670467 0
0.279 0.016 0.0477016 0.0675652 0
0.28 0.016 0.048228 0.0723445 0
0.281 0.016 0.0511907 0.0687525 0
0.282 0.016 0.0444913 0.0713788 0
0.283 0.017 0.050521 0.0711042 0
0.284 0.017 0.0538829 0.0718495 0
0.285 0.017 0.0470002 0.071534 0
0.286 0.017 0.0465939 0.073507 0
0.287 0.017 0.0545646 0.0698286 0
0.288 0.017 0.0506068 0.066361 0
0.289 0.017 0.0509719 0.0730421 0
0.29 0.017 0.0475968 0.0676269 0
0.291 0.017 0.0539476 0.0674969 0
0.292 0.017 0.0510866 0.073118 0
0.293 0.017 0.0503186 0.0725896 0
0.294 0.017 0.0516636 0.0681553 0
0.295 0.017 0.0487189 0.0686696 0
0.296 0.017 0.0488282 0.0710656 0
0.297 0.017 0.0517657 0.0732087 0
0.298 0.017 0.0546488 0.0746708 0
0.299 0.017 0.0564891 0.0689874 0
0.3 0.017 0.0484959 0.0692713 0
0.301 0.017 0.0586364 0.0728561 0
0.302 0.017 0.0532827 0.0688717 0
0.303 0.017 0.0607171 0.0720598 0
0.304 0.017 0.0601713 0.0671575 0
0.305 0.017 0.0526447 0.0715869 0
0.306 0.017 0.0595262 0.0738914 0
0.307 0.018 0.0554031 0.0730181 0
0.308 0.018 0.0530725 0.0702956 0
0.309 0.018 0.0624893 0.0707316 0
0.31 0.018 0.0569949 0.0690881 0
0.311 0.018 0.056474 0.0718734 0
0.312 0.019 0.0533606 0.06952 0
0.313 0.019 0.0579573 0.0759166 0
0.314 0.019 0.0542859 0.0726379 0
0.315 0.019 0.0509376 0.0702249 0
0.316 0.021 0.0565338 0.0682735 0
0.317 0.021 0.0578591 0.0715679 0
0.318 0.021 0.0548363 0.0727751 0
0.319 0.021 0.052536 0.0721196 0
0.32 0.021 0.0557239 0.0687363 0
0.321 0.021 0.0582214 0.076279 0
0.322 0.021 0.0526094 0.0695934 0
0.323 0.021 0.0526881 0.0742583 0
0.324 0.021 0.0534937 0.0747738 0
0.325 0.021 0.0529773 0.0720034 0
0.326 0.021 0.0501623 0.0716175 0
0.327 0.021 0.0590541 0.0758612 0
0.328 0.021 0.0555646 0.0694905 0
0.329 0.021 0.0537678 0.0743577 0
0.33 0.021 0.0525937 0.0749615 0
0.331 0.021 0.0541833 0.0748599 0
0.332 0.021 0.0562452 0.0753676 0
0.333 0.021 0.0553397 0.0726034 0
0.334 0.021 0.0568507 0.0720249 0
0.335 0.021 0.0519375 0.074239 0
0.336 0.021 0.0617979 0.0757186 0
0.337 0.021 0.0607125 0.0713309 0
0.338 0.021 0.0550702 0.0731333 0
0.339 0.021 0.0558932 0.0709364 0
0.34 0.021 0.0505128 0.0732219 0
0.341 0.021 0.0557568 0.072624 0
0.342 0.021 0.0547688 0.0742951 0
0.343 0.021 0.0622594 0.0763625 0
0.344 0.021 0.0530216 0.0741187 0
0.345 0.021 0.0586092 0.0719057 0
0.346 0.021 0.0617631 0.0735265 0
0.347 0.021 0.0575776 0.0744789 0
0.348 0.021 0.0495602 0.0766323 0
0.349 0.021 0.0522498 0.0767469 0
0.35 0.021 0.0620336 0.0713121 0
0.351 0.021 0.0622676 0.0743922 0
0.352 0.021 0.0534307 0.0747541 0
0.353 0.021 0.0602551 0.0717995 0
0.354 0.021 0.0642803 0.0723371 0
0.355 0.021 0.0616939 0.0748123 0
0.356 0.021 0.056648 0.0760583 0
0.357 0.022 0.0649185 0.0774055 0
0.358 0.022 0.0697254 0.0746686 0
0.359 0.022 0.0626682 0.0765319 0
0.36 0.022 0.057769 0.073401 0
0.361 0.022 0.0605372 0.071554 0
0.362 0.022 0.0624906 0.0742495 0
0.363 0.022 0.0636165 0.0778202 0
0.364 0.022 0.0622393 0.0690323 0
0.365 0.022 0.06821 0.0772752 0
0.366 0.022 0.0640494 0.0748888 0
0.367 0.022 0.0617639 0.0759003 0
0.368 0.022 0.0669054 0.0746359 0
0.369 0.022 0.0621853 0.074821 0
0.37 0.022 0.0692824 0.0701999 0
0.371 0.022 0.0653764 0.0743742 0
0.372 0.022 0.062584 0.074913 0
0.373 0.022 0.0736098 0.0798234 0
0.374 0.022 0.0688188 0.0746202 0
0.375 0.022 0.0648502 0.0727427 0
0.376 0.022 0.0758507 0.0739755 0
0.377 0.022 0.0665967 0.0719385 0
0.378 0.022 0.0681648 0.0726088 0
0.379 0.022 0.0680956 0.0722441 0
0.38 0.022 0.064853 0.0706909 0
0.381 0.022 0.0672224 0.0704175 0
0.382 0.022 0.0614022 0.0717397 0
0.383 0.022 0.0566893 0.071079 0
0.384 0.022 0.0606898 0.0779329 0
0.385 0.022 0.0604825 0.073089 0
0.386 0.022 0.06073 0.0707864 0
0.387 0.022 0.0609045 0.0718244 0
0.388 0.022 0.058725 0.0723493 0
0.389 0.022 0.0589228 0.0750309 0
0.39 0.022 0.0638166 0.0728893 0
0.391 0.022 0.0589486 0.0737183 0
0.392 0.022 0.0654034 0.0698442 0
0.393 0.022 0.0625955 0.0793986 0
0.394 0.022 0.0633269 0.07322 0
0.395 0.022 0.0667828 0.0708881 0
0.396 0.022 0.0645731 0.0708961 0
0.397 0.022 0.0631762 0.0757258 0
0.398 0.022 0.0572191 0.0742446 0
0.399 0.022 0.0677787 0.0807286 0
0.4 0.022 0.0606045 0.0761021 0
0.401 0.022 0.0662709 0.0746034 0
0.402 0.022 0.0571566 0.0763041 0
0.403 0.022 0.0625946 0.0764931 0
0.404 0.022 0.0654211 0.0786072 0
0.405 0.022 0.0543024 0.0765788 0
0.406 0.022 0.0632011 0.0792931 0
0.407 0.025 0.0789038 0.0794611 0
0.408 0.025 0.0624163 0.0743656 0
0.409 0.025 0.0719342 0.0818866 0
0.41 0.025 0.0630901 0.0732539 0
0.411 0.025 0.0674049 0.0817194 0
0.412 0.041 0.0718224 0.0712254 0
0.413 0.041 0.0746663 0.0780108 0
0.414 0.041 0.0677355 0.0747789 0
0.415 0.041 0.0704289 0.0756147 0
0.416 0.041 0.0858773 0.0719738 0
0.417 0.041 0.0679817 0.0728406 0
0.418 0.041 0.0772907 0.0743853 0
0.419 0.041 0.073237 0.0795342 0
0.42 0.041 0.0689305 0.0758165 0
0.421 0.041 0.0823722 0.0772239 0
0.422 0.041 0.0688527 0.0736398 0
0.423 0.041 0.080215 0.0807061 0
0.424 0.041 0.0813521 0.0708199 0
0.425 0.041 0.0853518 0.0741652 0
0.426 0.041 0.0803071 0.0745614 0
0.427 0.041 0.0742774 0.0802671 0
0.428 0.041 0.0752435 0.0755552 0
0.429 0.041 0.0857221 0.0761039 0
0.43 0.041 0.0771828 0.0719234 0
0.431 0.041 0.089021 0.0846688 0
0.432 0.041 0.0702934 0.0752054 0
0.433 0.041 0.0850975 0.0833114 0
0.434 0.041 0.0768779 0.0802449 0
0.435 0.041 0.0925556 0.0762272 0
0.436 0.041 0.0781075 0.0741609 0
0.437 0.041 0.0860734 0.0804542 0
0.438 0.041 0.0783796 0.0777332 0
0.439 0.041 0.0832642 0.0790038 0
0.44 0.041 0.0741227 0.0742723 0
0.441 0.041 0.0730199 0.0787277 0
0.442 0.041 0.0656709 0.0798618 0
0.443 0.041 0.078794 0.0784077 0
0.444 0.041 0.0799977 0.0703228 0
0.445 0.041 0.0721255 0.0786135 0
0.446 0.041 0.0706861 0.0759344 0
0.447 0.041 0.0799033 0.0807789 0
0.448 0.041 0.0662821 0.0740364 0
0.449 0.041 0.078209 0.0812752 0
0.45 0.041 0.0733172 0.0725837 0
0.451 0.041 0.0765724 0.0812535 0
0.452 0.041 0.0643157 0.0729493 0
0.453 0.041 0.0800161 0.0851037 0
0.454 0.041 0.0656078 0.077768 0
0.455 0.041 0.0770993 0.0819435 0
0.456 0.041 0.0684354 0.0793496 0
0.457 0.041 0.0763449 0.080731 0
0.458 0.041 0.0659307 0.0800038 0
0.459 0.041 0.0805102 0.0836581 0
0.46 0.041 0.0603997 0.0759883 0
0.461 0.041 0.0834239 0.0787353 0
0.462 0.041 0.071806 0.0731225 0
0.463 0.041 0.0789811 0.0844233 0
0.464 0.041 0.0686403 0.0763049 0
0.465 0.041 0.0737002 0.079703 0
0.466 0.041 0.0775564 0.0806039 0
0.467 0.042 0.093719 0.0830263 0
0.468 0.042 0.0850111 0.0764488 0
0.469 0.042 0.0844334 0.07654 0
0.47 0.042 0.0719221 0.0795891 0
0.471 0.042 0.0933794 0.0769291 0
0.472 0.042 0.0741276 0.0783474 0
0.473 0.042 0.0832593 0.0772591 0
0.474 0.042 0.0775392 0.0826517 0
0.475 0.045 0.0708987 0.0817003 0
0.476 0.045 0.068547 0.0813366 0
0.477 0.046 0.0701278 0.0783739 0
0.478 0.046 0.0712946 0.0816196 0
0.479 0.046 0.0610303 0.0806865 0
0.48 0.046 0.0689354 0.0819362 0
0.481 0.046 0.0675144 0.0858051 0
0.482 0.046 0.0707618 0.0775196 0
0.483 0.046 0.0779099 0.0835086 0
0.484 0.046 0.0755846 0.0827893 0
0.485 0.046 0.0703913 0.0801843 0
0.486 0.046 0.0814801 0.078201 0
0.487 0.046 0.0730005 0.0841278 0
0.488 0.046 0.0745425 0.0857578 0
0.489 0.046 0.0756246 0.0819587 0
0.49 0.046 0.0763627 0.0845072 0
0.491 0.048 0.0760822 0.0841064 0
0.492 0.048 0.0761749 0.0892391 0
0.493 0.048 0.0879152 0.0782543 0
0.494 0.048 0.0781381 0.0875819 0
0.495 0.048 0.075342 0.0805436 0
0.496 0.048 0.0788748 0.0816614 0
0.497 0.048 0.0633135 0.0823912 0
0.498 0.048 0.0830276 0.0864939 0
0.499 0.048 0.0756175 0.0774142 0
0.5 0.048 0.0834576 0.0852834 0
0.501 0.049 0.0841628 0.0821671 0
0.502 0.049 0.0816189 0.0823684 0
0.503 0.049 0.0877946 0.0850122 0
0.504 0.049 0.0776304 0.0813786 0
0.505 0.049 0.0855134 0.0798125 0
0.506 0.049 0.0726101 0.0862537 0
0.507 0.049 0.0613864 0.0779362 0
0.508 0.049 0.0788997 0.0846933 0
0.509 0.049 0.063425 0.0777023 0
0.51 0.049 0.0842793 0.0856082 0
0.511 0.049 0.0632259 0.0798588 0
0.512 0.049 0.0808467 0.0829802 0
0.513 0.049 0.0679933 0.0823045 0
0.514 0.049 0.0784135 0.0813379 0
0.515 0.049 0.0671051 0.0825433 0
0.516 0.049 0.0735404 0.0845413 0
0.517 0.049 0.0656359 0.081883 0
0.518 0.049 0.0834735 0.0820949 0
0.519 0.049 0.0607835 0.0805147 0
0.52 0.049 0.0816262 0.0848988 0
0.521 0.049 0.0691806 0.0855288 0
0.522 0.049 0.0825002 0.0882954 0
0.523 0.049 0.071548 0.0804332 0
0.524 0.049 0.0830661 0.0841898 0
0.525 0.05 0.0740816 0.08025 0
0.526 0.05 0.0786807 0.0811885 0
0.527 0.058 0.078947 0.0826338 0
0.528 0.066 0.0752605 0.0829048 0
0.529 0.066 0.0828476 0.0841482 0
0.53 0.066 0.0801768 0.0853369 0
0.531 0.069 0.0697843 0.0847215 0
0.532 0.079 0.0822014 0.0835135 0
0.533 0.079 0.0811584 0.0908602 0
0.534 0.079 0.0876486 0.0840708 0
0.535 0.079 0.0745608 0.0844568 0
0.536 0.079 0.0827008 0.087206 0
0.537 0.079 0.0747357 0.0848819 0
0.538 0.079 0.0756879 0.0857494 0
0.539 0.079 0.0741037 0.0833712 0
0.54 0.079 0.0766774 0.0867694 0
0.541 0.08 0.0726011 0.0896296 0
0.542 0.08 0.0881799 0.0923327 0
0.543 0.08 0.0827014 0.0894699 0
0.544 0.08 0.0930432 0.083276 0
0.545 0.08 0.0858707 0.0895972 0
0.546 0.08 0.0966405 0.0857648 0
0.547 0.08 0.0800275 0.0870537 0
0.548 0.08 0.0912472 0.0867434 0
0.549 0.08 0.0872083 0.0853004 0
0.55 0.08 0.0914027 0.084738 0
0.551 0.082 0.0879688 0.0922597 0
0.552 0.082 0.0906568 0.0912343 0
0.553 0.083 0.0826906 0.0878055 0
0.554 0.083 0.106824 0.0925579 0
0.555 0.083 0.0850282 0.0928634 0
0.556 0.086 0.0830697 0.0833335 0
0.557 0.086 0.088216 0.0875525 0
0.558 0.091 0.0920003 0.0899592 0
0.559 0.118 0.0827695 0.0864609 0
0.56 0.118 0.0824647 0.0911423 0
0.561 0.118 0.0857538 0.0912173 0
0.562 0.118 0.0904342 0.0910449 0
0.563 0.224 0.08126 0.0960218 0
0.564 0.225 0.0832324 0.090507 0
0.565 0.225 0.080773 0.0959753 0
0.566 0.229 0.0853482 0.0916776 0
0.567 0.23 0.0830819 0.095833 0
0.568 0.231 0.0970757 0.0922063 0
0.569 0.232 0.0894733 0.0856569 0
0.57 0.232 0.0879441 0.0958452 0
0.571 0.232 0.0869693 0.0991189 0
0.572 0.232 0.0888638 0.088072 0
0.573 0.233 0.0830346 0.0934576 0
0.574 0.236 0.100247 0.0876643 0
0.575 0.236 0.0964751 0.0932902 0
0.576 0.237 0.0972496 0.0899592 0
0.577 0.239 0.0907172 0.0911128 0
0.578 0.243 0.0980358 0.0912363 0
0.579 0.243 0.0904766 0.0942716 0
0.58 0.243 0.0950882 0.079276 0
0.581 0.243 0.0829597 0.0879252 0
0.582 0.243 0.0859113 0.0915532 0
0.583 0.243 0.0797364 0.0926647 0
0.584 0.284 0.102345 0.0865083 0
0.585 0.287 0.0945391 0.0957109 0
0.586 0.292 0.104861 0.0897849 0
0.587 0.292 0.105323 0.0916486 0
0.588 0.295 0.107248 0.0877714 0
0.589 0.295 0.102357 0.0872148 0
0.59 0.295 0.104608 0.0925602 0
0.591 0.295 0.096864 0.0938955 0
0.592 0.307 0.0945282 0.090443 0
0.593 0.308 0.0895409 0.103515 0
0.594 0.308 0.0916977 0.0965066 0
0.595 0.309 0.0887866 0.0921758 0
0.596 0.309 0.097563 0.0943271 0
0.597 0.309 0.0949112 0.0968512 0
0.598 0.31 0.0963065 0.0984811 0
0.599 0.31 0.0861918 0.0957483 0
0.6 0.31 0.0877754 0.0995297 0
0.601 0.31 0.0863291 0.0988122 0
0.602 0.311 0.0919422 0.0945395 0
0.603 0.311 0.0898388 0.100543 0
0.604 0.311 0.0875952 0.0966328 0
0.605 0.311 0.0886178 0.0923338 0
0.606 0.311 0.0898227 0.100145 0
0.607 0.313 0.0957778 0.0919473 0
0.608 0.313 0.0930923 0.100027 0
0.609 0.32 0.0888626 0.102737 0
0.61 0.338 0.0993968 0.096468 0
0.611 0.339 0.0929404 0.101036 0
0.612 0.339 0.0960826 0.0981393 0
0.613 0.34 0.0979786 0.098815 0
0.614 0.34 0.0973298 0.0993134 0
0.615 0.34 0.0813853 0.0993805 0
0.616 0.341 0.0891267 0.102663 0
0.617 0.341 0.0802706 0.102269 0
0.618 0.341 0.0836296 0.0994872 0
0.619 0.341 0.120006 0.0905068 0
0.62 0.341 0.116165 0.0984606 0
0.621 0.342 0.113495 0.0889184 0
0.622 0.342 0.117968 0.0899326 0
0.623 0.342 0.116318 0.0928602 0
0.624 0.344 0.116901 0.0946338 0
0.625 0.344 0.121174 0.0955446 0
0.626 0.344 0.118149 0.0961654 0
0.627 0.344 0.120823 0.0963804 0
0.628 0.344 0.107251 0.0964558 0
0.629 0.347 0.121932 0.095802 0
0.63 0.347 0.119866 0.0991774 0
0.631 0.347 0.122864 0.090135 0
0.632 0.347 0.117553 0.0920215 0
0.633 0.347 0.120911 0.0925297 0
0.634 0.35 0.109992 0.103993 0
0.635 0.352 0.107316 0.101018 0
0.636 0.352 0.111626 0.100455 0
0.637 0.352 0.105971 0.100809 0
0.638 0.355 0.110755 0.10347 0
0.639 0.397 0.104652 0.100873 0
0.64 0.397 0.107531 0.100162 0
0.641 0.399 0.105265 0.103546 0
0.642 0.399 0.112006 0.107346 0
0.643 0.4 0.10776 0.101024 0
0.644 0.4 0.114417 0.103427 0
0.645 0.4 0.110325 0.101833 0
0.646 0.403 0.103311 0.102424 0
0.647 0.413 0.113574 0.102224 0
0.648 0.413 0.118299 0.103333 0
0.649 0.413 0.11229 0.101431 0
0.65 0.413 0.122011 0.106922 0
0.651 0.415 0.115323 0.105724 0
0.652 0.416 0.122118 0.102244 0
0.653 0.417 0.115603 0.0957932 0
0.654 0.424 0.0963824 0.109185 0
0.655 0.424 0.108125 0.104725 0
0.656 0.424 0.0999511 0.104958 0
0.657 0.426 0.105661 0.107177 0
0.658 0.427 0.108603 0.100348 0
0.659 0.43 0.116383 0.103619 0
0.66 0.431 0.107658 0.102505 0
0.661 0.433 0.105077 0.0998798 0
0.662 0.433 0.104142 0.106962 0
0.663 0.433 0.114264 0.0962205 0
0.664 0.483 0.116175 0.105651 0
0.665 0.483 0.115935 0.103761 0
0.666 0.484 0.120408 0.102433 0
0.667 0.484 0.120838 0.101378 0
0.668 0.484 0.111468 0.103362 0
0.669 0.484 0.116076 0.106049 0
0.67 0.485 0.115796 0.109032 0
0.671 0.485 0.10117 0.11185 0
0.672 0.485 0.107518 0.109266 0
0.673 0.486 0.109689 0.100319 0
0.674 0.486 0.109692 0.106915 0
0.675 0.49 0.113252 0.106667 0
0.676 0.492 0.110348 0.111983 0
0.677 0.497 0.108711 0.116372 0
0.678 0.497 0.110992 0.121483 0
0.679 0.498 0.107207 0.1129 0
0.68 0.498 0.103054 0.110505 0
0.681 0.498 0.104815 0.109359 0
0.682 0.498 0.112939 0.103909 0
0.683 0.498 0.104319 0.115817 0
0.684 0.498 0.108535 0.111874 0
0.685 0.499 0.104965 0.111105 0
0.686 0.499 0.119311 0.105816 0
0.687 0.499 0.104105 0.114698 0
0.688 0.5 0.103407 0.106538 0
0.689 0.5 0.112059 0.112906 0
0.69 0.502 0.113336 0.109706 0
0.691 0.503 0.11834 0.114017 0
0.692 0.504 0.110153 0.104946 0
0.693 0.504 0.124217 0.103523 0
0.694 0.509 0.13194 0.108852 0
0.695 0.509 0.107485 0.116803 0
0.696 0.51 0.112199 0.122744 0
0.697 0.51 0.114645 0.118206 0
0.698 0.517 0.12017 0.11989 0
0.699 0.517 0.117881 0.121199 0
0.7 0.519 0.11189 0.117854 0
0.701 0.519 0.109324 0.118671 0
0.702 0.519 0.114596 0.114615 0
0.703 0.519 0.115398 0.117424 0
0.704 0.519 0.113322 0.113131 0
0.705 0.52 0.11419 0.115331 0
0.706 0.521 0.123361 0.113984 0
0.707 0.522 0.125849 0.10797 0
0.708 0.539 0.120978 0.113628 0
0.709 0.539 0.113707 0.117633 0
0.71 0.539 0.112453 0.114989 0
0.711 0.543 0.111945 0.117571 0
0.712 0.547 0.109381 0.119903 0
0.713 0.549 0.111037 0.120245 0
0.714 0.55 0.123286 0.119348 0
0.715 0.555 0.119622 0.119749 0
0.716 0.555 0.11718 0.117547 0
0.717 0.555 0.121676 0.121882 0
0.718 0.555 0.12068 0.120671 0
0.719 0.556 0.114452 0.122329 0
0.72 0.558 0.110257 0.122084 0
0.721 0.559 0.112499 0.120424 0
0.722 0.559 0.120168 0.127711 0
0.723 0.563 0.11121 0.122201 0
0.724 0.565 0.111676 0.12467 0
0.725 0.565 0.11334 0.122192 0
0.726 0.572 0.13216 0.116945 0
0.727 0.572 0.122125 0.115873 0
0.728 0.574 0.122228 0.120888 0
0.729 0.574 0.139035 0.124763 0
0.73 0.574 0.140098 0.11442 0
0.731 0.576 0.14219 0.116672 0
0.732 0.576 0.164732 0.110942 0
0.733 0.577 0.15134 0.112103 0
0.734 0.579 0.148888 0.116685 0
0.735 0.579 0.16559 0.106322 0
0.736 0.582 0.165422 0.106735 0
0.737 0.583 0.169248 0.115909 0
0.738 0.584 0.173303 0.116067 0
0.739 0.584 0.157713 0.112365 0
0.74 0.584 0.164728 0.112068 0
0.741 0.585 0.15709 0.11859 0
0.742 0.585 0.20113 0.108595 0
0.743 0.585 0.191477 0.106305 0
0.744 0.585 0.193682 0.103994 0
0.745 0.585 0.195436 0.109891 0
0.746 0.585 0.193164 0.10853 0
0.747 0.585 0.191306 0.106825 0
0.748 0.585 0.195595 0.104067 0
0.749 0.588 0.195228 0.0985542 0
0.75 0.588 0.192577 0.101717 0
0.751 0.589 0.186588 0.104942 0
0.752 0.59 0.188012 0.107072 0
0.753 0.591 0.189073 0.111507 0
0.754 0.594 0.197921 0.101193 0
0.755 0.594 0.185655 0.106057 0
0.756 0.594 0.180444 0.114837 0
0.757 0.595 0.18429 0.115834 0
0.758 0.596 0.182186 0.118793 0
0.759 0.596 0.183288 0.119835 0
0.76 0.596 0.194394 0.109463 0
0.761 0.597 0.19126 0.118613 0
0.762 0.598 0.186872 0.120102 0
0.763 0.598 0.170417 0.126684 0
0.764 0.605 0.167729 0.127595 0
0.765 0.605 0.166879 0.127484 0
0.766 0.608 0.170647 0.123727 0
0.767 0.608 0.18167 0.122835 0
0.768 0.608 0.173296 0.130235 0
0.769 0.608 0.186005 0.127304 0
0.77 0.608 0.192592 0.125487 0
0.771 0.609 0.190801 0.129801 0
0.772 0.61 0.167814 0.127726 0
0.773 0.611 0.170323 0.129139 0
0.774 0.611 0.167592 0.127747 0
0.775 0.612 0.17491 0.126149 0
0.776 0.612 0.171753 0.131607 0
0.777 0.615 0.180792 0.131061 0
0.778 0.615 0.171031 0.129646 0
0.779 0.616 0.168088 0.130185 0
0.78 0.617 0.177113 0.129456 0
0.781 0.618 0.180391 0.126933 0
0.782 0.618 0.184152 0.122526 0
0.783 0.622 0.176827 0.123655 0
0.784 0.623 0.180389 0.12533 0
0.785 0.623 0.177029 0.123796 0
0.786 0.623 0.178681 0.127411 0
0.787 0.63 0.176444 0.123048 0
0.788 0.631 0.183275 0.115911 0
0.789 0.632 0.166268 0.127203 0
0.79 0.632 0.187142 0.125639 0
0.791 0.633 0.198951 0.115931 0
0.792 0.635 0.192254 0.110236 0
0.793 0.636 0.184929 0.116361 0
0.794 0.637 0.187725 0.120023 0
0.795 0.637 0.226011 0.113369 0
0.796 0.637 0.232647 0.107587 0
0.797 0.637 0.22634 0.106059 0
0.798 0.638 0.233748 0.101046 0
0.799 0.639 0.228224 0.104415 0
0.8 0.639 0.23366 0.101917 0
0.801 0.64 0.228124 0.104768 0
0.802 0.64 0.239904 0.104372 0
0.803 0.64 0.225046 0.109124 0
0.804 0.642 0.2074 0.106226 0
0.805 0.642 0.213017 0.115724 0
0.806 0.643 0.212755 0.10994 0
0.807 0.643 0.216547 0.108062 0
0.808 0.645 0.222566 0.113937 0
0.809 0.649 0.204311 0.115031 0
0.81 0.651 0.203748 0.112275 0
0.811 0.652 0.204569 0.114612 0
0.812 0.652 0.237052 0.101455 0
0.813 0.664 0.255407 0.0993208 0
0.814 0.664 0.250889 0.101872 0
0.815 0.664 0.263786 0.101048 0
0.816 0.664 0.271383 0.0926193 0
0.817 0.664 0.281561 0.0922391 0
0.818 0.664 0.267664 0.0952864 0
0.819 0.665 0.277689 0.0937247 0
0.82 0.665 0.274388 0.0978445 0
0.821 0.669 0.285868 0.0888934 0
0.822 0.67 0.28062 0.0875906 0
0.823 0.67 0.294429 0.0846901 0
0.824 0.672 0.300405 0.0912979 0
0.825 0.673 0.307861 0.0851023 0
0.826 0.673 0.304235 0.0848097 0
0.827 0.673 0.296265 0.094305 0
0.828 0.673 0.315173 0.0814929 0
0.829 0.673 0.318798 0.0805103 0
0.83 0.674 0.310665 0.0808188 0
0.831 0.674 0.315725 0.0843863 0
0.832 0.675 0.318169 0.0874595 0
0.833 0.675 0.322016 0.0791871 0
0.834 0.675 0.33078 0.0823782 0
0.835 0.675 0.33971 0.0839448 0
0.836 0.675 0.334377 0.0864967 0
0.837 0.675 0.347366 0.0821741 0
0.838 0.676 0.344034 0.0837675 0
0.839 0.677 0.352277 0.07789 0
0.84 0.677 0.333435 0.0891112 0
0.841 0.677 0.344008 0.0833812 0
0.842 0.677 0.348852 0.0837664 0
0.843 0.677 0.353159 0.081331 0
0.844 0.677 0.346444 0.0854248 0
0.845 0.677 0.352133 0.0837413 0
0.846 0.677 0.357355 0.0777165 0
0.847 0.682 0.358899 0.0824315 0
0.848 0.682 0.362884 0.0777219 0
0.849 0.682 0.372214 0.0799523 0
0.85 0.683 0.360283 0.0848512 0
0.851 0.685 0.361745 0.082268 0
0.852 0.685 0.368787 0.081869 0
0.853 0.686 0.373873 0.079269 0
0.854 0.686 0.368404 0.0774038 0
0.855 0.686 0.371953 0.0834128 0
0.856 0.686 0.368842 0.0800985 0
0.857 0.687 0.381668 0.0722196 0
0.858 0.689 0.367289 0.0794202 0
0.859 0.69 0.381549 0.0734955 0
0.86 0.69 0.368921 0.0747427 0
0.861 0.69 0.372135 0.0859489 0
0.862 0.69 0.372239 0.0800854 0
0.863 0.69 0.381324 0.0764899 0
0.864 0.69 0.382015 0.0784865 0
0.865 0.691 0.383911 0.0787316 0
0.866 0.692 0.371598 0.0793246 0
0.867 0.693 0.397316 0.0735979 0
0.868 0.694 0.38049 0.0761603 0
0.869 0.694 0.41118 0.0718098 0
0.87 0.697 0.407716 0.068189 0
0.871 0.705 0.414082 0.0707694 0
0.872 0.705 0.418535 0.0652596 0
0.873 0.706 0.418023 0.0698791 0
0.874 0.706 0.42215 0.0665221 0
0.875 0.706 0.423696 0.069566 0
0.876 0.708 0.42552 0.0655285 0
0.877 0.71 0.429977 0.0699262 0
0.878 0.71 0.422381 0.0697347 0
0.879 0.711 0.436134 0.0704327 0
0.88 0.722 0.431145 0.0674976 0
0.881 0.723 0.451953 0.0602284 0
0.882 0.731 0.402949 0.0804751 0
0.883 0.732 0.42496 0.0816111 0
0.884 0.732 0.43862 0.0685587 0
0.885 0.732 0.419041 0.0710822 0
0.886 0.732 0.426165 0.078598 0
0.887 0.733 0.434006 0.0755164 0
0.888 0.734 0.440515 0.0762629 0
0.889 0.74 0.433705 0.0802608 0
0.89 0.74 0.453222 0.0652406 0
0.891 0.74 0.453964 0.0602758 0
0.892 0.74 0.464282 0.0617002 0
0.893 0.741 0.465565 0.0630315 0
0.894 0.746 0.46474 0.0589836 0
0.895 0.746 0.458993 0.060441 0
0.896 0.746 0.460853 0.0667086 0
0.897 0.748 0.462851 0.064914 0
0.898 0.748 0.461973 0.0637055 0
0.899 0.748 0.469575 0.0685642 0
0.9 0.748 0.464102 0.0653678 0
0.901 0.748 0.489941 0.0579722 0
0.902 0.749 0.476862 0.0631446 0
0.903 0.75 0.49617 0.0619464 0
0.904 0.75 0.496546 0.0552152 0
0.905 0.75 0.503029 0.0573557 0
0.906 0.75 0.508316 0.0544619 0
0.907 0.75 0.509157 0.0565823 0
0.908 0.75 0.503056 0.0552925 0
0.909 0.751 0.511873 0.0550209 0
0.91 0.752 0.503468 0.0523596 0
0.911 0.752 0.518765 0.0458838 0
0.912 0.752 0.505919 0.0550875 0
0.913 0.752 0.519509 0.0504319 0
0.914 0.752 0.513497 0.0524021 0
0.915 0.756 0.516761 0.0493041 0
0.916 0.757 0.506531 0.0540588 0
0.917 0.761 0.522145 0.0509962 0
0.918 0.761 0.509975 0.0574298 0
0.919 0.761 0.52194 0.0568584 0
0.92 0.762 0.510897 0.0583573 0
0.921 0.764 0.518226 0.0591746 0
0.922 0.764 0.510891 0.0598348 0
0.923 0.764 0.519321 0.0576617 0
0.924 0.765 0.50775 0.0604496 0
0.925 0.766 0.514531 0.055284 0
0.926 0.766 0.511458 0.0557046 0
0.927 0.766 0.518325 0.0574802 0
0.928 0.766 0.514249 0.0581192 0
0.929 0.766 0.517983 0.057974 0
0.93 0.766 0.522415 0.0545375 0
0.931 0.767 0.527802 0.0558748 0
0.932 0.767 0.521994 0.0552038 0
0.933 0.768 0.532596 0.054592 0
0.934 0.768 0.521012 0.0560314 0
0.935 0.769 0.532664 0.0551786 0
0.936 0.77 0.520258 0.0581469 0
0.937 0.77 0.553109 0.0521532 0
0.938 0.772 0.544852 0.0491602 0
0.939 0.773 0.553818 0.0470178 0
0.94 0.773 0.546015 0.048968 0
0.941 0.774 0.557008 0.0449807 0
0.942 0.774 0.547229 0.0497742 0
0.943 0.774 0.55914 0.0471002 0
0.944 0.774 0.548227 0.0471701 0
0.945 0.775 0.562255 0.0439231 0
0.946 0.778 0.55232 0.0484416 0
0.947 0.778 0.560429 0.0390846 0
0.948 0.778 0.55275 0.0431511 0
0.949 0.778 0.55766 0.0381894 0
0.95 0.779 0.544951 0.0416837 0
0.951 0.779 0.56174 0.0372318 0
0.952 0.779 0.55419 0.0362512 0
0.953 0.779 0.562156 0.0332286 0
0.954 0.779 0.558114 0.0394426 0
0.955 0.789 0.566862 0.036057 0
0.956 0.789 0.570697 0.0357502 0
0.957 0.789 0.574114 0.0344784 0
0.958 0.789 0.584393 0.0327384 0
0.959 0.789 0.587725 0.0315669 0
0.96 0.789 0.59093 0.0318186 0
0.961 0.789 0.601042 0.0342649 0
0.962 0.789 0.60708 0.0327363 0
0.963 0.79 0.607971 0.036178 0
0.964 0.794 0.60644 0.0376337 0
0.965 0.794 0.604535 0.0303347 0
0.966 0.794 0.602811 0.0292668 0
0.967 0.794 0.600202 0.0308646 0
0.968 0.794 0.601879 0.0337224 0
0.969 0.801 0.611399 0.0303666 0
0.97 0.801 0.608635 0.0310833 0
0.971 0.801 0.611718 0.0315747 0
0.972 0.802 0.606673 0.0328627 0
0.973 0.802 0.608828 0.032203 0
0.974 0.802 0.610974 0.0324331 0
0.975 0.804 0.608603 0.0332818 0
0.976 0.804 0.613137 0.033778 0
0.977 0.805 0.616368 0.0333575 0
0.978 0.805 0.620435 0.0349953 0
0.979 0.805 0.619471 0.0281603 0
0.98 0.805 0.624674 0.0385002 0
0.981 0.805 0.619753 0.032969 0
0.982 0.806 0.624582 0.03762 0
0.983 0.806 0.619694 0.0309855 0
0.984 0.806 0.628672 0.0339106 0
0.985 0.806 0.623393 0.0312219 0
0.986 0.806 0.63906 0.0335545 0
0.987 0.806 0.632212 0.0261324 0
0.988 0.806 0.639599 0.0345979 0
0.989 0.806 0.632331 0.0265776 0
0.99 0.806 0.639282 0.0329694 0
0.991 0.806 0.637318 0.025855 0
0.992 0.806 0.644713 0.0359516 0
0.993 0.806 0.636801 0.0273213 0
0.994 0.807 0.641382 0.0358107 0
0.995 0.807 0.639883 0.0274599 0
0.996 0.808 0.646062 0.0305795 0
0.997 0.808 0.644503 0.029435 0
0.998 0.808 0.645416 0.0355291 0
0.999 0.808 0.644548 0.0289713 0
1 0.808 0.653015 0.0316673 0
1.001 0.808 0.647375 0.0296264 0
1.002 0.808 0.651154 0.0315142 0
1.003 0.808 0.64764 0.0269788 0
1.004 0.808 0.651524 0.0299189 0
1.005 0.809 0.65094 0.0269445 0
1.006 0.809 0.656098 0.0327895 0
1.007 0.809 0.655149 0.0337995 0
1.008 0.809 0.649302 0.0262033 0
1.009 0.81 0.656564 0.0333961 0
1.01 0.814 0.648223 0.0257179 0
1.011 0.815 0.652611 0.0260208 0
1.012 0.815 0.649928 0.0275979 0
1.013 0.815 0.651002 0.0265467 0
1.014 0.815 0.658483 0.0268999 0
1.015 0.815 0.654828 0.026801 0
1.016 0.816 0.658365 0.0243453 0
1.017 0.816 0.660791 0.0310878 0
1.018 0.816 0.659403 0.0235684 0
1.019 0.823 0.659021 0.0312942 0
1.02 0.823 0.659309 0.0248665 0
1.021 0.824 0.658645 0.0348679 0
1.022 0.825 0.66422 0.0265058 0
1.023 0.826 0.659325 0.0359286 0
1.024 0.826 0.660385 0.0302436 0
1.025 0.826 0.66124 0.0317303 0
1.026 0.826 0.660321 0.0284387 0
1.027 0.827 0.667799 0.0321948 0
1.028 0.828 0.66534 0.0342138 0
1.029 0.829 0.669033 0.0326254 0
1.03 0.83 0.66362 0.0312955 0
1.031 0.83 0.676602 0.0311566 0
1.032 0.83 0.671865 0.0260324 0
1.033 0.83 0.677404 0.0291315 0
1.034 0.83 0.673739 0.0252407 0
1.035 0.83 0.679006 0.028592 0
1.036 0.831 0.676993 0.0259062 0
1.037 0.831 0.677547 0.0339777 0
1.038 0.832 0.677158 0.0224703 0
1.039 0.832 0.680737 0.0331062 0
1.04 0.832 0.678652 0.0217667 0
1.041 0.832 0.681181 0.0313714 0
1.042 0.832 0.681394 0.0217199 0
1.043 0.834 0.683689 0.0319221 0
1.044 0.834 0.682222 0.0229351 0
1.045 0.834 0.684104 0.0331362 0
1.046 0.834 0.681494 0.0211399 0
1.047 0.834 0.684478 0.0320223 0
1.048 0.834 0.680564 0.0221606 0
1.049 0.834 0.686518 0.0322236 0
1.05 0.835 0.683068 0.0236336 0
1.051 0.835 0.687922 0.0300647 0
1.052 0.835 0.685055 0.0224253 0
1.053 0.836 0.685848 0.0327461 0
1.054 0.836 0.679106 0.0232479 0
1.055 0.836 0.686239 0.0319242 0
1.056 0.836 0.682682 0.0252482 0
1.057 0.841 0.692741 0.03144 0
1.058 0.841 0.686797 0.0210065 0
1.059 0.841 0.698209 0.0201417 0
1.06 0.843 0.701755 0.0221802 0
1.061 0.843 0.705389 0.0304707 0
1.062 0.843 0.702876 0.0203498 0
1.063 0.843 0.704293 0.0284924 0
1.064 0.843 0.703631 0.0205153 0
1.065 0.843 0.706052 0.0269552 0
1.066 0.844 0.706165 0.0203459 0
1.067 0.845 0.708834 0.0280406 0
1.068 0.845 0.706145 0.0187805 0
1.069 0.845 0.707575 0.0233697 0
1.07 0.845 0.708962 0.022561 0
1.071 0.845 0.709584 0.0245644 0
1.072 0.845 0.711087 0.0250932 0
1.073 0.845 0.715387 0.0245345 0
1.074 0.848 0.715859 0.0224934 0
1.075 0.848 0.721258 0.0247566 0
1.076 0.852 0.715174 0.0216871 0
1.077 0.852 0.717869 0.0251407 0
1.078 0.853 0.715654 0.0235839 0
1.079 0.853 0.729502 0.0214005 0
1.08 0.853 0.728007 0.0201175 0
1.081 0.855 0.727769 0.0207847 0
1.082 0.857 0.723646 0.0259481 0
1.083 0.857 0.722242 0.0177215 0
1.084 0.857 0.72587 0.022316 0
1.085 0.857 0.723699 0.0208058 0
1.086 0.858 0.726409 0.0235389 0
1.087 0.858 0.723715 0.01792 0
1.088 0.858 0.740493 0.0171451 0
1.089 0.858 0.738263 0.0171367 0
1.09 0.859 0.741159 0.0177209 0
1.091 0.859 0.739078 0.0200215 0
1.092 0.859 0.741039 0.0188249 0
1.093 0.859 0.741014 0.0164914 0
1.094 0.859 0.743879 0.0175016 0
1.095 0.86 0.744728 0.0162212 0
1.096 0.86 0.74557 0.0224795 0
1.097 0.86 0.746442 0.0175919 0
1.098 0.86 0.744575 0.0232385 0
1.099 0.86 0.746676 0.0173827 0
1.1 0.86 0.746915 0.0239488 0
1.101 0.861 0.748915 0.0162348 0
1.102 0.861 0.746216 0.0208604 0
1.103 0.862 0.749271 0.0163873 0
1.104 0.862 0.748125 0.0187454 0
1.105 0.862 0.748054 0.0170411 0
1.106 0.862 0.750292 0.0189333 0
1.107 0.862 0.748735 0.0169795 0
1.108 0.862 0.750756 0.0186654 0
1.109 0.862 0.750158 0.0167508 0
1.11 0.863 0.753465 0.0186657 0
1.111 0.863 0.749948 0.0153046 0
1.112 0.863 0.752168 0.0175294 0
1.113 0.866 0.749777 0.0169175 0
1.114 0.868 0.751841 0.0163417 0
1.115 0.868 0.748205 0.0154732 0
1.116 0.868 0.748035 0.0148204 0
1.117 0.868 0.750001 0.0152332 0
1.118 0.868 0.749404 0.0148169 0
1.119 0.868 0.752216 0.0145096 0
1.12 0.868 0.752438 0.0143045 0
1.121 0.868 0.75406 0.0152863 0
1.122 0.871 0.75171 0.0145497 0
1.123 0.871 0.757637 0.0145053 0
1.124 0.871 0.755338 0.0148173 0
1.125 0.871 0.756828 0.0158878 0
1.126 0.872 0.757828 0.0142859 0
1.127 0.872 0.758612 0.0150059 0
1.128 0.872 0.759081 0.0141026 0
1.129 0.872 0.757927 0.0165667 0
1.13 0.873 0.759444 0.0159576 0
1.131 0.873 0.760407 0.0167598 0
1.132 0.874 0.763457 0.0152157 0
1.133 0.874 0.762442 0.0151601 0
1.134 0.874 0.763054 0.0153795 0
1.135 0.874 0.762937 0.0161344 0
1.136 0.875 0.764275 0.0166982 0
1.137 0.875 0.760363 0.0133097 0
1.138 0.876 0.761964 0.0126663 0
1.139 0.876 0.763795 0.0139937 0
1.14 0.876 0.761365 0.0120044 0
1.141 0.876 0.763909 0.0121697 0
1.142 0.876 0.761733 0.0128795 0
1.143 0.876 0.764481 0.0161122 0
1.144 0.876 0.762457 0.0145749 0
1.145 0.876 0.764487 0.0138754 0
1.146 0.876 0.761267 0.0138005 0
1.147 0.877 0.763943 0.0142747 0
1.148 0.877 0.765062 0.0176403 0
1.149 0.877 0.764593 0.0164516 0
1.15 0.877 0.766423 0.0166434 0
1.151 0.877 0.764813 0.0160365 0
1.152 0.877 0.766534 0.0163148 0
1.153 0.877 0.766323 0.0157949 0
1.154 0.877 0.768205 0.0152919 0
1.155 0.877 0.765743 0.0148901 0
1.156 0.877 0.768132 0.0141544 0
1.157 0.877 0.766425 0.0157722 0
1.158 0.878 0.769823 0.0160648 0
1.159 0.879 0.768454 0.0199413 0
1.16 0.879 0.768307 0.0175482 0
1.161 0.879 0.77133 0.0225618 0
1.162 0.88 0.771722 0.0134044 0
1.163 0.88 0.774109 0.0230794 0
1.164 0.88 0.770758 0.0138003 0
1.165 0.88 0.775148 0.0221776 0
1.166 0.881 0.772167 0.0132201 0
1.167 0.881 0.775712 0.0216292 0
1.168 0.881 0.77262 0.0139785 0
1.169 0.881 0.778982 0.0222417 0
1.17 0.882 0.773069 0.012684 0
1.171 0.882 0.779006 0.0188965 0
1.172 0.882 0.777059 0.0137695 0
1.173 0.882 0.777946 0.0226008 0
1.174 0.882 0.777337 0.0120637 0
1.175 0.883 0.779399 0.0176108 0
1.176 0.883 0.77756 0.0112221 0
1.177 0.884 0.783041 0.0164896 0
1.178 0.885 0.779926 0.0117141 0
1.179 0.885 0.783947 0.0165411 0
1.18 0.885 0.780538 0.0121116 0
1.181 0.887 0.784347 0.0145828 0
1.182 0.888 0.782576 0.0125296 0
1.183 0.889 0.789116 0.0144423 0
1.184 0.889 0.789136 0.0150089 0
1.185 0.889 0.7921 0.0142387 0
1.186 0.889 0.788485 0.0185325 0
1.187 0.889 0.799787 0.0129037 0
1.188 0.89 0.797408 0.0162211 0
1.189 0.89 0.800686 0.0125279 0
1.19 0.89 0.800555 0.017301 0
1.191 0.89 0.801382 0.0215648 0
1.192 0.89 0.804344 0.0122703 0
1.193 0.89 0.803262 0.0218161 0
1.194 0.89 0.80685 0.0116689 0
1.195 0.89 0.805571 0.0226348 0
1.196 0.89 0.808496 0.0112003 0
1.197 0.891 0.807464 0.0203982 0
1.198 0.891 0.809454 0.012873 0
1.199 0.891 0.806119 0.0129953 0
1.2 0.892 0.808851 0.0117187 0
