# Node_nr = 200
# K <r> sigma_r(sig not of average! divide by sqrt(n))
0 0.01 0.0673331 0.034175 0
0.005 0.01 0.0671504 0.0309528 0
0.01 0.01 0.0637669 0.0318574 0
0.015 0.01 0.0647764 0.0342333 0
0.02 0.01 0.0645694 0.0351019 0
0.025 0.01 0.0601514 0.0300707 0
0.03 0.015 0.0690591 0.0331091 0
0.035 0.015 0.061317 0.0324095 0
0.04 0.015 0.0702997 0.0398596 0
0.045 0.015 0.0684098 0.031088 0
0.05 0.015 0.0639173 0.0331459 0
0.055 0.015 0.0653381 0.0324134 0
0.06 0.015 0.0674175 0.0379294 0
0.065 0.015 0.0721811 0.0356215 0
0.07 0.015 0.0645534 0.0303013 0
0.075 0.015 0.0629785 0.0280906 0
0.08 0.02 0.0649185 0.0359563 0
0.085 0.02 0.0730641 0.0377727 0
0.09 0.02 0.0549918 0.0288091 0
0.095 0.02 0.0642723 0.0312066 0
0.1 0.02 0.0704138 0.0344019 0
0.105 0.02 0.081563 0.0468074 0
0.11 0.02 0.0638264 0.034982 0
0.115 0.025 0.0797357 0.0411944 0
0.12 0.025 0.0752884 0.0335545 0
0.125 0.025 0.0766228 0.0390624 0
0.13 0.025 0.0857754 0.0394511 0
0.135 0.025 0.0835537 0.0404804 0
0.14 0.025 0.0657552 0.0376223 0
0.145 0.025 0.0809792 0.0352757 0
0.15 0.025 0.0814675 0.0375527 0
0.155 0.025 0.08106 0.0381791 0
0.16 0.03 0.0752686 0.0350524 0
0.165 0.03 0.0859312 0.0455102 0
0.17 0.03 0.0693729 0.0340242 0
0.175 0.03 0.0703381 0.0384819 0
0.18 0.03 0.075472 0.0372381 0
0.185 0.03 0.0780295 0.0407589 0
0.19 0.03 0.0783617 0.0438982 0
0.195 0.03 0.0776819 0.0356875 0
0.2 0.03 0.063979 0.0305148 0
0.205 0.03 0.0763484 0.0392667 0
0.21 0.03 0.0692578 0.0383998 0
0.215 0.045 0.0781997 0.045297 0
0.22 0.045 0.0767962 0.0473977 0
0.225 0.045 0.0732213 0.0410138 0
0.23 0.045 0.0698626 0.0343014 0
0.235 0.045 0.0861743 0.0422484 0
0.24 0.045 0.0752668 0.0340311 0
0.245 0.045 0.0681083 0.0303107 0
0.25 0.045 0.0754072 0.0386184 0
0.255 0.045 0.0873347 0.0505866 0
0.26 0.045 0.076348 0.0425232 0
0.265 0.045 0.085105 0.0488198 0
0.27 0.045 0.0886059 0.0414713 0
0.275 0.045 0.089821 0.0464016 0
0.28 0.045 0.0743621 0.0385207 0
0.285 0.045 0.0827888 0.0378451 0
0.29 0.045 0.0880572 0.0487166 0
0.295 0.045 0.0790803 0.0421682 0
0.3 0.045 0.0891659 0.0443095 0
0.305 0.045 0.0900338 0.0496288 0
0.31 0.045 0.0882464 0.0380508 0
0.315 0.045 0.0678889 0.0320808 0
0.32 0.045 0.0915442 0.0474031 0
0.325 0.045 0.0975101 0.0499405 0
0.33 0.045 0.0795442 0.0408434 0
0.335 0.045 0.0933157 0.0411727 0
0.34 0.05 0.0880924 0.0427666 0
0.345 0.05 0.0874036 0.0425269 0
0.35 0.055 0.076104 0.0411203 0
0.355 0.055 0.0819073 0.0397565 0
0.36 0.055 0.0818533 0.039461 0
0.365 0.07 0.0896034 0.0399906 0
0.37 0.075 0.0954087 0.0458575 0
0.375 0.075 0.104838 0.0425724 0
0.38 0.08 0.0895197 0.0472574 0
0.385 0.08 0.0971069 0.0442904 0
0.39 0.08 0.0860843 0.0440661 0
0.395 0.08 0.0746007 0.0379208 0
0.4 0.08 0.0907164 0.0524146 0
0.405 0.11 0.0788583 0.0490297 0
0.41 0.11 0.112121 0.0505488 0
0.415 0.11 0.0997249 0.0468375 0
0.42 0.11 0.0963345 0.0417189 0
0.425 0.11 0.0939208 0.0523116 0
0.43 0.11 0.0800588 0.0499385 0
0.435 0.115 0.0958828 0.0428221 0
0.44 0.115 0.107835 0.0468892 0
0.445 0.115 0.106028 0.0441485 0
0.45 0.115 0.112003 0.049863 0
0.455 0.115 0.0956949 0.0591001 0
0.46 0.115 0.0879617 0.0533614 0
0.465 0.115 0.121477 0.0647512 0
0.47 0.115 0.108294 0.0523175 0
0.475 0.13 0.119247 0.0478502 0
0.48 0.13 0.139476 0.0616798 0
0.485 0.13 0.104746 0.0515779 0
0.49 0.14 0.124429 0.0597422 0
0.495 0.14 0.125336 0.0664046 0
0.5 0.14 0.101385 0.0473042 0
0.505 0.14 0.136354 0.0497131 0
0.51 0.14 0.127159 0.0623097 0
0.515 0.14 0.100785 0.057081 0
0.52 0.14 0.127759 0.057455 0
0.525 0.14 0.145017 0.0605148 0
0.53 0.14 0.133781 0.0557231 0
0.535 0.14 0.125618 0.0588341 0
0.54 0.14 0.116277 0.0620866 0
0.545 0.14 0.1165 0.0582405 0
0.55 0.14 0.113581 0.057747 0
0.555 0.14 0.103282 0.0549376 0
0.56 0.14 0.140261 0.068998 0
0.565 0.24 0.0991995 0.0467956 0
0.57 0.24 0.114612 0.0516858 0
0.575 0.24 0.122974 0.0760835 0
0.58 0.25 0.119057 0.0619505 0
0.585 0.25 0.111373 0.0476129 0
0.59 0.25 0.0965477 0.0389769 0
0.595 0.25 0.100395 0.0589249 0
0.6 0.255 0.113483 0.0618555 0
0.605 0.265 0.13478 0.0543637 0
0.61 0.27 0.13441 0.0550995 0
0.615 0.27 0.123533 0.0469287 0
0.62 0.275 0.107459 0.0596621 0
0.625 0.28 0.0857151 0.0582224 0
0.63 0.28 0.128429 0.069721 0
0.635 0.29 0.104065 0.0466948 0
0.64 0.29 0.125776 0.067838 0
0.645 0.29 0.114169 0.0774404 0
0.65 0.295 0.114421 0.0625888 0
0.655 0.295 0.135707 0.0619153 0
0.66 0.335 0.141292 0.0788378 0
0.665 0.335 0.128644 0.0669288 0
0.67 0.335 0.126124 0.0626047 0
0.675 0.335 0.137917 0.0669996 0
0.68 0.335 0.155618 0.0757341 0
0.685 0.335 0.134088 0.0666069 0
0.69 0.34 0.167561 0.0741767 0
0.695 0.34 0.154344 0.057956 0
0.7 0.34 0.168866 0.0637357 0
0.705 0.345 0.179755 0.0502001 0
0.71 0.375 0.167962 0.057625 0
0.715 0.395 0.145888 0.0496218 0
0.72 0.4 0.222001 0.0899822 0
0.725 0.405 0.18486 0.0702567 0
0.73 0.43 0.225653 0.0920945 0
0.735 0.43 0.199278 0.104202 0
0.74 0.43 0.213933 0.0666716 0
0.745 0.435 0.248439 0.0723586 0
0.75 0.435 0.206196 0.0571576 0
0.755 0.435 0.120832 0.0587883 0
0.76 0.435 0.123375 0.0493826 0
0.765 0.51 0.119915 0.0534981 0
0.77 0.51 0.178178 0.054591 0
0.775 0.51 0.192443 0.0506652 0
0.78 0.51 0.178703 0.0485858 0
0.785 0.51 0.198235 0.0630052 0
0.79 0.51 0.196051 0.0662908 0
0.795 0.515 0.249616 0.0664243 0
0.8 0.535 0.265043 0.060623 0
0.805 0.545 0.212176 0.0567144 0
0.81 0.545 0.276098 0.0607012 0
0.815 0.55 0.200121 0.0692341 0
0.82 0.59 0.106545 0.0496217 0
0.825 0.605 0.129614 0.0443036 0
0.83 0.61 0.083235 0.0487052 0
0.835 0.655 0.134035 0.0473645 0
0.84 0.655 0.125292 0.0545695 0
0.845 0.655 0.164971 0.0860169 0
0.85 0.655 0.164779 0.0978991 0
0.855 0.655 0.121693 0.0705245 0
0.86 0.67 0.162173 0.0969955 0
0.865 0.675 0.106756 0.0528822 0
0.87 0.685 0.14632 0.0773791 0
0.875 0.71 0.158047 0.110563 0
0.88 0.71 0.149114 0.102499 0
0.885 0.71 0.248587 0.0749207 0
0.89 0.765 0.223195 0.0464601 0
0.895 0.765 0.316355 0.0390486 0
0.9 0.765 0.339236 0.0355156 0
0.905 0.765 0.341472 0.0341715 0
0.91 0.765 0.344475 0.039767 0
0.915 0.77 0.31173 0.0331582 0
0.92 0.78 0.318065 0.0329612 0
0.925 0.78 0.320344 0.0356952 0
0.93 0.78 0.297656 0.0411379 0
0.935 0.785 0.288686 0.0359695 0
0.94 0.785 0.291972 0.05106 0
0.945 0.785 0.313008 0.0350731 0
0.95 0.8 0.305332 0.0425173 0
0.955 0.805 0.278988 0.0373771 0
0.96 0.81 0.264389 0.0316257 0
0.965 0.81 0.266015 0.0343714 0
0.97 0.81 0.266848 0.0303801 0
0.975 0.81 0.258323 0.0398978 0
0.98 0.81 0.323749 0.0785717 0
0.985 0.81 0.382111 0.0392218 0
0.99 0.845 0.522929 0.04623 0
0.995 0.845 0.529885 0.0338129 0
1 0.845 0.559825 0.0436166 0
1.005 0.855 0.575722 0.0341862 0
1.01 0.855 0.586461 0.0325775 0
1.015 0.855 0.58699 0.0335553 0
1.02 0.855 0.58526 0.0293958 0
1.025 0.855 0.62385 0.0293556 0
1.03 0.855 0.625875 0.0307636 0
1.035 0.855 0.623857 0.026423 0
1.04 0.855 0.624702 0.0328125 0
1.045 0.855 0.631438 0.0299247 0
1.05 0.855 0.650201 0.0285794 0
1.055 0.86 0.654456 0.03154 0
1.06 0.86 0.658364 0.027909 0
1.065 0.86 0.664174 0.0353764 0
1.07 0.865 0.671732 0.0314474 0
1.075 0.865 0.6679 0.0232576 0
1.08 0.865 0.700248 0.0273102 0
1.085 0.87 0.700802 0.0305829 0
1.09 0.87 0.714265 0.0285774 0
1.095 0.87 0.725431 0.0296699 0
1.1 0.875 0.736197 0.0317644 0
1.105 0.875 0.734854 0.0222404 0
1.11 0.875 0.732769 0.029825 0
1.115 0.875 0.747689 0.0242057 0
1.12 0.88 0.747266 0.0262608 0
1.125 0.89 0.753778 0.0254152 0
1.13 0.89 0.759703 0.0322096 0
1.135 0.89 0.75435 0.0248344 0
1.14 0.895 0.75621 0.0322147 0
1.145 0.9 0.752794 0.0261067 0
1.15 0.9 0.756117 0.0214842 0
1.155 0.9 0.764085 0.0304946 0
1.16 0.9 0.762851 0.0331259 0
1.165 0.905 0.753379 0.0218627 0
1.17 0.905 0.754719 0.0210607 0
1.175 0.905 0.771544 0.0246914 0
1.18 0.93 0.786735 0.0207246 0
1.185 0.93 0.785071 0.0189576 0
1.19 0.93 0.79572 0.0164733 0
1.195 0.93 0.792886 0.0168754 0
1.2 0.93 0.797652 0.0204623 0
1.205 0.93 0.801476 0.0187895 0
1.21 0.93 0.799949 0.0159967 0
1.215 0.93 0.802097 0.0179241 0
1.22 0.93 0.803492 0.0182334 0
1.225 0.93 0.804362 0.020398 0
1.23 0.935 0.794564 0.0180179 0
1.235 0.935 0.797136 0.0157672 0
1.24 0.935 0.797652 0.0179134 0
1.245 0.935 0.797172 0.0162741 0
1.25 0.935 0.796093 0.0204314 0
1.255 0.935 0.799269 0.0207768 0
1.26 0.935 0.826083 0.017211 0
1.265 0.935 0.826864 0.0188622 0
1.27 0.935 0.825663 0.0191921 0
1.275 0.935 0.823431 0.0174373 0
1.28 0.935 0.829462 0.0191117 0
1.285 0.935 0.82809 0.0187192 0
1.29 0.935 0.83245 0.0178782 0
1.295 0.935 0.828097 0.0180893 0
1.3 0.935 0.828374 0.0197836 0
1.305 0.935 0.829089 0.0177087 0
1.31 0.955 0.827799 0.0128718 0
1.315 0.955 0.824743 0.0099542 0
1.32 0.955 0.829228 0.0121578 0
1.325 0.96 0.836222 0.0114532 0
1.33 0.96 0.83423 0.0125304 0
1.335 0.96 0.837458 0.0114673 0
1.34 0.965 0.83898 0.00985001 0