# Node_nr = 300
# K <r> sigma_r(sig not of average! divide by sqrt(n))
0 0.00666667 0.0506888 0.0243474 0
0.00333333 0.00666667 0.0514374 0.0209712 0
0.00666667 0.00666667 0.0439155 0.022491 0
0.01 0.00666667 0.0550724 0.0311952 0
0.0133333 0.00666667 0.0490781 0.0222016 0
0.0166667 0.00666667 0.0481747 0.0203378 0
0.02 0.00666667 0.0551586 0.030223 0
0.0233333 0.01 0.0568785 0.0259903 0
0.0266667 0.01 0.0498996 0.0253123 0
0.03 0.01 0.0644935 0.0318244 0
0.0333333 0.01 0.0496985 0.0217175 0
0.0366667 0.01 0.0550676 0.0207905 0
0.04 0.01 0.0617809 0.0345195 0
0.0433333 0.01 0.0479241 0.0239215 0
0.0466667 0.0133333 0.067658 0.0263704 0
0.05 0.0133333 0.056185 0.0218712 0
0.0533333 0.0133333 0.0647003 0.0335586 0
0.0566667 0.0133333 0.0552164 0.028473 0
0.06 0.0133333 0.0641823 0.0295529 0
0.0633333 0.0133333 0.0537398 0.0211583 0
0.0666667 0.0133333 0.0479193 0.0234082 0
0.07 0.0133333 0.0623075 0.0272552 0
0.0733333 0.0133333 0.0555605 0.0279601 0
0.0766667 0.0133333 0.0516999 0.0239571 0
0.08 0.0133333 0.0582969 0.0276983 0
0.0833333 0.0133333 0.0587384 0.0206426 0
0.0866667 0.0133333 0.0547452 0.0304061 0
0.09 0.0133333 0.0625867 0.0254617 0
0.0933333 0.0133333 0.0579739 0.0229447 0
0.0966667 0.0133333 0.0541549 0.0340837 0
0.1 0.0133333 0.0578471 0.0291096 0
0.103333 0.0133333 0.0534255 0.0295671 0
0.106667 0.0133333 0.0503403 0.0268837 0
0.11 0.0133333 0.0355502 0.0176435 0
0.113333 0.0133333 0.0457625 0.0270892 0
0.116667 0.0166667 0.0573242 0.0286152 0
0.12 0.0166667 0.059981 0.0239337 0
0.123333 0.0166667 0.0617075 0.0309844 0
0.126667 0.0166667 0.0488237 0.0257932 0
0.13 0.0166667 0.0579751 0.0289179 0
0.133333 0.0166667 0.0604827 0.0270301 0
0.136667 0.0166667 0.0577417 0.0217012 0
0.14 0.0166667 0.0519862 0.0254585 0
0.143333 0.0166667 0.0597682 0.0300234 0
0.146667 0.0166667 0.0620712 0.0344746 0
0.15 0.0166667 0.0590861 0.0308273 0
0.153333 0.0166667 0.0739661 0.0266739 0
0.156667 0.02 0.0552534 0.0265045 0
0.16 0.02 0.0586357 0.0273732 0
0.163333 0.02 0.0461677 0.0213633 0
0.166667 0.02 0.0654876 0.0290337 0
0.17 0.02 0.0647017 0.0267866 0
0.173333 0.02 0.0615706 0.0190871 0
0.176667 0.02 0.0569984 0.0314742 0
0.18 0.02 0.0514927 0.0279806 0
0.183333 0.0233333 0.061636 0.0328049 0
0.186667 0.0233333 0.0722416 0.0328744 0
0.19 0.0233333 0.0690518 0.0319972 0
0.193333 0.0233333 0.0534498 0.0216027 0
0.196667 0.0233333 0.0652693 0.0298346 0
0.2 0.0233333 0.0809845 0.0350629 0
0.203333 0.0233333 0.061373 0.0314033 0
0.206667 0.0233333 0.0628702 0.0374837 0
0.21 0.0233333 0.0705167 0.0395567 0
0.213333 0.0233333 0.0594691 0.0320677 0
0.216667 0.0233333 0.0707909 0.0287133 0
0.22 0.0233333 0.0656804 0.0388258 0
0.223333 0.0233333 0.0840124 0.0386666 0
0.226667 0.0233333 0.0781705 0.0333373 0
0.23 0.0233333 0.0615285 0.0238994 0
0.233333 0.0233333 0.0516136 0.0308355 0
0.236667 0.0233333 0.0672882 0.0432529 0
0.24 0.0233333 0.0705517 0.0295917 0
0.243333 0.0233333 0.0635988 0.0279595 0
0.246667 0.0233333 0.0820842 0.0419837 0
0.25 0.0233333 0.0562191 0.0252411 0
0.253333 0.0233333 0.0632739 0.0276428 0
0.256667 0.0233333 0.0734519 0.0334575 0
0.26 0.0233333 0.0624003 0.0304587 0
0.263333 0.0233333 0.0715621 0.0328361 0
0.266667 0.0233333 0.061338 0.0381791 0
0.27 0.0233333 0.0710524 0.0317878 0
0.273333 0.0233333 0.0672057 0.0335173 0
0.276667 0.0233333 0.0848206 0.0397832 0
0.28 0.0233333 0.0530361 0.0216702 0
0.283333 0.0233333 0.0694747 0.0394799 0
0.286667 0.0233333 0.0688606 0.0259087 0
0.29 0.0233333 0.0621925 0.041162 0
0.293333 0.0233333 0.0811994 0.0437233 0
0.296667 0.0233333 0.0815191 0.040875 0
0.3 0.0233333 0.067689 0.0407887 0
0.303333 0.0233333 0.0864346 0.03594 0
0.306667 0.0233333 0.0516691 0.0353317 0
0.31 0.0233333 0.0727093 0.0341651 0
0.313333 0.0233333 0.0913294 0.0306797 0
0.316667 0.0266667 0.0547579 0.0287471 0
0.32 0.0266667 0.0698296 0.0256862 0
0.323333 0.0266667 0.072656 0.0358397 0
0.326667 0.0266667 0.0731383 0.0417508 0
0.33 0.0266667 0.0738943 0.0379928 0
0.333333 0.0266667 0.0679643 0.0476761 0
0.336667 0.0266667 0.0803752 0.0314877 0
0.34 0.0266667 0.0944365 0.0374904 0
0.343333 0.0266667 0.0757242 0.0268023 0
0.346667 0.0266667 0.0793119 0.0373844 0
0.35 0.0266667 0.0788127 0.030257 0
0.353333 0.0266667 0.0961901 0.047634 0
0.356667 0.0266667 0.0916604 0.0447842 0
0.36 0.03 0.0640003 0.0289277 0
0.363333 0.03 0.0539883 0.0317268 0
0.366667 0.03 0.0729993 0.0349818 0
0.37 0.03 0.0759721 0.0279444 0
0.373333 0.03 0.0837941 0.032535 0
0.376667 0.03 0.0750356 0.0385754 0
0.38 0.03 0.0772533 0.042005 0
0.383333 0.03 0.0459838 0.0222237 0
0.386667 0.03 0.100856 0.0329765 0
0.39 0.03 0.0914921 0.0429559 0
0.393333 0.03 0.0547444 0.0231705 0
0.396667 0.03 0.0712144 0.0307042 0
0.4 0.03 0.0619587 0.0352074 0
0.403333 0.03 0.0904992 0.0523759 0
0.406667 0.03 0.0770158 0.0323053 0
0.41 0.03 0.0535668 0.0253485 0
0.413333 0.03 0.0811676 0.0357578 0
0.416667 0.04 0.101266 0.0429236 0
0.42 0.04 0.109912 0.0439385 0
0.423333 0.04 0.094978 0.0539197 0
0.426667 0.04 0.0883149 0.0467008 0
0.43 0.04 0.0717089 0.0384795 0
0.433333 0.04 0.0802757 0.0299776 0
0.436667 0.04 0.0795159 0.0425434 0
0.44 0.04 0.136455 0.0505217 0
0.443333 0.04 0.0933872 0.0599737 0
0.446667 0.04 0.100582 0.0491386 0
0.45 0.04 0.0816139 0.051949 0
0.453333 0.04 0.0836903 0.0478046 0
0.456667 0.04 0.0903882 0.0350742 0
0.46 0.04 0.119148 0.0618894 0
0.463333 0.04 0.136842 0.0626521 0
0.466667 0.04 0.0700405 0.0283678 0
0.47 0.04 0.0796935 0.0364167 0
0.473333 0.04 0.0839558 0.0342387 0
0.476667 0.04 0.100566 0.0367334 0
0.48 0.04 0.139538 0.0484139 0
0.483333 0.04 0.098737 0.0494853 0
0.486667 0.04 0.0818186 0.0321339 0
0.49 0.04 0.0950782 0.0490452 0
0.493333 0.04 0.0678725 0.0346336 0
0.496667 0.04 0.0942971 0.0334305 0
0.5 0.0533333 0.0632655 0.0389568 0
0.503333 0.0533333 0.168553 0.0443329 0
0.506667 0.0566667 0.0582217 0.0311485 0
0.51 0.0666667 0.0980561 0.0382756 0
0.513333 0.09 0.162411 0.0624552 0
0.516667 0.09 0.0893097 0.0311851 0
0.52 0.09 0.185441 0.0427859 0
0.523333 0.09 0.107479 0.0550761 0
0.526667 0.106667 0.116137 0.0364515 0
0.53 0.106667 0.170197 0.0511531 0
0.533333 0.106667 0.122832 0.0659322 0
0.536667 0.106667 0.106538 0.0480001 0
0.54 0.106667 0.126273 0.0534255 0
0.543333 0.12 0.126149 0.0595293 0
0.546667 0.12 0.136931 0.0344729 0
0.55 0.12 0.200102 0.054604 0
0.553333 0.12 0.108679 0.062041 0
0.556667 0.123333 0.246979 0.0656623 0
0.56 0.123333 0.0985436 0.0442157 0
0.563333 0.123333 0.106122 0.0354092 0
0.566667 0.123333 0.116174 0.0624874 0
0.57 0.123333 0.163265 0.0567674 0
0.573333 0.123333 0.111306 0.047256 0
0.576667 0.123333 0.113099 0.0379895 0
0.58 0.123333 0.213071 0.0700928 0
0.583333 0.123333 0.206459 0.097346 0
0.586667 0.123333 0.125497 0.0317925 0
0.59 0.123333 0.170416 0.0459286 0
0.593333 0.126667 0.137316 0.0247308 0
0.596667 0.126667 0.215369 0.101008 0
0.6 0.126667 0.284081 0.0845014 0
0.603333 0.14 0.202333 0.0610366 0
0.606667 0.14 0.169364 0.0324909 0
0.61 0.14 0.128034 0.0476983 0
0.613333 0.143333 0.109387 0.0461133 0
0.616667 0.143333 0.137621 0.0434054 0
0.62 0.143333 0.128609 0.0888755 0
0.623333 0.146667 0.211975 0.0375957 0
0.626667 0.146667 0.214962 0.0241876 0
0.63 0.163333 0.253182 0.0575393 0
0.633333 0.163333 0.167461 0.0543848 0
0.636667 0.163333 0.151905 0.0605811 0
0.64 0.163333 0.0862623 0.0488367 0
0.643333 0.163333 0.18055 0.0650218 0
0.646667 0.163333 0.132705 0.0607796 0
0.65 0.163333 0.34629 0.0888689 0
0.653333 0.163333 0.11817 0.0867106 0
0.656667 0.163333 0.147469 0.0388044 0
0.66 0.163333 0.293518 0.0750701 0
0.663333 0.163333 0.218613 0.0799248 0
0.666667 0.17 0.104254 0.0572906 0
0.67 0.17 0.342041 0.0419251 0
0.673333 0.19 0.29564 0.0806672 0
0.676667 0.19 0.186125 0.0583609 0
0.68 0.19 0.228668 0.0714411 0
0.683333 0.216667 0.346217 0.113842 0
0.686667 0.216667 0.09951 0.0490212 0
0.69 0.216667 0.320469 0.0944501 0
0.693333 0.216667 0.135229 0.0421946 0
0.696667 0.216667 0.337707 0.0405007 0
0.7 0.216667 0.173052 0.0502036 0
0.703333 0.216667 0.299355 0.0411788 0
0.706667 0.22 0.219255 0.0132142 0
0.71 0.22 0.318651 0.0552999 0
0.713333 0.366667 0.357543 0.0553168 0
0.716667 0.37 0.340346 0.0975931 0
0.72 0.37 0.399227 0.0758353 0
0.723333 0.403333 0.424462 0.0217976 0
0.726667 0.403333 0.421579 0.0400397 0
0.73 0.406667 0.395364 0.0698779 0
0.733333 0.406667 0.414676 0.0442218 0
0.736667 0.416667 0.405334 0.0411918 0
0.74 0.416667 0.49485 0.12506 0
0.743333 0.423333 0.42365 0.0354212 0
0.746667 0.423333 0.396084 0.0610207 0
0.75 0.463333 0.536883 0.0331329 0
0.753333 0.463333 0.453573 0.0676146 0
0.756667 0.473333 0.437633 0.0579241 0
0.76 0.506667 0.540667 0.0527821 0
0.763333 0.513333 0.50872 0.0514862 0
0.766667 0.516667 0.507794 0.10664 0
0.77 0.516667 0.521875 0.0684476 0
0.773333 0.52 0.563745 0.0405997 0
0.776667 0.52 0.520167 0.0565878 0
0.78 0.52 0.520655 0.0985823 0
0.783333 0.526667 0.508143 0.0308265 0
0.786667 0.526667 0.519661 0.057824 0
0.79 0.53 0.56399 0.0603005 0
0.793333 0.586667 0.580134 0.0553928 0
0.796667 0.59 0.600501 0.0332722 0
0.8 0.62 0.64618 0.0390915 0
0.803333 0.62 0.592743 0.0238269 0
0.806667 0.623333 0.627653 0.0173812 0
0.81 0.623333 0.637682 0.0257528 0
0.813333 0.623333 0.595933 0.0277464 0
0.816667 0.623333 0.669063 0.0180234 0
0.82 0.626667 0.623289 0.0349745 0
0.823333 0.636667 0.678381 0.0177088 0
0.826667 0.636667 0.655886 0.0462158 0
0.83 0.646667 0.640033 0.0288704 0
0.833333 0.646667 0.643223 0.0266513 0
0.836667 0.65 0.63852 0.0291121 0
0.84 0.65 0.638872 0.0272688 0
0.843333 0.653333 0.651711 0.0352768 0
0.846667 0.656667 0.655168 0.0245927 0
0.85 0.656667 0.676668 0.0432453 0
0.853333 0.66 0.666647 0.0158371 0
0.856667 0.66 0.671349 0.0242127 0
0.86 0.66 0.634322 0.0430052 0
0.863333 0.663333 0.672163 0.0195707 0
0.866667 0.67 0.647419 0.0247043 0
0.87 0.67 0.669812 0.0357553 0
0.873333 0.673333 0.697172 0.0413952 0
0.876667 0.683333 0.655619 0.0207427 0
0.88 0.693333 0.736266 0.0131454 0
0.883333 0.696667 0.689406 0.036905 0
0.886667 0.696667 0.704873 0.0495216 0
0.89 0.7 0.712164 0.0400718 0
0.893333 0.706667 0.694228 0.0301545 0
0.896667 0.706667 0.735418 0.0274743 0
0.9 0.716667 0.716875 0.038407 0
0.903333 0.716667 0.712094 0.0353577 0
0.906667 0.716667 0.731791 0.0500428 0
0.91 0.716667 0.709452 0.0278652 0