# Relevant parameters to reproduce this network:
# node_nr=200	 k_max=20
# initial_seed=1557414222	 delta_t=0.1	 max_steps=3000	 in_between=0
# fg_m=1	 fg_alpha=0.5	 fg_t_min=0	 fg_t_max=1.2	 fg_t_number=240	 fg_weff_lower_frequency=-1e+08	 fg_weff_max_steps=3000	 fg_weff_in_between=0
# K Giant_component <r> sigma_r*sqrt(NODE_NR) clustering
0 0.01 0.0567762 0.0302041 0
0.005 0.01 0.0610547 0.0320046 0
0.01 0.01 0.0570763 0.0296461 0
0.015 0.01 0.0667993 0.0358768 0
0.02 0.01 0.0657944 0.0328146 0
0.025 0.01 0.0621581 0.0346024 0
0.03 0.01 0.0660571 0.0344802 0
0.035 0.01 0.0727153 0.0380067 0
0.04 0.01 0.0693666 0.032598 0
0.045 0.01 0.0630154 0.0289418 0
0.05 0.01 0.0658293 0.0340684 0
0.055 0.01 0.0698396 0.0364189 0
0.06 0.015 0.065069 0.0344962 0
0.065 0.015 0.0699159 0.0355052 0
0.07 0.015 0.0676838 0.0327661 0
0.075 0.015 0.0644894 0.0311732 0
0.08 0.015 0.059876 0.0353155 0
0.085 0.015 0.0751266 0.0364906 0
0.09 0.015 0.0679864 0.0403376 0
0.095 0.015 0.0684377 0.0328718 0
0.1 0.015 0.0738476 0.0390908 0
0.105 0.015 0.0696859 0.0378615 0
0.11 0.015 0.073297 0.0341167 0
0.115 0.015 0.0711477 0.0369132 0
0.12 0.015 0.0711214 0.0370535 0
0.125 0.015 0.0738336 0.042525 0
0.13 0.015 0.0675386 0.0326746 0
0.135 0.015 0.0697143 0.0354805 0
0.14 0.015 0.0651799 0.0376466 0
0.145 0.015 0.0797088 0.0509614 0
0.15 0.015 0.0708928 0.0354339 0
0.155 0.015 0.0753776 0.0368137 0
0.16 0.015 0.0757323 0.0402664 0
0.165 0.015 0.0786112 0.0432355 0
0.17 0.015 0.0803731 0.0381255 0
0.175 0.015 0.072528 0.0341458 0
0.18 0.015 0.0797313 0.0392856 0
0.185 0.015 0.0755236 0.0353778 0
0.19 0.015 0.0759998 0.0428415 0
0.195 0.02 0.075764 0.043554 0
0.2 0.02 0.0720386 0.0400393 0
0.205 0.02 0.0688411 0.0382655 0
0.21 0.025 0.0699655 0.0352874 0
0.215 0.025 0.0779938 0.0404457 0
0.22 0.03 0.076488 0.0365832 0
0.225 0.03 0.0769533 0.0332441 0
0.23 0.035 0.0734154 0.0423663 0
0.235 0.035 0.0806824 0.0448666 0
0.24 0.035 0.0772242 0.034648 0
0.245 0.035 0.079098 0.0403973 0
0.25 0.035 0.0709367 0.0400088 0
0.255 0.035 0.0833607 0.0449178 0
0.26 0.035 0.0867385 0.041851 0
0.265 0.035 0.0920303 0.0438679 0
0.27 0.04 0.0947315 0.0460532 0
0.275 0.04 0.0754386 0.0385434 0
0.28 0.04 0.0833901 0.0433491 0
0.285 0.04 0.0855163 0.0456995 0
0.29 0.04 0.085356 0.0480739 0
0.295 0.04 0.105254 0.0540985 0
0.3 0.04 0.0861216 0.0515627 0
0.305 0.04 0.0944587 0.0473246 0
0.31 0.04 0.089924 0.0425467 0
0.315 0.04 0.102237 0.0485412 0
0.32 0.04 0.0955185 0.0499057 0
0.325 0.045 0.100041 0.0496373 0
0.33 0.045 0.100357 0.051783 0
0.335 0.045 0.0933542 0.050405 0
0.34 0.045 0.107902 0.0517995 0
0.345 0.05 0.0787306 0.0451503 0
0.35 0.065 0.0956445 0.0443181 0
0.355 0.075 0.105626 0.0393328 0
0.36 0.075 0.114006 0.052996 0
0.365 0.075 0.110278 0.0539413 0
0.37 0.08 0.13054 0.0634095 0
0.375 0.08 0.118402 0.0460202 0
0.38 0.09 0.116227 0.0545706 0
0.385 0.09 0.116001 0.0526989 0
0.39 0.09 0.119763 0.0643056 0
0.395 0.09 0.134409 0.066069 0
0.4 0.09 0.119871 0.0551701 0
0.405 0.09 0.136127 0.0733094 0
0.41 0.09 0.123312 0.0647127 0
0.415 0.09 0.110269 0.0548788 0
0.42 0.105 0.138407 0.0655622 0
0.425 0.11 0.116668 0.0539349 0
0.43 0.11 0.128085 0.0665145 0
0.435 0.11 0.135143 0.0628606 0
0.44 0.11 0.146522 0.0604987 0
0.445 0.13 0.135834 0.0704432 0
0.45 0.13 0.144063 0.0649456 0
0.455 0.13 0.161145 0.0767931 0
0.46 0.13 0.156774 0.0922245 0
0.465 0.13 0.147782 0.0733709 0
0.47 0.13 0.145722 0.0746731 0
0.475 0.135 0.143969 0.0702496 0
0.48 0.135 0.151007 0.0618631 0
0.485 0.135 0.136041 0.0666459 0
0.49 0.15 0.150699 0.0722373 0
0.495 0.185 0.147185 0.0594866 0
0.5 0.185 0.225448 0.0783119 0
0.505 0.185 0.165137 0.0694485 0
0.51 0.26 0.148314 0.0691616 0
0.515 0.26 0.154139 0.063337 0
0.52 0.26 0.133386 0.0633213 0
0.525 0.27 0.118539 0.0543226 0
0.53 0.275 0.116607 0.0579889 0
0.535 0.275 0.112369 0.0557789 0
0.54 0.28 0.103353 0.043924 0
0.545 0.29 0.0997507 0.0563876 0
0.55 0.29 0.103943 0.0535361 0
0.555 0.29 0.0995584 0.0548642 0
0.56 0.29 0.0869777 0.0406879 0
0.565 0.29 0.119509 0.0576082 0
0.57 0.295 0.108505 0.0469926 0
0.575 0.295 0.106235 0.0402944 0
0.58 0.295 0.106393 0.0558843 0
0.585 0.305 0.127109 0.0672724 0
0.59 0.32 0.176681 0.0738149 0
0.595 0.325 0.15515 0.0794143 0
0.6 0.325 0.159177 0.0833717 0
0.605 0.325 0.178288 0.0706859 0
0.61 0.35 0.183897 0.0775619 0
0.615 0.35 0.187412 0.0808564 0
0.62 0.35 0.188241 0.0796357 0
0.625 0.35 0.189492 0.0770884 0
0.63 0.355 0.19427 0.0791067 0
0.635 0.355 0.192494 0.0703516 0
0.64 0.45 0.165154 0.0636162 0
0.645 0.455 0.16598 0.0673253 0
0.65 0.455 0.175316 0.097667 0
0.655 0.465 0.173415 0.0796857 0
0.66 0.47 0.181947 0.0844883 0
0.665 0.47 0.261994 0.0723597 0
0.67 0.47 0.290353 0.0905828 0
0.675 0.475 0.275589 0.0827014 0
0.68 0.48 0.291513 0.100125 0
0.685 0.485 0.313221 0.113843 0
0.69 0.495 0.31275 0.105127 0
0.695 0.505 0.306366 0.101728 0
0.7 0.51 0.30462 0.12596 0
0.705 0.51 0.306669 0.0955626 0
0.71 0.51 0.295706 0.111693 0
0.715 0.57 0.262351 0.104706 0
0.72 0.6 0.194059 0.0871271 0
0.725 0.605 0.186983 0.0751715 0
0.73 0.605 0.192345 0.075588 0
0.735 0.61 0.205162 0.0669821 0
0.74 0.615 0.238076 0.0478639 0
0.745 0.615 0.226149 0.0737125 0
0.75 0.62 0.196085 0.0630668 0
0.755 0.62 0.259781 0.0418846 0
0.76 0.62 0.240739 0.0403671 0
0.765 0.62 0.307587 0.0524867 0
0.77 0.62 0.301629 0.0368921 0
0.775 0.62 0.324468 0.0416472 0
0.78 0.62 0.312587 0.0455465 0
0.785 0.62 0.322296 0.0518614 0
0.79 0.62 0.337168 0.0396203 0
0.795 0.655 0.287532 0.0460516 0
0.8 0.66 0.383104 0.0456641 0
0.805 0.67 0.422142 0.0362751 0
0.81 0.67 0.426176 0.0391525 0
0.815 0.69 0.420215 0.0407256 0
0.82 0.695 0.433973 0.0397664 0
0.825 0.695 0.509076 0.0389592 0
0.83 0.71 0.499885 0.0415292 0
0.835 0.71 0.499986 0.0371079 0
0.84 0.71 0.518614 0.0310421 0
0.845 0.715 0.526453 0.0415899 0
0.85 0.715 0.528715 0.0311638 0
0.855 0.725 0.521685 0.0296935 0
0.86 0.725 0.521288 0.0326552 0
0.865 0.75 0.510368 0.0385945 0
0.87 0.75 0.531298 0.0308174 0
0.875 0.75 0.54238 0.0257458 0
0.88 0.755 0.551071 0.0280603 0
0.885 0.755 0.560352 0.0298437 0
0.89 0.755 0.554293 0.0313686 0
0.895 0.76 0.559919 0.0276554 0
0.9 0.775 0.532527 0.0310082 0
0.905 0.775 0.535057 0.0236094 0
0.91 0.775 0.566967 0.0273453 0
0.915 0.775 0.573326 0.0299358 0
0.92 0.78 0.577989 0.0249132 0
0.925 0.78 0.578085 0.0255619 0
0.93 0.78 0.589639 0.0224443 0
0.935 0.785 0.562438 0.0263618 0
0.94 0.79 0.572258 0.0268481 0
0.945 0.79 0.577471 0.0221872 0
0.95 0.79 0.568459 0.0238559 0
0.955 0.79 0.593916 0.0243782 0
0.96 0.8 0.603628 0.0253183 0
0.965 0.8 0.623636 0.0242175 0
0.97 0.805 0.632366 0.0223662 0
0.975 0.81 0.641642 0.0249541 0
0.98 0.815 0.639339 0.0224454 0
0.985 0.825 0.640048 0.0228823 0
0.99 0.83 0.644907 0.0214506 0
0.995 0.83 0.641861 0.0247738 0
1 0.83 0.649136 0.0240665 0
1.005 0.83 0.664653 0.0238928 0
1.01 0.83 0.660305 0.0226321 0
1.015 0.83 0.659216 0.0190417 0
1.02 0.835 0.66456 0.0228316 0
1.025 0.84 0.664291 0.0279717 0
1.03 0.84 0.670869 0.0222864 0
1.035 0.84 0.673658 0.0254116 0
1.04 0.84 0.680107 0.0218879 0
1.045 0.84 0.679497 0.0205235 0
1.05 0.855 0.667321 0.0211762 0
1.055 0.86 0.678595 0.021215 0
1.06 0.865 0.676371 0.0216091 0
1.065 0.87 0.679941 0.0198669 0
1.07 0.87 0.68014 0.0191738 0
1.075 0.87 0.685524 0.0170568 0
1.08 0.87 0.684227 0.0183016 0
1.085 0.87 0.726186 0.021715 0
1.09 0.87 0.726798 0.0225064 0
1.095 0.875 0.729612 0.0232431 0
1.1 0.875 0.773731 0.0198011 0
1.105 0.875 0.777993 0.0209201 0
1.11 0.875 0.779174 0.0187706 0
1.115 0.88 0.785091 0.0207015 0
1.12 0.88 0.786137 0.0177087 0
1.125 0.88 0.783372 0.0217291 0
1.13 0.885 0.787312 0.0200404 0
1.135 0.895 0.797321 0.0141183 0
1.14 0.895 0.799101 0.01827 0
1.145 0.895 0.808678 0.0176063 0
1.15 0.9 0.811997 0.0150473 0
1.155 0.9 0.818197 0.0182692 0
1.16 0.9 0.821624 0.0141788 0
1.165 0.9 0.821844 0.0180964 0
1.17 0.9 0.82149 0.017226 0
1.175 0.9 0.824488 0.0170615 0
1.18 0.9 0.824447 0.0143655 0
1.185 0.905 0.828433 0.0165005 0
1.19 0.905 0.829435 0.0200409 0
1.195 0.905 0.828502 0.0188045 0
1.2 0.905 0.829128 0.0179016 0
