# Node_nr = 300
# K <r> sigma_r(sig not of average! divide by sqrt(n))
0 0.00666667 0.0502292 0.0220897 0
0.00333333 0.00666667 0.0419831 0.0242401 0
0.00666667 0.00666667 0.0453236 0.0202383 0
0.01 0.00666667 0.0496632 0.0256905 0
0.0133333 0.00666667 0.0464489 0.0239198 0
0.0166667 0.00666667 0.0532342 0.0285036 0
0.02 0.00666667 0.0496319 0.0240966 0
0.0233333 0.00666667 0.0588139 0.0257981 0
0.0266667 0.00666667 0.0561961 0.0323909 0
0.03 0.00666667 0.0487596 0.0260564 0
0.0333333 0.01 0.0509844 0.0251529 0
0.0366667 0.01 0.0581266 0.025462 0
0.04 0.01 0.0594441 0.0287152 0
0.0433333 0.01 0.0446673 0.0230323 0
0.0466667 0.01 0.0516949 0.0268003 0
0.05 0.01 0.0524165 0.0235933 0
0.0533333 0.01 0.048004 0.0259276 0
0.0566667 0.01 0.0571477 0.0353295 0
0.06 0.01 0.0516903 0.0248142 0
0.0633333 0.01 0.0599789 0.0286742 0
0.0666667 0.01 0.0559533 0.0261985 0
0.07 0.01 0.0557328 0.0265411 0
0.0733333 0.01 0.0529937 0.0312625 0
0.0766667 0.01 0.051103 0.0320133 0
0.08 0.0166667 0.059734 0.0345939 0
0.0833333 0.0166667 0.0563277 0.0250475 0
0.0866667 0.0166667 0.0557642 0.0276129 0
0.09 0.0166667 0.0514484 0.0270458 0
0.0933333 0.0166667 0.0493687 0.02436 0
0.0966667 0.0166667 0.0562339 0.0274462 0
0.1 0.0166667 0.0649231 0.0271185 0
0.103333 0.0166667 0.0573978 0.0261545 0
0.106667 0.0166667 0.0599323 0.0297672 0
0.11 0.0166667 0.059591 0.0268213 0
0.113333 0.0166667 0.0586284 0.0308231 0
0.116667 0.0166667 0.0568762 0.0280833 0
0.12 0.0166667 0.0672963 0.0336438 0
0.123333 0.0166667 0.0629027 0.0325805 0
0.126667 0.0166667 0.0555187 0.0295909 0
0.13 0.0166667 0.0530698 0.0272921 0
0.133333 0.0166667 0.0559279 0.0285278 0
0.136667 0.0166667 0.0577318 0.0291272 0
0.14 0.0166667 0.0643575 0.0226094 0
0.143333 0.0166667 0.0698442 0.0304534 0
0.146667 0.0166667 0.0519087 0.0296753 0
0.15 0.0166667 0.0665266 0.0287279 0
0.153333 0.0166667 0.056464 0.0358005 0
0.156667 0.0166667 0.0674581 0.0287326 0
0.16 0.0166667 0.0679563 0.0333175 0
0.163333 0.0166667 0.0627242 0.033595 0
0.166667 0.0166667 0.0647455 0.0337782 0
0.17 0.0166667 0.0597084 0.0315671 0
0.173333 0.0166667 0.0558658 0.0314728 0
0.176667 0.0166667 0.0766871 0.0350726 0
0.18 0.0166667 0.0633605 0.0284971 0
0.183333 0.0166667 0.0585982 0.03167 0
0.186667 0.0166667 0.0652795 0.02938 0
0.19 0.0166667 0.058607 0.0324555 0
0.193333 0.0166667 0.0656297 0.035268 0
0.196667 0.0166667 0.0708712 0.0444907 0
0.2 0.0166667 0.0704752 0.0333783 0
0.203333 0.0166667 0.0644716 0.029839 0
0.206667 0.0166667 0.0574239 0.0277149 0
0.21 0.0166667 0.0645184 0.0390319 0
0.213333 0.0166667 0.0566457 0.0302281 0
0.216667 0.0166667 0.0736464 0.034652 0
0.22 0.0166667 0.0756157 0.0412872 0
0.223333 0.0166667 0.0608171 0.0343931 0
0.226667 0.0166667 0.0571762 0.0273204 0
0.23 0.02 0.0636372 0.0379305 0
0.233333 0.02 0.0669069 0.0296972 0
0.236667 0.02 0.0748948 0.0414246 0
0.24 0.02 0.0791609 0.0337062 0
0.243333 0.02 0.0788962 0.0342643 0
0.246667 0.02 0.0590852 0.0359417 0
0.25 0.02 0.0630637 0.028976 0
0.253333 0.02 0.0685218 0.0406598 0
0.256667 0.02 0.0728445 0.0386284 0
0.26 0.02 0.0568147 0.0276729 0
0.263333 0.02 0.0723104 0.0303357 0
0.266667 0.02 0.0699912 0.0407457 0
0.27 0.02 0.0698446 0.0268453 0
0.273333 0.02 0.0636522 0.0349054 0
0.276667 0.02 0.0826054 0.0442504 0
0.28 0.02 0.0711182 0.043658 0
0.283333 0.02 0.0789474 0.0395231 0
0.286667 0.02 0.0683562 0.0381186 0
0.29 0.02 0.0788333 0.0399691 0
0.293333 0.02 0.064361 0.031232 0
0.296667 0.02 0.0677311 0.0390311 0
0.3 0.0233333 0.069642 0.0350178 0
0.303333 0.0233333 0.0753867 0.0365032 0
0.306667 0.0233333 0.0727413 0.0397996 0
0.31 0.0233333 0.0804999 0.0458696 0
0.313333 0.0233333 0.0791912 0.0377609 0
0.316667 0.0233333 0.0741954 0.0360595 0
0.32 0.0233333 0.0850833 0.0434178 0
0.323333 0.0266667 0.0725931 0.0385184 0
0.326667 0.0266667 0.0625936 0.0287814 0
0.33 0.0266667 0.0715181 0.0324647 0
0.333333 0.0266667 0.0768561 0.0339565 0
0.336667 0.0333333 0.0754219 0.0378713 0
0.34 0.0333333 0.0727772 0.0375658 0
0.343333 0.0333333 0.0799274 0.0455658 0
0.346667 0.0333333 0.080222 0.0374717 0
0.35 0.0333333 0.0672206 0.0318018 0
0.353333 0.0333333 0.0828897 0.0367025 0
0.356667 0.0333333 0.0778266 0.0417863 0
0.36 0.0333333 0.0726282 0.0380473 0
0.363333 0.0333333 0.076629 0.0437054 0
0.366667 0.0333333 0.0807262 0.0471975 0
0.37 0.0333333 0.0900116 0.0506617 0
0.373333 0.05 0.107239 0.0573513 0
0.376667 0.05 0.118361 0.0398581 0
0.38 0.05 0.0995935 0.0481537 0
0.383333 0.05 0.108387 0.0487694 0
0.386667 0.05 0.0641832 0.0417909 0
0.39 0.05 0.0845077 0.0443043 0
0.393333 0.0533333 0.114903 0.0637557 0
0.396667 0.0533333 0.0897022 0.0390133 0
0.4 0.0533333 0.128349 0.0488575 0
0.403333 0.0533333 0.0696976 0.0301171 0
0.406667 0.0533333 0.0752767 0.0386722 0
0.41 0.0533333 0.0828223 0.0357435 0
0.413333 0.0533333 0.0929285 0.047145 0
0.416667 0.0533333 0.104377 0.0500911 0
0.42 0.0566667 0.121113 0.052089 0
0.423333 0.0733333 0.118292 0.0547995 0
0.426667 0.0733333 0.124029 0.0483636 0
0.43 0.0733333 0.128617 0.063038 0
0.433333 0.0766667 0.116992 0.059997 0
0.436667 0.0766667 0.107672 0.0654113 0
0.44 0.0766667 0.121903 0.0696047 0
0.443333 0.0766667 0.118136 0.048424 0
0.446667 0.0766667 0.118447 0.0558599 0
0.45 0.0766667 0.113201 0.0577994 0
0.453333 0.0766667 0.128127 0.0549653 0
0.456667 0.0766667 0.112012 0.0519593 0
0.46 0.0766667 0.127261 0.0661746 0
0.463333 0.08 0.162316 0.0521948 0
0.466667 0.0833333 0.115615 0.0426455 0
0.47 0.0833333 0.133463 0.0570502 0
0.473333 0.153333 0.205861 0.0554329 0
0.476667 0.153333 0.162568 0.073692 0
0.48 0.153333 0.173504 0.0704515 0
0.483333 0.156667 0.161883 0.0654245 0
0.486667 0.16 0.190278 0.0738099 0
0.49 0.23 0.229477 0.0512841 0
0.493333 0.243333 0.254357 0.0580755 0
0.496667 0.243333 0.242163 0.0611824 0
0.5 0.243333 0.27023 0.0469636 0
0.503333 0.243333 0.27469 0.0670846 0
0.506667 0.243333 0.267553 0.0622363 0
0.51 0.243333 0.233931 0.0607219 0
0.513333 0.246667 0.138715 0.0348824 0
0.516667 0.246667 0.240136 0.0567109 0
0.52 0.256667 0.169776 0.0655865 0
0.523333 0.256667 0.247698 0.0449658 0
0.526667 0.256667 0.155379 0.0497085 0
0.53 0.256667 0.29281 0.0458679 0
0.533333 0.256667 0.170227 0.0439263 0
0.536667 0.256667 0.29619 0.0402192 0
0.54 0.283333 0.175287 0.0572244 0
0.543333 0.283333 0.270152 0.0523441 0
0.546667 0.29 0.308649 0.0368679 0
0.55 0.29 0.213617 0.0743143 0
0.553333 0.29 0.180102 0.0639668 0
0.556667 0.29 0.194375 0.0673564 0
0.56 0.32 0.321006 0.0515707 0
0.563333 0.32 0.202245 0.0617824 0
0.566667 0.32 0.33475 0.0712579 0
0.57 0.32 0.329351 0.0453072 0
0.573333 0.32 0.242633 0.050498 0
0.576667 0.333333 0.229192 0.0797719 0
0.58 0.333333 0.334603 0.0265314 0
0.583333 0.37 0.380689 0.0500845 0
0.586667 0.37 0.384929 0.0450676 0
0.59 0.373333 0.371261 0.0545968 0
0.593333 0.386667 0.296535 0.0502672 0
0.596667 0.386667 0.384826 0.0396656 0
0.6 0.396667 0.291604 0.0438269 0
0.603333 0.396667 0.402138 0.0554004 0
0.606667 0.396667 0.403719 0.0631047 0
0.61 0.4 0.383892 0.0548968 0
0.613333 0.4 0.369062 0.0335263 0
0.616667 0.4 0.421627 0.0296607 0
0.62 0.4 0.398587 0.0525021 0
0.623333 0.406667 0.395747 0.0387204 0
0.626667 0.406667 0.291709 0.0345618 0
0.63 0.406667 0.418423 0.0438746 0
0.633333 0.406667 0.302558 0.0768892 0
0.636667 0.44 0.399167 0.0424224 0
0.64 0.44 0.397791 0.0535283 0
0.643333 0.44 0.322113 0.0629553 0
0.646667 0.443333 0.420512 0.0569712 0
0.65 0.443333 0.456526 0.0687274 0
0.653333 0.443333 0.32381 0.0440614 0
0.656667 0.446667 0.331967 0.0430682 0
0.66 0.456667 0.29732 0.0503517 0
0.663333 0.476667 0.180174 0.0535825 0
0.666667 0.476667 0.492908 0.0506024 0
0.67 0.476667 0.162829 0.059635 0
0.673333 0.476667 0.359624 0.0438411 0
0.676667 0.483333 0.33609 0.054408 0
0.68 0.483333 0.106793 0.035712 0
0.683333 0.483333 0.423591 0.0643539 0
0.686667 0.483333 0.15825 0.0522042 0
0.69 0.483333 0.427199 0.0523712 0
0.693333 0.51 0.496176 0.0378378 0
0.696667 0.51 0.0982494 0.0393786 0
0.7 0.51 0.190835 0.0515152 0
0.703333 0.513333 0.234715 0.0420225 0
0.706667 0.513333 0.148179 0.0332978 0
0.71 0.52 0.224734 0.0472517 0
0.713333 0.533333 0.198406 0.0562598 0
0.716667 0.553333 0.127785 0.0486909 0
0.72 0.553333 0.351961 0.0319278 0
0.723333 0.556667 0.496379 0.0439454 0
0.726667 0.56 0.0822576 0.0376952 0
0.73 0.57 0.530786 0.023577 0
0.733333 0.573333 0.371824 0.0276686 0
0.736667 0.573333 0.209955 0.0278506 0
0.74 0.573333 0.435543 0.0548557 0
0.743333 0.573333 0.494361 0.029125 0
0.746667 0.576667 0.280838 0.0370524 0
0.75 0.58 0.314204 0.0308526 0
0.753333 0.583333 0.398015 0.0349983 0
0.756667 0.583333 0.39617 0.0404957 0
0.76 0.583333 0.248695 0.0271541 0
0.763333 0.586667 0.35692 0.0368783 0
0.766667 0.586667 0.149157 0.0400793 0
0.77 0.59 0.0705539 0.0373337 0
0.773333 0.59 0.356955 0.0335579 0
0.776667 0.59 0.360306 0.0374145 0
0.78 0.596667 0.261626 0.0267919 0
0.783333 0.596667 0.437671 0.0425563 0
0.786667 0.596667 0.2813 0.0325659 0
0.79 0.596667 0.298492 0.0398686 0
0.793333 0.596667 0.563194 0.034752 0
0.796667 0.6 0.172996 0.0380284 0
0.8 0.6 0.442042 0.0363667 0
0.803333 0.603333 0.257915 0.0366565 0
0.806667 0.603333 0.322751 0.0320613 0
0.81 0.606667 0.38848 0.0327525 0
0.813333 0.606667 0.411728 0.0459303 0
0.816667 0.62 0.492162 0.0378807 0
0.82 0.623333 0.271498 0.0308721 0
0.823333 0.623333 0.492592 0.0334631 0
0.826667 0.626667 0.310344 0.0275828 0
0.83 0.626667 0.315054 0.0306215 0
0.833333 0.626667 0.0767077 0.0294152 0
0.836667 0.663333 0.379039 0.0328228 0
0.84 0.663333 0.650553 0.0398443 0
0.843333 0.663333 0.188738 0.0414752 0
0.846667 0.663333 0.484486 0.0411233 0
0.85 0.663333 0.508627 0.0292041 0
0.853333 0.663333 0.507576 0.0356607 0
0.856667 0.663333 0.468062 0.0416285 0
0.86 0.663333 0.321856 0.0384643 0
0.863333 0.663333 0.555489 0.0311338 0
0.866667 0.673333 0.391401 0.040407 0
0.87 0.676667 0.320243 0.0233407 0
0.873333 0.68 0.58971 0.0353158 0
0.876667 0.68 0.700215 0.0462349 0
0.88 0.68 0.462967 0.0315096 0
0.883333 0.68 0.29139 0.0386487 0
0.886667 0.683333 0.357306 0.0280275 0
0.89 0.683333 0.485258 0.0314895 0
0.893333 0.686667 0.535592 0.0299607 0
0.896667 0.686667 0.512663 0.0440118 0
0.9 0.686667 0.197259 0.0413064 0
0.903333 0.686667 0.419661 0.0265348 0
0.906667 0.686667 0.463943 0.0362482 0
0.91 0.686667 0.347923 0.0366276 0
0.913333 0.686667 0.306591 0.0284311 0
0.916667 0.69 0.214068 0.0367365 0
0.92 0.69 0.532559 0.0387005 0
0.923333 0.693333 0.539028 0.0405233 0
0.926667 0.693333 0.605369 0.0306574 0
0.93 0.693333 0.439111 0.0308604 0
0.933333 0.73 0.270917 0.0261085 0
0.936667 0.73 0.323751 0.0237228 0
0.94 0.73 0.381347 0.028426 0
0.943333 0.73 0.187723 0.0197163 0
0.946667 0.73 0.492785 0.0314273 0
0.95 0.73 0.577967 0.0210312 0
0.953333 0.73 0.545917 0.025409 0
0.956667 0.736667 0.377806 0.0264566 0
0.96 0.736667 0.441836 0.0310252 0
0.963333 0.743333 0.522434 0.022324 0
0.966667 0.743333 0.169074 0.0256729 0
0.97 0.743333 0.320376 0.0277648 0
0.973333 0.746667 0.66777 0.0281297 0
0.976667 0.753333 0.62663 0.0236023 0
0.98 0.756667 0.672166 0.0203155 0
0.983333 0.756667 0.441456 0.0289493 0
0.986667 0.756667 0.471073 0.023896 0
0.99 0.756667 0.634114 0.0248125 0
0.993333 0.756667 0.720197 0.0254833 0
0.996667 0.756667 0.402454 0.0229978 0
1 0.756667 0.721933 0.0274114 0
1.00333 0.756667 0.512588 0.0246957 0
1.00667 0.756667 0.421021 0.0255229 0
1.01 0.756667 0.752034 0.0263092 0
1.01333 0.756667 0.602469 0.0298159 0
1.01667 0.76 0.555156 0.0184321 0
1.02 0.766667 0.6676 0.0243216 0
1.02333 0.773333 0.148426 0.0260535 0
1.02667 0.773333 0.216868 0.0306043 0
1.03 0.773333 0.352357 0.0248532 0
1.03333 0.773333 0.724593 0.0274773 0
1.03667 0.773333 0.601365 0.0252158 0
1.04 0.773333 0.74107 0.0244775 0
1.04333 0.773333 0.116198 0.0247166 0
1.04667 0.773333 0.583233 0.0233982 0
1.05 0.78 0.71893 0.0195394 0
1.05333 0.78 0.647583 0.0210537 0
1.05667 0.783333 0.799339 0.0256642 0
1.06 0.786667 0.759147 0.0277356 0
1.06333 0.79 0.725977 0.0231745 0
1.06667 0.793333 0.671414 0.0191107 0
1.07 0.793333 0.554655 0.0185689 0
1.07333 0.793333 0.718601 0.0201902 0
1.07667 0.81 0.616692 0.0164542 0
1.08 0.81 0.633796 0.0210446 0
1.08333 0.81 0.385735 0.0246705 0
1.08667 0.813333 0.760971 0.0182227 0
1.09 0.813333 0.776426 0.0228006 0
1.09333 0.816667 0.716793 0.0174741 0
1.09667 0.816667 0.826806 0.0179239 0
1.1 0.83 0.557015 0.0165578 0
1.10333 0.836667 0.762478 0.0170047 0
1.10667 0.836667 0.824354 0.0215107 0
1.11 0.836667 0.853714 0.0130155 0
1.11333 0.836667 0.817834 0.0213785 0
1.11667 0.836667 0.397746 0.0191968 0
1.12 0.836667 0.819395 0.0165947 0
1.12333 0.836667 0.696506 0.015502 0
1.12667 0.836667 0.827462 0.0181202 0
1.13 0.836667 0.80805 0.0207529 0
1.13333 0.836667 0.719321 0.0168692 0
1.13667 0.836667 0.830885 0.017865 0
1.14 0.84 0.831436 0.0238431 0
1.14333 0.843333 0.833986 0.0214606 0
1.14667 0.843333 0.830771 0.018051 0
1.15 0.843333 0.764944 0.0163125 0
1.15333 0.846667 0.680319 0.0211569 0
1.15667 0.846667 0.835262 0.0188405 0
1.16 0.846667 0.778228 0.0240032 0
1.16333 0.85 0.857885 0.0177774 0
1.16667 0.85 0.696696 0.0184322 0
1.17 0.853333 0.817788 0.0176797 0
1.17333 0.853333 0.841656 0.0156358 0
1.17667 0.853333 0.764777 0.0201846 0
1.18 0.853333 0.860651 0.0194258 0
1.18333 0.853333 0.837148 0.0152755 0
1.18667 0.853333 0.830995 0.0206696 0
1.19 0.853333 0.821191 0.0148698 0
1.19333 0.853333 0.853748 0 0