See main file without _EDGELIST for data for netwk parameters.
16 10 0.07659 0
4 19 0 0.0340141
11 13 0 0
3 9 0 0
16 17 0.0247469 0
18 3 0 -0.022585
17 11 0.0119982 -0.00703365
19 3 0.00656075 0.0145664
10 9 0.0092027 0.0092027
11 18 0.00896207 0.00896207
6 17 0 0.00896254
5 12 0 0
15 5 0 -0.0606823
3 4 0.00354028 0.00354028
3 12 0.00354032 -0.0647722
17 14 -0.0110648 0
0 2 0 0
9 15 -0.00430409 -0.00430409
17 4 -0.00411726 -0.00411726
7 1 0 0
4 6 -0.00544496 -0.00544496
1 2 0.0270067 0.087814
12 16 -0.00531435 -0.00531435
2 6 0.0574104 -0.00496821
12 2 0.00895211 0.00895211
9 13 0.00629797 0.00629797
4 2 0.00984564 0.00984564
1 0 0.00819289 0.00819289
10 15 0.00803724 0.00803724
9 7 0.00847779 0.00847779
18 19 0.00847841 0.00847841
16 14 0.0084807 0.0084807
6 3 0.0084807 0.0084807
8 5 0 0.0084807
17 1 0.00846811 0.00846811
7 16 0.00846825 0.00846825
3 10 0.00846825 0.00846825
5 1 0.00846826 0.00846826
16 4 0.00846825 0.00846825
9 17 0.00846825 0.00846825
19 17 0.00846825 0.00846825
14 4 0.00846825 0.00846825
1 12 0.00846825 0.00846825
1 8 0.00846825 0.00846825
3 16 0.00846825 0.00846825
4 10 0.00846825 0.00846825
2 10 0.00846825 0.00846825
5 11 0.00846825 0.00846825
0 11 0.00846825 0.00846825
5 19 0.00846825 0.00846825
12 8 0.00846825 0.00846825
10 19 0.00846825 0.00846825
3 5 0.00846825 0.00846825
18 17 0.00846825 0.00846825
2 13 0.00846825 0.00846825
1 18 0.00846825 0.00846825
8 3 0.00846825 0.00846825
1 4 0.00846825 0.00846825
15 7 0.00846825 0.00846825
