# Node_nr = 100
# K <r> sigma_r(sig not of average! divide by sqrt(n))
0 0.02 0.088123 0.0529911 0
0.01 0.02 0.0739289 0.0440227 0
0.02 0.02 0.0864669 0.0408243 0
0.03 0.02 0.0923846 0.0511595 0
0.04 0.02 0.0955351 0.0548541 0
0.05 0.02 0.0834095 0.0429483 0
0.06 0.03 0.0822999 0.0391379 0
0.07 0.03 0.106819 0.0518161 0
0.08 0.03 0.0885029 0.05091 0
0.09 0.03 0.125479 0.0585465 0
0.1 0.03 0.114873 0.0611254 0
0.11 0.03 0.101157 0.0484473 0
0.12 0.03 0.107698 0.0493055 0
0.13 0.03 0.105819 0.0593013 0
0.14 0.03 0.0845287 0.0387257 0
0.15 0.04 0.121744 0.0628385 0
0.16 0.06 0.123726 0.0759111 0
0.17 0.06 0.109578 0.0584622 0
0.18 0.07 0.135401 0.0648188 0
0.19 0.07 0.157988 0.0595313 0
0.2 0.07 0.11186 0.0521764 0
0.21 0.07 0.114281 0.0616793 0
0.22 0.07 0.135688 0.0572769 0
0.23 0.07 0.142792 0.0712514 0
0.24 0.07 0.133925 0.0693797 0
0.25 0.07 0.141896 0.0583967 0
0.26 0.07 0.131215 0.0579019 0
0.27 0.07 0.131758 0.0674686 0
0.28 0.07 0.145069 0.07644 0
0.29 0.07 0.15136 0.0695545 0
0.3 0.07 0.134178 0.060466