# Relevant parameters to reproduce this network:
# node_nr=1000	 k_max=100
# initial_seed=1557414222	 delta_t=0.1	 max_steps=3000	 in_between=0
# fg_m=1	 fg_alpha=-1	 fg_t_min=0	 fg_t_max=1.2	 fg_t_number=1200	 fg_weff_lower_frequency=-1e+08	 fg_weff_max_steps=3000	 fg_weff_in_between=0
# K Giant_component <r> sigma_r*sqrt(NODE_NR) clustering
0 0.002 0.03471 0.0608948 0
0.001 0.002 0.0400379 0.0606218 0
0.002 0.002 0.0394737 0.061005 0
0.003 0.002 0.037812 0.0621115 0
0.004 0.002 0.0367937 0.0611863 0
0.005 0.002 0.0379482 0.0606137 0
0.006 0.002 0.0418308 0.0633618 0
0.007 0.002 0.0414288 0.0633336 0
0.008 0.002 0.0421062 0.0598634 0
0.009 0.002 0.0423542 0.0618946 0
0.01 0.002 0.0371568 0.0613698 0
0.011 0.002 0.0395228 0.0625683 0
0.012 0.002 0.0421499 0.0636417 0
0.013 0.002 0.0403271 0.0648437 0
0.014 0.002 0.0397624 0.0609121 0
0.015 0.002 0.0366528 0.0637349 0
0.016 0.002 0.0398512 0.0594441 0
0.017 0.002 0.0400899 0.0644165 0
0.018 0.002 0.0424454 0.0597028 0
0.019 0.002 0.0379311 0.0610898 0
0.02 0.002 0.0397411 0.0605834 0
0.021 0.002 0.0389848 0.0608524 0
0.022 0.002 0.0415935 0.0602762 0
0.023 0.002 0.0374103 0.0623699 0
0.024 0.002 0.0396429 0.0618276 0
0.025 0.002 0.0390712 0.061773 0
0.026 0.002 0.0392952 0.0601036 0
0.027 0.002 0.0406211 0.0630637 0
0.028 0.002 0.0392038 0.0611073 0
0.029 0.002 0.0384491 0.0596008 0
0.03 0.002 0.0394898 0.0616322 0
0.031 0.002 0.0382191 0.0616585 0
0.032 0.002 0.0357011 0.0625342 0
0.033 0.002 0.03846 0.0634361 0
0.034 0.002 0.0401365 0.0614162 0
0.035 0.003 0.0407354 0.0628346 0
0.036 0.003 0.0427689 0.0600795 0
0.037 0.003 0.0409302 0.0626135 0
0.038 0.003 0.0375227 0.0626944 0
0.039 0.004 0.039563 0.0580549 0
0.04 0.004 0.0356372 0.0602292 0
0.041 0.004 0.0391882 0.0646024 0
0.042 0.004 0.0399548 0.0629036 0
0.043 0.004 0.0393799 0.060618 0
0.044 0.004 0.04212 0.0602056 0
0.045 0.004 0.0424643 0.0629675 0
0.046 0.004 0.0381283 0.0611643 0
0.047 0.004 0.0393158 0.0599683 0
0.048 0.004 0.0387117 0.0624995 0
0.049 0.004 0.0383667 0.0617666 0
0.05 0.004 0.0398393 0.0636911 0
0.051 0.004 0.0373299 0.0623412 0
0.052 0.004 0.0390939 0.0624185 0
0.053 0.004 0.0385166 0.0635488 0
0.054 0.004 0.0377177 0.0602072 0
0.055 0.004 0.0408342 0.059394 0
0.056 0.004 0.0382548 0.0631602 0
0.057 0.004 0.0430231 0.0615601 0
0.058 0.004 0.0379957 0.0634452 0
0.059 0.004 0.040137 0.0606442 0
0.06 0.004 0.0381897 0.0624583 0
0.061 0.004 0.0354995 0.061967 0
0.062 0.004 0.0387809 0.0612091 0
0.063 0.004 0.0375393 0.0607075 0
0.064 0.004 0.0405146 0.0632689 0
0.065 0.004 0.0409445 0.063564 0
0.066 0.004 0.04266 0.0629134 0
0.067 0.004 0.0352886 0.0630965 0
0.068 0.004 0.0413143 0.0655017 0
0.069 0.004 0.038436 0.0624144 0
0.07 0.004 0.0364663 0.0643634 0
0.071 0.004 0.0411518 0.0624134 0
0.072 0.004 0.038422 0.0657185 0
0.073 0.004 0.0348512 0.0603096 0
0.074 0.004 0.0398906 0.0613878 0
0.075 0.004 0.0405056 0.0644621 0
0.076 0.004 0.0383206 0.0615557 0
0.077 0.004 0.0428242 0.0633321 0
0.078 0.004 0.0419307 0.0639321 0
0.079 0.004 0.041063 0.0628446 0
0.08 0.004 0.0391609 0.0631977 0
0.081 0.004 0.0374745 0.0630769 0
0.082 0.004 0.0400867 0.0598129 0
0.083 0.004 0.0403704 0.0648248 0
0.084 0.004 0.037093 0.0614764 0
0.085 0.004 0.0389274 0.065956 0
0.086 0.004 0.0425262 0.0670972 0
0.087 0.004 0.0420379 0.0653104 0
0.088 0.004 0.0391307 0.0649681 0
0.089 0.004 0.0433231 0.0629799 0
0.09 0.004 0.041955 0.0639123 0
0.091 0.004 0.0400011 0.0620033 0
0.092 0.004 0.0374509 0.0584536 0
0.093 0.004 0.040935 0.0643228 0
0.094 0.004 0.0427436 0.0635437 0
0.095 0.004 0.0388465 0.0623612 0
0.096 0.004 0.0423095 0.0612356 0
0.097 0.004 0.0407681 0.0634855 0
0.098 0.004 0.0430558 0.0625335 0
0.099 0.004 0.0449343 0.0630628 0
0.1 0.004 0.0387712 0.0610444 0
0.101 0.004 0.0437518 0.0640845 0
0.102 0.004 0.0396605 0.0633075 0
0.103 0.004 0.04514 0.0671559 0
0.104 0.004 0.0414172 0.0628892 0
0.105 0.004 0.0428659 0.0647163 0
0.106 0.004 0.0416807 0.0658578 0
0.107 0.004 0.0451371 0.0619242 0
0.108 0.004 0.0394493 0.061846 0
0.109 0.004 0.0412877 0.0644688 0
0.11 0.004 0.0381013 0.0630818 0
0.111 0.004 0.041693 0.0644039 0
0.112 0.004 0.0391204 0.0635267 0
0.113 0.004 0.0400777 0.0651039 0
0.114 0.004 0.0391734 0.0607577 0
0.115 0.004 0.0443746 0.0637961 0
0.116 0.004 0.0397926 0.0645163 0
0.117 0.004 0.0401289 0.0621916 0
0.118 0.004 0.0401 0.0642706 0
0.119 0.004 0.0399622 0.0617823 0
0.12 0.004 0.0376515 0.0629933 0
0.121 0.004 0.0403764 0.0616904 0
0.122 0.004 0.0429616 0.0633094 0
0.123 0.004 0.0413208 0.0621143 0
0.124 0.004 0.0414522 0.0606541 0
0.125 0.004 0.0382487 0.0648775 0
0.126 0.004 0.0431607 0.0633196 0
0.127 0.004 0.0394267 0.0615458 0
0.128 0.004 0.0452209 0.0650268 0
0.129 0.004 0.04128 0.0629931 0
0.13 0.004 0.042234 0.0634979 0
0.131 0.004 0.0444098 0.0665409 0
0.132 0.004 0.041644 0.0621274 0
0.133 0.004 0.0455373 0.0634981 0
0.134 0.004 0.0438923 0.0601323 0
0.135 0.005 0.0406905 0.0632354 0
0.136 0.005 0.0446549 0.0630894 0
0.137 0.005 0.0414042 0.0641158 0
0.138 0.005 0.0418076 0.062902 0
0.139 0.005 0.043688 0.0605356 0
0.14 0.005 0.04032 0.0624693 0
0.141 0.005 0.043842 0.0611388 0
0.142 0.005 0.0412999 0.0648097 0
0.143 0.005 0.0436186 0.0626896 0
0.144 0.005 0.0447507 0.0632689 0
0.145 0.005 0.0403159 0.0667991 0
0.146 0.005 0.0397623 0.063498 0
0.147 0.005 0.0436549 0.0623302 0
0.148 0.005 0.0448913 0.0659915 0
0.149 0.005 0.046155 0.0635917 0
0.15 0.005 0.0420236 0.0659136 0
0.151 0.005 0.0443714 0.0616521 0
0.152 0.005 0.0452159 0.0661728 0
0.153 0.005 0.0448864 0.0626557 0
0.154 0.005 0.044532 0.0677415 0
0.155 0.005 0.0443248 0.0668681 0
0.156 0.005 0.0436145 0.0658885 0
0.157 0.005 0.04367 0.0641133 0
0.158 0.006 0.044093 0.0629579 0
0.159 0.006 0.0435253 0.0631869 0
0.16 0.006 0.0422746 0.0657466 0
0.161 0.006 0.0469601 0.0632389 0
0.162 0.006 0.0443905 0.0648082 0
0.163 0.006 0.0431577 0.0637736 0
0.164 0.006 0.0454578 0.0653239 0
0.165 0.006 0.0442741 0.065582 0
0.166 0.006 0.0389588 0.0643505 0
0.167 0.006 0.0433078 0.0695561 0
0.168 0.006 0.046167 0.063677 0
0.169 0.007 0.0448874 0.0648619 0
0.17 0.007 0.0408519 0.0631908 0
0.171 0.007 0.0461039 0.0627895 0
0.172 0.007 0.0450022 0.0650502 0
0.173 0.007 0.049263 0.0669407 0
0.174 0.007 0.0416385 0.0637224 0
0.175 0.007 0.0495825 0.0671749 0
0.176 0.007 0.0438025 0.0673004 0
0.177 0.007 0.0462179 0.0668116 0
0.178 0.007 0.0461029 0.0643002 0
0.179 0.007 0.0460771 0.0651641 0
0.18 0.007 0.048486 0.0663443 0
0.181 0.007 0.0496705 0.0643669 0
0.182 0.007 0.0440894 0.0655233 0
0.183 0.007 0.0441632 0.0631639 0
0.184 0.007 0.0482234 0.0633875 0
0.185 0.007 0.0474037 0.0673716 0
0.186 0.007 0.0483565 0.06462 0
0.187 0.007 0.044787 0.0668844 0
0.188 0.007 0.0458029 0.0658381 0
0.189 0.007 0.0448274 0.0628669 0
0.19 0.007 0.0461336 0.066055 0
0.191 0.007 0.0474833 0.0648489 0
0.192 0.007 0.0428085 0.0637664 0
0.193 0.008 0.0491692 0.0695825 0
0.194 0.008 0.0419727 0.0625467 0
0.195 0.008 0.0416383 0.0633744 0
0.196 0.008 0.0442935 0.067102 0
0.197 0.008 0.0481169 0.0659864 0
0.198 0.008 0.0436141 0.066358 0
0.199 0.008 0.0439195 0.0659201 0
0.2 0.008 0.0405857 0.0709077 0
0.201 0.008 0.0463999 0.0621143 0
0.202 0.008 0.0462123 0.0695193 0
0.203 0.008 0.0460889 0.0669829 0
0.204 0.008 0.046439 0.0675442 0
0.205 0.008 0.04606 0.0656642 0
0.206 0.008 0.0430546 0.0651664 0
0.207 0.008 0.050969 0.0613787 0
0.208 0.008 0.0470131 0.0672288 0
0.209 0.008 0.0447619 0.0664729 0
0.21 0.008 0.0464943 0.0633635 0
0.211 0.008 0.0444898 0.0670878 0
0.212 0.008 0.0439201 0.06252 0
0.213 0.008 0.0439661 0.0707194 0
0.214 0.008 0.047207 0.0659394 0
0.215 0.008 0.0411 0.0686489 0
0.216 0.008 0.0438313 0.0694097 0
0.217 0.008 0.0438709 0.0684616 0
0.218 0.008 0.0476264 0.0671307 0
0.219 0.008 0.0478152 0.0672813 0
0.22 0.008 0.0446299 0.0686128 0
0.221 0.008 0.0474265 0.0669905 0
0.222 0.008 0.0465656 0.0662332 0
0.223 0.008 0.0435637 0.0658243 0
0.224 0.008 0.0462687 0.0647679 0
0.225 0.008 0.0478978 0.0672133 0
0.226 0.008 0.0414435 0.0642218 0
0.227 0.008 0.0455841 0.0667608 0
0.228 0.008 0.0504195 0.0692899 0
0.229 0.01 0.0419583 0.0665179 0
0.23 0.01 0.0443067 0.0636395 0
0.231 0.01 0.0490664 0.0664772 0
0.232 0.01 0.0480788 0.0658106 0
0.233 0.01 0.0462497 0.0658874 0
0.234 0.01 0.0526419 0.064111 0
0.235 0.01 0.0474674 0.0699952 0
0.236 0.01 0.0479162 0.062331 0
0.237 0.01 0.0460543 0.0675994 0
0.238 0.01 0.0407054 0.066461 0
0.239 0.01 0.0505957 0.063651 0
0.24 0.01 0.0479838 0.0675813 0
0.241 0.01 0.0454261 0.0692696 0
0.242 0.01 0.049163 0.0657824 0
0.243 0.01 0.0459948 0.069202 0
0.244 0.01 0.0499767 0.0656901 0
0.245 0.01 0.0498129 0.0707644 0
0.246 0.01 0.0434523 0.0686586 0
0.247 0.01 0.0424556 0.0713938 0
0.248 0.01 0.046638 0.0668448 0
0.249 0.01 0.0462992 0.0695665 0
0.25 0.01 0.0448237 0.0660389 0
0.251 0.01 0.0471488 0.0669162 0
0.252 0.01 0.0498217 0.0700783 0
0.253 0.01 0.0438571 0.0674208 0
0.254 0.01 0.0483178 0.0707603 0
0.255 0.01 0.0509379 0.0651887 0
0.256 0.01 0.0514961 0.0683147 0
0.257 0.01 0.0497807 0.0678998 0
0.258 0.01 0.0446797 0.0686528 0
0.259 0.01 0.0444885 0.0678676 0
0.26 0.01 0.053969 0.0689257 0
0.261 0.01 0.0516985 0.0665402 0
0.262 0.01 0.046677 0.0716895 0
0.263 0.01 0.0488742 0.064384 0
0.264 0.011 0.0523375 0.0713628 0
0.265 0.011 0.0519832 0.0701175 0
0.266 0.011 0.0431031 0.0694228 0
0.267 0.011 0.0510102 0.0646294 0
0.268 0.011 0.046523 0.0681259 0
0.269 0.011 0.0496699 0.0697172 0
0.27 0.011 0.0537055 0.0682249 0
0.271 0.011 0.0472626 0.0704897 0
0.272 0.011 0.0492108 0.0673174 0
0.273 0.011 0.0497214 0.0688677 0
0.274 0.011 0.0431974 0.0706901 0
0.275 0.011 0.0530687 0.0696608 0
0.276 0.011 0.0576783 0.0678883 0
0.277 0.011 0.0481697 0.0721858 0
0.278 0.011 0.0456551 0.0699868 0
0.279 0.011 0.0503767 0.0648435 0
0.28 0.011 0.0503263 0.073136 0
0.281 0.011 0.0467869 0.0686713 0
0.282 0.011 0.0475825 0.0705735 0
0.283 0.011 0.0526433 0.0737583 0
0.284 0.011 0.0535206 0.0741539 0
0.285 0.011 0.0496097 0.0691046 0
0.286 0.011 0.052182 0.0699415 0
0.287 0.011 0.0503921 0.0715681 0
0.288 0.011 0.0483602 0.0661414 0
0.289 0.011 0.0491047 0.0658915 0
0.29 0.011 0.0530414 0.0719117 0
0.291 0.011 0.0447676 0.0664266 0
0.292 0.011 0.0466803 0.0699839 0
0.293 0.011 0.0563442 0.0700807 0
0.294 0.011 0.0504262 0.068406 0
0.295 0.011 0.0472618 0.0696778 0
0.296 0.011 0.0466021 0.0698496 0
0.297 0.011 0.056759 0.0690529 0
0.298 0.011 0.0505956 0.0756168 0
0.299 0.011 0.0522601 0.0697832 0
0.3 0.011 0.0473365 0.0709638 0
0.301 0.012 0.0472604 0.0716282 0
0.302 0.012 0.0530232 0.072622 0
0.303 0.012 0.0542068 0.0686841 0
0.304 0.012 0.0526561 0.0700841 0
0.305 0.012 0.0528174 0.0702724 0
0.306 0.012 0.0519126 0.0738342 0
0.307 0.012 0.0483581 0.0703934 0
0.308 0.012 0.0480339 0.0693376 0
0.309 0.012 0.0507504 0.0698373 0
0.31 0.012 0.0469036 0.0674146 0
0.311 0.012 0.053383 0.0691385 0
0.312 0.012 0.0533927 0.0713265 0
0.313 0.012 0.0510101 0.0715196 0
0.314 0.012 0.0535114 0.0713715 0
0.315 0.012 0.0534251 0.0701614 0
0.316 0.012 0.0518629 0.0673742 0
0.317 0.012 0.056727 0.0705411 0
0.318 0.012 0.0542886 0.0699509 0
0.319 0.012 0.0548382 0.0733516 0
0.32 0.012 0.0564914 0.067187 0
0.321 0.012 0.0542013 0.0734057 0
0.322 0.012 0.0486296 0.0687228 0
0.323 0.012 0.0536759 0.0727181 0
0.324 0.012 0.0579 0.0702532 0
0.325 0.012 0.052574 0.0729792 0
0.326 0.012 0.0577556 0.0701371 0
0.327 0.012 0.0562547 0.070341 0
0.328 0.012 0.0530734 0.0667743 0
0.329 0.012 0.0586362 0.0711298 0
0.33 0.013 0.0604037 0.0741742 0
0.331 0.019 0.0612034 0.0706693 0
0.332 0.019 0.0647416 0.0729254 0
0.333 0.019 0.0587958 0.0697966 0
0.334 0.019 0.0614765 0.0729883 0
0.335 0.019 0.0639026 0.072941 0
0.336 0.019 0.0604319 0.0729022 0
0.337 0.019 0.0618143 0.0661892 0
0.338 0.019 0.0607092 0.0754389 0
0.339 0.019 0.0572064 0.0679053 0
0.34 0.02 0.054565 0.0722445 0
0.341 0.02 0.0564292 0.0718739 0
0.342 0.02 0.0529728 0.0745691 0
0.343 0.02 0.0579462 0.0726755 0
0.344 0.02 0.0584615 0.0727131 0
0.345 0.02 0.0669592 0.0702568 0
0.346 0.02 0.0564533 0.0690036 0
0.347 0.02 0.0673594 0.0702284 0
0.348 0.02 0.0557518 0.0777551 0
0.349 0.02 0.0565253 0.0729861 0
0.35 0.02 0.0676064 0.0712954 0
0.351 0.02 0.0609328 0.0712469 0
0.352 0.02 0.0583792 0.0735677 0
0.353 0.02 0.0675272 0.0709895 0
0.354 0.02 0.0606622 0.0722021 0
0.355 0.02 0.061325 0.0721884 0
0.356 0.02 0.0651106 0.0751472 0
0.357 0.02 0.0634102 0.0752101 0
0.358 0.02 0.055668 0.0704439 0
0.359 0.02 0.0638387 0.0753662 0
0.36 0.02 0.0590421 0.0738501 0
0.361 0.02 0.0610871 0.0716908 0
0.362 0.02 0.0714827 0.0737909 0
0.363 0.02 0.0606877 0.0698409 0
0.364 0.02 0.0539607 0.0703511 0
0.365 0.02 0.0652926 0.0750224 0
0.366 0.02 0.0620651 0.0797667 0
0.367 0.02 0.0618023 0.0747978 0
0.368 0.02 0.0684832 0.0701959 0
0.369 0.02 0.0590473 0.0773287 0
0.37 0.02 0.0643669 0.0734864 0
0.371 0.02 0.0618748 0.0742402 0
0.372 0.02 0.0692486 0.0754114 0
0.373 0.02 0.0595366 0.0730555 0
0.374 0.02 0.068734 0.0740712 0
0.375 0.02 0.0599639 0.0712164 0
0.376 0.02 0.0722566 0.0725062 0
0.377 0.02 0.0649335 0.0762571 0
0.378 0.02 0.0727545 0.0740849 0
0.379 0.02 0.067115 0.0727718 0
0.38 0.02 0.0720637 0.0745541 0
0.381 0.02 0.0647756 0.0770747 0
0.382 0.02 0.0694579 0.0747543 0
0.383 0.02 0.0566999 0.0750943 0
0.384 0.021 0.0646922 0.0737568 0
0.385 0.021 0.0684714 0.0805203 0
0.386 0.021 0.0643278 0.0740335 0
0.387 0.021 0.061764 0.0755135 0
0.388 0.021 0.0647262 0.0744194 0
0.389 0.021 0.0689069 0.0755522 0
0.39 0.021 0.0620532 0.0753271 0
0.391 0.021 0.0577796 0.0736398 0
0.392 0.021 0.0701915 0.0735649 0
0.393 0.021 0.0655435 0.0758113 0
0.394 0.021 0.0693798 0.0725808 0
0.395 0.021 0.0615317 0.0781465 0
0.396 0.021 0.0615435 0.0761674 0
0.397 0.021 0.0641953 0.0813524 0
0.398 0.021 0.0612249 0.072267 0
0.399 0.021 0.0654551 0.0802849 0
0.4 0.021 0.0629193 0.0765261 0
0.401 0.021 0.061391 0.0760851 0
0.402 0.021 0.0610701 0.0769187 0
0.403 0.021 0.0604344 0.0818733 0
0.404 0.021 0.0610092 0.0778366 0
0.405 0.021 0.0574423 0.079311 0
0.406 0.021 0.0582991 0.0747464 0
0.407 0.024 0.06401 0.0829761 0
0.408 0.024 0.0558334 0.0794665 0
0.409 0.024 0.0639433 0.0794688 0
0.41 0.024 0.06715 0.0799832 0
0.411 0.024 0.0602336 0.0841438 0
0.412 0.032 0.0660512 0.080648 0
0.413 0.036 0.0677406 0.0795761 0
0.414 0.036 0.0657348 0.0787465 0
0.415 0.036 0.0617117 0.0786556 0
0.416 0.036 0.0684314 0.0797811 0
0.417 0.036 0.0648721 0.0785083 0
0.418 0.036 0.0633733 0.0797969 0
0.419 0.036 0.0592575 0.079845 0
0.42 0.036 0.0632232 0.0745113 0
0.421 0.036 0.0635508 0.0790413 0
0.422 0.036 0.0568734 0.0825444 0
0.423 0.036 0.0566481 0.0830242 0
0.424 0.036 0.0574953 0.0770679 0
0.425 0.036 0.0624151 0.084497 0
0.426 0.036 0.0570136 0.0814303 0
0.427 0.036 0.058747 0.0813826 0
0.428 0.036 0.0664728 0.0763756 0
0.429 0.036 0.0608892 0.0802646 0
0.43 0.036 0.0588521 0.0769465 0
0.431 0.036 0.06442 0.0775996 0
0.432 0.036 0.0685543 0.0788759 0
0.433 0.036 0.0616906 0.0832946 0
0.434 0.036 0.059519 0.0836826 0
0.435 0.036 0.0548829 0.0723753 0
0.436 0.039 0.067938 0.0779047 0
0.437 0.041 0.0683916 0.0803452 0
0.438 0.041 0.063141 0.0775442 0
0.439 0.041 0.0648397 0.0816347 0
0.44 0.041 0.0673145 0.0813992 0
0.441 0.041 0.0699295 0.0764801 0
0.442 0.041 0.0701282 0.0816077 0
0.443 0.041 0.0666213 0.0804044 0
0.444 0.041 0.0670417 0.0758626 0
0.445 0.041 0.0685024 0.0800141 0
0.446 0.041 0.0706136 0.0796016 0
0.447 0.041 0.0771415 0.0801055 0
0.448 0.041 0.0756629 0.0824198 0
0.449 0.041 0.0742546 0.0811352 0
0.45 0.041 0.0713541 0.0817676 0
0.451 0.041 0.0737798 0.0824257 0
0.452 0.041 0.0717172 0.0814308 0
0.453 0.041 0.0753051 0.0834091 0
0.454 0.041 0.0880129 0.0800847 0
0.455 0.041 0.0847985 0.0807921 0
0.456 0.041 0.0893458 0.0825593 0
0.457 0.041 0.0893603 0.079488 0
0.458 0.041 0.085008 0.0833215 0
0.459 0.041 0.0887251 0.081469 0
0.46 0.041 0.0876824 0.0763702 0
0.461 0.041 0.0903248 0.0803012 0
0.462 0.041 0.0881075 0.0821276 0
0.463 0.041 0.0970596 0.0792307 0
0.464 0.041 0.0904831 0.0761826 0
0.465 0.041 0.0901006 0.0783172 0
0.466 0.041 0.0885682 0.0822276 0
0.467 0.041 0.0947191 0.0790334 0
0.468 0.041 0.0869644 0.0802116 0
0.469 0.041 0.0950952 0.0796265 0
0.47 0.041 0.0955542 0.0838256 0
0.471 0.041 0.0922599 0.0815098 0
0.472 0.041 0.0984472 0.0840913 0
0.473 0.041 0.0966527 0.0826238 0
0.474 0.041 0.0848947 0.0770765 0
0.475 0.041 0.0935165 0.0803055 0
0.476 0.065 0.0770576 0.0846019 0
0.477 0.065 0.0751053 0.0816806 0
0.478 0.065 0.0766637 0.0819675 0
0.479 0.066 0.0738874 0.0820055 0
0.48 0.067 0.0712042 0.081636 0
0.481 0.07 0.0776836 0.0807886 0
0.482 0.07 0.0679953 0.0818027 0
0.483 0.07 0.0837207 0.085066 0
0.484 0.07 0.0734646 0.0841338 0
0.485 0.07 0.075378 0.0807956 0
0.486 0.07 0.0749613 0.0832382 0
0.487 0.07 0.0810483 0.07834 0
0.488 0.07 0.076264 0.0859301 0
0.489 0.07 0.0757939 0.0803878 0
0.49 0.07 0.0675665 0.0845531 0
0.491 0.07 0.0834088 0.0806468 0
0.492 0.07 0.0674612 0.0793163 0
0.493 0.07 0.0829269 0.0809414 0
0.494 0.07 0.0762766 0.0775207 0
0.495 0.07 0.0764112 0.084188 0
0.496 0.07 0.0672775 0.0855906 0
0.497 0.07 0.0699947 0.0820538 0
0.498 0.07 0.0748269 0.0812862 0
0.499 0.07 0.0729441 0.0856939 0
0.5 0.071 0.0712454 0.0802595 0
0.501 0.071 0.0865272 0.0829081 0
0.502 0.071 0.0872232 0.0837007 0
0.503 0.075 0.0750847 0.0877584 0
0.504 0.075 0.0681794 0.0872519 0
0.505 0.076 0.071693 0.0887756 0
0.506 0.076 0.0676786 0.0798309 0
0.507 0.076 0.0721193 0.092403 0
0.508 0.076 0.0664107 0.0869882 0
0.509 0.076 0.0693216 0.0869061 0
0.51 0.076 0.0671962 0.0833685 0
0.511 0.076 0.0747096 0.0898628 0
0.512 0.076 0.0733388 0.0832451 0
0.513 0.076 0.0710132 0.0914915 0
0.514 0.114 0.0760336 0.0846737 0
0.515 0.114 0.071213 0.0867492 0
0.516 0.114 0.0704725 0.0791569 0
0.517 0.114 0.0672781 0.0814133 0
0.518 0.114 0.084829 0.085285 0
0.519 0.114 0.0819178 0.0846591 0
0.52 0.114 0.079005 0.0838837 0
0.521 0.114 0.0824783 0.0815938 0
0.522 0.114 0.0844654 0.0811985 0
0.523 0.195 0.0738789 0.0876119 0
0.524 0.195 0.0723464 0.0883481 0
0.525 0.196 0.0735698 0.0829414 0
0.526 0.196 0.0728575 0.0879261 0
0.527 0.246 0.0710558 0.0887455 0
0.528 0.246 0.0763063 0.085696 0
0.529 0.246 0.0817948 0.0875594 0
0.53 0.247 0.0873145 0.0847843 0
0.531 0.247 0.0871322 0.0907941 0
0.532 0.248 0.0886009 0.0850098 0
0.533 0.248 0.0890406 0.0889739 0
0.534 0.249 0.0892641 0.0856681 0
0.535 0.25 0.0781982 0.0795899 0
0.536 0.25 0.0804553 0.0811385 0
0.537 0.25 0.0770736 0.0833992 0
0.538 0.25 0.0847697 0.0823181 0
0.539 0.25 0.084412 0.0898378 0
0.54 0.26 0.0927464 0.0821693 0
0.541 0.26 0.096345 0.0865876 0
0.542 0.26 0.0865236 0.0846613 0
0.543 0.26 0.0889489 0.0904004 0
0.544 0.26 0.0861232 0.0838071 0
0.545 0.263 0.0963679 0.0963417 0
0.546 0.263 0.0952054 0.0862045 0
0.547 0.263 0.0977521 0.0924562 0
0.548 0.263 0.0889437 0.0835924 0
0.549 0.278 0.10058 0.0820612 0
0.55 0.278 0.0978873 0.0872536 0
0.551 0.278 0.106905 0.0837456 0
0.552 0.278 0.10155 0.0850074 0
0.553 0.278 0.104901 0.0900875 0
0.554 0.278 0.105381 0.0872589 0
0.555 0.278 0.108066 0.0863554 0
0.556 0.282 0.105676 0.0839151 0
0.557 0.283 0.108661 0.0897815 0
0.558 0.283 0.110339 0.0891944 0
0.559 0.288 0.12153 0.0863327 0
0.56 0.288 0.111704 0.0943067 0
0.561 0.288 0.116736 0.0857697 0
0.562 0.288 0.110618 0.0897165 0
0.563 0.288 0.11708 0.090891 0
0.564 0.288 0.115014 0.0905831 0
0.565 0.288 0.111925 0.0839283 0
0.566 0.288 0.104142 0.0930225 0
0.567 0.29 0.117134 0.0906236 0
0.568 0.29 0.109476 0.0860609 0
0.569 0.29 0.112443 0.0832619 0
0.57 0.29 0.113607 0.0855614 0
0.571 0.29 0.114451 0.084952 0
0.572 0.29 0.109427 0.0864291 0
0.573 0.291 0.11368 0.0832749 0
0.574 0.291 0.113803 0.0865577 0
0.575 0.291 0.111214 0.0856155 0
0.576 0.292 0.112528 0.084969 0
0.577 0.292 0.113858 0.0842619 0
0.578 0.292 0.110814 0.0866649 0
0.579 0.296 0.120609 0.0876732 0
0.58 0.296 0.113669 0.0863663 0
0.581 0.296 0.114304 0.0876631 0
0.582 0.296 0.121307 0.0853617 0
0.583 0.297 0.121484 0.0820882 0
0.584 0.313 0.11135 0.0932945 0
0.585 0.313 0.11313 0.0919155 0
0.586 0.314 0.112863 0.0808065 0
0.587 0.314 0.122399 0.0860606 0
0.588 0.314 0.11669 0.0864998 0
0.589 0.317 0.126638 0.0839493 0
0.59 0.317 0.108945 0.0904407 0
0.591 0.319 0.109083 0.0893705 0
0.592 0.33 0.12896 0.0866394 0
0.593 0.33 0.131757 0.0958287 0
0.594 0.33 0.135047 0.0899573 0
0.595 0.33 0.133915 0.0845557 0
0.596 0.338 0.123421 0.0853875 0
0.597 0.341 0.121897 0.08664 0
0.598 0.341 0.13126 0.0874283 0
0.599 0.345 0.116643 0.0842994 0
0.6 0.346 0.1194 0.0925235 0
0.601 0.347 0.117443 0.0865038 0
0.602 0.347 0.120271 0.0904001 0
0.603 0.351 0.118678 0.0933615 0
0.604 0.351 0.116845 0.097189 0
0.605 0.353 0.127114 0.0853276 0
0.606 0.353 0.129685 0.0908971 0
0.607 0.357 0.127689 0.0925075 0
0.608 0.368 0.137187 0.0924133 0
0.609 0.37 0.133053 0.0913936 0
0.61 0.371 0.130486 0.0895794 0
0.611 0.371 0.125976 0.0898431 0
0.612 0.371 0.13891 0.0914899 0
0.613 0.372 0.116343 0.0963543 0
0.614 0.372 0.122838 0.101245 0
0.615 0.372 0.111715 0.0932294 0
0.616 0.373 0.112131 0.0913735 0
0.617 0.373 0.10941 0.0907526 0
0.618 0.373 0.107056 0.0880192 0
0.619 0.373 0.109278 0.0911773 0
0.62 0.373 0.120636 0.0824134 0
0.621 0.373 0.115871 0.088396 0
0.622 0.373 0.105353 0.0934156 0
0.623 0.373 0.102487 0.0849501 0
0.624 0.374 0.107953 0.0950386 0
0.625 0.374 0.105775 0.0941532 0
0.626 0.375 0.109393 0.0956355 0
0.627 0.375 0.106101 0.0926169 0
0.628 0.375 0.107308 0.091523 0
0.629 0.38 0.109127 0.096676 0
0.63 0.38 0.114087 0.103696 0
0.631 0.38 0.109315 0.0959381 0
0.632 0.382 0.106413 0.103748 0
0.633 0.382 0.0879919 0.100905 0
0.634 0.382 0.0924285 0.10363 0
0.635 0.385 0.0845182 0.0967502 0
0.636 0.385 0.0948146 0.105774 0
0.637 0.385 0.0874634 0.0999596 0
0.638 0.388 0.091268 0.106591 0
0.639 0.388 0.0822115 0.105638 0
0.64 0.39 0.0796645 0.102594 0
0.641 0.39 0.0738769 0.0978773 0
0.642 0.392 0.081135 0.098631 0
0.643 0.393 0.0778617 0.10539 0
0.644 0.393 0.0800885 0.105897 0
0.645 0.393 0.0781662 0.100184 0
0.646 0.401 0.0771532 0.105528 0
0.647 0.401 0.0738648 0.102037 0
0.648 0.41 0.0797502 0.106963 0
0.649 0.41 0.0763397 0.100268 0
0.65 0.411 0.0772487 0.101263 0
0.651 0.414 0.0786858 0.107323 0
0.652 0.414 0.103994 0.102857 0
0.653 0.415 0.0996064 0.0973547 0
0.654 0.416 0.0983718 0.101898 0
0.655 0.417 0.105288 0.0951034 0
0.656 0.417 0.103838 0.0994405 0
0.657 0.417 0.103087 0.097817 0
0.658 0.417 0.106992 0.0969338 0
0.659 0.421 0.082441 0.100518 0
0.66 0.422 0.0999129 0.104375 0
0.661 0.422 0.0918991 0.0943044 0
0.662 0.422 0.0834388 0.102894 0
0.663 0.423 0.0904028 0.101093 0
0.664 0.423 0.0944788 0.104664 0
0.665 0.431 0.0910919 0.0980181 0
0.666 0.432 0.0947094 0.105101 0
0.667 0.433 0.0837912 0.10056 0
0.668 0.454 0.0933716 0.104721 0
0.669 0.479 0.100408 0.102515 0
0.67 0.48 0.0957882 0.10451 0
0.671 0.48 0.0992021 0.109317 0
0.672 0.482 0.0959954 0.106757 0
0.673 0.483 0.0978145 0.0988459 0
0.674 0.486 0.0911687 0.107696 0
0.675 0.5 0.0960571 0.104386 0
0.676 0.5 0.1027 0.106576 0
0.677 0.5 0.115202 0.0969166 0
0.678 0.5 0.11469 0.103483 0
0.679 0.505 0.102613 0.108413 0
0.68 0.505 0.0999936 0.101745 0
0.681 0.505 0.10155 0.105117 0
0.682 0.505 0.0976201 0.108712 0
0.683 0.506 0.101254 0.104095 0
0.684 0.506 0.100775 0.103537 0
0.685 0.508 0.111236 0.104882 0
0.686 0.521 0.109945 0.100658 0
0.687 0.524 0.10333 0.112419 0
0.688 0.525 0.102561 0.11061 0
0.689 0.526 0.103188 0.102846 0
0.69 0.526 0.1174 0.11714 0
0.691 0.527 0.108846 0.115445 0
0.692 0.528 0.109582 0.105135 0
0.693 0.528 0.115214 0.109573 0
0.694 0.528 0.11073 0.109725 0
0.695 0.528 0.142846 0.103627 0
0.696 0.529 0.149386 0.102702 0
0.697 0.53 0.155186 0.104954 0
0.698 0.53 0.148768 0.105388 0
0.699 0.531 0.14895 0.104238 0
0.7 0.533 0.172625 0.0994843 0
0.701 0.534 0.1851 0.0927821 0
0.702 0.535 0.184097 0.0972732 0
0.703 0.535 0.175838 0.0932038 0
0.704 0.536 0.173904 0.0940306 0
0.705 0.536 0.189422 0.0968072 0
0.706 0.536 0.188605 0.0900707 0
0.707 0.539 0.185463 0.0909626 0
0.708 0.539 0.194367 0.0871226 0
0.709 0.539 0.198638 0.0872268 0
0.71 0.539 0.197158 0.0846991 0
0.711 0.54 0.196874 0.0874266 0
0.712 0.542 0.198789 0.0838077 0
0.713 0.542 0.218709 0.0864946 0
0.714 0.543 0.215512 0.0840012 0
0.715 0.543 0.215577 0.0859959 0
0.716 0.543 0.215491 0.081386 0
0.717 0.549 0.214881 0.0901055 0
0.718 0.549 0.214329 0.0856555 0
0.719 0.55 0.221077 0.0845029 0
0.72 0.551 0.209658 0.0967059 0
0.721 0.556 0.208324 0.0912501 0
0.722 0.556 0.212703 0.0893221 0
0.723 0.556 0.208965 0.0903899 0
0.724 0.558 0.208779 0.091289 0
0.725 0.558 0.215795 0.0886934 0
0.726 0.56 0.211532 0.0886769 0
0.727 0.56 0.210894 0.0882824 0
0.728 0.561 0.207577 0.0906539 0
0.729 0.561 0.212369 0.0876977 0
0.73 0.562 0.209766 0.0859903 0
0.731 0.563 0.204305 0.0923242 0
0.732 0.565 0.206721 0.0912713 0
0.733 0.565 0.208181 0.0891156 0
0.734 0.565 0.206949 0.0892921 0
0.735 0.572 0.213251 0.0898548 0
0.736 0.572 0.216486 0.0942031 0
0.737 0.573 0.214931 0.0876643 0
0.738 0.574 0.219919 0.0913161 0
0.739 0.576 0.218118 0.095422 0
0.74 0.589 0.205427 0.0966676 0
0.741 0.591 0.214672 0.0950903 0
0.742 0.591 0.211976 0.0978243 0
0.743 0.591 0.212678 0.099049 0
0.744 0.591 0.191173 0.0980918 0
0.745 0.591 0.188663 0.0989148 0
0.746 0.592 0.178498 0.101903 0
0.747 0.592 0.18064 0.0981763 0
0.748 0.592 0.179633 0.098162 0
0.749 0.596 0.181736 0.101176 0
0.75 0.596 0.176916 0.101114 0
0.751 0.601 0.173842 0.103059 0
0.752 0.602 0.167844 0.104199 0
0.753 0.603 0.164936 0.102802 0
0.754 0.603 0.161056 0.100124 0
0.755 0.603 0.178196 0.100282 0
0.756 0.605 0.184016 0.0998125 0
0.757 0.606 0.182052 0.0982654 0
0.758 0.606 0.183183 0.0983495 0
0.759 0.606 0.202304 0.0963841 0
0.76 0.607 0.203949 0.0917023 0
0.761 0.607 0.222618 0.0936058 0
0.762 0.608 0.220299 0.0933898 0
0.763 0.608 0.217261 0.0944385 0
0.764 0.609 0.213487 0.0935274 0
0.765 0.609 0.212954 0.0947662 0
0.766 0.611 0.211832 0.0908241 0
0.767 0.612 0.215482 0.0957339 0
0.768 0.613 0.21297 0.0932805 0
0.769 0.618 0.21898 0.0907807 0
0.77 0.618 0.220617 0.0961067 0
0.771 0.618 0.225842 0.0914416 0
0.772 0.62 0.22644 0.0927442 0
0.773 0.621 0.232751 0.0944751 0
0.774 0.621 0.235483 0.0874767 0
0.775 0.622 0.256199 0.0867422 0
0.776 0.622 0.247769 0.0820314 0
0.777 0.622 0.237499 0.084696 0
0.778 0.629 0.217816 0.0943057 0
0.779 0.63 0.222018 0.0996831 0
0.78 0.632 0.227648 0.0928485 0
0.781 0.632 0.221626 0.0961702 0
0.782 0.632 0.221657 0.0995279 0
0.783 0.634 0.205916 0.0965265 0
0.784 0.634 0.219648 0.105881 0
0.785 0.634 0.228707 0.0952504 0
0.786 0.634 0.22993 0.099273 0
0.787 0.634 0.232436 0.100055 0
0.788 0.634 0.234779 0.0977695 0
0.789 0.636 0.2309 0.0985103 0
0.79 0.636 0.234156 0.102885 0
0.791 0.638 0.227757 0.0974927 0
0.792 0.638 0.226359 0.0997293 0
0.793 0.638 0.227527 0.0996302 0
0.794 0.639 0.205185 0.108171 0
0.795 0.639 0.208245 0.108258 0
0.796 0.642 0.202687 0.110908 0
0.797 0.644 0.203364 0.106987 0
0.798 0.644 0.204659 0.107566 0
0.799 0.645 0.205242 0.101711 0
0.8 0.645 0.202171 0.105331 0
0.801 0.645 0.233292 0.095144 0
0.802 0.645 0.233183 0.0993847 0
0.803 0.645 0.243732 0.0888921 0
0.804 0.649 0.23906 0.0911563 0
0.805 0.65 0.239841 0.0933799 0
0.806 0.65 0.239324 0.0903965 0
0.807 0.651 0.240025 0.0941585 0
0.808 0.653 0.239048 0.0952153 0
0.809 0.654 0.235028 0.0970638 0
0.81 0.654 0.235138 0.094351 0
0.811 0.655 0.241893 0.0920726 0
0.812 0.655 0.253917 0.0888811 0
0.813 0.659 0.255262 0.0933754 0
0.814 0.659 0.259017 0.0917974 0
0.815 0.659 0.258361 0.0923971 0
0.816 0.659 0.259112 0.0894483 0
0.817 0.671 0.27341 0.085315 0
0.818 0.671 0.27819 0.0893771 0
0.819 0.672 0.27737 0.0910171 0
0.82 0.674 0.278846 0.0917817 0
0.821 0.674 0.297758 0.0838627 0
0.822 0.674 0.299873 0.0779073 0
0.823 0.674 0.313167 0.0741278 0
0.824 0.675 0.316467 0.0651589 0
0.825 0.676 0.312862 0.0730624 0
0.826 0.676 0.312668 0.0705765 0
0.827 0.676 0.314962 0.073668 0
0.828 0.677 0.314908 0.0704308 0
0.829 0.678 0.317086 0.0725322 0
0.83 0.679 0.321562 0.0716965 0
0.831 0.679 0.321724 0.0775917 0
0.832 0.68 0.314009 0.0781844 0
0.833 0.684 0.321313 0.0776154 0
0.834 0.686 0.320589 0.0804957 0
0.835 0.687 0.320587 0.0800049 0
0.836 0.687 0.325903 0.0781251 0
0.837 0.687 0.320839 0.0813114 0
0.838 0.687 0.329519 0.0746694 0
0.839 0.688 0.330224 0.0792506 0
0.84 0.688 0.335539 0.0719244 0
0.841 0.688 0.332818 0.0751317 0
0.842 0.688 0.345486 0.0738938 0
0.843 0.688 0.341779 0.0721246 0
0.844 0.688 0.345228 0.0717645 0
0.845 0.688 0.349703 0.0721734 0
0.846 0.688 0.354534 0.0702181 0
0.847 0.688 0.361067 0.0685142 0
0.848 0.689 0.367611 0.068606 0
0.849 0.689 0.363254 0.069163 0
0.85 0.69 0.369216 0.0694194 0
0.851 0.694 0.371339 0.0666373 0
0.852 0.694 0.369199 0.0672067 0
0.853 0.695 0.371537 0.0666729 0
0.854 0.695 0.372424 0.0677525 0
0.855 0.698 0.361132 0.0683387 0
0.856 0.698 0.360134 0.0714436 0
0.857 0.699 0.362991 0.063973 0
0.858 0.702 0.361038 0.0678774 0
0.859 0.703 0.357459 0.0663404 0
0.86 0.704 0.360495 0.0712977 0
0.861 0.707 0.359838 0.0690339 0
0.862 0.708 0.359501 0.0701342 0
0.863 0.708 0.377111 0.0619088 0
0.864 0.708 0.385571 0.0623718 0
0.865 0.712 0.378162 0.0652457 0
0.866 0.712 0.384692 0.0658283 0
0.867 0.712 0.383466 0.0668572 0
0.868 0.714 0.36744 0.0715665 0
0.869 0.714 0.367047 0.069041 0
0.87 0.714 0.377635 0.0680745 0
0.871 0.714 0.371008 0.0669561 0
0.872 0.719 0.372743 0.0691166 0
0.873 0.72 0.366121 0.0681444 0
0.874 0.721 0.371066 0.0726743 0
0.875 0.721 0.370637 0.0710017 0
0.876 0.721 0.371517 0.0729888 0
0.877 0.723 0.371344 0.0722781 0
0.878 0.723 0.375866 0.0687246 0
0.879 0.724 0.377004 0.0722267 0
0.88 0.724 0.377656 0.0684173 0
0.881 0.724 0.378606 0.0670815 0
0.882 0.724 0.367538 0.0718346 0
0.883 0.726 0.359508 0.0769762 0
0.884 0.727 0.362951 0.0737463 0
0.885 0.727 0.364767 0.0757585 0
0.886 0.727 0.360901 0.0754289 0
0.887 0.731 0.366919 0.0720961 0
0.888 0.731 0.368462 0.0751578 0
0.889 0.741 0.369819 0.0730875 0
0.89 0.742 0.374656 0.0745994 0
0.891 0.742 0.378142 0.0741859 0
0.892 0.742 0.375575 0.0741828 0
0.893 0.744 0.381341 0.0725763 0
0.894 0.744 0.383675 0.0753066 0
0.895 0.744 0.378834 0.0750596 0
0.896 0.745 0.384507 0.0708161 0
0.897 0.745 0.373541 0.0752388 0
0.898 0.747 0.379468 0.0753273 0
0.899 0.747 0.400904 0.0654297 0
0.9 0.747 0.405996 0.0687904 0
0.901 0.747 0.415975 0.0635548 0
0.902 0.748 0.414578 0.062929 0
0.903 0.749 0.418377 0.0628836 0
0.904 0.749 0.418014 0.0586798 0
0.905 0.749 0.420828 0.058676 0
0.906 0.749 0.431847 0.0561222 0
0.907 0.749 0.435797 0.0548525 0
0.908 0.749 0.44643 0.0555878 0
0.909 0.751 0.435931 0.055364 0
0.91 0.751 0.439219 0.060615 0
0.911 0.751 0.440126 0.0611042 0
0.912 0.751 0.440724 0.0657573 0
0.913 0.751 0.445408 0.0621711 0
0.914 0.751 0.447191 0.0640933 0
0.915 0.751 0.446175 0.0621182 0
0.916 0.752 0.45873 0.0571403 0
0.917 0.754 0.452776 0.0556718 0
0.918 0.754 0.451907 0.0580955 0
0.919 0.76 0.441713 0.058591 0
0.92 0.76 0.462449 0.0541783 0
0.921 0.76 0.459558 0.0548811 0
0.922 0.761 0.455197 0.0567006 0
0.923 0.761 0.455733 0.0593524 0
0.924 0.762 0.450508 0.0622197 0
0.925 0.763 0.456456 0.0623873 0
0.926 0.763 0.460851 0.0628209 0
0.927 0.763 0.461047 0.0615586 0
0.928 0.763 0.47218 0.0608829 0
0.929 0.763 0.470465 0.0583607 0
0.93 0.763 0.470984 0.0585788 0
0.931 0.766 0.470074 0.0561807 0
0.932 0.766 0.479638 0.0519816 0
0.933 0.767 0.481556 0.0499315 0
0.934 0.767 0.482281 0.0521656 0
0.935 0.768 0.48243 0.0528271 0
0.936 0.769 0.479574 0.0523281 0
0.937 0.769 0.484832 0.0526999 0
0.938 0.77 0.483326 0.0502391 0
0.939 0.77 0.481407 0.0493256 0
0.94 0.77 0.484578 0.0513897 0
0.941 0.77 0.486092 0.051297 0
0.942 0.771 0.483464 0.0518716 0
0.943 0.771 0.50203 0.0472523 0
0.944 0.771 0.503475 0.0474841 0
0.945 0.771 0.50368 0.0454343 0
0.946 0.771 0.521436 0.0437229 0
0.947 0.771 0.522875 0.0427451 0
0.948 0.773 0.517566 0.0468313 0
0.949 0.773 0.530671 0.0376286 0
0.95 0.774 0.530818 0.0419775 0
0.951 0.774 0.534674 0.0434776 0
0.952 0.775 0.528828 0.0453962 0
0.953 0.776 0.527405 0.0425607 0
0.954 0.776 0.525424 0.0422998 0
0.955 0.779 0.526591 0.042606 0
0.956 0.779 0.528536 0.0411571 0
0.957 0.779 0.529245 0.0408325 0
0.958 0.779 0.538962 0.0389709 0
0.959 0.779 0.537717 0.0399534 0
0.96 0.779 0.543314 0.036898 0
0.961 0.779 0.54111 0.0422426 0
0.962 0.781 0.543442 0.0396541 0
0.963 0.782 0.542126 0.0384796 0
0.964 0.784 0.545547 0.0404698 0
0.965 0.784 0.54615 0.0376354 0
0.966 0.784 0.550546 0.0387131 0
0.967 0.784 0.551699 0.0402958 0
0.968 0.784 0.552541 0.0397398 0
0.969 0.785 0.554101 0.0421195 0
0.97 0.785 0.555342 0.0398834 0
0.971 0.785 0.5547 0.0396754 0
0.972 0.786 0.560465 0.0399003 0
0.973 0.786 0.560374 0.036067 0
0.974 0.786 0.563122 0.0358735 0
0.975 0.789 0.572258 0.0360934 0
0.976 0.789 0.57303 0.035825 0
0.977 0.79 0.573562 0.0367737 0
0.978 0.791 0.577306 0.0355068 0
0.979 0.791 0.578537 0.0355513 0
0.98 0.791 0.582151 0.0354463 0
0.981 0.791 0.581038 0.0365747 0
0.982 0.792 0.583983 0.0345606 0
0.983 0.792 0.597942 0.036188 0
0.984 0.792 0.599379 0.0352931 0
0.985 0.792 0.602151 0.0391018 0
0.986 0.793 0.600845 0.0402596 0
0.987 0.793 0.600235 0.0378263 0
0.988 0.794 0.602446 0.0398164 0
0.989 0.794 0.601633 0.0383635 0
0.99 0.794 0.605578 0.0384453 0
0.991 0.795 0.610654 0.0386334 0
0.992 0.796 0.602759 0.0412397 0
0.993 0.796 0.604902 0.0406439 0
0.994 0.797 0.605889 0.0401652 0
0.995 0.797 0.603282 0.039767 0
0.996 0.797 0.605494 0.0399295 0
0.997 0.797 0.604892 0.037286 0
0.998 0.797 0.606062 0.0393332 0
0.999 0.798 0.60694 0.040697 0
1 0.798 0.606456 0.0391392 0
1.001 0.798 0.605722 0.0392873 0
1.002 0.798 0.61512 0.0378141 0
1.003 0.799 0.616273 0.0395933 0
1.004 0.799 0.61946 0.0370817 0
1.005 0.799 0.625065 0.0373086 0
1.006 0.799 0.626069 0.0367724 0
1.007 0.799 0.622317 0.0330308 0
1.008 0.799 0.623906 0.0329293 0
1.009 0.8 0.626624 0.0344088 0
1.01 0.8 0.625747 0.0333025 0
1.011 0.8 0.62627 0.0335378 0
1.012 0.801 0.624995 0.0348293 0
1.013 0.801 0.627857 0.0347233 0
1.014 0.801 0.633548 0.0331843 0
1.015 0.801 0.631689 0.0360504 0
1.016 0.801 0.634403 0.0336916 0
1.017 0.801 0.638353 0.0349914 0
1.018 0.801 0.638128 0.0340266 0
1.019 0.801 0.640842 0.0315642 0
1.02 0.802 0.641352 0.0324071 0
1.021 0.802 0.641019 0.0307066 0
1.022 0.803 0.653058 0.028734 0
1.023 0.803 0.657252 0.0263204 0
1.024 0.803 0.657165 0.0255536 0
1.025 0.804 0.655007 0.0258514 0
1.026 0.804 0.661581 0.0239241 0
1.027 0.804 0.662271 0.023377 0
1.028 0.804 0.662753 0.0235634 0
1.029 0.804 0.664661 0.0222717 0
1.03 0.804 0.665147 0.0236991 0
1.031 0.804 0.665405 0.0251074 0
1.032 0.804 0.667243 0.0230736 0
1.033 0.809 0.666535 0.0202686 0
1.034 0.809 0.667753 0.021627 0
1.035 0.811 0.670584 0.0210906 0
1.036 0.812 0.668704 0.024357 0
1.037 0.812 0.672074 0.0250718 0
1.038 0.813 0.67281 0.0265005 0
1.039 0.813 0.674284 0.0254903 0
1.04 0.813 0.67606 0.0235415 0
1.041 0.813 0.675759 0.0244103 0
1.042 0.813 0.683028 0.0217147 0
1.043 0.813 0.686619 0.0223336 0
1.044 0.813 0.684989 0.0226736 0
1.045 0.815 0.687609 0.0220148 0
1.046 0.815 0.687624 0.0220119 0
1.047 0.815 0.687792 0.0214333 0
1.048 0.815 0.692747 0.0219931 0
1.049 0.815 0.692793 0.0227063 0
1.05 0.815 0.69332 0.020606 0
1.051 0.815 0.700971 0.0194978 0
1.052 0.815 0.700892 0.021075 0
1.053 0.815 0.703705 0.0209452 0
1.054 0.815 0.70856 0.0210737 0
1.055 0.815 0.708683 0.0186051 0
1.056 0.816 0.710973 0.0210723 0
1.057 0.816 0.71269 0.0194807 0
1.058 0.816 0.716325 0.0184413 0
1.059 0.816 0.722813 0.016792 0
1.06 0.817 0.72356 0.0185361 0
1.061 0.817 0.72348 0.0169225 0
1.062 0.817 0.722464 0.0172455 0
1.063 0.818 0.721232 0.0147022 0
1.064 0.818 0.723456 0.0170965 0
1.065 0.818 0.722266 0.0182722 0
1.066 0.82 0.725625 0.0184884 0
1.067 0.821 0.72592 0.017389 0
1.068 0.821 0.724741 0.0163923 0
1.069 0.821 0.724796 0.0142339 0
1.07 0.821 0.725095 0.0175562 0
1.071 0.821 0.726054 0.0159145 0
1.072 0.823 0.727829 0.0166969 0
1.073 0.823 0.728682 0.0165342 0
1.074 0.823 0.730707 0.0171527 0
1.075 0.824 0.730711 0.0163626 0
1.076 0.824 0.730546 0.0155365 0
1.077 0.824 0.732498 0.0166564 0
1.078 0.825 0.730282 0.0176936 0
1.079 0.828 0.736734 0.0170741 0
1.08 0.828 0.734306 0.0170184 0
1.081 0.828 0.737395 0.0178075 0
1.082 0.83 0.737087 0.0165105 0
1.083 0.83 0.736795 0.0169991 0
1.084 0.83 0.740452 0.0182487 0
1.085 0.83 0.738432 0.017124 0
1.086 0.83 0.738957 0.0169988 0
1.087 0.83 0.737429 0.0170768 0
1.088 0.831 0.740983 0.0162017 0
1.089 0.831 0.736495 0.0160922 0
1.09 0.832 0.740381 0.0166491 0
1.091 0.832 0.738519 0.0167814 0
1.092 0.832 0.740034 0.0183403 0
1.093 0.832 0.739934 0.0166152 0
1.094 0.832 0.738066 0.0171275 0
1.095 0.832 0.742261 0.0146295 0
1.096 0.832 0.745001 0.0161575 0
1.097 0.832 0.744321 0.014516 0
1.098 0.832 0.746231 0.0162985 0
1.099 0.832 0.742702 0.0154358 0
1.1 0.832 0.744342 0.015644 0
1.101 0.833 0.746712 0.0163365 0
1.102 0.833 0.745203 0.017128 0
1.103 0.834 0.74648 0.0163123 0
1.104 0.835 0.747631 0.0172106 0
1.105 0.835 0.749029 0.0146919 0
1.106 0.835 0.751041 0.0144099 0
1.107 0.835 0.749829 0.0156902 0
1.108 0.835 0.750789 0.0140617 0
1.109 0.835 0.752313 0.0150816 0
1.11 0.835 0.751017 0.0165353 0
1.111 0.835 0.750789 0.015471 0
1.112 0.835 0.75066 0.0147775 0
1.113 0.836 0.751791 0.015976 0
1.114 0.836 0.752461 0.0139473 0
1.115 0.836 0.754468 0.0157508 0
1.116 0.836 0.758961 0.0159908 0
1.117 0.836 0.760647 0.016939 0
1.118 0.837 0.759016 0.0138972 0
1.119 0.837 0.761645 0.014753 0
1.12 0.837 0.760505 0.0141512 0
1.121 0.837 0.761414 0.0150155 0
1.122 0.838 0.762786 0.0150511 0
1.123 0.839 0.765045 0.0145354 0
1.124 0.839 0.764146 0.0164903 0
1.125 0.839 0.76583 0.0164948 0
1.126 0.84 0.765561 0.0161131 0
1.127 0.84 0.767911 0.0150289 0
1.128 0.84 0.76731 0.0150735 0
1.129 0.842 0.765209 0.0157927 0
1.13 0.843 0.767006 0.0160516 0
1.131 0.843 0.766683 0.0159011 0
1.132 0.844 0.770962 0.0181101 0
1.133 0.844 0.767406 0.0189097 0
1.134 0.845 0.771377 0.0157673 0
1.135 0.845 0.768992 0.01773 0
1.136 0.846 0.771587 0.016083 0
1.137 0.846 0.77077 0.0169772 0
1.138 0.847 0.771871 0.0159727 0
1.139 0.847 0.771613 0.0158087 0
1.14 0.847 0.772766 0.0160291 0
1.141 0.847 0.77145 0.0156675 0
1.142 0.847 0.773454 0.0152731 0
1.143 0.847 0.776856 0.0146956 0
1.144 0.847 0.774426 0.0162855 0
1.145 0.847 0.777937 0.0168117 0
1.146 0.847 0.776633 0.0145605 0
1.147 0.848 0.776719 0.0165359 0
1.148 0.848 0.78082 0.0156209 0
1.149 0.848 0.777958 0.0144247 0
1.15 0.848 0.78128 0.0157823 0
1.151 0.848 0.78013 0.014984 0
1.152 0.849 0.783502 0.0156588 0
1.153 0.849 0.782598 0.0153889 0
1.154 0.849 0.784663 0.0158165 0
1.155 0.851 0.781815 0.0130723 0
1.156 0.852 0.786379 0.01495 0
1.157 0.853 0.783946 0.0144647 0
1.158 0.854 0.787626 0.0144949 0
1.159 0.855 0.787186 0.0184935 0
1.16 0.858 0.791064 0.0129404 0
1.161 0.858 0.789058 0.0148224 0
1.162 0.859 0.79045 0.0145588 0
1.163 0.859 0.790521 0.0129019 0
1.164 0.859 0.791992 0.0140695 0
1.165 0.859 0.791801 0.0133669 0
1.166 0.859 0.793461 0.0152085 0
1.167 0.859 0.793638 0.013076 0
1.168 0.859 0.793106 0.014288 0
1.169 0.861 0.792673 0.0145269 0
1.17 0.862 0.792793 0.0224807 0
1.171 0.862 0.794746 0.012979 0
1.172 0.863 0.796795 0.0135117 0
1.173 0.863 0.796593 0.0132308 0
1.174 0.863 0.797607 0.0141877 0
1.175 0.863 0.797113 0.0145138 0
1.176 0.865 0.799834 0.0132581 0
1.177 0.866 0.799762 0.0135686 0
1.178 0.867 0.800865 0.012962 0
1.179 0.867 0.800354 0.0117497 0
1.18 0.867 0.800719 0.0133367 0
1.181 0.869 0.801304 0.0136369 0
1.182 0.869 0.803467 0.0121904 0
1.183 0.869 0.804664 0.0120933 0
1.184 0.87 0.806632 0.0112834 0
1.185 0.87 0.806682 0.0141204 0
1.186 0.871 0.80411 0.012827 0
1.187 0.871 0.808349 0.0138122 0
1.188 0.872 0.805653 0.0133364 0
1.189 0.872 0.808685 0.0141151 0
1.19 0.872 0.808608 0.0130555 0
1.191 0.872 0.809364 0.013174 0
1.192 0.872 0.808875 0.0123491 0
1.193 0.872 0.809278 0.0140499 0
1.194 0.872 0.809718 0.0142182 0
1.195 0.872 0.810031 0.012871 0
1.196 0.872 0.81099 0.0136272 0
1.197 0.872 0.810809 0.0136576 0
1.198 0.872 0.81346 0.0138412 0
1.199 0.873 0.810527 0.0116672 0
1.2 0.873 0.813124 0.0155991 0
