# Node_nr = 300
# K <r> sigma_r(sig not of average! divide by sqrt(n))
0 0.00666667 0.0485453 0.0255573 0
0.00333333 0.00666667 0.053147 0.0273446 0
0.00666667 0.00666667 0.0514322 0.0269144 0
0.01 0.00666667 0.0526455 0.0255733 0
0.0133333 0.00666667 0.0515388 0.0261087 0
0.0166667 0.00666667 0.0516108 0.0276602 0
0.02 0.00666667 0.0491851 0.0244921 0
0.0233333 0.00666667 0.0552768 0.0277691 0
0.0266667 0.00666667 0.0559832 0.0280383 0
0.03 0.00666667 0.0547223 0.0288813 0
0.0333333 0.00666667 0.0515522 0.0277457 0
0.0366667 0.00666667 0.0519002 0.0265642 0
0.04 0.00666667 0.054398 0.0274643 0
0.0433333 0.00666667 0.0567592 0.0297846 0
0.0466667 0.00666667 0.0542081 0.0298366 0
0.05 0.00666667 0.0564216 0.0288286 0
0.0533333 0.01 0.0534111 0.028042 0
0.0566667 0.01 0.0531564 0.0280612 0
0.06 0.01 0.0559292 0.030197 0
0.0633333 0.01 0.0522609 0.0281407 0
0.0666667 0.01 0.0528201 0.0284931 0
0.07 0.01 0.0531893 0.0285233 0
0.0733333 0.01 0.0588019 0.0285481 0
0.0766667 0.01 0.0519201 0.0262184 0
0.08 0.01 0.0591859 0.0299428 0
0.0833333 0.01 0.0561767 0.0302056 0
0.0866667 0.0133333 0.0594519 0.0332717 0
0.09 0.0133333 0.0582834 0.0315577 0
0.0933333 0.0133333 0.0551523 0.0277318 0
0.0966667 0.0133333 0.0596394 0.0313411 0
0.1 0.0133333 0.0559429 0.0301075 0
0.103333 0.0166667 0.0591915 0.0308474 0
0.106667 0.0166667 0.0605965 0.0305748 0
0.11 0.0166667 0.0612933 0.0327416 0
0.113333 0.0166667 0.0603298 0.0309725 0
0.116667 0.0166667 0.0579792 0.0305758 0
0.12 0.0166667 0.060679 0.0311908 0
0.123333 0.0166667 0.0633532 0.0317949 0
0.126667 0.0166667 0.0592115 0.0334233 0
0.13 0.0166667 0.0612082 0.0352212 0
0.133333 0.0166667 0.0634462 0.035605 0
0.136667 0.02 0.0629444 0.0319948 0
0.14 0.02 0.0641149 0.0338762 0
0.143333 0.02 0.0610296 0.0320695 0
0.146667 0.02 0.0622128 0.0330279 0
0.15 0.02 0.0671878 0.03388 0
0.153333 0.02 0.061684 0.0337454 0
0.156667 0.02 0.0664213 0.0344919 0
0.16 0.0233333 0.06405 0.0306922 0
0.163333 0.0233333 0.0655489 0.0352181 0
0.166667 0.0233333 0.0659293 0.0324278 0
0.17 0.0233333 0.0669017 0.0335576 0
0.173333 0.0233333 0.0653561 0.0337423 0
0.176667 0.0233333 0.0672075 0.0361349 0
0.18 0.0233333 0.0653065 0.0345529 0
0.183333 0.0233333 0.0609593 0.0321868 0
0.186667 0.0233333 0.0641725 0.0359265 0
0.19 0.0233333 0.0661082 0.0319973 0
0.193333 0.0233333 0.0735101 0.0373768 0
0.196667 0.0233333 0.068166 0.034345 0
0.2 0.0233333 0.0680198 0.0343955 0
0.203333 0.0233333 0.066364 0.0346209 0
0.206667 0.0233333 0.0707734 0.036926 0
0.21 0.0233333 0.0706964 0.0349376 0
0.213333 0.0233333 0.0700083 0.0340166 0
0.216667 0.0233333 0.0687944 0.0355253 0
0.22 0.0233333 0.067168 0.0350447 0
0.223333 0.0233333 0.0732135 0.0374764 0
0.226667 0.0233333 0.0662603 0.0361471 0
0.23 0.0233333 0.0719921 0.0358951 0
0.233333 0.0233333 0.072362 0.0377545 0
0.236667 0.0233333 0.0765229 0.0401135 0
0.24 0.0233333 0.0752029 0.040347 0
0.243333 0.0233333 0.0760511 0.0401021 0
0.246667 0.0233333 0.07136 0.0388849 0
0.25 0.0233333 0.0772417 0.0393955 0
0.253333 0.0233333 0.0696249 0.0361521 0
0.256667 0.0233333 0.0720734 0.0368671 0
0.26 0.0233333 0.0742824 0.0385374 0
0.263333 0.0233333 0.0713096 0.0397076 0
0.266667 0.0233333 0.0792202 0.0398718 0
0.27 0.0233333 0.0773274 0.0407057 0
0.273333 0.0266667 0.079554 0.0447653 0
0.276667 0.0266667 0.0753443 0.0387732 0
0.28 0.03 0.0789547 0.0396517 0
0.283333 0.03 0.0778095 0.0448897 0
0.286667 0.0333333 0.0802456 0.045261 0
0.29 0.0333333 0.0836696 0.0421892 0
0.293333 0.0333333 0.0801259 0.0433837 0
0.296667 0.0333333 0.0820264 0.0400563 0
0.3 0.0333333 0.0763912 0.03853 0
0.303333 0.0333333 0.0832863 0.0432765 0
0.306667 0.0333333 0.0852092 0.0430384 0
0.31 0.0333333 0.0856478 0.0447204 0
0.313333 0.0366667 0.0886934 0.0462365 0
0.316667 0.0366667 0.0840205 0.0450857 0
0.32 0.0366667 0.0847273 0.0461165 0
0.323333 0.0366667 0.0807242 0.040667 0
0.326667 0.0366667 0.0832161 0.0411353 0
0.33 0.0366667 0.08511 0.0423247 0
0.333333 0.0366667 0.0927039 0.046988 0
0.336667 0.0366667 0.092147 0.0492037 0
0.34 0.0366667 0.0878938 0.0461127 0
0.343333 0.0366667 0.0886944 0.0470375 0
0.346667 0.0366667 0.0885203 0.0445876 0
0.35 0.0366667 0.0863619 0.0416241 0
0.353333 0.0366667 0.0786242 0.0447399 0
0.356667 0.0366667 0.0862264 0.0410257 0
0.36 0.0366667 0.0924881 0.0466644 0
0.363333 0.0366667 0.0866496 0.0426269 0
0.366667 0.0366667 0.0900144 0.0415513 0
0.37 0.0366667 0.0916499 0.0480221 0
0.373333 0.0366667 0.0891456 0.0474137 0
0.376667 0.0366667 0.0926139 0.0447404 0
0.38 0.0366667 0.0922251 0.0505698 0
0.383333 0.0366667 0.093595 0.048416 0
0.386667 0.04 0.0974819 0.0501441 0
0.39 0.04 0.0960261 0.0521822 0
0.393333 0.04 0.0946635 0.0527999 0
0.396667 0.04 0.0903738 0.0431091 0
0.4 0.04 0.0881262 0.0482901 0
0.403333 0.04 0.0936425 0.0480042 0
0.406667 0.04 0.101171 0.0557008 0
0.41 0.04 0.0983401 0.0488238 0
0.413333 0.04 0.0980266 0.0507065 0
0.416667 0.04 0.0936609 0.0433563 0
0.42 0.04 0.0933033 0.0464788 0
0.423333 0.04 0.0982419 0.0489299 0
0.426667 0.04 0.100685 0.0538362 0
0.43 0.04 0.0931344 0.0477721 0
0.433333 0.04 0.0980528 0.0459146 0
0.436667 0.04 0.0963408 0.0486392 0
0.44 0.04 0.0980528 0.0535836 0
0.443333 0.04 0.0969067 0.0466267 0
0.446667 0.04 0.0989545 0.047927 0
0.45 0.04 0.0990326 0.0508144 0
0.453333 0.04 0.0991918 0.0464298 0
0.456667 0.04 0.103664 0.0482975 0
0.46 0.04 0.10568 0.0510442 0
0.463333 0.04 0.0993735 0.0556995 0
0.466667 0.04 0.0989773 0.0492758 0
0.47 0.04 0.0916962 0.0416631 0
0.473333 0.04 0.10116 0.0503278 0
0.476667 0.04 0.105197 0.0456961 0
0.48 0.04 0.106046 0.0539679 0
0.483333 0.04 0.104196 0.0516428 0
0.486667 0.04 0.110066 0.0537273 0
0.49 0.05 0.10863 0.057341 0
0.493333 0.05 0.111791 0.0524407 0
0.496667 0.05 0.105312 0.0534703 0
0.5 0.0533333 0.118134 0.0588632 0
0.503333 0.0533333 0.117336 0.0564506 0
0.506667 0.0533333 0.121808 0.0624774 0
0.51 0.0533333 0.119753 0.0613319 0
0.513333 0.0533333 0.130738 0.0601213 0
0.516667 0.08 0.132095 0.0639169 0
0.52 0.08 0.138231 0.0681095 0
0.523333 0.08 0.133411 0.0618177 0
0.526667 0.08 0.133518 0.0723012 0
0.53 0.08 0.132288 0.0681716 0
0.533333 0.08 0.138021 0.0715793 0
0.536667 0.08 0.144616 0.0692201 0
0.54 0.08 0.129578 0.0559907 0
0.543333 0.08 0.139032 0.0691015 0
0.546667 0.08 0.133542 0.0695494 0
0.55 0.106667 0.143911 0.0685198 0
0.553333 0.106667 0.15012 0.0684399 0
0.556667 0.106667 0.152296 0.0723627 0
0.56 0.106667 0.166807 0.0809378 0
0.563333 0.106667 0.159422 0.0675676 0
0.566667 0.106667 0.167317 0.0805562 0
0.57 0.106667 0.169471 0.0696128 0
0.573333 0.113333 0.157896 0.0729354 0
0.576667 0.113333 0.167304 0.0723436 0
0.58 0.113333 0.161683 0.0808045 0
0.583333 0.173333 0.154762 0.0778563 0
0.586667 0.173333 0.16265 0.0785962 0
0.59 0.173333 0.15889 0.0786579 0
0.593333 0.243333 0.16641 0.078879 0
0.596667 0.343333 0.131311 0.0636572 0
0.6 0.343333 0.141277 0.0500447 0
0.603333 0.383333 0.165934 0.0564828 0
0.606667 0.383333 0.15796 0.0547527 0
0.61 0.426667 0.149117 0.0423833 0
0.613333 0.43 0.1651 0.0485603 0
0.616667 0.43 0.164626 0.0427701 0
0.62 0.436667 0.162154 0.048931 0
0.623333 0.436667 0.165275 0.0583155 0
0.626667 0.436667 0.157942 0.0473464 0
0.63 0.436667 0.260304 0.0474474 0
0.633333 0.443333 0.211836 0.0427166 0
0.636667 0.443333 0.301801 0.0558951 0
0.64 0.45 0.275699 0.0500624 0
0.643333 0.45 0.278868 0.0439054 0
0.646667 0.46 0.340038 0.0465117 0
0.65 0.46 0.345616 0.0522633 0
0.653333 0.46 0.26939 0.0499213 0
0.656667 0.46 0.346175 0.0448269 0
0.66 0.463333 0.342115 0.0487512 0
0.663333 0.466667 0.247403 0.0510876 0
0.666667 0.466667 0.229728 0.0453847 0
0.67 0.466667 0.371463 0.0465682 0
0.673333 0.466667 0.333879 0.0505472 0
0.676667 0.476667 0.277544 0.0482773 0
0.68 0.476667 0.330681 0.0548458 0
0.683333 0.5 0.27469 0.0464915 0
0.686667 0.5 0.35435 0.0457748 0
0.69 0.51 0.0788766 0.0386007 0
0.693333 0.516667 0.262582 0.0437814 0
0.696667 0.516667 0.2501 0.0410142 0
0.7 0.516667 0.167383 0.0439355 0
0.703333 0.52 0.409499 0.0405314 0
0.706667 0.52 0.133341 0.0442061 0
0.71 0.52 0.148666 0.0413887 0
0.713333 0.52 0.319779 0.0458062 0
0.716667 0.53 0.11752 0.0392059 0
0.72 0.533333 0.119186 0.042615 0
0.723333 0.536667 0.11752 0.0460231 0
0.726667 0.536667 0.0650869 0.0314853 0
0.73 0.536667 0.181676 0.0437396 0
0.733333 0.563333 0.172095 0.0385004 0
0.736667 0.57 0.328924 0.0433427 0
0.74 0.57 0.26136 0.0438344 0
0.743333 0.573333 0.205072 0.0426111 0
0.746667 0.573333 0.253992 0.0390688 0
0.75 0.576667 0.372686 0.037204 0
0.753333 0.583333 0.351478 0.0432148 0
0.756667 0.583333 0.461135 0.0423221 0
0.76 0.583333 0.330597 0.0393317 0
0.763333 0.586667 0.198813 0.0377848 0
0.766667 0.586667 0.41962 0.0385078 0
0.77 0.593333 0.39597 0.0431319 0
0.773333 0.593333 0.261636 0.0404955 0
0.776667 0.6 0.378539 0.04238 0
0.78 0.606667 0.0827899 0.0379683 0
0.783333 0.606667 0.264616 0.0396481 0
0.786667 0.606667 0.508524 0.0412555 0
0.79 0.606667 0.275998 0.0497458 0
0.793333 0.606667 0.193557 0.0426501 0
0.796667 0.606667 0.416233 0.0424219 0
0.8 0.606667 0.259731 0.0439834 0
0.803333 0.61 0.307016 0.0369029 0
0.806667 0.613333 0.314922 0.0366395 0
0.81 0.626667 0.419347 0.0360847 0
0.813333 0.636667 0.162899 0.0326815 0
0.816667 0.636667 0.358259 0.044166 0
0.82 0.636667 0.504682 0.0334059 0
0.823333 0.643333 0.547783 0.0374718 0
0.826667 0.65 0.539458 0.0341192 0
0.83 0.653333 0.480407 0.0365521 0
0.833333 0.653333 0.535186 0.0390448 0
0.836667 0.656667 0.397252 0.0417022 0
0.84 0.69 0.184352 0.0267234 0
0.843333 0.69 0.554688 0.0313052 0
0.846667 0.69 0.53691 0.029725 0
0.85 0.69 0.0870811 0.0291486 0
0.853333 0.69 0.360855 0.0297664 0
0.856667 0.693333 0.330096 0.0287708 0
0.86 0.693333 0.373208 0.0257056 0
0.863333 0.7 0.406207 0.0272505 0
0.866667 0.7 0.601873 0.0299193 0
0.87 0.703333 0.536262 0.0322873 0
0.873333 0.703333 0.426569 0.0277117 0
0.876667 0.706667 0.494563 0.0296195 0
0.88 0.71 0.246429 0.0279266 0
0.883333 0.71 0.608811 0.0283163 0
0.886667 0.71 0.397407 0.0292108 0
0.89 0.716667 0.514696 0.0284474 0
0.893333 0.716667 0.368886 0.0287954 0
0.896667 0.72 0.399214 0.0325457 0
0.9 0.72 0.544153 0.0289492 0
0.903333 0.72 0.580763 0.0279265 0
0.906667 0.72 0.652205 0.0304018 0
0.91 0.72 0.714687 0.0298651 0
0.913333 0.723333 0.607393 0.0288787 0
0.916667 0.736667 0.599161 0.0320963 0
0.92 0.736667 0.483953 0.0276082 0
0.923333 0.74 0.148719 0.0269952 0
0.926667 0.74 0.733377 0.0278654 0
0.93 0.743333 0.737316 0.0254019 0
0.933333 0.743333 0.246543 0.0305528 0
0.936667 0.743333 0.604522 0.0283438 0
0.94 0.753333 0.320923 0.0284516 0
0.943333 0.76 0.0512283 0.0215232 0
0.946667 0.76 0.530012 0.0260911 0
0.95 0.766667 0.672147 0.0270222 0
0.953333 0.766667 0.449142 0.0251842 0
0.956667 0.77 0.576507 0.0242439 0
0.96 0.773333 0.769262 0.0255177 0
