# Relevant parameters to reproduce this network:
# node_nr=500	 k_max=500
# initial_seed=10	 delta_t=0.5	 max_steps=100	 in_between=0
# fg_m=1	 fg_alpha=5	 fg_t_min=0	 fg_t_max=4	 fg_t_number=2000	 fg_achlioptas_k=4	 fg_weff_lower_frequency=-1e+08	 fg_weff_max_steps=100	 fg_weff_in_between=0
# K Giant_component <r> sigma_r*sqrt(NODE_NR) clustering
0 0.004 0.0452659 0.0225419 0
0.002 0.004 0.0319156 0.0146187 0
0.004 0.004 0.0462886 0.0200342 0
0.006 0.004 0.031325 0.0135074 0
0.008 0.004 0.0413125 0.025322 0
0.01 0.004 0.0472858 0.0225828 0
0.012 0.004 0.0435916 0.016532 0
0.014 0.004 0.0510246 0.0230337 0
0.016 0.004 0.037036 0.0145483 0
0.018 0.004 0.0402233 0.0194194 0
0.02 0.004 0.0398322 0.0235847 0
0.022 0.006 0.0427737 0.0236131 0
0.024 0.006 0.039133 0.0169717 0
0.026 0.006 0.0449371 0.021683 0
0.028 0.006 0.0411938 0.027679 0
0.03 0.006 0.042798 0.0320401 0
0.032 0.006 0.0399298 0.0147753 0
0.034 0.006 0.0442932 0.0174976 0
0.036 0.006 0.039333 0.0294735 0
0.038 0.006 0.0435398 0.0235975 0
0.04 0.006 0.0328127 0.0162529 0
0.042 0.006 0.0357187 0.0165014 0
0.044 0.006 0.0333514 0.0144581 0
0.046 0.006 0.0421667 0.0197546 0
0.048 0.006 0.0447613 0.0265871 0
0.05 0.006 0.0295371 0.0171119 0
0.052 0.006 0.0372444 0.0147856 0
0.054 0.006 0.0481651 0.0233581 0
0.056 0.006 0.0305409 0.0194938 0
0.058 0.008 0.0291954 0.0183885 0
0.06 0.008 0.0351483 0.0154148 0
0.062 0.008 0.0440059 0.0195623 0
0.064 0.008 0.0432919 0.0201207 0
0.066 0.008 0.0368151 0.0236461 0
0.068 0.008 0.0400483 0.015498 0
0.07 0.008 0.0489132 0.0280268 0
0.072 0.008 0.037218 0.0151223 0
0.074 0.008 0.0475981 0.0206765 0
0.076 0.008 0.0403956 0.0149172 0
0.078 0.008 0.0423412 0.0237667 0
0.08 0.008 0.0454168 0.0184419 0
0.082 0.01 0.0574874 0.0205847 0
0.084 0.01 0.0298108 0.0143713 0
0.086 0.01 0.0440877 0.0178066 0
0.088 0.01 0.0408783 0.020258 0
0.09 0.01 0.0365079 0.0146132 0
0.092 0.01 0.0401173 0.0204853 0
0.094 0.01 0.041312 0.024393 0
0.096 0.01 0.0459429 0.0223771 0
0.098 0.01 0.0500158 0.0183677 0
0.1 0.01 0.0363292 0.0190423 0
0.102 0.01 0.0247766 0.010991 0
0.104 0.01 0.0473777 0.0271295 0
0.106 0.01 0.0339315 0.0102361 0
0.108 0.01 0.0391472 0.0158754 0
0.11 0.01 0.0413183 0.0189194 0
0.112 0.01 0.0437808 0.0209326 0
0.114 0.01 0.0428485 0.0161768 0
0.116 0.01 0.0501456 0.029327 0
0.118 0.01 0.034011 0.0142534 0
0.12 0.016 0.0421147 0.0186935 0
0.122 0.016 0.0333102 0.0138477 0
0.124 0.016 0.0334403 0.0188593 0
0.126 0.016 0.0399314 0.0202928 0
0.128 0.016 0.0442158 0.0190996 0
0.13 0.016 0.0493956 0.0221039 0
0.132 0.016 0.0253841 0.0207541 0
0.134 0.016 0.0484277 0.0282459 0
0.136 0.016 0.0446321 0.0270376 0
0.138 0.016 0.033031 0.0133524 0
0.14 0.016 0.036523 0.0184664 0
0.142 0.016 0.0407804 0.0162761 0
0.144 0.016 0.0457352 0.0173062 0
0.146 0.016 0.043113 0.020339 0
0.148 0.016 0.0384704 0.0153855 0
0.15 0.016 0.0513521 0.0209057 0
0.152 0.016 0.0359125 0.0119639 0
0.154 0.016 0.0523876 0.0150719 0
0.156 0.016 0.0337166 0.0171383 0
0.158 0.016 0.0383038 0.0166214 0
0.16 0.016 0.0478028 0.0225032 0
0.162 0.016 0.0472487 0.0165602 0
0.164 0.016 0.0315154 0.0176669 0
0.166 0.016 0.0310054 0.0137126 0
0.168 0.016 0.0384978 0.0162417 0
0.17 0.016 0.030534 0.0139685 0
0.172 0.016 0.031007 0.01596 0
0.174 0.016 0.0347546 0.018129 0
0.176 0.016 0.0350727 0.0180828 0
0.178 0.016 0.0411033 0.0171864 0
0.18 0.016 0.0356337 0.0168216 0
0.182 0.016 0.0365193 0.0209915 0
0.184 0.016 0.0407034 0.0152073 0
0.186 0.016 0.0381221 0.0158185 0
0.188 0.016 0.0344721 0.0189925 0
0.19 0.016 0.0326134 0.0157157 0
0.192 0.016 0.0383403 0.0221062 0
0.194 0.016 0.0285082 0.0143537 0
0.196 0.016 0.050469 0.0224071 0
0.198 0.016 0.0380792 0.0160109 0
0.2 0.016 0.0320814 0.0245248 0
0.202 0.016 0.0425381 0.0222803 0
0.204 0.016 0.0393546 0.0204431 0
0.206 0.016 0.0466137 0.0194225 0
0.208 0.016 0.0292559 0.0147831 0
0.21 0.016 0.0487123 0.0203533 0
0.212 0.016 0.04149 0.0187002 0
0.214 0.016 0.0264125 0.0126622 0
0.216 0.016 0.041689 0.0166328 0
0.218 0.016 0.0370085 0.0204952 0
0.22 0.016 0.0493288 0.0245864 0
0.222 0.016 0.0434781 0.0286478 0
0.224 0.016 0.0311145 0.0124668 0
0.226 0.016 0.034208 0.0163588 0
0.228 0.016 0.0489562 0.0248264 0
0.23 0.016 0.03542 0.0226744 0
0.232 0.016 0.0459843 0.02683 0
0.234 0.016 0.0515464 0.0256799 0
0.236 0.016 0.0311526 0.0143584 0
0.238 0.016 0.0407352 0.016844 0
0.24 0.028 0.0433148 0.0207216 0
0.242 0.028 0.027146 0.0118546 0
0.244 0.028 0.0410112 0.0192368 0
0.246 0.032 0.0393608 0.0152193 0
0.248 0.032 0.0378152 0.0137097 0
0.25 0.032 0.0414064 0.0236936 0
0.252 0.048 0.0256848 0.0125411 0
0.254 0.048 0.0345658 0.0147438 0
0.256 0.05 0.0285449 0.0156216 0
0.258 0.05 0.0513831 0.023497 0
0.26 0.05 0.0522084 0.0263442 0
0.262 0.05 0.0330663 0.0198265 0
0.264 0.05 0.0587572 0.0214165 0
0.266 0.052 0.035747 0.0221349 0
0.268 0.052 0.0535353 0.0183236 0
0.27 0.052 0.0378706 0.0236344 0
0.272 0.052 0.0337775 0.0113287 0
0.274 0.052 0.0427987 0.0209768 0
0.276 0.054 0.0477323 0.0234778 0
0.278 0.054 0.050069 0.0215446 0
0.28 0.054 0.0418221 0.0198698 0
0.282 0.054 0.0345782 0.0166902 0
0.284 0.054 0.0453724 0.0222469 0
0.286 0.064 0.0447691 0.0223805 0
0.288 0.064 0.038316 0.0185911 0
0.29 0.064 0.0354668 0.0224812 0
0.292 0.064 0.054498 0.0237044 0
0.294 0.064 0.0424796 0.0153119 0
0.296 0.064 0.0500363 0.0233733 0
0.298 0.064 0.0431011 0.0224056 0
0.3 0.066 0.0312282 0.0149753 0
0.302 0.066 0.0359832 0.0193288 0
0.304 0.066 0.0395717 0.0238936 0
0.306 0.066 0.0364346 0.0196547 0
0.308 0.066 0.0383818 0.0214182 0
0.31 0.066 0.042373 0.0207571 0
0.312 0.066 0.0468557 0.0194017 0
0.314 0.07 0.0523969 0.0197309 0
0.316 0.072 0.0457238 0.0269375 0
0.318 0.072 0.0394978 0.0166514 0
0.32 0.072 0.0295981 0.0170637 0
0.322 0.072 0.027724 0.0128476 0
0.324 0.072 0.0409895 0.0154138 0
0.326 0.072 0.050351 0.0236814 0
0.328 0.098 0.0388123 0.0153048 0
0.33 0.098 0.0423014 0.0199168 0
0.332 0.1 0.0435692 0.0207006 0
0.334 0.102 0.0449106 0.0189822 0
0.336 0.102 0.0398072 0.013914 0
0.338 0.102 0.0329162 0.0160058 0
0.34 0.102 0.0325589 0.0138419 0
0.342 0.102 0.032104 0.0145412 0
0.344 0.102 0.0285122 0.0149412 0
0.346 0.102 0.0391812 0.018643 0
0.348 0.102 0.0448109 0.0185946 0
0.35 0.102 0.0364697 0.0174645 0
0.352 0.104 0.0449148 0.0217898 0
0.354 0.104 0.0469983 0.0187663 0
0.356 0.108 0.0324857 0.0147379 0
0.358 0.108 0.0380891 0.0196075 0
0.36 0.108 0.0382781 0.0207612 0
0.362 0.108 0.0342986 0.0170437 0
0.364 0.108 0.0433466 0.0202579 0
0.366 0.12 0.0337258 0.0188727 0
0.368 0.122 0.0471949 0.0260855 0
0.37 0.122 0.0500116 0.0186066 0
0.372 0.148 0.0331407 0.0179882 0
0.374 0.16 0.0358812 0.0176609 0
0.376 0.182 0.0309316 0.011077 0
0.378 0.182 0.03251 0.0199494 0
0.38 0.186 0.0526442 0.019178 0
0.382 0.186 0.0408664 0.0171183 0
0.384 0.202 0.0496637 0.0170845 0
0.386 0.204 0.0403716 0.0194304 0
0.388 0.206 0.0386864 0.0187179 0
0.39 0.208 0.0275471 0.0126743 0
0.392 0.208 0.0429117 0.0198309 0
0.394 0.214 0.0382008 0.0196324 0
0.396 0.222 0.0270173 0.0165451 0
0.398 0.224 0.0317622 0.0176362 0
0.4 0.226 0.0292288 0.0137504 0
0.402 0.226 0.0401681 0.019469 0
0.404 0.226 0.043318 0.0203137 0
0.406 0.236 0.0398765 0.0203913 0
0.408 0.236 0.0316948 0.023487 0
0.41 0.236 0.0515733 0.0210773 0
0.412 0.24 0.0427137 0.0166456 0
0.414 0.24 0.0412511 0.0165629 0
0.416 0.246 0.0340978 0.013235 0
0.418 0.246 0.0591903 0.0281534 0
0.42 0.248 0.045924 0.0279245 0
0.422 0.248 0.0311321 0.018093 0
0.424 0.248 0.034917 0.0143265 0
0.426 0.248 0.0379426 0.018191 0
0.428 0.252 0.0555131 0.0225634 0
0.43 0.252 0.0433158 0.0181217 0
0.432 0.252 0.0365451 0.013981 0
0.434 0.264 0.04824 0.0270173 0
0.436 0.264 0.0360995 0.0147093 0
0.438 0.264 0.0321234 0.0176525 0
0.44 0.266 0.0407215 0.0188029 0
0.442 0.268 0.0409427 0.0205629 0
0.444 0.268 0.0443218 0.0237906 0
0.446 0.272 0.0350701 0.019946 0
0.448 0.272 0.032495 0.0165878 0
0.45 0.278 0.0452038 0.0193368 0
0.452 0.278 0.0345182 0.016652 0
0.454 0.278 0.0503417 0.0226082 0
0.456 0.278 0.0463347 0.0287828 0
0.458 0.278 0.0299326 0.0109949 0
0.46 0.3 0.0327932 0.0202118 0
0.462 0.304 0.0320078 0.0123163 0
0.464 0.304 0.0389071 0.0143156 0
0.466 0.304 0.0375465 0.0165292 0
0.468 0.304 0.0511611 0.0198733 0
0.47 0.306 0.0371639 0.0141704 0
0.472 0.306 0.031965 0.016983 0
0.474 0.308 0.0375305 0.0237939 0
0.476 0.336 0.0349601 0.0171175 0
0.478 0.336 0.0326103 0.017558 0
0.48 0.338 0.0368674 0.0162856 0
0.482 0.338 0.053835 0.0272533 0
0.484 0.338 0.040244 0.0188389 0
0.486 0.338 0.0378762 0.0183043 0
0.488 0.338 0.0527091 0.0223459 0
0.49 0.338 0.0542325 0.0180222 0
0.492 0.34 0.0365246 0.0185308 0
0.494 0.344 0.0526104 0.0237775 0
0.496 0.346 0.0316753 0.0212909 0
0.498 0.346 0.0391486 0.017954 0
0.5 0.348 0.0287427 0.0127479 0
0.502 0.356 0.0244404 0.0143528 0
0.504 0.356 0.0426782 0.0186282 0
0.506 0.358 0.0513215 0.0211679 0
0.508 0.36 0.0440229 0.0190183 0
0.51 0.36 0.0344369 0.0155857 0
0.512 0.36 0.0443582 0.0203722 0
0.514 0.36 0.0384749 0.0175748 0
0.516 0.362 0.0417656 0.0202997 0
0.518 0.364 0.0357265 0.0174902 0
0.52 0.364 0.0383778 0.018102 0
0.522 0.364 0.0406713 0.0152185 0
0.524 0.364 0.0342346 0.0215329 0
0.526 0.364 0.0403365 0.0195783 0
0.528 0.364 0.0423656 0.0166591 0
0.53 0.368 0.0444188 0.0245503 0
0.532 0.368 0.0409058 0.0206584 0
0.534 0.37 0.0383823 0.0145691 0
0.536 0.372 0.0487473 0.0274429 0
0.538 0.372 0.0269312 0.0155603 0
0.54 0.388 0.0379447 0.0164641 0
0.542 0.392 0.0332487 0.0222956 0
0.544 0.392 0.0422111 0.0155986 0
0.546 0.392 0.0406511 0.0227496 0
0.548 0.394 0.0404216 0.0214857 0
0.55 0.394 0.0328982 0.0134799 0
0.552 0.396 0.0357818 0.01847 0
0.554 0.396 0.0366214 0.0121074 0
0.556 0.398 0.034686 0.0138316 0
0.558 0.4 0.0463506 0.0195453 0
0.56 0.402 0.0455372 0.0189303 0
0.562 0.404 0.0466186 0.0222365 0
0.564 0.406 0.050622 0.0262496 0
0.566 0.406 0.0349633 0.0155092 0
0.568 0.408 0.0391646 0.020628 0
0.57 0.41 0.0295536 0.0169128 0
0.572 0.41 0.0332769 0.0226233 0
0.574 0.418 0.0375206 0.0160727 0
0.576 0.418 0.027681 0.0145014 0
0.578 0.418 0.040084 0.022422 0
0.58 0.42 0.0442067 0.0243803 0
0.582 0.42 0.0420204 0.0187178 0
0.584 0.428 0.0453762 0.0185163 0
0.586 0.428 0.0422375 0.0179209 0
0.588 0.436 0.0310105 0.0149909 0
0.59 0.438 0.0328921 0.0180538 0
0.592 0.438 0.0372102 0.0207557 0
0.594 0.44 0.0355555 0.0218264 0
0.596 0.444 0.0385335 0.0205248 0
0.598 0.446 0.0240885 0.0127915 0
0.6 0.446 0.0243717 0.0116413 0
0.602 0.446 0.0448367 0.025302 0
0.604 0.448 0.049071 0.0289056 0
0.606 0.448 0.0416488 0.0186083 0
0.608 0.448 0.0350392 0.0143574 0
0.61 0.448 0.0360146 0.0152549 0
0.612 0.458 0.0252378 0.014758 0
0.614 0.458 0.0364472 0.0216228 0
0.616 0.458 0.0574767 0.030143 0
0.618 0.46 0.0315637 0.0116051 0
0.62 0.466 0.0463973 0.0172407 0
0.622 0.468 0.04568 0.0211688 0
0.624 0.468 0.0382779 0.0173224 0
0.626 0.472 0.0436175 0.019738 0
0.628 0.474 0.0509043 0.0238083 0
0.63 0.476 0.0393356 0.023467 0
0.632 0.478 0.0339015 0.0115418 0
0.634 0.48 0.034535 0.0121167 0
0.636 0.48 0.0407797 0.0203167 0
0.638 0.482 0.0314247 0.0139788 0
0.64 0.482 0.0362535 0.0190636 0
0.642 0.484 0.0361549 0.0182246 0
0.644 0.486 0.0536987 0.0232385 0
0.646 0.486 0.0524088 0.0186553 0
0.648 0.494 0.0372118 0.0211472 0
0.65 0.494 0.0432251 0.0217162 0
0.652 0.514 0.0365615 0.0200387 0
0.654 0.516 0.0498132 0.0200759 0
0.656 0.516 0.0574251 0.0220213 0
0.658 0.516 0.052123 0.0233342 0
0.66 0.516 0.0500571 0.0219654 0
0.662 0.518 0.0375141 0.012974 0
0.664 0.52 0.0629434 0.0245537 0
0.666 0.522 0.0568473 0.0268594 0
0.668 0.522 0.0472758 0.0260432 0
0.67 0.53 0.0293012 0.0189874 0
0.672 0.532 0.0355878 0.022613 0
0.674 0.548 0.0468217 0.020217 0
0.676 0.55 0.0425228 0.0229458 0
0.678 0.552 0.0438949 0.0216427 0
0.68 0.56 0.0409486 0.0187283 0
0.682 0.56 0.044861 0.0211963 0
0.684 0.562 0.0480577 0.020511 0
0.686 0.562 0.049125 0.0234586 0
0.688 0.562 0.0561068 0.0266909 0
0.69 0.564 0.0431586 0.022814 0
0.692 0.564 0.0523004 0.0195684 0
0.694 0.564 0.0606469 0.0359767 0
0.696 0.566 0.042358 0.0187972 0
0.698 0.566 0.0522227 0.0140868 0
0.7 0.568 0.041759 0.0274532 0
0.702 0.57 0.032896 0.0162241 0
0.704 0.572 0.0299471 0.0200111 0
0.706 0.586 0.0471443 0.0259936 0
0.708 0.588 0.0479932 0.0256766 0
0.71 0.588 0.0385664 0.0195313 0
0.712 0.588 0.0363644 0.0138863 0
0.714 0.59 0.0456721 0.0187982 0
0.716 0.59 0.0437642 0.0219026 0
0.718 0.592 0.0497629 0.0230569 0
0.72 0.596 0.0374839 0.0228446 0
0.722 0.598 0.0422329 0.0299954 0
0.724 0.598 0.0483301 0.0202119 0
0.726 0.598 0.0504791 0.0241534 0
0.728 0.598 0.0511735 0.0248701 0
0.73 0.598 0.0355837 0.0182015 0
0.732 0.598 0.0338987 0.0185662 0
0.734 0.598 0.0495138 0.0209928 0
0.736 0.598 0.0519896 0.0298808 0
0.738 0.6 0.0449664 0.0193946 0
0.74 0.6 0.0341391 0.0142471 0
0.742 0.602 0.0458318 0.0242331 0
0.744 0.602 0.0401024 0.0234519 0
0.746 0.602 0.0505293 0.026662 0
0.748 0.606 0.0418702 0.016851 0
0.75 0.606 0.0402683 0.0209869 0
0.752 0.612 0.0358765 0.0257888 0
0.754 0.612 0.0382664 0.0253349 0
0.756 0.614 0.0472427 0.0240048 0
0.758 0.614 0.0384061 0.0253774 0
0.76 0.616 0.0374664 0.0206032 0
0.762 0.616 0.0337692 0.015853 0
0.764 0.616 0.0476701 0.027177 0
0.766 0.618 0.0404438 0.018665 0
0.768 0.62 0.0343166 0.0180775 0
0.77 0.62 0.0399753 0.0224414 0
0.772 0.62 0.0325825 0.01524 0
0.774 0.622 0.0453431 0.0199007 0
0.776 0.622 0.0428652 0.0197358 0
0.778 0.626 0.04679 0.0182199 0
0.78 0.628 0.0432415 0.0195593 0
0.782 0.632 0.042111 0.0248133 0
0.784 0.632 0.0449477 0.0304869 0
0.786 0.634 0.040664 0.0188844 0
0.788 0.636 0.0486949 0.0191479 0
0.79 0.636 0.0312284 0.0154558 0
0.792 0.636 0.0363909 0.0144436 0
0.794 0.638 0.0372558 0.0238815 0
0.796 0.644 0.0472323 0.0223823 0
0.798 0.644 0.0358839 0.0150934 0
0.8 0.644 0.0472044 0.0222 0
0.802 0.646 0.0386608 0.0197778 0
0.804 0.648 0.0323194 0.0130821 0
0.806 0.65 0.0386572 0.0170475 0
0.808 0.65 0.0357149 0.0200508 0
0.81 0.652 0.0339897 0.0126726 0
0.812 0.652 0.0384399 0.0179178 0
0.814 0.652 0.0365124 0.0205211 0
0.816 0.652 0.0473704 0.021529 0
0.818 0.652 0.0415066 0.0298183 0
0.82 0.654 0.0482412 0.0251049 0
0.822 0.654 0.0463232 0.0260251 0
0.824 0.66 0.045209 0.0161638 0
0.826 0.662 0.0433529 0.0208569 0
0.828 0.662 0.0489183 0.0229014 0
0.83 0.664 0.0450317 0.0143355 0
0.832 0.664 0.0495618 0.0175579 0
0.834 0.664 0.0434151 0.0158031 0
0.836 0.67 0.040814 0.0167218 0
0.838 0.67 0.0477157 0.01892 0
0.84 0.67 0.0298814 0.0241688 0
0.842 0.674 0.0449815 0.0238027 0
0.844 0.674 0.0397493 0.0213074 0
0.846 0.674 0.0433775 0.0189983 0
0.848 0.678 0.0258415 0.0165515 0
0.85 0.678 0.0304948 0.0121404 0
0.852 0.688 0.0408125 0.0147373 0
0.854 0.688 0.0539699 0.0284379 0
0.856 0.688 0.039974 0.0183677 0
0.858 0.688 0.0464477 0.0246657 0
0.86 0.688 0.0409776 0.0151802 0
0.862 0.688 0.0206951 0.0120694 0
0.864 0.688 0.038241 0.0118607 0
0.866 0.692 0.0386858 0.0155926 0
0.868 0.692 0.0403392 0.015834 0
0.87 0.692 0.0417976 0.0261058 0
0.872 0.692 0.0346197 0.0161811 0
0.874 0.694 0.0535939 0.0238207 0
0.876 0.694 0.0470321 0.0189102 0
0.878 0.694 0.0427858 0.0194371 0
0.88 0.694 0.0460452 0.0215372 0
0.882 0.694 0.044968 0.0199746 0
0.884 0.694 0.0501551 0.0207234 0
0.886 0.694 0.0579915 0.0160344 0
0.888 0.694 0.035702 0.0108379 0
0.89 0.696 0.0462208 0.020075 0
0.892 0.696 0.0383829 0.0182297 0
0.894 0.696 0.0419264 0.0163574 0
0.896 0.696 0.0286367 0.0144638 0
0.898 0.696 0.0397718 0.0192525 0
0.9 0.698 0.0431292 0.0218042 0
0.902 0.7 0.0363457 0.0217059 0
0.904 0.7 0.037617 0.0228825 0
0.906 0.704 0.0462418 0.0216837 0
0.908 0.708 0.0349788 0.023297 0
0.91 0.708 0.0254966 0.00801398 0
0.912 0.708 0.0444232 0.0222946 0
0.914 0.708 0.0451536 0.0178121 0
0.916 0.71 0.0565661 0.0236821 0
0.918 0.71 0.0460393 0.0239693 0
0.92 0.712 0.0434172 0.0224259 0
0.922 0.712 0.0382681 0.0204425 0
0.924 0.712 0.0461743 0.0226029 0
0.926 0.712 0.0374389 0.0135477 0
0.928 0.714 0.0553003 0.0182328 0
0.93 0.716 0.0385721 0.0168249 0
0.932 0.72 0.0414897 0.0233356 0
0.934 0.72 0.0463272 0.0168433 0
0.936 0.72 0.0495643 0.0303736 0
0.938 0.724 0.050185 0.0231314 0
0.94 0.724 0.0473631 0.0244241 0
0.942 0.724 0.0522049 0.020483 0
0.944 0.726 0.0301297 0.0155259 0
0.946 0.726 0.0520107 0.0200044 0
0.948 0.726 0.0311198 0.0131181 0
0.95 0.726 0.0421755 0.0221815 0
0.952 0.726 0.0475652 0.0245671 0
0.954 0.726 0.0236117 0.010842 0
0.956 0.726 0.0301113 0.0146923 0
0.958 0.726 0.0538212 0.0194396 0
0.96 0.726 0.0328213 0.0199633 0
0.962 0.726 0.040235 0.0245956 0
0.964 0.73 0.0461771 0.0190664 0
0.966 0.73 0.0392073 0.0196605 0
0.968 0.73 0.0271835 0.0125069 0
0.97 0.73 0.041721 0.0233633 0
0.972 0.73 0.044883 0.0223752 0
0.974 0.73 0.0427966 0.0224574 0
0.976 0.73 0.0379166 0.0262764 0
0.978 0.732 0.038626 0.0207779 0
0.98 0.732 0.0563906 0.0311046 0
0.982 0.732 0.0443422 0.0260325 0
0.984 0.734 0.0386832 0.0178406 0
0.986 0.734 0.0491104 0.0173606 0
0.988 0.734 0.0424878 0.0239517 0
0.99 0.734 0.034739 0.0163263 0
0.992 0.734 0.0425501 0.0227886 0
0.994 0.734 0.0368595 0.0232038 0
0.996 0.736 0.0320033 0.0147761 0
0.998 0.736 0.0415391 0.0190067 0
1 0.736 0.0393102 0.0215538 0
1.002 0.736 0.0456912 0.0196709 0
1.004 0.738 0.048535 0.0239805 0
1.006 0.738 0.0418485 0.0161063 0
1.008 0.738 0.0411082 0.0231253 0
1.01 0.738 0.0323801 0.0170001 0
1.012 0.738 0.0289747 0.0142184 0
1.014 0.74 0.0430916 0.020547 0
1.016 0.74 0.0335251 0.0163665 0
1.018 0.74 0.0477766 0.0178815 0
1.02 0.74 0.0382298 0.019086 0
1.022 0.742 0.037438 0.0164242 0
1.024 0.744 0.0428297 0.0239931 0
1.026 0.744 0.0442044 0.0173529 0
1.028 0.744 0.0394904 0.0263779 0
1.03 0.746 0.0608062 0.0265305 0
1.032 0.746 0.0397126 0.0190935 0
1.034 0.746 0.0520874 0.0231429 0
1.036 0.746 0.0475934 0.0224393 0
1.038 0.746 0.0447827 0.0134184 0
1.04 0.746 0.037062 0.0188971 0
1.042 0.746 0.0533397 0.0192939 0
1.044 0.746 0.0401595 0.0203198 0
1.046 0.746 0.0360353 0.0136054 0
1.048 0.75 0.0458705 0.0260286 0
1.05 0.75 0.0374229 0.0166515 0
1.052 0.75 0.0606497 0.0194752 0
1.054 0.75 0.0411868 0.0212703 0
1.056 0.75 0.0448398 0.0186639 0
1.058 0.752 0.0532234 0.0278428 0
1.06 0.752 0.0305434 0.0129758 0
1.062 0.752 0.037969 0.0190306 0
1.064 0.752 0.0582511 0.0294975 0
1.066 0.752 0.0452806 0.0253428 0
1.068 0.752 0.0576853 0.033278 0
1.07 0.752 0.0434883 0.0182569 0
1.072 0.752 0.044109 0.0182353 0
1.074 0.754 0.0528417 0.0318603 0
1.076 0.754 0.0379552 0.0226572 0
1.078 0.754 0.0375762 0.0182817 0
1.08 0.756 0.0460047 0.017954 0
1.082 0.756 0.0443556 0.0248751 0
1.084 0.756 0.0285464 0.0120347 0
1.086 0.758 0.0243983 0.0130293 0
1.088 0.758 0.0307176 0.0131793 0
1.09 0.758 0.0378026 0.0188146 0
1.092 0.758 0.0425235 0.0183818 0
1.094 0.758 0.0544403 0.0216946 0
1.096 0.758 0.0482037 0.0260766 0
1.098 0.758 0.0450138 0.0209763 0
1.1 0.76 0.0408635 0.0166036 0
1.102 0.762 0.0404327 0.0231639 0
1.104 0.762 0.036379 0.0171077 0
1.106 0.762 0.0251814 0.00856367 0
1.108 0.762 0.0418709 0.017157 0
1.11 0.762 0.0383905 0.0141916 0
1.112 0.764 0.0485239 0.0164621 0
1.114 0.764 0.0433023 0.0218532 0
1.116 0.764 0.0308679 0.010557 0
1.118 0.766 0.0522551 0.0222983 0
1.12 0.766 0.046012 0.0221383 0
1.122 0.774 0.0417892 0.0236202 0
1.124 0.774 0.0363229 0.0192588 0
1.126 0.774 0.0165046 0.00947204 0
1.128 0.774 0.0436164 0.0250132 0
1.13 0.776 0.0492303 0.0211354 0
1.132 0.776 0.0451026 0.0215796 0
1.134 0.776 0.0387887 0.0237755 0
1.136 0.776 0.0360911 0.0110203 0
1.138 0.776 0.0512877 0.0227222 0
1.14 0.776 0.0476679 0.0156538 0
1.142 0.776 0.0532684 0.0201934 0
1.144 0.776 0.0366776 0.0193825 0
1.146 0.778 0.0439448 0.0193799 0
1.148 0.778 0.0440433 0.0178478 0
1.15 0.778 0.0367601 0.0173173 0
1.152 0.778 0.0422668 0.0253527 0
1.154 0.778 0.0499063 0.0241498 0
1.156 0.778 0.0428403 0.0293626 0
1.158 0.778 0.0473946 0.0250618 0
1.16 0.778 0.0551946 0.0365719 0
1.162 0.78 0.0365768 0.0232993 0
1.164 0.78 0.038645 0.0179908 0
1.166 0.78 0.0295872 0.01211 0
1.168 0.78 0.0385349 0.015324 0
1.17 0.78 0.0512407 0.0222762 0
1.172 0.78 0.0425943 0.0180097 0
1.174 0.784 0.0424445 0.0225571 0
1.176 0.784 0.0589959 0.0317902 0
1.178 0.784 0.0370076 0.016644 0
1.18 0.784 0.0545139 0.0286558 0
1.182 0.784 0.0368641 0.0176528 0
1.184 0.784 0.0481762 0.0134406 0
1.186 0.786 0.0393871 0.0237943 0
1.188 0.786 0.0402246 0.0181276 0
1.19 0.786 0.0284944 0.0141663 0
1.192 0.786 0.0503352 0.0304556 0
1.194 0.786 0.0443041 0.0163031 0
1.196 0.786 0.0393126 0.0153824 0
1.198 0.788 0.0372657 0.0110705 0
1.2 0.788 0.0509879 0.0288199 0
1.202 0.788 0.0435346 0.0269504 0
1.204 0.788 0.0439315 0.022065 0
1.206 0.788 0.0375868 0.0219167 0
1.208 0.788 0.0476932 0.0183122 0
1.21 0.788 0.0458624 0.0172556 0
1.212 0.788 0.0401898 0.0179322 0
1.214 0.788 0.0371073 0.0203812 0
1.216 0.788 0.0464191 0.0235986 0
1.218 0.788 0.0556142 0.0195409 0
1.22 0.788 0.0518295 0.0167829 0
1.222 0.788 0.0411772 0.0163954 0
1.224 0.79 0.0359419 0.0197954 0
1.226 0.79 0.0661908 0.0264261 0
1.228 0.79 0.0374499 0.0177482 0
1.23 0.79 0.0358306 0.0214533 0
1.232 0.794 0.0553712 0.0282048 0
1.234 0.794 0.0493112 0.0213099 0
1.236 0.794 0.0474295 0.0203504 0
1.238 0.796 0.0405377 0.0179609 0
1.24 0.796 0.0408145 0.0229521 0
1.242 0.796 0.0310991 0.0164816 0
1.244 0.796 0.0456825 0.0190678 0
1.246 0.796 0.0377818 0.0143659 0
1.248 0.796 0.0398575 0.0131393 0
1.25 0.796 0.0467777 0.0308932 0
1.252 0.796 0.0336618 0.0213777 0
1.254 0.798 0.0457651 0.0173992 0
1.256 0.798 0.0435195 0.0193687 0
1.258 0.798 0.040315 0.022969 0
1.26 0.798 0.05147 0.0240239 0
1.262 0.798 0.0703161 0.0184447 0
1.264 0.798 0.0646335 0.0200859 0
1.266 0.798 0.0361047 0.0179813 0
1.268 0.798 0.0460696 0.0216534 0
1.27 0.798 0.0553867 0.0313282 0
1.272 0.798 0.0424638 0.0155595 0
1.274 0.8 0.0405952 0.0155865 0
1.276 0.8 0.0466006 0.0164413 0
1.278 0.8 0.0566905 0.0236513 0
1.28 0.8 0.0585855 0.0245882 0
1.282 0.8 0.0425177 0.0251771 0
1.284 0.802 0.0382651 0.0224403 0
1.286 0.804 0.0488195 0.0266579 0
1.288 0.804 0.0556365 0.0240709 0
1.29 0.804 0.0379248 0.016588 0
1.292 0.806 0.0597096 0.0259883 0
1.294 0.806 0.045635 0.0215849 0
1.296 0.808 0.0464022 0.0240083 0
1.298 0.808 0.0507247 0.0262289 0
1.3 0.808 0.056363 0.0284803 0
1.302 0.808 0.0494902 0.0163359 0
1.304 0.808 0.0348797 0.0192377 0
1.306 0.81 0.0399928 0.0170553 0
1.308 0.812 0.0483612 0.0198003 0
1.31 0.812 0.0417288 0.0271464 0
1.312 0.812 0.0365711 0.0189099 0
1.314 0.812 0.0353223 0.0275021 0
1.316 0.812 0.0364696 0.0174242 0
1.318 0.812 0.0463588 0.0177906 0
1.32 0.812 0.0328372 0.015443 0
1.322 0.814 0.0436363 0.0229021 0
1.324 0.814 0.0336099 0.01479 0
1.326 0.814 0.0434364 0.0140581 0
1.328 0.814 0.0514105 0.0188642 0
1.33 0.814 0.0429541 0.0234815 0
1.332 0.814 0.0491469 0.0208707 0
1.334 0.814 0.0369643 0.0198764 0
1.336 0.814 0.0608764 0.0208142 0
1.338 0.814 0.0576579 0.0270259 0
1.34 0.814 0.0342945 0.0194111 0
1.342 0.814 0.0307651 0.0138944 0
1.344 0.816 0.0540309 0.022064 0
1.346 0.816 0.0387525 0.0219289 0
1.348 0.818 0.0488016 0.0135324 0
1.35 0.818 0.0535646 0.02253 0
1.352 0.818 0.0618256 0.0215409 0
1.354 0.818 0.0379589 0.020028 0
1.356 0.822 0.0431553 0.0221136 0
1.358 0.822 0.0501532 0.0190635 0
1.36 0.822 0.046214 0.0181693 0
1.362 0.822 0.0437905 0.0291196 0
1.364 0.824 0.0362147 0.0162177 0
1.366 0.826 0.0438367 0.0188582 0
1.368 0.826 0.0548048 0.0321555 0
1.37 0.826 0.0404161 0.022753 0
1.372 0.826 0.046142 0.0197665 0
1.374 0.826 0.0362362 0.0155764 0
1.376 0.826 0.0474645 0.0283028 0
1.378 0.826 0.0289488 0.0129537 0
1.38 0.826 0.0469804 0.0164521 0
1.382 0.83 0.0421679 0.0175182 0
1.384 0.83 0.0368368 0.0143202 0
1.386 0.83 0.034354 0.00969787 0
1.388 0.83 0.0441 0.0173785 0
1.39 0.832 0.0399712 0.0173188 0
1.392 0.832 0.0450464 0.0289902 0
1.394 0.834 0.0463113 0.0172009 0
1.396 0.834 0.0367024 0.0189791 0
1.398 0.834 0.0548996 0.0263306 0
1.4 0.834 0.0292613 0.014451 0
1.402 0.834 0.032386 0.0156871 0
1.404 0.834 0.0433391 0.01611 0
1.406 0.834 0.0330495 0.0184906 0
1.408 0.838 0.057897 0.0317047 0
1.41 0.84 0.0618553 0.0192929 0
1.412 0.84 0.0435979 0.0234827 0
1.414 0.84 0.0509996 0.0161188 0
1.416 0.842 0.032074 0.0188633 0
1.418 0.842 0.0451156 0.0168296 0
1.42 0.844 0.0483649 0.0174479 0
1.422 0.844 0.0410602 0.0160795 0
1.424 0.844 0.0454177 0.0322599 0
1.426 0.844 0.0501061 0.0229689 0
1.428 0.844 0.0522269 0.0228312 0
1.43 0.844 0.0321376 0.0185237 0
1.432 0.844 0.0397629 0.0150071 0
1.434 0.844 0.0396448 0.0123961 0
1.436 0.844 0.0355885 0.0136015 0
1.438 0.844 0.0414898 0.0138273 0
1.44 0.844 0.0497733 0.0255 0
1.442 0.844 0.0456539 0.0257239 0
1.444 0.844 0.030317 0.0136336 0
1.446 0.844 0.0484345 0.0244463 0
1.448 0.844 0.0604898 0.0315567 0
1.45 0.844 0.0487261 0.0167367 0
1.452 0.844 0.0445074 0.0231463 0
1.454 0.844 0.0486313 0.0162228 0
1.456 0.846 0.0346392 0.0214098 0
1.458 0.846 0.0562678 0.0343443 0
1.46 0.846 0.0542225 0.0255928 0
1.462 0.846 0.0439096 0.0168449 0
1.464 0.846 0.0452458 0.0229982 0
1.466 0.846 0.0500535 0.0285549 0
1.468 0.848 0.0448227 0.0169166 0
1.47 0.848 0.041953 0.0188465 0
1.472 0.848 0.0580155 0.0274885 0
1.474 0.848 0.0467359 0.0208423 0
1.476 0.848 0.0412753 0.0203518 0
1.478 0.848 0.0466746 0.0153716 0
1.48 0.848 0.0599838 0.0294294 0
1.482 0.848 0.065651 0.0209606 0
1.484 0.848 0.0519745 0.0176776 0
1.486 0.848 0.0404064 0.0187859 0
1.488 0.848 0.04597 0.0354811 0
1.49 0.848 0.0390993 0.0198736 0
1.492 0.848 0.0356755 0.023903 0
1.494 0.848 0.0502538 0.0213326 0
1.496 0.848 0.0358659 0.0197728 0
1.498 0.848 0.0549761 0.0216903 0
1.5 0.848 0.0504696 0.0153087 0
1.502 0.85 0.0313171 0.0142321 0
1.504 0.85 0.0491795 0.0210386 0
1.506 0.85 0.0438762 0.01923 0
1.508 0.85 0.0390789 0.0140514 0
1.51 0.85 0.0306158 0.0158332 0
1.512 0.852 0.0540687 0.0225995 0
1.514 0.852 0.054172 0.0322686 0
1.516 0.852 0.0400522 0.0183649 0
1.518 0.852 0.0477305 0.0190226 0
1.52 0.852 0.0542343 0.0217413 0
1.522 0.852 0.0577886 0.0248094 0
1.524 0.852 0.0392119 0.0159707 0
1.526 0.852 0.0473722 0.023349 0
1.528 0.852 0.0423492 0.0285661 0
1.53 0.852 0.0558615 0.0262307 0
1.532 0.852 0.0364002 0.0226572 0
1.534 0.852 0.0584753 0.0225461 0
1.536 0.852 0.0514672 0.0274726 0
1.538 0.852 0.0541525 0.0341179 0
1.54 0.852 0.0555014 0.0212898 0
1.542 0.852 0.0722813 0.0288499 0
1.544 0.852 0.0357789 0.0197154 0
1.546 0.852 0.040698 0.0209364 0
1.548 0.852 0.0435372 0.0146145 0
1.55 0.852 0.0376132 0.0119873 0
1.552 0.852 0.0471402 0.0134088 0
1.554 0.852 0.0538302 0.0239015 0
1.556 0.852 0.0355943 0.0165777 0
1.558 0.852 0.0507798 0.0141041 0
1.56 0.852 0.0426031 0.0218889 0
1.562 0.854 0.0492539 0.0211898 0
1.564 0.854 0.047646 0.0211136 0
1.566 0.854 0.0581251 0.018225 0
1.568 0.854 0.0426703 0.0217053 0
1.57 0.854 0.0411676 0.0164768 0
1.572 0.854 0.0286777 0.0157244 0
1.574 0.854 0.0513017 0.0240171 0
1.576 0.854 0.0369426 0.0176553 0
1.578 0.854 0.0445335 0.0246153 0
1.58 0.856 0.0445517 0.0186044 0
1.582 0.856 0.0517766 0.0216281 0
1.584 0.858 0.054614 0.0244289 0
1.586 0.858 0.0482068 0.0265171 0
1.588 0.858 0.0327346 0.0183542 0
1.59 0.858 0.063998 0.032143 0
1.592 0.86 0.0778723 0.0206064 0
1.594 0.86 0.0408163 0.0231142 0
1.596 0.862 0.0504017 0.0286384 0
1.598 0.864 0.0571829 0.0133891 0
1.6 0.864 0.0617644 0.0283464 0
1.602 0.864 0.0356785 0.0179797 0
1.604 0.864 0.0511519 0.0193308 0
1.606 0.864 0.0582268 0.0280377 0
1.608 0.864 0.0448415 0.0204569 0
1.61 0.866 0.0685896 0.0307399 0
1.612 0.866 0.0446786 0.0182057 0
1.614 0.866 0.0647101 0.0243643 0
1.616 0.866 0.0545343 0.0244202 0
1.618 0.868 0.0387191 0.019156 0
1.62 0.868 0.0346707 0.0181366 0
1.622 0.87 0.0364278 0.0179052 0
1.624 0.87 0.0324634 0.0202595 0
1.626 0.87 0.0354867 0.0142798 0
1.628 0.87 0.0365244 0.0209124 0
1.63 0.87 0.0425955 0.0205074 0
1.632 0.87 0.0623019 0.0233854 0
1.634 0.87 0.0427282 0.0216566 0
1.636 0.87 0.0573333 0.0180191 0
1.638 0.87 0.0834351 0.0234219 0
1.64 0.87 0.0391819 0.017816 0
1.642 0.87 0.054442 0.0219398 0
1.644 0.87 0.0791369 0.0307862 0
1.646 0.87 0.0516712 0.0319771 0
1.648 0.87 0.063803 0.0314113 0
1.65 0.87 0.047149 0.0244565 0
1.652 0.87 0.0432127 0.0177218 0
1.654 0.87 0.0540204 0.0325133 0
1.656 0.87 0.0584066 0.0262802 0
1.658 0.87 0.0440631 0.0270438 0
1.66 0.87 0.0493137 0.0166704 0
1.662 0.87 0.0484214 0.0123013 0
1.664 0.87 0.0494261 0.0197741 0
1.666 0.872 0.0450413 0.0242923 0
1.668 0.872 0.0416601 0.0206878 0
1.67 0.872 0.0479018 0.0200763 0
1.672 0.872 0.0373661 0.0170824 0
1.674 0.872 0.0539479 0.0172349 0
1.676 0.872 0.0441692 0.0241529 0
1.678 0.872 0.0616264 0.02583 0
1.68 0.872 0.0567152 0.0251196 0
1.682 0.872 0.0544228 0.0340846 0
1.684 0.874 0.0489966 0.0228414 0
1.686 0.874 0.0507976 0.0233747 0
1.688 0.874 0.0556268 0.0245784 0
1.69 0.874 0.055628 0.0324564 0
1.692 0.874 0.0597734 0.0236529 0
1.694 0.874 0.0533315 0.0252537 0
1.696 0.874 0.0582938 0.0376746 0
1.698 0.874 0.0410712 0.0155622 0
1.7 0.876 0.0342687 0.0153036 0
1.702 0.878 0.0542355 0.0173227 0
1.704 0.88 0.0396269 0.0172286 0
1.706 0.88 0.0485154 0.022782 0
1.708 0.88 0.0836492 0.0359279 0
1.71 0.88 0.0454875 0.0211163 0
1.712 0.88 0.0467442 0.024586 0
1.714 0.88 0.040581 0.0313859 0
1.716 0.88 0.0538853 0.0232487 0
1.718 0.882 0.0425229 0.0212256 0
1.72 0.882 0.0649685 0.0296924 0
1.722 0.884 0.038301 0.0146344 0
1.724 0.884 0.0690616 0.0353809 0
1.726 0.884 0.0624904 0.0318458 0
1.728 0.884 0.0584005 0.0176633 0
1.73 0.884 0.040832 0.0194786 0
1.732 0.884 0.0447935 0.0179571 0
1.734 0.884 0.0677521 0.0293526 0
1.736 0.884 0.0581592 0.0267487 0
1.738 0.884 0.047735 0.0244554 0
1.74 0.884 0.0372445 0.0216568 0
1.742 0.884 0.0547407 0.022548 0
1.744 0.884 0.0415387 0.0156922 0
1.746 0.886 0.0428309 0.0160613 0
1.748 0.888 0.0565161 0.0246118 0
1.75 0.888 0.0352454 0.0149898 0
1.752 0.888 0.0380086 0.0161428 0
1.754 0.888 0.0742193 0.029908 0
1.756 0.888 0.0536651 0.0190933 0
1.758 0.888 0.0627015 0.0225187 0
1.76 0.888 0.0640925 0.0245756 0
1.762 0.888 0.0449144 0.0205719 0
1.764 0.89 0.0442523 0.0163075 0
1.766 0.89 0.0429447 0.0178194 0
1.768 0.89 0.0357566 0.0174391 0
1.77 0.89 0.0543414 0.0255498 0
1.772 0.89 0.0575686 0.023783 0
1.774 0.89 0.0471937 0.0195619 0
1.776 0.89 0.0403039 0.0201192 0
1.778 0.89 0.0660976 0.0275606 0
1.78 0.892 0.0520824 0.0252075 0
1.782 0.892 0.0560405 0.0271554 0
1.784 0.892 0.055403 0.0240679 0
1.786 0.892 0.0646797 0.0272415 0
1.788 0.892 0.0710566 0.0294617 0
1.79 0.892 0.0452488 0.0185599 0
1.792 0.892 0.0463622 0.0171804 0
1.794 0.892 0.0701221 0.026361 0
1.796 0.894 0.0748328 0.0326522 0
1.798 0.894 0.0318752 0.0141479 0
1.8 0.894 0.0586386 0.0299655 0
1.802 0.894 0.0559582 0.0182516 0
1.804 0.894 0.0610713 0.0248627 0
1.806 0.894 0.0739889 0.0281171 0
1.808 0.894 0.0347958 0.0291753 0
1.81 0.894 0.0533074 0.0197192 0
1.812 0.894 0.0595204 0.0266562 0
1.814 0.894 0.0440979 0.0163299 0
1.816 0.894 0.0391573 0.020747 0
1.818 0.894 0.0551979 0.0184747 0
1.82 0.896 0.0542519 0.0271203 0
1.822 0.896 0.0748621 0.0188446 0
1.824 0.896 0.0447815 0.0237702 0
1.826 0.896 0.0472579 0.0237373 0
1.828 0.896 0.0556742 0.0301563 0
1.83 0.896 0.0524647 0.0237066 0
1.832 0.896 0.0549256 0.0285274 0
1.834 0.896 0.0602964 0.0289485 0
1.836 0.896 0.0602842 0.0262506 0
1.838 0.896 0.0707955 0.0262586 0
1.84 0.896 0.0382236 0.0117325 0
1.842 0.896 0.0557436 0.0246137 0
1.844 0.896 0.035756 0.0187838 0
1.846 0.896 0.0278339 0.0108217 0
1.848 0.896 0.0588965 0.0354195 0
1.85 0.896 0.0463072 0.0211673 0
1.852 0.896 0.06295 0.0339653 0
1.854 0.896 0.0588094 0.0272285 0
1.856 0.896 0.0296236 0.0134154 0
1.858 0.896 0.0295522 0.0119679 0
1.86 0.896 0.0469613 0.0183026 0
1.862 0.898 0.0443794 0.013772 0
1.864 0.898 0.049063 0.0279298 0
1.866 0.898 0.0556044 0.0229165 0
1.868 0.898 0.055178 0.03056 0
1.87 0.898 0.0479784 0.0226882 0
1.872 0.898 0.0335589 0.0164635 0
1.874 0.898 0.0326333 0.0174426 0
1.876 0.9 0.0637716 0.0269407 0
1.878 0.9 0.0619966 0.0322398 0
1.88 0.9 0.0500581 0.0265367 0
1.882 0.902 0.0597471 0.0290255 0
1.884 0.902 0.0449445 0.019542 0
1.886 0.902 0.0783317 0.0239047 0
1.888 0.902 0.0710503 0.0189878 0
1.89 0.902 0.0485753 0.0180296 0
1.892 0.902 0.0664532 0.0262769 0
1.894 0.904 0.0751924 0.0334166 0
1.896 0.904 0.0597162 0.0239254 0
1.898 0.904 0.0485951 0.0201028 0
1.9 0.904 0.0590954 0.0360751 0
1.902 0.904 0.0419163 0.0136899 0
1.904 0.904 0.0374921 0.0154525 0
1.906 0.906 0.0560308 0.0177637 0
1.908 0.906 0.0490972 0.0218874 0
1.91 0.908 0.0645877 0.0279633 0
1.912 0.908 0.053985 0.0143741 0
1.914 0.908 0.0426677 0.0224573 0
1.916 0.908 0.0703986 0.0312222 0
1.918 0.908 0.0676651 0.0295011 0
1.92 0.908 0.03999 0.0218937 0
1.922 0.908 0.0745216 0.0240972 0
1.924 0.908 0.0521058 0.0256474 0
1.926 0.908 0.0513822 0.0184638 0
1.928 0.908 0.0554121 0.0252777 0
1.93 0.908 0.0587517 0.0278983 0
1.932 0.908 0.0288125 0.0173928 0
1.934 0.908 0.102056 0.0299159 0
1.936 0.908 0.0545937 0.0298118 0
1.938 0.908 0.0544156 0.0255216 0
1.94 0.908 0.0727554 0.0289563 0
1.942 0.908 0.0503339 0.0196401 0
1.944 0.908 0.0944424 0.0347906 0
1.946 0.908 0.0365397 0.0150643 0
1.948 0.908 0.0794284 0.0397303 0
1.95 0.908 0.0758394 0.0287178 0
1.952 0.908 0.0780745 0.0485821 0
1.954 0.908 0.0716885 0.0302145 0
1.956 0.908 0.049999 0.0212353 0
1.958 0.908 0.0590317 0.0218439 0
1.96 0.908 0.033789 0.0137433 0
1.962 0.91 0.0476533 0.0326439 0
1.964 0.91 0.0692822 0.0177597 0
1.966 0.91 0.0784049 0.0370159 0
1.968 0.91 0.0536279 0.0300557 0
1.97 0.91 0.046805 0.0259896 0
1.972 0.91 0.09285 0.03197 0
1.974 0.91 0.0480471 0.0181238 0
1.976 0.91 0.0616274 0.0320755 0
1.978 0.91 0.0549147 0.0226769 0
1.98 0.91 0.0586045 0.0259648 0
1.982 0.91 0.0638413 0.0341893 0
1.984 0.91 0.115115 0.0573691 0
1.986 0.91 0.0585783 0.0205415 0
1.988 0.91 0.0514685 0.0312393 0
1.99 0.91 0.0552413 0.0336255 0
1.992 0.91 0.0601362 0.0210944 0
1.994 0.91 0.0508128 0.0199839 0
1.996 0.91 0.0618868 0.027279 0
1.998 0.91 0.0495941 0.0324461 0
2 0.91 0.0525342 0.0443079 0
2.002 0.91 0.0685382 0.0466829 0
2.004 0.91 0.0636238 0.0235213 0
2.006 0.91 0.0725231 0.0279248 0
2.008 0.91 0.0658207 0.0232596 0
2.01 0.91 0.0832017 0.0306111 0
2.012 0.91 0.0759575 0.0462596 0
2.014 0.91 0.0561375 0.0272489 0
2.016 0.91 0.0428308 0.0140354 0
2.018 0.91 0.0426748 0.0333274 0
2.02 0.91 0.060932 0.0156864 0
2.022 0.91 0.074953 0.0236173 0
2.024 0.91 0.0616768 0.0264726 0
2.026 0.91 0.0586212 0.025647 0
2.028 0.91 0.0903897 0.034768 0
2.03 0.91 0.0856221 0.028136 0
2.032 0.91 0.0805089 0.0205104 0
2.034 0.91 0.102459 0.0313193 0
2.036 0.91 0.07549 0.0151441 0
2.038 0.912 0.0584784 0.0319245 0
2.04 0.912 0.0442066 0.028441 0
2.042 0.912 0.0882089 0.052613 0
2.044 0.912 0.100638 0.0382112 0
2.046 0.912 0.0534523 0.0308466 0
2.048 0.912 0.0509243 0.0273856 0
2.05 0.912 0.0714811 0.0406809 0
2.052 0.912 0.0943623 0.0451024 0
2.054 0.912 0.0905903 0.0685985 0
2.056 0.912 0.0848979 0.0299101 0
2.058 0.912 0.0490955 0.0176238 0
2.06 0.912 0.0432576 0.021222 0
2.062 0.912 0.051656 0.0288895 0
2.064 0.912 0.0688384 0.0248201 0
2.066 0.912 0.0470227 0.0235109 0
2.068 0.912 0.0902841 0.0562069 0
2.07 0.914 0.0512021 0.0261115 0
2.072 0.916 0.0408376 0.0198872 0
2.074 0.916 0.044223 0.0162739 0
2.076 0.918 0.0862856 0.0436405 0
2.078 0.918 0.0801407 0.0308055 0
2.08 0.918 0.086208 0.0255266 0
2.082 0.918 0.110419 0.027968 0
2.084 0.918 0.104442 0.0399592 0
2.086 0.92 0.0601634 0.0294817 0
2.088 0.92 0.109218 0.0330896 0
2.09 0.92 0.0621107 0.0143807 0
2.092 0.92 0.0718341 0.0318663 0
2.094 0.92 0.10853 0.0251726 0
2.096 0.92 0.103246 0.0460473 0
2.098 0.92 0.0721961 0.032148 0
2.1 0.922 0.125694 0.0502746 0
2.102 0.922 0.0544134 0.0268497 0
2.104 0.922 0.0675836 0.0486637 0
2.106 0.922 0.0510816 0.0211941 0
2.108 0.922 0.064691 0.0367723 0
2.11 0.922 0.0492001 0.0187865 0
2.112 0.922 0.0530667 0.0146926 0
2.114 0.922 0.081357 0.0357367 0
2.116 0.922 0.0652028 0.0276489 0
2.118 0.922 0.0655261 0.027467 0
2.12 0.922 0.0563185 0.0201355 0
2.122 0.922 0.114765 0.0522525 0
2.124 0.922 0.100822 0.0524384 0
2.126 0.922 0.0632741 0.0390389 0
2.128 0.924 0.0772865 0.0382444 0
2.13 0.924 0.111226 0.0326132 0
2.132 0.926 0.179401 0.0464301 0
2.134 0.926 0.0640496 0.0469867 0
2.136 0.926 0.111026 0.0282244 0
2.138 0.926 0.12029 0.0559071 0
2.14 0.928 0.0896608 0.0379536 0
2.142 0.928 0.199083 0.0236914 0
2.144 0.928 0.103422 0.0489742 0
2.146 0.928 0.0695664 0.0374723 0
2.148 0.928 0.0694709 0.0417465 0
2.15 0.928 0.105757 0.0457447 0
2.152 0.928 0.125522 0.0241692 0
2.154 0.928 0.0852237 0.0325424 0
2.156 0.928 0.0797485 0.0274751 0
2.158 0.928 0.0533528 0.0247984 0
2.16 0.928 0.0554558 0.0277296 0
2.162 0.928 0.0934677 0.0291699 0
2.164 0.928 0.111459 0.0142641 0
2.166 0.928 0.0960057 0.0548876 0
2.168 0.928 0.125448 0.0374923 0
2.17 0.928 0.092239 0.0459393 0
2.172 0.928 0.297165 0.0861564 0
2.174 0.928 0.335364 0.0167468 0
2.176 0.928 0.310137 0.0316329 0
2.178 0.928 0.396499 0.0306537 0
2.18 0.928 0.334769 0.0243081 0
2.182 0.928 0.407563 0.0363471 0
2.184 0.928 0.358977 0.0625023 0
2.186 0.928 0.289572 0.0419325 0
2.188 0.928 0.34109 0.0387751 0
2.19 0.928 0.401432 0.0357593 0
2.192 0.928 0.398805 0.040941 0
2.194 0.928 0.405884 0.0282586 0
2.196 0.928 0.336112 0.053082 0
2.198 0.928 0.296796 0.049821 0
2.2 0.928 0.392683 0.0249388 0
2.202 0.93 0.365307 0.0283429 0
2.204 0.932 0.373464 0.0292759 0
2.206 0.932 0.329631 0.0489359 0
2.208 0.932 0.331314 0.0344415 0
2.21 0.932 0.377701 0.00864185 0
2.212 0.934 0.355081 0.0198111 0
2.214 0.934 0.36134 0.0175344 0
2.216 0.934 0.373918 0.0347752 0
2.218 0.934 0.395005 0.0165901 0
2.22 0.934 0.343678 0.0331739 0
2.222 0.934 0.41871 0.032481 0
2.224 0.934 0.346965 0.0345978 0
2.226 0.934 0.410269 0.0240271 0
2.228 0.934 0.394009 0.0204611 0
2.23 0.936 0.396908 0.015312 0
2.232 0.936 0.399178 0.0113748 0
2.234 0.936 0.43697 0.0189971 0
2.236 0.936 0.387487 0.0398621 0
2.238 0.938 0.375085 0.0316208 0
2.24 0.94 0.424361 0.021948 0
2.242 0.942 0.421005 0.0214038 0
2.244 0.942 0.435667 0.053485 0
2.246 0.942 0.42085 0.0292824 0
2.248 0.942 0.438511 0.0602481 0
2.25 0.942 0.374055 0.0324459 0
2.252 0.946 0.412545 0.0452273 0
2.254 0.946 0.390168 0.0349593 0
2.256 0.946 0.400916 0.0221949 0
2.258 0.946 0.401905 0.02354 0
2.26 0.948 0.393844 0.0233423 0
2.262 0.948 0.393789 0.0374751 0
2.264 0.948 0.417722 0.0377165 0
2.266 0.948 0.440987 0.0169961 0
2.268 0.948 0.411971 0.0398736 0
2.27 0.948 0.394329 0.0404419 0
2.272 0.948 0.413939 0.0253454 0
2.274 0.948 0.464836 0.0199298 0
2.276 0.948 0.433089 0.0145588 0
2.278 0.948 0.428799 0.0204064 0
2.28 0.948 0.426387 0.023893 0
2.282 0.948 0.467726 0.0315368 0
2.284 0.948 0.455574 0.0145873 0
2.286 0.95 0.44807 0.0260906 0
2.288 0.95 0.455604 0.0271573 0
2.29 0.952 0.489782 0.0290336 0
2.292 0.952 0.459264 0.0204759 0
2.294 0.952 0.474825 0.0315469 0
2.296 0.952 0.472119 0.0141252 0
2.298 0.952 0.43575 0.0190625 0
2.3 0.952 0.458264 0.0373721 0
2.302 0.952 0.460515 0.031698 0
2.304 0.952 0.461314 0.0287821 0
2.306 0.952 0.432603 0.0293733 0
2.308 0.952 0.425608 0.0406728 0
2.31 0.952 0.466576 0.0198437 0
2.312 0.952 0.466201 0.0254906 0
2.314 0.952 0.436419 0.0198163 0
2.316 0.952 0.468883 0.051588 0
2.318 0.952 0.417122 0.0389416 0
2.32 0.952 0.483362 0.0474809 0
2.322 0.952 0.446927 0.0220893 0
2.324 0.952 0.441281 0.0237209 0
2.326 0.952 0.468271 0.0223801 0
2.328 0.952 0.453391 0.0286685 0
2.33 0.952 0.528585 0.0385542 0
2.332 0.952 0.477123 0.0315877 0
2.334 0.952 0.499129 0.0380703 0
2.336 0.952 0.453249 0.0568445 0
2.338 0.952 0.486878 0.0285854 0
2.34 0.952 0.502126 0.0211332 0
2.342 0.952 0.502803 0.0323762 0
2.344 0.952 0.484482 0.0151962 0
2.346 0.952 0.479016 0.0249092 0
2.348 0.952 0.508704 0.0411033 0
2.35 0.952 0.488712 0.0112825 0
2.352 0.954 0.516241 0.0114815 0
2.354 0.954 0.509808 0.0237548 0
2.356 0.956 0.525727 0.019247 0
2.358 0.956 0.473819 0.0187807 0
2.36 0.956 0.511806 0.0222248 0
2.362 0.956 0.480757 0.0157038 0
2.364 0.956 0.460683 0.022967 0
2.366 0.956 0.488858 0.0235503 0
2.368 0.956 0.516358 0.0517023 0
2.37 0.956 0.514675 0.0216382 0
2.372 0.956 0.518908 0.0291205 0
2.374 0.956 0.561368 0.0151207 0
2.376 0.956 0.523179 0.0119588 0
2.378 0.956 0.542528 0.0161827 0
2.38 0.956 0.502937 0.02191 0
2.382 0.956 0.532485 0.0225412 0
2.384 0.956 0.548323 0.0311749 0
2.386 0.956 0.54202 0.0209783 0
2.388 0.958 0.537138 0.0282134 0
2.39 0.96 0.533893 0.0145088 0
2.392 0.96 0.534302 0.0208463 0
2.394 0.96 0.567886 0.0269954 0
2.396 0.96 0.532919 0.0124555 0
2.398 0.96 0.539336 0.0108332 0
2.4 0.96 0.557577 0.00846841 0
2.402 0.96 0.53742 0.0271779 0
2.404 0.96 0.541001 0.0169366 0
2.406 0.96 0.555904 0.0195461 0
2.408 0.96 0.5381 0.0206147 0
2.41 0.96 0.557856 0.0167267 0
2.412 0.962 0.576117 0.0237199 0
2.414 0.962 0.576328 0.0240789 0
2.416 0.962 0.538584 0.0161125 0
2.418 0.962 0.546879 0.0244688 0
2.42 0.962 0.564224 0.028903 0
2.422 0.962 0.567727 0.0370758 0
2.424 0.962 0.56088 0.0207794 0
2.426 0.962 0.543558 0.0161166 0
2.428 0.962 0.568555 0.0354765 0
2.43 0.962 0.559193 0.0273247 0
2.432 0.962 0.543616 0.0229857 0
2.434 0.962 0.568712 0.00997975 0
2.436 0.962 0.560676 0.0234989 0
2.438 0.964 0.570294 0.00751834 0
2.44 0.964 0.570793 0.0182496 0
2.442 0.964 0.583219 0.0126219 0
2.444 0.964 0.577425 0.0225928 0
2.446 0.964 0.564382 0.0240346 0
2.448 0.964 0.593081 0.0177381 0
2.45 0.964 0.572344 0.0238586 0
2.452 0.964 0.596031 0.0190988 0
2.454 0.964 0.571971 0.0114889 0
2.456 0.964 0.581283 0.0373943 0
2.458 0.964 0.56679 0.0290769 0
2.46 0.964 0.585202 0.0356212 0
2.462 0.964 0.591398 0.0327863 0
2.464 0.964 0.573846 0.0182005 0
2.466 0.964 0.592293 0.0348125 0
2.468 0.964 0.588141 0.0197346 0
2.47 0.964 0.589118 0.0239393 0
2.472 0.964 0.574183 0.00912136 0
2.474 0.964 0.593191 0.0186193 0
2.476 0.964 0.574879 0.0134666 0
2.478 0.964 0.585196 0.0196954 0
2.48 0.964 0.573011 0.0128662 0
2.482 0.964 0.596954 0.0199646 0
2.484 0.964 0.587647 0.00960488 0
2.486 0.964 0.58328 0.0209873 0
2.488 0.966 0.601083 0.0124879 0
2.49 0.966 0.595532 0.0295072 0
2.492 0.966 0.584394 0.0294328 0
2.494 0.966 0.58437 0.0156169 0
2.496 0.966 0.590904 0.00941708 0
2.498 0.966 0.566696 0.0116757 0
2.5 0.966 0.598972 0.0141128 0
2.502 0.966 0.584988 0.0071987 0
2.504 0.966 0.60286 0.0135414 0
2.506 0.966 0.587024 0.0105333 0
2.508 0.966 0.601365 0.0267377 0
2.51 0.966 0.602622 0.0241444 0
2.512 0.966 0.594107 0.0352993 0
2.514 0.966 0.614081 0.0214086 0
2.516 0.966 0.57893 0.0259163 0
2.518 0.966 0.595146 0.0110229 0
2.52 0.966 0.586968 0.0107155 0
2.522 0.968 0.61168 0.0177327 0
2.524 0.97 0.596344 0.0156678 0
2.526 0.97 0.581175 0.0412311 0
2.528 0.97 0.602265 0.0276656 0
2.53 0.97 0.619136 0.0176678 0
2.532 0.97 0.599632 0.0146867 0
2.534 0.97 0.612834 0.0110812 0
2.536 0.97 0.600717 0.0143194 0
2.538 0.97 0.608272 0.0163745 0
2.54 0.97 0.595417 0.0307783 0
2.542 0.97 0.615145 0.0167135 0
2.544 0.97 0.604064 0.0135579 0
2.546 0.97 0.595688 0.013141 0
2.548 0.97 0.602369 0.0120862 0
2.55 0.97 0.601364 0.0191911 0
2.552 0.97 0.617438 0.015022 0
2.554 0.97 0.600802 0.0157052 0
2.556 0.97 0.612109 0.0107042 0
2.558 0.97 0.598688 0.0227 0
2.56 0.97 0.617856 0.00844966 0
2.562 0.97 0.610343 0.0144476 0
2.564 0.972 0.606754 0.0142903 0
2.566 0.972 0.614348 0.0124205 0
2.568 0.972 0.608912 0.0112386 0
2.57 0.972 0.606085 0.00925402 0
2.572 0.972 0.608739 0.0207978 0
2.574 0.972 0.640971 0.0111082 0
2.576 0.972 0.608306 0.0183125 0
2.578 0.972 0.624072 0.0217075 0
2.58 0.972 0.626643 0.0220807 0
2.582 0.972 0.605043 0.022172 0
2.584 0.972 0.631648 0.0242717 0
2.586 0.972 0.610208 0.0224416 0
2.588 0.972 0.63478 0.0264613 0
2.59 0.972 0.608348 0.0160829 0
2.592 0.972 0.608752 0.0108938 0
2.594 0.972 0.642376 0.0173054 0
2.596 0.972 0.610306 0.00999022 0
2.598 0.972 0.614318 0.0106399 0
2.6 0.972 0.614264 0.00621803 0
2.602 0.972 0.614887 0.020063 0
2.604 0.972 0.636148 0.0251376 0
2.606 0.972 0.635304 0.0212916 0
2.608 0.972 0.625532 0.0166007 0
2.61 0.972 0.638502 0.0185863 0
2.612 0.972 0.641804 0.0244314 0
2.614 0.972 0.631899 0.00891453 0
2.616 0.972 0.62045 0.0347023 0
2.618 0.972 0.6343 0.0210982 0
2.62 0.972 0.628159 0.0246393 0
2.622 0.974 0.640369 0.00751812 0
2.624 0.974 0.642079 0.00961557 0
2.626 0.974 0.62994 0.0106157 0
2.628 0.974 0.637505 0.0172221 0
2.63 0.974 0.644498 0.0306241 0
2.632 0.974 0.630916 0.0130097 0
2.634 0.976 0.645857 0.00940138 0
2.636 0.976 0.638993 0.0158238 0
2.638 0.976 0.633295 0.026916 0
2.64 0.976 0.650591 0.0163556 0
2.642 0.976 0.648986 0.00830564 0
2.644 0.976 0.627868 0.0256205 0
2.646 0.976 0.639891 0.012981 0
2.648 0.976 0.640594 0.0281869 0
2.65 0.976 0.639964 0.0171597 0
2.652 0.976 0.635808 0.0234818 0
2.654 0.976 0.650376 0.0141551 0
2.656 0.976 0.646097 0.0173393 0
2.658 0.976 0.65121 0.0183395 0
2.66 0.976 0.656901 0.00704069 0
2.662 0.976 0.653897 0.0292312 0
2.664 0.976 0.630389 0.0122056 0
2.666 0.976 0.659372 0.00818293 0
2.668 0.976 0.650237 0.0160332 0
2.67 0.976 0.653364 0.022047 0
2.672 0.976 0.648598 0.0086818 0
2.674 0.978 0.666527 0.0122246 0
2.676 0.978 0.671136 0.0197934 0
2.678 0.978 0.650739 0.026333 0
2.68 0.978 0.665127 0.00839315 0
2.682 0.978 0.672569 0.00807845 0
2.684 0.978 0.664553 0.0105205 0
2.686 0.978 0.669748 0.0173288 0
2.688 0.978 0.675865 0.0159103 0
2.69 0.978 0.67714 0.0107749 0
2.692 0.978 0.664662 0.00799949 0
2.694 0.978 0.653242 0.0240917 0
2.696 0.978 0.674469 0.0138019 0
2.698 0.978 0.660501 0.00776547 0
2.7 0.98 0.678902 0.0136801 0
2.702 0.98 0.661776 0.0236849 0
2.704 0.98 0.67468 0.0176595 0
2.706 0.98 0.680882 0.0231588 0
2.708 0.98 0.660554 0.025377 0
2.71 0.98 0.672184 0.0163927 0
2.712 0.98 0.659752 0.00996068 0
2.714 0.98 0.678905 0.00955104 0
2.716 0.98 0.665503 0.0128154 0
2.718 0.98 0.668143 0.0203549 0
2.72 0.98 0.665294 0.0143576 0
2.722 0.98 0.681708 0.00986966 0
2.724 0.98 0.66604 0.0108156 0
2.726 0.98 0.684708 0.0163634 0
2.728 0.98 0.667052 0.0174181 0
2.73 0.98 0.675825 0.0150388 0
2.732 0.98 0.693458 0.0179298 0
2.734 0.98 0.668572 0.0157884 0
2.736 0.98 0.68131 0.0101744 0
2.738 0.98 0.677159 0.00642396 0
2.74 0.98 0.695187 0.0115351 0
2.742 0.98 0.67017 0.03243 0
2.744 0.98 0.673149 0.0174298 0
2.746 0.98 0.689656 0.0178038 0
2.748 0.98 0.67868 0.0146245 0
2.75 0.98 0.683491 0.0166622 0
2.752 0.98 0.667928 0.00760452 0
2.754 0.98 0.688462 0.0107209 0
2.756 0.98 0.694707 0.0207606 0
2.758 0.98 0.678437 0.00682007 0
2.76 0.98 0.687091 0.0243722 0
2.762 0.98 0.677141 0.0237738 0
2.764 0.98 0.677818 0.0139351 0
2.766 0.98 0.670624 0.0154391 0
2.768 0.98 0.688387 0.0188095 0
2.77 0.98 0.686958 0.0100738 0
2.772 0.98 0.674973 0.014443 0
2.774 0.98 0.69337 0.010591 0
2.776 0.98 0.682458 0.015847 0
2.778 0.98 0.708805 0.0200111 0
2.78 0.98 0.675798 0.0139845 0
2.782 0.98 0.697115 0.0151463 0
2.784 0.98 0.690904 0.00615164 0
2.786 0.98 0.702961 0.012865 0
2.788 0.98 0.705035 0.0179815 0
2.79 0.98 0.700767 0.0177304 0
2.792 0.98 0.686227 0.0172449 0
2.794 0.98 0.706703 0.0197227 0
2.796 0.98 0.695917 0.0171671 0
2.798 0.98 0.696927 0.00732629 0
2.8 0.98 0.700165 0.0108467 0
2.802 0.98 0.709885 0.00839255 0
2.804 0.98 0.685121 0.0223024 0
2.806 0.98 0.690561 0.00994401 0
2.808 0.98 0.703405 0.0189238 0
2.81 0.98 0.69221 0.0176468 0
2.812 0.98 0.694957 0.0125236 0
2.814 0.98 0.718498 0.00932735 0
2.816 0.98 0.680604 0.00760567 0
2.818 0.98 0.701528 0.00976922 0
2.82 0.98 0.703265 0.0114272 0
2.822 0.98 0.707901 0.0129338 0
2.824 0.98 0.705883 0.013313 0
2.826 0.98 0.698421 0.00834987 0
2.828 0.98 0.696087 0.0133957 0
2.83 0.98 0.710155 0.00760527 0
2.832 0.98 0.691369 0.010061 0
2.834 0.98 0.691612 0.0067887 0
2.836 0.98 0.701625 0.0124069 0
2.838 0.98 0.714182 0.00416854 0
2.84 0.98 0.709702 0.0136097 0
2.842 0.98 0.701272 0.0137524 0
2.844 0.98 0.698131 0.00864017 0
2.846 0.98 0.723346 0.0189306 0
2.848 0.98 0.68801 0.0149444 0
2.85 0.982 0.714914 0.0111747 0
2.852 0.982 0.709866 0.0117221 0
2.854 0.982 0.695717 0.00674581 0
2.856 0.982 0.694468 0.00635004 0
2.858 0.982 0.713816 0.00942814 0
2.86 0.982 0.700251 0.00592633 0
2.862 0.982 0.705787 0.00673802 0
2.864 0.982 0.725988 0.00402824 0
2.866 0.982 0.707925 0.0137065 0
2.868 0.982 0.723777 0.00836572 0
2.87 0.982 0.71833 0.00585265 0
2.872 0.982 0.700774 0.00788879 0
2.874 0.982 0.733822 0.0115226 0
2.876 0.982 0.724024 0.0118726 0
2.878 0.982 0.704686 0.00818209 0
2.88 0.982 0.728779 0.0087691 0
2.882 0.982 0.71659 0.00751579 0
2.884 0.982 0.699424 0.0116551 0
2.886 0.982 0.727754 0.0114384 0
2.888 0.982 0.725756 0.00784761 0
2.89 0.982 0.724736 0.0107661 0
2.892 0.982 0.724234 0.0103566 0
2.894 0.982 0.725349 0.00811177 0
2.896 0.982 0.717956 0.0106331 0
2.898 0.982 0.716585 0.00546514 0
2.9 0.982 0.715356 0.00725605 0
2.902 0.982 0.735096 0.00681258 0
2.904 0.982 0.72303 0.0165868 0
2.906 0.982 0.713708 0.0102189 0
2.908 0.982 0.742767 0.0209928 0
2.91 0.982 0.728399 0.0100831 0
2.912 0.982 0.712319 0.00886036 0
2.914 0.982 0.726753 0.0058677 0
2.916 0.982 0.742133 0.00938887 0
2.918 0.982 0.722612 0.0167122 0
2.92 0.982 0.737889 0.00634815 0
2.922 0.982 0.727859 0.00566342 0
2.924 0.982 0.731928 0.00916574 0
2.926 0.982 0.742428 0.013441 0
2.928 0.982 0.732372 0.014209 0
2.93 0.982 0.729456 0.0100532 0
2.932 0.982 0.743474 0.0109194 0
2.934 0.982 0.732119 0.016102 0
2.936 0.982 0.725578 0.0143779 0
2.938 0.982 0.734741 0.00485932 0
2.94 0.982 0.740418 0.0142904 0
2.942 0.982 0.734056 0.0149706 0
2.944 0.982 0.744682 0.00993583 0
2.946 0.982 0.744725 0.00596887 0
2.948 0.982 0.736416 0.00966555 0
2.95 0.982 0.74014 0.00725367 0
2.952 0.982 0.735098 0.00587041 0
2.954 0.982 0.745977 0.00519721 0
2.956 0.982 0.739866 0.0042973 0
2.958 0.984 0.752985 0.00848701 0
2.96 0.984 0.751519 0.0054553 0
2.962 0.984 0.736158 0.0131198 0
2.964 0.984 0.737608 0.00811976 0
2.966 0.984 0.753616 0.0123228 0
2.968 0.984 0.737355 0.0131545 0
2.97 0.984 0.746406 0.00875003 0
2.972 0.984 0.749765 0.0085791 0
2.974 0.984 0.735978 0.00674026 0
2.976 0.984 0.754478 0.0154666 0
2.978 0.984 0.743779 0.00806137 0
2.98 0.984 0.737569 0.0134684 0
2.982 0.984 0.766717 0.0114321 0
2.984 0.984 0.747043 0.0128388 0
2.986 0.984 0.741283 0.00834747 0
2.988 0.984 0.756764 0.0218433 0
2.99 0.986 0.751327 0.00929242 0
2.992 0.986 0.746869 0.0120335 0
2.994 0.986 0.742378 0.00926511 0
2.996 0.986 0.767326 0.012074 0
2.998 0.986 0.746845 0.00613416 0
3 0.986 0.760363 0.00952071 0
3.002 0.986 0.754446 0.00997324 0
3.004 0.986 0.760426 0.0112574 0
3.006 0.986 0.759568 0.016932 0
3.008 0.986 0.743492 0.0129105 0
3.01 0.986 0.767123 0.00574355 0
3.012 0.986 0.765027 0.00641758 0
3.014 0.986 0.76039 0.00472782 0
3.016 0.986 0.752627 0.00935533 0
3.018 0.986 0.748473 0.0128859 0
3.02 0.986 0.769473 0.0138851 0
3.022 0.986 0.757973 0.00598621 0
3.024 0.986 0.762756 0.00466118 0
3.026 0.986 0.76793 0.00776312 0
3.028 0.986 0.769627 0.0103846 0
3.03 0.986 0.759057 0.00553499 0
3.032 0.986 0.761712 0.00524738 0
3.034 0.986 0.760472 0.00318221 0
3.036 0.986 0.771657 0.0101607 0
3.038 0.986 0.763036 0.0087126 0
3.04 0.986 0.759363 0.0102992 0
3.042 0.986 0.775639 0.00809856 0
3.044 0.986 0.765482 0.00525239 0
3.046 0.986 0.775045 0.00474327 0
3.048 0.986 0.766872 0.00759614 0
3.05 0.986 0.77228 0.0135375 0
3.052 0.986 0.77059 0.0215699 0
3.054 0.986 0.772482 0.0125839 0
3.056 0.986 0.777691 0.0121644 0
3.058 0.986 0.769959 0.00713351 0
3.06 0.986 0.773339 0.0109063 0
3.062 0.986 0.777475 0.00748357 0
3.064 0.986 0.777439 0.00756022 0
3.066 0.986 0.767986 0.00660348 0
3.068 0.986 0.775639 0.00268337 0
3.07 0.986 0.791559 0.00424465 0
3.072 0.986 0.775297 0.00580944 0
3.074 0.986 0.770732 0.00814448 0
3.076 0.986 0.770337 0.00512867 0
3.078 0.986 0.789384 0.0117984 0
3.08 0.986 0.776252 0.00450937 0
3.082 0.986 0.790348 0.0106971 0
3.084 0.988 0.777016 0.0128831 0
3.086 0.988 0.791824 0.0054203 0
3.088 0.988 0.783402 0.0124572 0
3.09 0.988 0.78673 0.00785025 0
3.092 0.988 0.779255 0.00352761 0
3.094 0.988 0.782427 0.0107647 0
3.096 0.988 0.791776 0.0126497 0
3.098 0.988 0.78767 0.00550261 0
3.1 0.988 0.788306 0.00512503 0
3.102 0.988 0.7861 0.00511898 0
3.104 0.988 0.788113 0.0052277 0
3.106 0.988 0.780208 0.00848462 0
3.108 0.988 0.78754 0.00539641 0
3.11 0.988 0.790108 0.00702007 0
3.112 0.988 0.791585 0.00794616 0
3.114 0.988 0.785068 0.00971047 0
3.116 0.99 0.795766 0.00817276 0
3.118 0.99 0.791746 0.0043997 0
3.12 0.99 0.792093 0.00378461 0
3.122 0.99 0.784966 0.00734194 0
3.124 0.99 0.78942 0.00613961 0
3.126 0.99 0.800405 0.00719088 0
3.128 0.99 0.79488 0.00500325 0
3.13 0.99 0.791369 0.00530372 0
3.132 0.99 0.794577 0.00187319 0
3.134 0.99 0.795854 0.00300768 0
3.136 0.99 0.784569 0.0086529 0
3.138 0.99 0.794495 0.00861266 0
3.14 0.99 0.793635 0.00632723 0
3.142 0.99 0.798302 0.00257005 0
3.144 0.99 0.795053 0.0142395 0
3.146 0.99 0.798503 0.00775684 0
3.148 0.99 0.795087 0.00557757 0
3.15 0.99 0.793787 0.00571987 0
3.152 0.99 0.792021 0.00837227 0
3.154 0.99 0.792561 0.00401462 0
3.156 0.99 0.805776 0.00465466 0
3.158 0.99 0.794791 0.00601115 0
3.16 0.99 0.802198 0.0123209 0
3.162 0.99 0.795421 0.008446 0
3.164 0.99 0.799987 0.0102912 0
3.166 0.99 0.800125 0.00284895 0
3.168 0.99 0.792936 0.00838183 0
3.17 0.99 0.809867 0.00791934 0
3.172 0.99 0.796065 0.00908298 0
3.174 0.99 0.813358 0.0118727 0
3.176 0.99 0.796439 0.0049923 0
3.178 0.99 0.805676 0.00208619 0
3.18 0.99 0.796775 0.00680479 0
3.182 0.99 0.802582 0.00631979 0
3.184 0.99 0.799891 0.00286652 0
3.186 0.99 0.804169 0.00949106 0
3.188 0.99 0.808524 0.00453726 0
3.19 0.99 0.802985 0.00583194 0
3.192 0.99 0.802556 0.00521132 0
3.194 0.99 0.802491 0.00436305 0
3.196 0.99 0.807468 0.00461078 0
3.198 0.99 0.802555 0.00735231 0
3.2 0.99 0.799326 0.00928263 0
3.202 0.99 0.80545 0.00719576 0
3.204 0.99 0.815223 0.0068552 0
3.206 0.99 0.798647 0.00434444 0
3.208 0.99 0.803902 0.00393806 0
3.21 0.99 0.802636 0.00785728 0
3.212 0.99 0.806945 0.00294681 0
3.214 0.99 0.801281 0.00543101 0
3.216 0.99 0.805276 0.00353537 0
3.218 0.99 0.811155 0.00588284 0
3.22 0.99 0.79917 0.00828873 0
3.222 0.99 0.806723 0.00392202 0
3.224 0.99 0.806962 0.0083441 0
3.226 0.99 0.81326 0.0108599 0
3.228 0.99 0.794422 0.00673041 0
3.23 0.99 0.81852 0.00400625 0
3.232 0.99 0.8058 0.00383928 0
3.234 0.99 0.814004 0.00710584 0
3.236 0.99 0.809864 0.00552946 0
3.238 0.99 0.808011 0.00618021 0
3.24 0.99 0.805496 0.00216817 0
3.242 0.99 0.812027 0.00330519 0
3.244 0.99 0.811431 0.00360384 0
3.246 0.99 0.812135 0.00375448 0
3.248 0.99 0.805387 0.00644302 0
3.25 0.99 0.817982 0.0091081 0
3.252 0.99 0.815792 0.00764304 0
3.254 0.99 0.809741 0.00345288 0
3.256 0.99 0.807676 0.00336332 0
3.258 0.99 0.812366 0.00729603 0
3.26 0.99 0.813323 0.0071396 0
3.262 0.99 0.807478 0.00751047 0
3.264 0.99 0.821 0.00737951 0
3.266 0.99 0.81561 0.0083788 0
3.268 0.99 0.81253 0.00392575 0
3.27 0.99 0.80956 0.00774415 0
3.272 0.99 0.81655 0.00636703 0
3.274 0.992 0.811496 0.00678866 0
3.276 0.992 0.814158 0.00715416 0
3.278 0.992 0.812963 0.00490648 0
3.28 0.992 0.826009 0.00576666 0
3.282 0.992 0.816466 0.00690553 0
3.284 0.992 0.826619 0.00968215 0
3.286 0.992 0.818172 0.00280516 0
3.288 0.994 0.823987 0.00860273 0
3.29 0.994 0.821613 0.00530636 0
3.292 0.994 0.819443 0.00724788 0
3.294 0.994 0.826738 0.0104779 0
3.296 0.994 0.824952 0.0083413 0
3.298 0.994 0.822645 0.00759895 0
3.3 0.994 0.81945 0.00846352 0
3.302 0.994 0.831191 0.00584308 0
3.304 0.994 0.819416 0.00390086 0
3.306 0.994 0.82779 0.00569023 0
3.308 0.994 0.817151 0.00315127 0
3.31 0.994 0.830504 0.00810433 0
3.312 0.994 0.817825 0.00949563 0
3.314 0.994 0.830119 0.0068973 0
3.316 0.994 0.822206 0.00417032 0
3.318 0.994 0.824956 0.00732396 0
3.32 0.994 0.826098 0.00685719 0
3.322 0.994 0.824767 0.00606724 0
3.324 0.994 0.81825 0.00627163 0
3.326 0.994 0.822751 0.00397053 0
3.328 0.994 0.822348 0.00167228 0
3.33 0.994 0.824582 0.00460649 0
3.332 0.994 0.819588 0.00397828 0
3.334 0.994 0.826712 0.00764908 0
3.336 0.994 0.821603 0.00443541 0
3.338 0.994 0.829565 0.00475938 0
3.34 0.994 0.822966 0.00447259 0
3.342 0.994 0.830991 0.00662542 0
3.344 0.994 0.830764 0.00502457 0
3.346 0.994 0.824803 0.00545252 0
3.348 0.994 0.825354 0.00921733 0
3.35 0.994 0.827971 0.00341184 0
3.352 0.994 0.827926 0.00859355 0
3.354 0.994 0.827882 0.00474628 0
3.356 0.994 0.822272 0.00471009 0
3.358 0.994 0.832474 0.00655753 0
3.36 0.994 0.825318 0.00509416 0
3.362 0.994 0.826541 0.00556023 0
3.364 0.994 0.825383 0.00524386 0
3.366 0.994 0.83196 0.00541247 0
3.368 0.994 0.825691 0.00360806 0
3.37 0.994 0.833433 0.00472451 0
3.372 0.994 0.830787 0.00324134 0
3.374 0.994 0.83367 0.00689297 0
3.376 0.994 0.824941 0.00974504 0
3.378 0.994 0.82977 0.00687569 0
3.38 0.994 0.831796 0.00647958 0
3.382 0.994 0.830127 0.00469634 0
3.384 0.994 0.82598 0.00418236 0
3.386 0.994 0.830108 0.00579786 0
3.388 0.994 0.831763 0.00894508 0
3.39 0.994 0.832577 0.00544104 0
3.392 0.994 0.832917 0.00187442 0
3.394 0.994 0.829388 0.00289445 0
3.396 0.994 0.835975 0.00757971 0
3.398 0.994 0.834572 0.00502805 0
3.4 0.994 0.838027 0.00531325 0
3.402 0.994 0.83189 0.010209 0
3.404 0.994 0.83372 0.00503215 0
3.406 0.994 0.841592 0.00673135 0
3.408 0.994 0.838187 0.00429375 0
3.41 0.994 0.839139 0.00367572 0
3.412 0.994 0.840547 0.00552913 0
3.414 0.994 0.840675 0.00400351 0
3.416 0.994 0.836075 0.00498127 0
3.418 0.994 0.84099 0.00571558 0
3.42 0.994 0.837522 0.010233 0
3.422 0.994 0.841001 0.00747645 0
3.424 0.994 0.834849 0.00407921 0
3.426 0.994 0.839087 0.00473258 0
3.428 0.994 0.843228 0.00416606 0
3.43 0.994 0.8366 0.00638645 0
3.432 0.994 0.842561 0.0102177 0
3.434 0.994 0.838729 0.00331803 0
3.436 0.994 0.847355 0.00204178 0
3.438 0.994 0.840331 0.00410341 0
3.44 0.994 0.83904 0.00327561 0
3.442 0.994 0.840984 0.00365897 0
3.444 0.994 0.850337 0.00609765 0
3.446 0.994 0.83659 0.00512408 0
3.448 0.994 0.842774 0.00373976 0
3.45 0.994 0.844274 0.00484688 0
3.452 0.994 0.846936 0.00220892 0
3.454 0.994 0.837218 0.00896877 0
3.456 0.994 0.848861 0.00482077 0
3.458 0.994 0.845039 0.00501502 0
3.46 0.994 0.841594 0.00448075 0
3.462 0.994 0.849944 0.00157281 0
3.464 0.994 0.847827 0.00516369 0
3.466 0.994 0.846907 0.00241768 0
3.468 0.994 0.849626 0.00292135 0
3.47 0.994 0.851905 0.00286532 0
3.472 0.994 0.848078 0.00436678 0
3.474 0.994 0.852714 0.00115032 0
3.476 0.994 0.850894 0.00316793 0
3.478 0.994 0.851914 0.00490618 0
3.48 0.994 0.850831 0.00587833 0
3.482 0.994 0.855323 0.00684667 0
3.484 0.994 0.851702 0.00518182 0
3.486 0.994 0.84916 0.00476381 0
3.488 0.994 0.85414 0.00832481 0
3.49 0.994 0.854709 0.0021169 0
3.492 0.994 0.849731 0.00286236 0
3.494 0.994 0.852132 0.00220661 0
3.496 0.994 0.849412 0.00536661 0
3.498 0.994 0.859522 0.00314711 0
3.5 0.994 0.852005 0.00477652 0
3.502 0.994 0.847732 0.00315675 0
3.504 0.994 0.85596 0.0020918 0
3.506 0.994 0.856908 0.00643768 0
3.508 0.994 0.848381 0.00431326 0
3.51 0.994 0.853436 0.00738526 0
3.512 0.994 0.854367 0.00190672 0
3.514 0.994 0.855553 0.00387195 0
3.516 0.994 0.855604 0.00450202 0
3.518 0.994 0.854385 0.0051106 0
3.52 0.994 0.85306 0.00649821 0
3.522 0.994 0.858114 0.00449424 0
3.524 0.994 0.855141 0.00300693 0
3.526 0.994 0.855004 0.00312967 0
3.528 0.994 0.858929 0.0057099 0
3.53 0.994 0.859834 0.00368063 0
3.532 0.994 0.853851 0.00353326 0
3.534 0.994 0.860657 0.00324834 0
3.536 0.994 0.858084 0.00507595 0
3.538 0.994 0.856728 0.00523004 0
3.54 0.994 0.856133 0.00405424 0
3.542 0.994 0.858765 0.00135528 0
3.544 0.994 0.861093 0.00204873 0
3.546 0.994 0.863016 0.0044926 0
3.548 0.994 0.855983 0.00823262 0
3.55 0.994 0.863331 0.0016596 0
3.552 0.994 0.86591 0.00259001 0
3.554 0.994 0.864234 0.00654554 0
3.556 0.994 0.861742 0.00491685 0
3.558 0.994 0.865995 0.00460105 0
3.56 0.994 0.865638 0.00302896 0
3.562 0.994 0.865104 0.0046962 0
3.564 0.994 0.863263 0.00822485 0
3.566 0.994 0.864545 0.00208159 0
3.568 0.994 0.865658 0.00229979 0
3.57 0.994 0.865164 0.00223719 0
3.572 0.994 0.861672 0.00291791 0
3.574 0.994 0.868029 0.00256874 0
3.576 0.994 0.867876 0.00325965 0
3.578 0.994 0.861905 0.00403201 0
3.58 0.994 0.867834 0.00285053 0
3.582 0.994 0.866828 0.00393582 0
3.584 0.994 0.863852 0.00174823 0
3.586 0.994 0.867485 0.00376958 0
3.588 0.994 0.864632 0.00670181 0
3.59 0.994 0.867202 0.00216713 0
3.592 0.994 0.86671 0.00381567 0
3.594 0.994 0.863311 0.00336798 0
3.596 0.996 0.866754 0.00341557 0
3.598 0.996 0.868642 0.00362322 0
3.6 0.996 0.864972 0.00733026 0
3.602 0.996 0.864102 0.00465144 0
3.604 0.996 0.866605 0.00643927 0
3.606 0.996 0.865404 0.00394249 0
3.608 0.996 0.869837 0.00447576 0
3.61 0.996 0.86702 0.002272 0
3.612 0.996 0.871196 0.00179792 0
3.614 0.996 0.874049 0.00184058 0
3.616 0.996 0.87231 0.00496138 0
3.618 0.996 0.868036 0.00227979 0
3.62 0.998 0.875839 0.00231866 0
3.622 0.998 0.876218 0.0036973 0
3.624 0.998 0.872745 0.00339196 0
3.626 0.998 0.874415 0.00304112 0
3.628 0.998 0.874763 0.00534043 0
3.63 0.998 0.875717 0.00514894 0
3.632 0.998 0.876625 0.00582318 0
3.634 0.998 0.870693 0.00307093 0
3.636 0.998 0.878398 0.00324797 0
3.638 0.998 0.875524 0.00306296 0
3.64 0.998 0.874062 0.00191657 0
3.642 0.998 0.872739 0.00169001 0
3.644 0.998 0.878449 0.005195 0
3.646 0.998 0.873846 0.00269302 0
3.648 0.998 0.875258 0.00540179 0
3.65 0.998 0.875349 0.00479797 0
3.652 0.998 0.876592 0.00284092 0
3.654 0.998 0.877954 0.00521702 0
3.656 0.998 0.875967 0.00440073 0
3.658 0.998 0.873387 0.00407668 0
3.66 0.998 0.882879 0.00322318 0
3.662 0.998 0.87605 0.00288655 0
3.664 0.998 0.877578 0.0045901 0
3.666 0.998 0.878091 0.00259966 0
3.668 0.998 0.88268 0.00299684 0
3.67 0.998 0.876427 0.0022731 0
3.672 0.998 0.880388 0.00221545 0
3.674 0.998 0.878351 0.00516095 0
3.676 0.998 0.882109 0.00309463 0
3.678 0.998 0.880481 0.00277982 0
3.68 0.998 0.878399 0.00345554 0
3.682 0.998 0.880771 0.00451486 0
3.684 0.998 0.885858 0.00553186 0
3.686 0.998 0.877835 0.00141893 0
3.688 0.998 0.882309 0.00366577 0
3.69 0.998 0.88152 0.00417765 0
3.692 0.998 0.883596 0.00248162 0
3.694 0.998 0.879496 0.00426286 0
3.696 0.998 0.882706 0.00231131 0
3.698 0.998 0.881003 0.00199488 0
3.7 0.998 0.886201 0.0065015 0
3.702 0.998 0.881417 0.00181488 0
3.704 0.998 0.881481 0.00224494 0
3.706 0.998 0.887641 0.00313935 0
3.708 0.998 0.884425 0.00480996 0
3.71 0.998 0.880821 0.00456314 0
3.712 0.998 0.885963 0.00429171 0
3.714 0.998 0.88399 0.00369456 0
3.716 0.998 0.885845 0.00265513 0
3.718 0.998 0.882134 0.00239014 0
3.72 0.998 0.885047 0.00208359 0
3.722 0.998 0.887118 0.00155298 0
3.724 0.998 0.886037 0.00503375 0
3.726 0.998 0.882748 0.00296755 0
3.728 0.998 0.886985 0.00535434 0
3.73 0.998 0.88673 0.00204344 0
3.732 0.998 0.886758 0.00304984 0
3.734 0.998 0.884518 0.00141511 0
3.736 0.998 0.889137 0.00149392 0
3.738 0.998 0.889794 0.0043173 0
3.74 0.998 0.888009 0.00336619 0
3.742 0.998 0.885819 0.0013957 0
3.744 0.998 0.891024 0.00322129 0
3.746 0.998 0.889267 0.00289292 0
3.748 0.998 0.888832 0.00171578 0
3.75 0.998 0.887701 0.00322306 0
3.752 0.998 0.891624 0.00199551 0
3.754 0.998 0.891103 0.00146677 0
3.756 0.998 0.888041 0.00152169 0
3.758 0.998 0.889266 0.00166205 0
3.76 0.998 0.891764 0.00393939 0
3.762 0.998 0.891258 0.00209871 0
3.764 0.998 0.887856 0.00500216 0
3.766 0.998 0.889307 0.00197071 0
3.768 0.998 0.892718 0.00378443 0
3.77 0.998 0.889371 0.00351063 0
3.772 0.998 0.888713 0.00305045 0
3.774 0.998 0.890486 0.00217284 0
3.776 0.998 0.893629 0.00225118 0
3.778 0.998 0.890227 0.00111933 0
3.78 0.998 0.888554 0.00264076 0
3.782 0.998 0.891793 0.00166204 0
3.784 0.998 0.891759 0.0027158 0
3.786 0.998 0.890714 0.00313668 0
3.788 0.998 0.888682 0.00315829 0
3.79 0.998 0.89259 0.00224255 0
3.792 0.998 0.892276 0.00330838 0
3.794 0.998 0.890429 0.00213477 0
3.796 0.998 0.890186 0.00526681 0
3.798 0.998 0.891271 0.0019959 0
3.8 0.998 0.892601 0.00361877 0
3.802 0.998 0.890084 0.000819732 0
3.804 0.998 0.890461 0.00220166 0
3.806 0.998 0.892216 0.00110997 0
3.808 0.998 0.892506 0.000838258 0
3.81 0.998 0.892175 0.00284338 0
3.812 0.998 0.890297 0.00140709 0
3.814 0.998 0.894454 0.00345481 0
3.816 0.998 0.89335 0.000998068 0
3.818 0.998 0.892742 0.00270325 0
3.82 0.998 0.890639 0.00472109 0
3.822 0.998 0.895102 0.00196461 0
3.824 0.998 0.894184 0.00315238 0
3.826 0.998 0.891324 0.00361689 0
3.828 0.998 0.892415 0.00317806 0
3.83 0.998 0.895703 0.00130421 0
3.832 0.998 0.894481 0.00141737 0
3.834 0.998 0.891698 0.00223101 0
3.836 0.998 0.892808 0.00356249 0
3.838 0.998 0.896828 0.0032673 0
3.84 0.998 0.892549 0.00162603 0
3.842 0.998 0.893202 0.00113321 0
3.844 0.998 0.892499 0.00225837 0
3.846 0.998 0.897372 0.00376414 0
3.848 0.998 0.892503 0.00142702 0
3.85 0.998 0.893988 0.00348608 0
3.852 0.998 0.894079 0.00303602 0
3.854 0.998 0.895779 0.00210998 0
3.856 0.998 0.893721 0.00189992 0
3.858 0.998 0.893045 0.00318942 0
3.86 0.998 0.894653 0.00385921 0
3.862 0.998 0.896444 0.00360175 0
3.864 0.998 0.893923 0.0038666 0
3.866 0.998 0.89497 0.00102218 0
3.868 0.998 0.894085 0.00126497 0
3.87 0.998 0.899054 0.00267275 0
3.872 0.998 0.892806 0.00220158 0
3.874 0.998 0.895353 0.00200251 0
3.876 0.998 0.894114 0.00402083 0
3.878 0.998 0.898245 0.00210085 0
3.88 0.998 0.893674 0.00165272 0
3.882 0.998 0.894243 0.00243001 0
3.884 0.998 0.896051 0.00236553 0
3.886 0.998 0.898182 0.00310851 0
3.888 0.998 0.894126 0.00325849 0
3.89 0.998 0.896077 0.00130446 0
3.892 0.998 0.896806 0.00109039 0
3.894 0.998 0.900365 0.00133096 0
3.896 0.998 0.895608 0.00252041 0
3.898 0.998 0.898289 0.00233821 0
3.9 0.998 0.899327 0.00347982 0
3.902 0.998 0.900634 0.00301013 0
3.904 0.998 0.897984 0.00173037 0
3.906 0.998 0.899294 0.001147 0
3.908 0.998 0.903974 0.00345727 0
3.91 0.998 0.900463 0.00146947 0
3.912 0.998 0.899936 0.00194693 0
3.914 0.998 0.900174 0.00472969 0
3.916 0.998 0.903432 0.000777101 0
3.918 0.998 0.900986 0.000868678 0
3.92 0.998 0.897899 0.00255208 0
3.922 0.998 0.902677 0.00290426 0
3.924 0.998 0.902319 0.00267284 0
3.926 0.998 0.90161 0.00366165 0
3.928 0.998 0.899447 0.00256948 0
3.93 0.998 0.902694 0.000714509 0
3.932 0.998 0.903368 0.00164436 0
3.934 0.998 0.89957 0.00353834 0
3.936 0.998 0.901282 0.00210087 0
3.938 0.998 0.901674 0.00285846 0
3.94 0.998 0.903346 0.00295825 0
3.942 0.998 0.900905 0.0015423 0
3.944 0.998 0.900851 0.000913254 0
3.946 0.998 0.903675 0.00389039 0
3.948 0.998 0.902491 0.0027013 0
3.95 0.998 0.902279 0.00208583 0
3.952 0.998 0.900385 0.00252004 0
3.954 0.998 0.903659 0.000745075 0
3.956 0.998 0.904977 0.00103208 0
3.958 0.998 0.901814 0.00183744 0
3.96 0.998 0.902641 0.00253824 0
3.962 0.998 0.904886 0.00233037 0
3.964 0.998 0.905688 0.00285029 0
3.966 0.998 0.901228 0.00188695 0
3.968 0.998 0.904126 0.000791722 0
3.97 0.998 0.906154 0.00143837 0
3.972 0.998 0.904552 0.00275041 0
3.974 0.998 0.902243 0.00156998 0
3.976 0.998 0.904185 0.00159461 0
3.978 0.998 0.908007 0.000842852 0
3.98 0.998 0.904922 0.00179219 0
3.982 0.998 0.904441 0.00128106 0
3.984 0.998 0.905666 0.00362923 0
3.986 0.998 0.907285 0.00114257 0
3.988 0.998 0.906372 0.0018256 0
3.99 0.998 0.90366 0.000955214 0
3.992 0.998 0.907007 0.00105343 0
3.994 0.998 0.908933 0.000913438 0
3.996 0.998 0.906439 0.00224457 0
3.998 0.998 0.905384 0.00316494 0
4 0.998 0.907162 0.000345571 0
