# Node_nr = 300
# K <r> sigma_r(sig not of average! divide by sqrt(n))
0 0.00666667 0.051509 0.023644 0
0.015 0.00666667 0.0493585 0.0265735 0
0.03 0.01 0.0530697 0.0240479 0
0.045 0.0133333 0.0559867 0.0329126 0
0.06 0.0166667 0.0560568 0.0337737 0
0.075 0.0166667 0.0642238 0.030858 0
0.09 0.0166667 0.0585305 0.0353634 0
0.105 0.02 0.0504144 0.0314484 0
0.12 0.02 0.0689127 0.0363913 0
0.135 0.02 0.0576291 0.0311014 0
0.15 0.02 0.0549766 0.0310357 0
0.165 0.02 0.06971 0.0367955 0
0.18 0.0233333 0.053924 0.0285141 0
0.195 0.0233333 0.0582649 0.0281472 0
0.21 0.0233333 0.0683247 0.037894 0
0.225 0.0233333 0.0615777 0.0356774 0
0.24 0.0233333 0.0647532 0.0319297 0
0.255 0.04 0.0671182 0.0377584 0
0.27 0.0433333 0.0809533 0.0415776 0
0.285 0.08 0.0665127 0.0336205 0
0.3 0.08 0.0773149 0.0456324 0
0.315 0.08 0.080458 0.0402788 0
0.33 0.0833333 0.0671296 0.0263906 0
0.345 0.0833333 0.0691914 0.0407691 0
0.36 0.0866667 0.080309 0.0368172 0
0.375 0.09 0.0760828 0.0436389 0
0.39 0.09 0.0817754 0.0317779 0
0.405 0.09 0.0726478 0.0357262 0
0.42 0.09 0.0759677 0.0454057 0
0.435 0.0966667 0.0752443 0.043028 0
0.45 0.14 0.0939855 0.0490585 0
0.465 0.146667 0.089875 0.0440758 0
0.48 0.15 0.116114 0.0479377 0
0.495 0.153333 0.103259 0.0378243 0
0.51 0.16 0.114469 0.0365625 0
0.525 0.16 0.145221 0.0419237 0
0.54 0.166667 0.142629 0.0703565 0
0.555 0.196667 0.140023 0.0635525 0
0.57 0.21 0.164869 0.0788126 0
0.585 0.213333 0.143779 0.0807567 0
0.6 0.213333 0.143698 0.0502402 0
0.615 0.213333 0.17143 0.0495914 0
0.63 0.386667 0.164192 0.0681113 0
0.645 0.403333 0.162002 0.0427942 0
0.66 0.44 0.13118 0.0412385 0
0.675 0.446667 0.228021 0.0593569 0
0.69 0.463333 0.150325 0.035979 0
0.705 0.543333 0.161006 0.0352757 0
0.72 0.563333 0.22491 0.0646752 0
0.735 0.573333 0.120599 0.0563487 0
0.75 0.576667 0.16778 0.085136 0
0.765 0.586667 0.25259 0.0629225 0
0.78 0.586667 0.13982 0.0472019 0
0.795 0.596667 0.363992 0.0395407 0
0.81 0.606667 0.275392 0.0941092 0
0.825 0.64 0.227704 0.0812442 0
0.84 0.656667 0.280399 0.0630031 0