# Relevant parameters to reproduce this network:
# node_nr=500	 k_max=50
# initial_seed=1557434111	 delta_t=0.5	 max_steps=5000	 in_between=0
# fg_m=1	 fg_alpha=0	 fg_t_min=0	 fg_t_max=0.9	 fg_t_number=450	 fg_weff_lower_frequency=-1e+08	 fg_weff_max_steps=5000	 fg_weff_in_between=0
# K Giant_component <r> sigma_r*sqrt(NODE_NR) clustering
0 0.004 0.0398895 0.0194082 0
0.002 0.004 0.0406943 0.02031 0
0.004 0.004 0.0399087 0.0214258 0
0.006 0.004 0.0403847 0.020698 0
0.008 0.004 0.0402937 0.0207671 0
0.01 0.004 0.0401901 0.0209521 0
0.012 0.004 0.0409979 0.0207791 0
0.014 0.004 0.0407102 0.0211051 0
0.016 0.004 0.0405848 0.0208209 0
0.018 0.004 0.0403316 0.0207906 0
0.02 0.004 0.0392081 0.0203697 0
0.022 0.004 0.0403839 0.0213506 0
0.024 0.004 0.0407803 0.0219459 0
0.026 0.004 0.0414549 0.0214141 0
0.028 0.004 0.0419254 0.0220907 0
0.03 0.004 0.040818 0.0219653 0
0.032 0.004 0.0413446 0.0212386 0
0.034 0.004 0.0423156 0.0220508 0
0.036 0.004 0.0424064 0.0218245 0
0.038 0.004 0.0391413 0.0212887 0
0.04 0.004 0.0394069 0.0204442 0
0.042 0.006 0.0416143 0.0223981 0
0.044 0.006 0.0415965 0.0209636 0
0.046 0.006 0.0424543 0.0221172 0
0.048 0.006 0.0421121 0.0211079 0
0.05 0.006 0.0417266 0.0218823 0
0.052 0.006 0.0425547 0.0223695 0
0.054 0.006 0.0421412 0.0220357 0
0.056 0.006 0.040726 0.0217237 0
0.058 0.006 0.0432865 0.0218788 0
0.06 0.006 0.0414957 0.0206316 0
0.062 0.006 0.0428117 0.0224292 0
0.064 0.006 0.0430806 0.0231647 0
0.066 0.006 0.0414299 0.0222839 0
0.068 0.006 0.0412741 0.0223001 0
0.07 0.006 0.0417701 0.0217016 0
0.072 0.006 0.0395417 0.0209451 0
0.074 0.006 0.0415042 0.0221701 0
0.076 0.006 0.0422655 0.0217666 0
0.078 0.006 0.0427544 0.0225281 0
0.08 0.006 0.0428671 0.0225442 0
0.082 0.006 0.0436273 0.0224531 0
0.084 0.006 0.0411844 0.0221297 0
0.086 0.006 0.0433216 0.0225547 0
0.088 0.006 0.0452897 0.0237422 0
0.09 0.006 0.0415038 0.0221517 0
0.092 0.006 0.044262 0.0228352 0
0.094 0.006 0.0430446 0.0228791 0
0.096 0.006 0.0438374 0.0230706 0
0.098 0.006 0.0432603 0.0226779 0
0.1 0.006 0.0438081 0.0235974 0
0.102 0.006 0.0453573 0.0225714 0
0.104 0.006 0.045526 0.0240564 0
0.106 0.006 0.0433432 0.0230232 0
0.108 0.006 0.0443427 0.0222341 0
0.11 0.006 0.0441627 0.0241605 0
0.112 0.006 0.0422499 0.0218381 0
0.114 0.006 0.0437872 0.0223007 0
0.116 0.006 0.0447159 0.0226213 0
0.118 0.006 0.0434938 0.0218171 0
0.12 0.006 0.044108 0.0224389 0
0.122 0.006 0.0440688 0.022978 0
0.124 0.006 0.0451744 0.0236382 0
0.126 0.006 0.0445184 0.0238187 0
0.128 0.006 0.0453829 0.0228567 0
0.13 0.006 0.0445642 0.0218693 0
0.132 0.006 0.0434434 0.0231228 0
0.134 0.006 0.0455759 0.0238254 0
0.136 0.006 0.0459135 0.0250588 0
0.138 0.008 0.0455693 0.0245233 0
0.14 0.008 0.045185 0.022925 0
0.142 0.008 0.0466546 0.0240488 0
0.144 0.008 0.045061 0.0244061 0
0.146 0.008 0.0450135 0.0235047 0
0.148 0.008 0.047442 0.0228456 0
0.15 0.01 0.0468409 0.0257739 0
0.152 0.01 0.0466455 0.0248139 0
0.154 0.01 0.0462163 0.0237031 0
0.156 0.01 0.0465873 0.0247086 0
0.158 0.01 0.0464112 0.0249868 0
0.16 0.01 0.0489402 0.0257723 0
0.162 0.01 0.0458157 0.0250679 0
0.164 0.01 0.0485337 0.0256962 0
0.166 0.01 0.0475274 0.0247504 0
0.168 0.01 0.0473764 0.0253147 0
0.17 0.01 0.0483087 0.0256899 0
0.172 0.01 0.0468505 0.0247529 0
0.174 0.01 0.0506852 0.0257265 0
0.176 0.01 0.0477235 0.0245459 0
0.178 0.01 0.0494659 0.0246052 0
0.18 0.01 0.0483971 0.0246287 0
0.182 0.01 0.0467973 0.0238773 0
0.184 0.01 0.0492259 0.0262003 0
0.186 0.01 0.0469692 0.026516 0
0.188 0.01 0.0488407 0.0256255 0
0.19 0.012 0.0471139 0.0255812 0
0.192 0.012 0.0480267 0.0257989 0
0.194 0.012 0.0494975 0.0258276 0
0.196 0.012 0.048451 0.0249136 0
0.198 0.012 0.0499046 0.0259949 0
0.2 0.012 0.0513231 0.0255586 0
0.202 0.012 0.0490322 0.0259541 0
0.204 0.012 0.0526124 0.0275589 0
0.206 0.012 0.0503455 0.0262948 0
0.208 0.012 0.0488441 0.0251728 0
0.21 0.012 0.0501813 0.0260176 0
0.212 0.012 0.0513877 0.0270921 0
0.214 0.012 0.0507765 0.0257926 0
0.216 0.012 0.0516369 0.0272243 0
0.218 0.012 0.0498613 0.0261158 0
0.22 0.014 0.0519745 0.026849 0
0.222 0.014 0.0509561 0.0259589 0
0.224 0.016 0.0516233 0.0277056 0
0.226 0.016 0.05374 0.028073 0
0.228 0.016 0.0539588 0.0279257 0
0.23 0.016 0.0522979 0.026867 0
0.232 0.016 0.0527053 0.0273612 0
0.234 0.016 0.05402 0.0285073 0
0.236 0.016 0.0518727 0.0268086 0
0.238 0.016 0.0516363 0.0268643 0
0.24 0.016 0.0544246 0.027381 0
0.242 0.016 0.0503592 0.0274528 0
0.244 0.016 0.0524381 0.02828 0
0.246 0.016 0.0555737 0.0288038 0
0.248 0.016 0.0546732 0.0286386 0
0.25 0.016 0.0540182 0.0280663 0
0.252 0.016 0.0545452 0.0281356 0
0.254 0.016 0.0525838 0.0284203 0
0.256 0.016 0.0578065 0.02782 0
0.258 0.016 0.052976 0.0286773 0
0.26 0.016 0.0526148 0.0263774 0
0.262 0.016 0.0536389 0.0283405 0
0.264 0.016 0.0571923 0.030989 0
0.266 0.016 0.0546976 0.0282631 0
0.268 0.016 0.0564896 0.0293144 0
0.27 0.016 0.0567369 0.0290694 0
0.272 0.016 0.0527498 0.0288272 0
0.274 0.016 0.0554494 0.0300453 0
0.276 0.016 0.0583295 0.0307912 0
0.278 0.018 0.0567496 0.0280723 0
0.28 0.018 0.0523381 0.0291489 0
0.282 0.018 0.0557929 0.0284087 0
0.284 0.018 0.0564414 0.0304325 0
0.286 0.018 0.0599905 0.0297343 0
0.288 0.018 0.0538783 0.0300903 0
0.29 0.018 0.0543084 0.0291893 0
0.292 0.018 0.0575315 0.0286283 0
0.294 0.018 0.0575906 0.0300562 0
0.296 0.018 0.0571399 0.0312501 0
0.298 0.018 0.0590554 0.0301107 0
0.3 0.018 0.0586472 0.0309272 0
0.302 0.018 0.0551231 0.0297478 0
0.304 0.018 0.0568443 0.029139 0
0.306 0.018 0.0590516 0.0294379 0
0.308 0.018 0.0549282 0.0287314 0
0.31 0.018 0.0580621 0.0282352 0
0.312 0.018 0.0575076 0.0298614 0
0.314 0.018 0.0573413 0.0298952 0
0.316 0.024 0.0576638 0.0316104 0
0.318 0.024 0.0578639 0.0319903 0
0.32 0.024 0.0587908 0.0308351 0
0.322 0.024 0.0573059 0.0305164 0
0.324 0.024 0.0589481 0.0301433 0
0.326 0.024 0.0573471 0.031516 0
0.328 0.024 0.0635195 0.0312158 0
0.33 0.024 0.062228 0.0323593 0
0.332 0.024 0.0595602 0.0302547 0
0.334 0.024 0.0639877 0.0321725 0
0.336 0.024 0.0632862 0.0330181 0
0.338 0.024 0.0648597 0.033488 0
0.34 0.024 0.0611307 0.0322105 0
0.342 0.024 0.0635496 0.033255 0
0.344 0.024 0.0622651 0.0330489 0
0.346 0.024 0.0667202 0.0336076 0
0.348 0.024 0.0615235 0.03208 0
0.35 0.024 0.0637099 0.0367647 0
0.352 0.024 0.0639492 0.0334793 0
0.354 0.028 0.0639456 0.030697 0
0.356 0.028 0.0626397 0.0342533 0
0.358 0.028 0.0638545 0.0304499 0
0.36 0.028 0.0624359 0.03204 0
0.362 0.028 0.0642867 0.0335651 0
0.364 0.028 0.0637731 0.0339907 0
0.366 0.028 0.0649971 0.0324512 0
0.368 0.028 0.0641879 0.0329578 0
0.37 0.028 0.0666047 0.0325168 0
0.372 0.028 0.0621781 0.0329674 0
0.374 0.028 0.0625299 0.0332756 0
0.376 0.028 0.0615739 0.0322703 0
0.378 0.028 0.0641221 0.0327531 0
0.38 0.028 0.0650946 0.0334143 0
0.382 0.028 0.0641317 0.0330278 0
0.384 0.028 0.063087 0.0330585 0
0.386 0.028 0.0660227 0.0349695 0
0.388 0.028 0.0640894 0.0323757 0
0.39 0.028 0.0658941 0.0350847 0
0.392 0.028 0.0694907 0.036064 0
0.394 0.028 0.0677351 0.0363068 0
0.396 0.028 0.0660974 0.0336507 0
0.398 0.028 0.0658177 0.0354188 0
0.4 0.032 0.0673142 0.0367195 0
0.402 0.032 0.0690036 0.0379797 0
0.404 0.032 0.0714376 0.0353978 0
0.406 0.032 0.0681275 0.0339914 0
0.408 0.032 0.0688645 0.0375375 0
0.41 0.034 0.0719987 0.0352511 0
0.412 0.038 0.0663123 0.034589 0
0.414 0.038 0.0688295 0.0357905 0
0.416 0.038 0.0658526 0.0321291 0
0.418 0.038 0.06758 0.0345182 0
0.42 0.038 0.0677062 0.0342233 0
0.422 0.038 0.0658084 0.0344173 0
0.424 0.038 0.0660089 0.0348581 0
0.426 0.038 0.0634916 0.0358625 0
0.428 0.038 0.0687783 0.0360556 0
0.43 0.04 0.0680312 0.0337424 0
0.432 0.04 0.0692029 0.0361423 0
0.434 0.04 0.0706028 0.0328046 0
0.436 0.04 0.0719073 0.0359099 0
0.438 0.04 0.0706168 0.0370397 0
0.44 0.04 0.0714898 0.0343961 0
0.442 0.04 0.0696575 0.0373101 0
0.444 0.04 0.0687221 0.0365934 0
0.446 0.04 0.0714566 0.0384277 0
0.448 0.04 0.0690853 0.0362471 0
0.45 0.04 0.0717991 0.0370252 0
0.452 0.04 0.0709685 0.0369277 0
0.454 0.04 0.0736021 0.0390005 0
0.456 0.04 0.0718332 0.0383044 0
0.458 0.04 0.0744224 0.036933 0
0.46 0.08 0.0695683 0.0342687 0
0.462 0.08 0.0634854 0.0330271 0
0.464 0.08 0.0664767 0.0333793 0
0.466 0.08 0.0661693 0.0319707 0
0.468 0.08 0.0685059 0.0361159 0
0.47 0.082 0.0720925 0.0376397 0
0.472 0.082 0.0706879 0.0362877 0
0.474 0.104 0.071749 0.0374225 0
0.476 0.104 0.0722586 0.0349569 0
0.478 0.104 0.0708444 0.0362209 0
0.48 0.104 0.0751068 0.037494 0
0.482 0.104 0.0716739 0.0383578 0
0.484 0.104 0.0705032 0.0363348 0
0.486 0.104 0.0757779 0.0364351 0
0.488 0.104 0.0688162 0.0360054 0
0.49 0.104 0.0755225 0.0372035 0
0.492 0.104 0.0748097 0.0387221 0
0.494 0.106 0.0720153 0.0376434 0
0.496 0.106 0.074486 0.0379334 0
0.498 0.106 0.0745951 0.0372299 0
0.5 0.106 0.0738005 0.0357486 0
0.502 0.106 0.0789878 0.0409425 0
0.504 0.106 0.0722674 0.0369091 0
0.506 0.106 0.0780715 0.0375896 0
0.508 0.106 0.076695 0.0387065 0
0.51 0.106 0.0784289 0.0368141 0
0.512 0.106 0.0764353 0.039747 0
0.514 0.106 0.0727039 0.0370957 0
0.516 0.106 0.0759778 0.038222 0
0.518 0.106 0.0750696 0.0384299 0
0.52 0.106 0.0768105 0.0384044 0
0.522 0.106 0.0727086 0.0369622 0
0.524 0.106 0.0748608 0.039953 0
0.526 0.106 0.077789 0.0407525 0
0.528 0.106 0.0764086 0.0378735 0
0.53 0.106 0.0709512 0.0351837 0
0.532 0.11 0.0767685 0.0405345 0
0.534 0.11 0.0788401 0.0438854 0
0.536 0.11 0.0827289 0.0416321 0
0.538 0.11 0.0879367 0.0472283 0
0.54 0.11 0.0812479 0.0381336 0
0.542 0.12 0.0760827 0.0350462 0
0.544 0.128 0.077354 0.0386923 0
0.546 0.128 0.0706787 0.0359297 0
0.548 0.128 0.0943148 0.0457569 0
0.55 0.128 0.0808187 0.0399196 0
0.552 0.128 0.0781942 0.0388294 0
0.554 0.13 0.0775368 0.0387153 0
0.556 0.13 0.0716995 0.0387256 0
0.558 0.132 0.0767766 0.0407756 0
0.56 0.132 0.0861214 0.0407855 0
0.562 0.138 0.0795596 0.0372451 0
0.564 0.138 0.0833542 0.040398 0
0.566 0.142 0.0833871 0.045251 0
0.568 0.142 0.0774416 0.0394298 0
0.57 0.142 0.0835635 0.0427072 0
0.572 0.144 0.0815005 0.0394133 0
0.574 0.144 0.0829341 0.0393661 0
0.576 0.144 0.0910453 0.0472364 0
0.578 0.144 0.0932266 0.0434903 0
0.58 0.144 0.0923155 0.0484883 0
0.582 0.146 0.0873975 0.0485472 0
0.584 0.146 0.0933785 0.0456048 0
0.586 0.148 0.0883829 0.0430641 0
0.588 0.148 0.0894241 0.0450672 0
0.59 0.148 0.0889687 0.044117 0
0.592 0.148 0.0903334 0.045393 0
0.594 0.162 0.0861519 0.0449821 0
0.596 0.162 0.0855809 0.0435946 0
0.598 0.162 0.0868701 0.0441407 0
0.6 0.18 0.0852617 0.0414339 0
0.602 0.18 0.0766107 0.0408182 0
0.604 0.18 0.0804347 0.0374832 0
0.606 0.18 0.0795655 0.0405516 0
0.608 0.18 0.0743297 0.0375149 0
0.61 0.18 0.067858 0.0346 0
0.612 0.18 0.0680102 0.0329331 0
0.614 0.18 0.0744312 0.0402893 0
0.616 0.18 0.076805 0.0360553 0
0.618 0.18 0.0740583 0.0371609 0
0.62 0.18 0.0774149 0.0339468 0
0.622 0.352 0.0761159 0.0348949 0
0.624 0.354 0.0732276 0.0352545 0
0.626 0.38 0.0936323 0.038104 0
0.628 0.38 0.0943189 0.0393438 0
0.63 0.384 0.0961184 0.0394459 0
0.632 0.384 0.0922606 0.0391913 0
0.634 0.388 0.0921653 0.0389593 0
0.636 0.388 0.0913369 0.0419758 0
0.638 0.39 0.0915578 0.0378942 0
0.64 0.392 0.0963006 0.0397745 0
0.642 0.392 0.0692508 0.0343534 0
0.644 0.392 0.0638762 0.0347026 0
0.646 0.394 0.0732369 0.0385782 0
0.648 0.394 0.0637921 0.0329223 0
0.65 0.394 0.0630609 0.032381 0
0.652 0.408 0.066434 0.0329617 0
0.654 0.408 0.066051 0.0342386 0
0.656 0.418 0.0662638 0.0323855 0
0.658 0.428 0.073739 0.0335385 0
0.66 0.432 0.0733902 0.0352601 0
0.662 0.434 0.0643816 0.0329001 0
0.664 0.436 0.066483 0.0337918 0
0.666 0.466 0.07542 0.0335926 0
0.668 0.466 0.0873645 0.0351761 0
0.67 0.466 0.0802357 0.0329978 0
0.672 0.47 0.078367 0.0333542 0
0.674 0.48 0.0744482 0.0340522 0
0.676 0.48 0.0687969 0.0315713 0
0.678 0.48 0.0689443 0.0330558 0
0.68 0.48 0.0678308 0.0325004 0
0.682 0.484 0.0687037 0.0332625 0
0.684 0.486 0.0824039 0.0378196 0
0.686 0.486 0.082184 0.0366275 0
0.688 0.486 0.0872039 0.037147 0
0.69 0.49 0.0821189 0.037829 0
0.692 0.49 0.0589005 0.0300469 0
0.694 0.49 0.0556121 0.0285016 0
0.696 0.49 0.0536126 0.0291641 0
0.698 0.514 0.097238 0.0344164 0
0.7 0.54 0.11126 0.0321939 0
0.702 0.54 0.116663 0.0364214 0
0.704 0.544 0.112278 0.0341712 0
0.706 0.58 0.0966889 0.0386658 0
0.708 0.582 0.104407 0.0350528 0
0.71 0.584 0.0928839 0.0367558 0
0.712 0.59 0.0895173 0.0343676 0
0.714 0.592 0.0706673 0.0344596 0
0.716 0.596 0.0633263 0.0325203 0
0.718 0.6 0.0642982 0.032583 0
0.72 0.602 0.0648252 0.0325912 0
0.722 0.604 0.0659588 0.0317892 0
0.724 0.604 0.0645445 0.0324418 0
0.726 0.606 0.0640229 0.0322248 0
0.728 0.606 0.060458 0.0306193 0
0.73 0.612 0.0628661 0.0313274 0
0.732 0.614 0.0606656 0.0292279 0
0.734 0.614 0.0710671 0.0353344 0
0.736 0.614 0.0538277 0.0287267 0
0.738 0.616 0.0539718 0.0282286 0
0.74 0.616 0.0540238 0.02811 0
0.742 0.64 0.0615774 0.0328771 0
0.744 0.64 0.0651405 0.0324975 0
0.746 0.642 0.0663114 0.0326082 0
0.748 0.644 0.0718471 0.0324868 0
0.75 0.646 0.0779804 0.0328812 0
0.752 0.646 0.09506 0.0341552 0
0.754 0.652 0.0642393 0.0302917 0
0.756 0.654 0.0729603 0.0355282 0
0.758 0.66 0.082357 0.0429587 0
0.76 0.662 0.0701992 0.0345475 0
0.762 0.664 0.0630292 0.0316733 0
0.764 0.666 0.0666272 0.0328231 0
0.766 0.666 0.0716722 0.0347134 0
0.768 0.676 0.0681382 0.0333267 0
0.77 0.678 0.0691319 0.0354769 0
0.772 0.678 0.0817915 0.0437412 0
0.774 0.682 0.0966455 0.0420047 0
0.776 0.682 0.100426 0.0437804 0
0.778 0.684 0.0958338 0.0465275 0
0.78 0.684 0.127756 0.052207 0
0.782 0.684 0.1357 0.0516843 0
0.784 0.684 0.103513 0.043671 0
0.786 0.684 0.103207 0.0401063 0
0.788 0.686 0.103582 0.0457131 0
0.79 0.686 0.102131 0.042133 0
0.792 0.686 0.104509 0.0435954 0
0.794 0.686 0.102224 0.043273 0
0.796 0.686 0.102548 0.0435835 0
0.798 0.692 0.106499 0.0418054 0
0.8 0.692 0.115442 0.0474774 0
0.802 0.694 0.115236 0.0450402 0
0.804 0.696 0.10339 0.0453007 0
0.806 0.696 0.0751151 0.0338372 0
0.808 0.698 0.0681943 0.0256133 0
0.81 0.698 0.0676748 0.0244566 0
0.812 0.702 0.0690813 0.0247895 0
0.814 0.704 0.0688428 0.0256488 0
0.816 0.704 0.0680559 0.0242181 0
0.818 0.706 0.0664646 0.0255789 0
0.82 0.718 0.0708719 0.0243852 0
0.822 0.72 0.0724227 0.0271902 0
0.824 0.72 0.0626973 0.0259394 0
0.826 0.722 0.0661115 0.0254073 0
0.828 0.724 0.0642851 0.0246942 0
0.83 0.724 0.0730875 0.0249471 0
0.832 0.724 0.0729741 0.0247357 0
0.834 0.726 0.0774205 0.0279808 0
0.836 0.728 0.0785553 0.0260924 0
0.838 0.732 0.0832534 0.0303897 0
0.84 0.732 0.0798221 0.0345125 0
0.842 0.734 0.075941 0.0341598 0
0.844 0.734 0.103649 0.050008 0
0.846 0.734 0.0984135 0.0317693 0
0.848 0.734 0.127713 0.0277803 0
0.85 0.734 0.144611 0.024197 0
0.852 0.734 0.149513 0.024589 0
0.854 0.734 0.148741 0.0215288 0
0.856 0.734 0.155641 0.0227979 0
0.858 0.736 0.154827 0.0222991 0
0.86 0.74 0.16475 0.0241376 0
0.862 0.742 0.164569 0.0248602 0
0.864 0.742 0.179431 0.0244967 0
0.866 0.742 0.129082 0.0302777 0
0.868 0.746 0.140221 0.0268582 0
0.87 0.75 0.141165 0.0306952 0
0.872 0.75 0.12469 0.0224226 0
0.874 0.75 0.144145 0.0368636 0
0.876 0.75 0.146271 0.0370178 0
0.878 0.75 0.111533 0.0344249 0
0.88 0.75 0.110203 0.0390283 0
0.882 0.752 0.110485 0.0282775 0
0.884 0.754 0.11189 0.0384826 0
0.886 0.754 0.0968784 0.0369912 0
0.888 0.754 0.105122 0.0347519 0
0.89 0.754 0.100269 0.0401524 0
0.892 0.754 0.107012 0.0347268 0
0.894 0.754 0.0879615 0.0349908 0
0.896 0.754 0.0934417 0.0330428 0
0.898 0.754 0.086612 0.0318261 0
