# Node_nr = 100
# K <r> sigma_r(sig not of average! divide by sqrt(n))
0 0.02 0.0923318 0.0525068 0
0.02 0.02 0.08495 0.0489783 0
0.04 0.03 0.0834787 0.0378367 0
0.06 0.03 0.0959004 0.0500349 0
0.08 0.03 0.105492 0.0530993 0
0.1 0.03 0.0893954 0.0499755 0
0.12 0.03 0.105658 0.0561714 0
0.14 0.03 0.0850722 0.0424927 0
0.16 0.03 0.110022 0.0513588 0
0.18 0.03 0.105921 0.0554506 0
0.2 0.04 0.113963 0.0525921 0
0.22 0.04 0.102047 0.0616101 0
0.24 0.04 0.108874 0.0493809 0
0.26 0.04 0.125724 0.0561213 0
0.28 0.04 0.122379 0.0619473 0
0.3 0.04 0.128261 0.0545773 0
0.32 0.06 0.113957 0.0538355 0
0.34 0.06 0.112213 0.0560453 0
0.36 0.11 0.172561 0.0889086 0
0.38 0.11 0.15353 0.0720347 0
0.4 0.11 0.127813 0.0513375 0
0.42 0.11 0.137358 0.0571616 0
0.44 0.14 0.153165 0.0618031 0
0.46 0.14 0.186731 0.0743794 0
0.48 0.16 0.179614 0.0831146 0
0.5 0.16 0.185392 0.0816186 0
0.52 0.16 0.208972 0.0683791 0
0.54 0.21 0.174744 0.0796127 0
0.56 0.21 0.129242 0.0594052 0
0.58 0.21 0.120045 0.0651933 0
0.6 0.21 0.152744 0.0790764 0
0.62 0.52 0.220925 0.108422 0
0.64 0.53 0.199031 0.110581 0
0.66 0.54 0.147392 0.078299 0
0.68 0.54 0.278513 0.0744691 0
0.7 0.55 0.224203 0.0685451 0
0.72 0.55 0.282736 0.0802357 0
0.74 0.55 0.293889 0.0578322 0
0.76 0.56 0.259088 0.0807169 0
0.78 0.58 0.304541 0.0645402 0
0.8 0.59 0.376391 0.088184 0
0.82 0.61 0.372846 0.0617478 0
0.84 0.61 0.351041 0.0760867 0
0.86 0.62 0.370063 0.0702812 0
0.88 0.67 0.379321 0.0601554 0
0.9 0.72 0.365174 0.0673449 0
0.92 0.75 0.415191 0.0921143 0
0.94 0.75 0.466579 0.