# Relevant parameters to reproduce this network:
# node_nr=1000	 k_max=100
# initial_seed=1557414222	 delta_t=0.1	 max_steps=3000	 in_between=0
# fg_m=1	 fg_alpha=0.8	 fg_t_min=0	 fg_t_max=1.2	 fg_t_number=1200	 fg_weff_lower_frequency=-1e+08	 fg_weff_max_steps=3000	 fg_weff_in_between=0
# K Giant_component <r> sigma_r*sqrt(NODE_NR) clustering
0 0.002 0.03471 0.0608948 0
0.001 0.002 0.0400379 0.0606218 0
0.002 0.002 0.0394737 0.061005 0
0.003 0.002 0.037812 0.0621115 0
0.004 0.002 0.0367937 0.0611863 0
0.005 0.002 0.0379482 0.0606137 0
0.006 0.002 0.0418308 0.0633618 0
0.007 0.002 0.0414288 0.0633336 0
0.008 0.002 0.0421062 0.0598634 0
0.009 0.002 0.0423542 0.0618946 0
0.01 0.003 0.0374094 0.0612336 0
0.011 0.003 0.0393507 0.0627375 0
0.012 0.003 0.0424043 0.0637572 0
0.013 0.003 0.04071 0.0647734 0
0.014 0.003 0.0403015 0.0609552 0
0.015 0.003 0.0367 0.0637229 0
0.016 0.003 0.0401234 0.059517 0
0.017 0.003 0.0399436 0.0645698 0
0.018 0.003 0.0426882 0.0596592 0
0.019 0.003 0.0378501 0.0616112 0
0.02 0.003 0.0398007 0.0606056 0
0.021 0.003 0.0395794 0.0613283 0
0.022 0.003 0.0423663 0.0606517 0
0.023 0.003 0.0376068 0.0622456 0
0.024 0.003 0.0398306 0.0619034 0
0.025 0.003 0.038652 0.0617129 0
0.026 0.003 0.0393733 0.0599907 0
0.027 0.003 0.0398212 0.0627867 0
0.028 0.003 0.0399621 0.0611346 0
0.029 0.003 0.0386586 0.0596735 0
0.03 0.003 0.0399801 0.0619296 0
0.031 0.003 0.0376604 0.0617706 0
0.032 0.003 0.0359709 0.0617891 0
0.033 0.003 0.038117 0.0636712 0
0.034 0.003 0.0400823 0.0614341 0
0.035 0.003 0.0409798 0.0630598 0
0.036 0.003 0.0409438 0.0598797 0
0.037 0.003 0.0419118 0.0630989 0
0.038 0.003 0.0389491 0.0633604 0
0.039 0.004 0.0385539 0.0581334 0
0.04 0.004 0.0363959 0.0604796 0
0.041 0.004 0.0392432 0.0641921 0
0.042 0.004 0.0404916 0.0623292 0
0.043 0.004 0.0391387 0.0606052 0
0.044 0.004 0.0421487 0.0607564 0
0.045 0.004 0.0425674 0.0636736 0
0.046 0.004 0.0383735 0.0610658 0
0.047 0.004 0.0378827 0.0605181 0
0.048 0.004 0.0387811 0.0629343 0
0.049 0.004 0.0378971 0.062485 0
0.05 0.004 0.0392821 0.0635028 0
0.051 0.004 0.0381013 0.0626974 0
0.052 0.004 0.0374076 0.0630168 0
0.053 0.004 0.0392541 0.06287 0
0.054 0.004 0.0388399 0.0603803 0
0.055 0.004 0.0420328 0.059828 0
0.056 0.004 0.0377788 0.0634978 0
0.057 0.004 0.0429829 0.0615064 0
0.058 0.004 0.0391993 0.0630387 0
0.059 0.004 0.0381047 0.0613455 0
0.06 0.004 0.0387405 0.0632906 0
0.061 0.004 0.0367665 0.0617821 0
0.062 0.004 0.038079 0.0635855 0
0.063 0.004 0.0358408 0.0616203 0
0.064 0.004 0.0386219 0.0639876 0
0.065 0.004 0.0405124 0.0625459 0
0.066 0.004 0.0434519 0.0621362 0
0.067 0.004 0.0376433 0.0640083 0
0.068 0.004 0.0411579 0.0654977 0
0.069 0.004 0.0371258 0.0633998 0
0.07 0.004 0.0381939 0.0647257 0
0.071 0.004 0.0405493 0.0633066 0
0.072 0.004 0.0390727 0.0672913 0
0.073 0.004 0.0380564 0.0604427 0
0.074 0.004 0.0393179 0.0626844 0
0.075 0.004 0.0415394 0.0638498 0
0.076 0.004 0.0405842 0.0623476 0
0.077 0.004 0.0401756 0.063902 0
0.078 0.004 0.0401239 0.0644914 0
0.079 0.004 0.04157 0.0628192 0
0.08 0.004 0.0374319 0.0630171 0
0.081 0.004 0.0393714 0.0630868 0
0.082 0.004 0.0397202 0.0617361 0
0.083 0.004 0.0395104 0.0651513 0
0.084 0.004 0.0376279 0.0613352 0
0.085 0.004 0.040036 0.0643453 0
0.086 0.004 0.0446999 0.0663682 0
0.087 0.004 0.0400094 0.0642643 0
0.088 0.004 0.0405557 0.0647657 0
0.089 0.004 0.0413336 0.0630036 0
0.09 0.004 0.0418635 0.0646108 0
0.091 0.004 0.0384224 0.0620804 0
0.092 0.004 0.0377241 0.0601257 0
0.093 0.004 0.0387275 0.0634262 0
0.094 0.004 0.0408079 0.0651893 0
0.095 0.004 0.0378828 0.0629533 0
0.096 0.004 0.0414108 0.0620927 0
0.097 0.005 0.0398569 0.0642904 0
0.098 0.005 0.0421545 0.0627284 0
0.099 0.006 0.0445476 0.0632018 0
0.1 0.006 0.0415739 0.062216 0
0.101 0.006 0.0392129 0.0656476 0
0.102 0.006 0.0400535 0.0668499 0
0.103 0.006 0.0421887 0.0660795 0
0.104 0.006 0.0402407 0.0631092 0
0.105 0.006 0.0403399 0.0653272 0
0.106 0.006 0.042109 0.06526 0
0.107 0.006 0.0431704 0.0645388 0
0.108 0.006 0.0394462 0.0633195 0
0.109 0.006 0.0417597 0.0641911 0
0.11 0.006 0.0382089 0.0634773 0
0.111 0.006 0.0422716 0.0650083 0
0.112 0.006 0.0422974 0.0649162 0
0.113 0.006 0.0373588 0.0651883 0
0.114 0.006 0.0393712 0.0634403 0
0.115 0.007 0.0388484 0.0658268 0
0.116 0.007 0.0386798 0.0645373 0
0.117 0.007 0.0459742 0.0647475 0
0.118 0.007 0.0421657 0.06585 0
0.119 0.007 0.043188 0.0635057 0
0.12 0.007 0.039994 0.0634515 0
0.121 0.007 0.0426756 0.0609073 0
0.122 0.007 0.0443652 0.0658883 0
0.123 0.007 0.0397116 0.0608502 0
0.124 0.007 0.0432678 0.063166 0
0.125 0.007 0.041099 0.0652633 0
0.126 0.007 0.0425055 0.0617517 0
0.127 0.007 0.0428949 0.0631684 0
0.128 0.007 0.0417457 0.0657183 0
0.129 0.007 0.0389598 0.0630149 0
0.13 0.007 0.0411619 0.0648731 0
0.131 0.007 0.0449987 0.0674767 0
0.132 0.007 0.0407303 0.0626696 0
0.133 0.007 0.0432924 0.0638555 0
0.134 0.007 0.0424214 0.0640149 0
0.135 0.007 0.0434875 0.0607574 0
0.136 0.007 0.0421548 0.0648076 0
0.137 0.007 0.0405232 0.0635802 0
0.138 0.007 0.0404386 0.0628995 0
0.139 0.007 0.0433059 0.0636164 0
0.14 0.007 0.0412304 0.0649893 0
0.141 0.007 0.0448342 0.0640524 0
0.142 0.007 0.0442245 0.0644228 0
0.143 0.007 0.04463 0.0624373 0
0.144 0.007 0.045195 0.063253 0
0.145 0.007 0.0469837 0.0657503 0
0.146 0.007 0.0418941 0.0649669 0
0.147 0.007 0.0393615 0.0626861 0
0.148 0.007 0.0476639 0.0646505 0
0.149 0.007 0.0386788 0.0628063 0
0.15 0.007 0.0432186 0.066296 0
0.151 0.007 0.0423277 0.0627124 0
0.152 0.007 0.0443887 0.0643461 0
0.153 0.007 0.0422716 0.064051 0
0.154 0.007 0.0431567 0.0688278 0
0.155 0.007 0.043185 0.0664896 0
0.156 0.007 0.0445546 0.0680476 0
0.157 0.007 0.0389617 0.0647029 0
0.158 0.007 0.0420776 0.065873 0
0.159 0.007 0.0430077 0.0625401 0
0.16 0.007 0.0421063 0.063549 0
0.161 0.007 0.0416253 0.0651935 0
0.162 0.007 0.0436922 0.0651968 0
0.163 0.007 0.0444317 0.0634477 0
0.164 0.007 0.0429466 0.067503 0
0.165 0.007 0.0417125 0.0670234 0
0.166 0.007 0.0436131 0.0679206 0
0.167 0.007 0.0441109 0.068562 0
0.168 0.007 0.0450102 0.0643682 0
0.169 0.007 0.04074 0.0635185 0
0.17 0.007 0.0413402 0.0636677 0
0.171 0.007 0.0403487 0.0640348 0
0.172 0.007 0.0396121 0.0669736 0
0.173 0.007 0.0413154 0.0680911 0
0.174 0.007 0.0417437 0.0660001 0
0.175 0.007 0.0406724 0.0682833 0
0.176 0.007 0.0414148 0.0685712 0
0.177 0.007 0.0421194 0.0670859 0
0.178 0.007 0.0500764 0.0624972 0
0.179 0.007 0.0423473 0.0636414 0
0.18 0.007 0.047542 0.066616 0
0.181 0.007 0.0446767 0.0661672 0
0.182 0.007 0.0394929 0.0648144 0
0.183 0.007 0.0397928 0.0621182 0
0.184 0.007 0.0459825 0.0633209 0
0.185 0.007 0.0431838 0.0681168 0
0.186 0.007 0.0441957 0.0652103 0
0.187 0.007 0.0461228 0.0633093 0
0.188 0.007 0.044872 0.0656518 0
0.189 0.007 0.0422971 0.0654999 0
0.19 0.007 0.046817 0.070165 0
0.191 0.007 0.0433128 0.0648994 0
0.192 0.007 0.0376567 0.0666911 0
0.193 0.01 0.0448523 0.0665884 0
0.194 0.01 0.0441488 0.0658441 0
0.195 0.01 0.0410586 0.0638771 0
0.196 0.01 0.0445313 0.0688744 0
0.197 0.01 0.0429655 0.067091 0
0.198 0.01 0.0449251 0.066084 0
0.199 0.01 0.0422459 0.0665568 0
0.2 0.01 0.0440479 0.0684169 0
0.201 0.01 0.0429309 0.0667998 0
0.202 0.01 0.0410888 0.067912 0
0.203 0.01 0.0444076 0.0667826 0
0.204 0.01 0.0399895 0.0692078 0
0.205 0.01 0.0458811 0.0663596 0
0.206 0.01 0.0419009 0.064646 0
0.207 0.01 0.0476532 0.0657607 0
0.208 0.01 0.0435048 0.0655372 0
0.209 0.01 0.0408844 0.0665595 0
0.21 0.01 0.0455088 0.0648166 0
0.211 0.01 0.0447033 0.0680009 0
0.212 0.01 0.044334 0.0632728 0
0.213 0.01 0.0423889 0.0676882 0
0.214 0.01 0.0411159 0.0701258 0
0.215 0.01 0.0421636 0.0669283 0
0.216 0.01 0.0452722 0.0725465 0
0.217 0.01 0.0440123 0.0692322 0
0.218 0.01 0.0439163 0.0704267 0
0.219 0.01 0.0435543 0.0650976 0
0.22 0.01 0.0471449 0.0706279 0
0.221 0.01 0.0433698 0.0672227 0
0.222 0.01 0.0472045 0.0681793 0
0.223 0.01 0.0445316 0.066097 0
0.224 0.01 0.0465417 0.0672699 0
0.225 0.01 0.0478584 0.0682027 0
0.226 0.01 0.0453258 0.064917 0
0.227 0.01 0.0423148 0.0685795 0
0.228 0.01 0.0465477 0.0714422 0
0.229 0.01 0.0433111 0.0672315 0
0.23 0.01 0.0443607 0.064886 0
0.231 0.01 0.043602 0.0675255 0
0.232 0.01 0.0402971 0.0654487 0
0.233 0.01 0.047854 0.066268 0
0.234 0.01 0.0466268 0.066824 0
0.235 0.01 0.0479526 0.0694752 0
0.236 0.01 0.0468576 0.0642462 0
0.237 0.01 0.0425928 0.0660506 0
0.238 0.01 0.0462944 0.0668509 0
0.239 0.01 0.0470269 0.064866 0
0.24 0.01 0.0416186 0.068983 0
0.241 0.01 0.0441544 0.065597 0
0.242 0.01 0.0452038 0.0648502 0
0.243 0.01 0.0426264 0.0680548 0
0.244 0.01 0.0459432 0.0669238 0
0.245 0.01 0.0432436 0.0687587 0
0.246 0.01 0.0478895 0.0691984 0
0.247 0.01 0.0518734 0.0732276 0
0.248 0.01 0.0440476 0.0693717 0
0.249 0.01 0.0423768 0.068376 0
0.25 0.01 0.0474598 0.0667908 0
0.251 0.01 0.0504301 0.0678912 0
0.252 0.01 0.0436572 0.0712993 0
0.253 0.011 0.0484571 0.0659887 0
0.254 0.011 0.0495628 0.0694583 0
0.255 0.011 0.0475567 0.0649901 0
0.256 0.011 0.0508216 0.0686944 0
0.257 0.011 0.049142 0.0684228 0
0.258 0.011 0.0488027 0.0685239 0
0.259 0.011 0.0467925 0.0688687 0
0.26 0.011 0.0510388 0.0721502 0
0.261 0.011 0.0435708 0.0697314 0
0.262 0.011 0.0530884 0.0699966 0
0.263 0.011 0.0489611 0.0675001 0
0.264 0.011 0.0500481 0.0724318 0
0.265 0.011 0.0488478 0.071217 0
0.266 0.013 0.0476525 0.0663096 0
0.267 0.014 0.0524083 0.0698833 0
0.268 0.014 0.0486792 0.0677965 0
0.269 0.014 0.0539816 0.0729153 0
0.27 0.015 0.053476 0.0657921 0
0.271 0.015 0.0559262 0.0691138 0
0.272 0.015 0.057502 0.0721621 0
0.273 0.015 0.0493119 0.0651023 0
0.274 0.015 0.0532856 0.0705477 0
0.275 0.015 0.0547649 0.0679385 0
0.276 0.015 0.0593049 0.0698594 0
0.277 0.015 0.0559031 0.0715124 0
0.278 0.015 0.0501767 0.0677845 0
0.279 0.015 0.0531455 0.0676476 0
0.28 0.015 0.0500809 0.0715625 0
0.281 0.015 0.0482192 0.0688116 0
0.282 0.015 0.0431992 0.069288 0
0.283 0.016 0.0548188 0.0717021 0
0.284 0.016 0.0518299 0.070843 0
0.285 0.016 0.0511504 0.0708689 0
0.286 0.016 0.0456843 0.0716469 0
0.287 0.016 0.0536445 0.0673481 0
0.288 0.016 0.0571714 0.0648419 0
0.289 0.016 0.0534102 0.070145 0
0.29 0.016 0.0470105 0.0686074 0
0.291 0.016 0.0553191 0.0669609 0
0.292 0.016 0.0530709 0.0704959 0
0.293 0.016 0.0497805 0.0715385 0
0.294 0.016 0.0541701 0.0670568 0
0.295 0.016 0.0519656 0.0674124 0
0.296 0.016 0.0557448 0.0699342 0
0.297 0.016 0.055867 0.0719643 0
0.298 0.016 0.0566289 0.0743888 0
0.299 0.016 0.0554378 0.0686968 0
0.3 0.016 0.0500641 0.0694965 0
0.301 0.016 0.0646627 0.0707377 0
0.302 0.016 0.0597898 0.0682661 0
0.303 0.016 0.0625383 0.0693523 0
0.304 0.016 0.0660678 0.0669552 0
0.305 0.016 0.0577821 0.0698038 0
0.306 0.016 0.0649422 0.072819 0
0.307 0.017 0.059678 0.0725214 0
0.308 0.017 0.0578271 0.0686053 0
0.309 0.017 0.0619664 0.0721458 0
0.31 0.017 0.0606567 0.0708088 0
0.311 0.017 0.0579006 0.0727443 0
0.312 0.018 0.0569938 0.0722116 0
0.313 0.018 0.057541 0.0759498 0
0.314 0.018 0.0558115 0.072667 0
0.315 0.018 0.052871 0.0690889 0
0.316 0.02 0.0587783 0.0710076 0
0.317 0.02 0.0663378 0.073062 0
0.318 0.02 0.0573004 0.0723517 0
0.319 0.02 0.0543673 0.0715183 0
0.32 0.02 0.0585746 0.0695222 0
0.321 0.02 0.0642962 0.0753602 0
0.322 0.02 0.0552316 0.0712676 0
0.323 0.02 0.0567882 0.0731899 0
0.324 0.02 0.0548153 0.0737787 0
0.325 0.02 0.0596977 0.0706782 0
0.326 0.02 0.0524067 0.0710581 0
0.327 0.02 0.0624864 0.0753157 0
0.328 0.02 0.0547249 0.070485 0
0.329 0.02 0.0596871 0.0745056 0
0.33 0.02 0.0551448 0.0724549 0
0.331 0.02 0.0552666 0.0758206 0
0.332 0.02 0.0583843 0.0746477 0
0.333 0.02 0.0571454 0.0713528 0
0.334 0.02 0.0522984 0.0733559 0
0.335 0.02 0.0525688 0.0704135 0
0.336 0.02 0.0616099 0.0782711 0
0.337 0.02 0.0555208 0.0734097 0
0.338 0.02 0.0548701 0.0727072 0
0.339 0.02 0.063206 0.0660555 0
0.34 0.02 0.0502529 0.0717883 0
0.341 0.02 0.0554886 0.0741219 0
0.342 0.02 0.0580272 0.0729782 0
0.343 0.02 0.0622151 0.0773517 0
0.344 0.02 0.0567447 0.0719722 0
0.345 0.02 0.0587896 0.0712337 0
0.346 0.02 0.0562937 0.0752903 0
0.347 0.02 0.0622039 0.071128 0
0.348 0.02 0.0576127 0.0744222 0
0.349 0.02 0.0516662 0.0750709 0
0.35 0.02 0.0583004 0.0739598 0
0.351 0.02 0.0626538 0.0728769 0
0.352 0.02 0.0553846 0.0750056 0
0.353 0.02 0.0612547 0.0697136 0
0.354 0.02 0.0641836 0.0756876 0
0.355 0.02 0.0695689 0.0753953 0
0.356 0.02 0.0622723 0.0738602 0
0.357 0.021 0.0636933 0.0753388 0
0.358 0.021 0.0667789 0.0748923 0
0.359 0.021 0.0654196 0.0724608 0
0.36 0.021 0.0593704 0.0752893 0
0.361 0.021 0.0642143 0.0696812 0
0.362 0.021 0.0608699 0.0737985 0
0.363 0.021 0.0599436 0.0772856 0
0.364 0.021 0.0595721 0.0724014 0
0.365 0.021 0.0679597 0.0745358 0
0.366 0.021 0.0687421 0.0753393 0
0.367 0.021 0.0556126 0.0737523 0
0.368 0.021 0.0602625 0.0756983 0
0.369 0.021 0.059173 0.0743727 0
0.37 0.021 0.0611743 0.0723819 0
0.371 0.021 0.0634442 0.0750909 0
0.372 0.021 0.0594156 0.0806333 0
0.373 0.021 0.0598236 0.0784485 0
0.374 0.021 0.0640718 0.0735257 0
0.375 0.021 0.0657335 0.0783483 0
0.376 0.021 0.0677782 0.0796059 0
0.377 0.021 0.0587576 0.0746314 0
0.378 0.021 0.0616152 0.0758327 0
0.379 0.021 0.0633655 0.0767529 0
0.38 0.021 0.056928 0.0726545 0
0.381 0.021 0.0619396 0.0777103 0
0.382 0.021 0.05694 0.0763549 0
0.383 0.021 0.0623443 0.0750981 0
0.384 0.021 0.0654266 0.0809124 0
0.385 0.021 0.0633814 0.0771754 0
0.386 0.021 0.0628763 0.0733094 0
0.387 0.021 0.0557942 0.079493 0
0.388 0.021 0.06025 0.0754124 0
0.389 0.021 0.0683913 0.0769531 0
0.39 0.021 0.0584876 0.07635 0
0.391 0.021 0.063293 0.0792968 0
0.392 0.021 0.0692759 0.0764904 0
0.393 0.021 0.0639016 0.0839592 0
0.394 0.021 0.0685359 0.0742717 0
0.395 0.021 0.0619573 0.0794485 0
0.396 0.021 0.0677309 0.0776555 0
0.397 0.021 0.0590848 0.0806171 0
0.398 0.021 0.061599 0.0735906 0
0.399 0.021 0.0670708 0.0840176 0
0.4 0.021 0.0666519 0.0802293 0
0.401 0.021 0.0690684 0.0764185 0
0.402 0.021 0.0619382 0.0802759 0
0.403 0.021 0.0611691 0.0817367 0
0.404 0.021 0.0689503 0.0850757 0
0.405 0.021 0.0573654 0.0832898 0
0.406 0.023 0.0624093 0.0807018 0
0.407 0.023 0.0602241 0.0843642 0
0.408 0.023 0.0586772 0.0785151 0
0.409 0.023 0.0639901 0.0844426 0
0.41 0.024 0.0678106 0.0746466 0
0.411 0.024 0.0703458 0.0836627 0
0.412 0.042 0.0717996 0.0804213 0
0.413 0.042 0.0666642 0.0793367 0
0.414 0.042 0.0690788 0.0797738 0
0.415 0.042 0.0672509 0.080057 0
0.416 0.042 0.0771478 0.0790791 0
0.417 0.042 0.0707918 0.0762074 0
0.418 0.042 0.0665271 0.0823889 0
0.419 0.042 0.0781151 0.0796566 0
0.42 0.055 0.0834878 0.0785291 0
0.421 0.055 0.0758643 0.0800894 0
0.422 0.055 0.0783446 0.0825808 0
0.423 0.055 0.077294 0.0834948 0
0.424 0.055 0.0792562 0.0825497 0
0.425 0.055 0.069456 0.0819002 0
0.426 0.055 0.0764008 0.0799187 0
0.427 0.055 0.0675593 0.0808697 0
0.428 0.055 0.0747094 0.0808746 0
0.429 0.055 0.0743129 0.0799773 0
0.43 0.055 0.0753788 0.0777131 0
0.431 0.055 0.0780988 0.0804561 0
0.432 0.055 0.0723648 0.0833323 0
0.433 0.055 0.0742875 0.0857666 0
0.434 0.055 0.0796686 0.08507 0
0.435 0.055 0.0778144 0.07878 0
0.436 0.055 0.0801141 0.0819166 0
0.437 0.055 0.0716735 0.0792782 0
0.438 0.055 0.0809867 0.0799866 0
0.439 0.055 0.0802925 0.0842511 0
0.44 0.055 0.0833318 0.07795 0
0.441 0.055 0.0735984 0.0760244 0
0.442 0.056 0.0812183 0.0833413 0
0.443 0.056 0.072277 0.0803789 0
0.444 0.056 0.0815379 0.0756788 0
0.445 0.056 0.0791728 0.0787174 0
0.446 0.056 0.0807757 0.0819164 0
0.447 0.056 0.0819072 0.0807823 0
0.448 0.056 0.0792553 0.0787629 0
0.449 0.056 0.0837105 0.0821727 0
0.45 0.056 0.0815914 0.0800048 0
0.451 0.056 0.078345 0.0810467 0
0.452 0.056 0.0832739 0.0781365 0
0.453 0.056 0.0753245 0.0848247 0
0.454 0.056 0.088039 0.0853796 0
0.455 0.056 0.0856392 0.0812577 0
0.456 0.056 0.0803821 0.0829244 0
0.457 0.056 0.0861851 0.0787446 0
0.458 0.061 0.0869446 0.0840341 0
0.459 0.061 0.0776966 0.0820471 0
0.46 0.061 0.0835272 0.0778452 0
0.461 0.061 0.0731888 0.0784285 0
0.462 0.061 0.0845933 0.0813151 0
0.463 0.061 0.0805366 0.082333 0
0.464 0.061 0.0816553 0.0791122 0
0.465 0.061 0.0779267 0.0764253 0
0.466 0.061 0.084718 0.0844621 0
0.467 0.062 0.0766387 0.0830172 0
0.468 0.062 0.0770436 0.0794667 0
0.469 0.062 0.0771347 0.0846469 0
0.47 0.062 0.0903075 0.0797637 0
0.471 0.062 0.075754 0.0811978 0
0.472 0.062 0.0796828 0.0841417 0
0.473 0.062 0.0870305 0.0828537 0
0.474 0.063 0.0819949 0.0847253 0
0.475 0.066 0.0798503 0.0832708 0
0.476 0.066 0.0879951 0.081696 0
0.477 0.067 0.071997 0.0772845 0
0.478 0.067 0.0859583 0.0855923 0
0.479 0.067 0.0768114 0.0776309 0
0.48 0.067 0.0729805 0.0810449 0
0.481 0.067 0.0804473 0.0818821 0
0.482 0.067 0.0821006 0.0811519 0
0.483 0.067 0.0837158 0.0814289 0
0.484 0.067 0.0922668 0.0795481 0
0.485 0.067 0.0839632 0.0814149 0
0.486 0.067 0.0892032 0.0801736 0
0.487 0.067 0.0803549 0.0841455 0
0.488 0.067 0.0810105 0.0824334 0
0.489 0.067 0.0776924 0.0807196 0
0.49 0.067 0.084932 0.084972 0
0.491 0.07 0.076164 0.08302 0
0.492 0.07 0.0792727 0.0876692 0
0.493 0.07 0.0877047 0.081737 0
0.494 0.07 0.085611 0.0884032 0
0.495 0.07 0.0743614 0.0824161 0
0.496 0.07 0.0766615 0.0787969 0
0.497 0.07 0.0788311 0.0855798 0
0.498 0.07 0.0799504 0.087974 0
0.499 0.07 0.0851703 0.0828885 0
0.5 0.07 0.0951662 0.0861475 0
0.501 0.071 0.068785 0.0877088 0
0.502 0.071 0.0741002 0.0890773 0
0.503 0.071 0.0775258 0.0855586 0
0.504 0.071 0.0736153 0.0850001 0
0.505 0.074 0.0801201 0.091428 0
0.506 0.074 0.0842159 0.0852729 0
0.507 0.074 0.0772985 0.0832287 0
0.508 0.084 0.0788233 0.0864956 0
0.509 0.084 0.0804774 0.0809935 0
0.51 0.084 0.0811587 0.0898002 0
0.511 0.084 0.0774784 0.0861288 0
0.512 0.084 0.0830721 0.0823301 0
0.513 0.084 0.0801599 0.0876425 0
0.514 0.084 0.082899 0.0894229 0
0.515 0.084 0.0787887 0.0819115 0
0.516 0.086 0.0783924 0.0869742 0
0.517 0.086 0.0801164 0.0900931 0
0.518 0.086 0.0831283 0.0861178 0
0.519 0.086 0.0730585 0.0860934 0
0.52 0.086 0.0784337 0.0873357 0
0.521 0.086 0.0806459 0.0918569 0
0.522 0.086 0.0733038 0.0901588 0
0.523 0.086 0.0805221 0.0871596 0
0.524 0.086 0.0743582 0.0898682 0
0.525 0.087 0.0776676 0.0881249 0
0.526 0.087 0.0676864 0.0857985 0
0.527 0.087 0.0798081 0.0882641 0
0.528 0.087 0.0814025 0.0849539 0
0.529 0.089 0.0828686 0.0897509 0
0.53 0.089 0.0783964 0.0928158 0
0.531 0.089 0.0761557 0.0918818 0
0.532 0.117 0.0800756 0.0906061 0
0.533 0.117 0.0806178 0.0915252 0
0.534 0.117 0.0732037 0.090684 0
0.535 0.117 0.0785073 0.0921265 0
0.536 0.117 0.0790014 0.0893276 0
0.537 0.117 0.0726815 0.0900389 0
0.538 0.117 0.0772454 0.088007 0
0.539 0.117 0.0742502 0.087285 0
0.54 0.117 0.0730126 0.0914208 0
0.541 0.117 0.0898132 0.0918021 0
0.542 0.117 0.0813326 0.0925729 0
0.543 0.117 0.0841365 0.0944312 0
0.544 0.117 0.0785592 0.0884652 0
0.545 0.117 0.0884396 0.0973907 0
0.546 0.117 0.0778769 0.0918341 0
0.547 0.117 0.0862487 0.0905928 0
0.548 0.117 0.0843627 0.0934876 0
0.549 0.117 0.0835469 0.0950952 0
0.55 0.118 0.087075 0.0901732 0
0.551 0.12 0.0846973 0.0911635 0
0.552 0.12 0.0897861 0.0974454 0
0.553 0.121 0.0936679 0.0946036 0
0.554 0.121 0.0975517 0.0918747 0
0.555 0.121 0.0942066 0.0878837 0
0.556 0.124 0.0922538 0.0902941 0
0.557 0.124 0.085008 0.0927986 0
0.558 0.124 0.0845132 0.0919983 0
0.559 0.124 0.0819153 0.0917001 0
0.56 0.124 0.0858484 0.0995148 0
0.561 0.124 0.0831106 0.0920613 0
0.562 0.124 0.0836817 0.0910482 0
0.563 0.135 0.0836384 0.0954521 0
0.564 0.136 0.0808931 0.0911079 0
0.565 0.136 0.0861565 0.0897662 0
0.566 0.136 0.0943045 0.0902459 0
0.567 0.136 0.0937802 0.0920774 0
0.568 0.136 0.0951851 0.0932172 0
0.569 0.136 0.0963835 0.0858557 0
0.57 0.136 0.104363 0.0924106 0
0.571 0.136 0.106656 0.0927977 0
0.572 0.137 0.104225 0.0861487 0
0.573 0.137 0.104336 0.0890758 0
0.574 0.14 0.091981 0.0896583 0
0.575 0.14 0.090771 0.0906783 0
0.576 0.141 0.0947483 0.0922796 0
0.577 0.143 0.0838363 0.0911021 0
0.578 0.19 0.0843758 0.0956961 0
0.579 0.191 0.0824957 0.0880973 0
0.58 0.191 0.0872119 0.092573 0
0.581 0.191 0.0774863 0.0856497 0
0.582 0.203 0.0874996 0.095228 0
0.583 0.203 0.0866857 0.0904945 0
0.584 0.248 0.0823799 0.0950143 0
0.585 0.248 0.0912127 0.0943501 0
0.586 0.252 0.0929863 0.0959636 0
0.587 0.255 0.0878949 0.090539 0
0.588 0.255 0.0827139 0.0952429 0
0.589 0.255 0.0832354 0.092451 0
0.59 0.262 0.0848881 0.0916776 0
0.591 0.265 0.0911611 0.0921118 0
0.592 0.265 0.108772 0.0916163 0
0.593 0.266 0.102268 0.0916529 0
0.594 0.267 0.110128 0.0895327 0
0.595 0.267 0.111869 0.0891741 0
0.596 0.269 0.102966 0.0878772 0
0.597 0.269 0.110097 0.090432 0
0.598 0.27 0.116478 0.0858377 0
0.599 0.279 0.108403 0.0932987 0
0.6 0.279 0.110735 0.0942498 0
0.601 0.279 0.0970194 0.0916647 0
0.602 0.279 0.107184 0.092346 0
0.603 0.279 0.108441 0.094276 0
0.604 0.279 0.10551 0.091055 0
0.605 0.279 0.106059 0.0915902 0
0.606 0.28 0.106305 0.0937554 0
0.607 0.28 0.108177 0.0944425 0
0.608 0.28 0.119621 0.0898047 0
0.609 0.285 0.121809 0.0919785 0
0.61 0.305 0.113407 0.0933393 0
0.611 0.416 0.116033 0.0918969 0
0.612 0.416 0.115564 0.0898208 0
0.613 0.417 0.108199 0.0938255 0
0.614 0.417 0.0834084 0.0989855 0
0.615 0.417 0.0983758 0.0981068 0
0.616 0.418 0.0968651 0.108722 0
0.617 0.418 0.0956653 0.110991 0
0.618 0.433 0.0866193 0.105932 0
0.619 0.433 0.0863325 0.0988753 0
0.62 0.433 0.0812465 0.106197 0
0.621 0.434 0.0809047 0.105542 0
0.622 0.436 0.0820287 0.100314 0
0.623 0.439 0.0911231 0.100189 0
0.624 0.439 0.0926283 0.103699 0
0.625 0.44 0.0987012 0.102318 0
0.626 0.441 0.0970822 0.10177 0
0.627 0.441 0.100171 0.105003 0
0.628 0.443 0.106139 0.10651 0
0.629 0.443 0.108982 0.1067 0
0.63 0.443 0.0983892 0.106669 0
0.631 0.446 0.103668 0.102071 0
0.632 0.45 0.105631 0.109367 0
0.633 0.455 0.105718 0.108483 0
0.634 0.458 0.0957937 0.10699 0
0.635 0.458 0.0991102 0.105027 0
0.636 0.459 0.0957327 0.10764 0
0.637 0.459 0.0943769 0.101384 0
0.638 0.462 0.0998816 0.109502 0
0.639 0.462 0.10074 0.102346 0
0.64 0.462 0.0967736 0.105041 0
0.641 0.464 0.104151 0.108768 0
0.642 0.464 0.103902 0.108972 0
0.643 0.465 0.100463 0.0995135 0
0.644 0.465 0.0968683 0.105638 0
0.645 0.465 0.102234 0.104573 0
0.646 0.467 0.0921823 0.103539 0
0.647 0.467 0.100405 0.107653 0
0.648 0.471 0.0991538 0.108658 0
0.649 0.471 0.091986 0.0984801 0
0.65 0.471 0.100857 0.108539 0
0.651 0.473 0.101022 0.105199 0
0.652 0.474 0.103718 0.111543 0
0.653 0.475 0.0902459 0.110882 0
0.654 0.476 0.0999592 0.105075 0
0.655 0.476 0.104094 0.10918 0
0.656 0.476 0.105765 0.106443 0
0.657 0.478 0.100955 0.110604 0
0.658 0.479 0.0910031 0.105644 0
0.659 0.479 0.109575 0.104002 0
0.66 0.48 0.107912 0.112288 0
0.661 0.48 0.111273 0.10969 0
0.662 0.48 0.11295 0.109937 0
0.663 0.481 0.109702 0.107407 0
0.664 0.489 0.118815 0.110972 0
0.665 0.492 0.112455 0.104155 0
0.666 0.493 0.1121 0.103518 0
0.667 0.493 0.11922 0.103924 0
0.668 0.493 0.111455 0.106942 0
0.669 0.493 0.11461 0.111216 0
0.67 0.494 0.10807 0.105697 0
0.671 0.499 0.112605 0.113225 0
0.672 0.5 0.120885 0.114429 0
0.673 0.5 0.116547 0.107819 0
0.674 0.504 0.111536 0.113091 0
0.675 0.508 0.110417 0.108287 0
0.676 0.51 0.103011 0.107778 0
0.677 0.51 0.115271 0.109958 0
0.678 0.511 0.121746 0.108893 0
0.679 0.512 0.123256 0.109023 0
0.68 0.512 0.128994 0.10984 0
0.681 0.512 0.126606 0.108655 0
0.682 0.513 0.120209 0.101663 0
0.683 0.514 0.141489 0.0984085 0
0.684 0.514 0.144666 0.0996852 0
0.685 0.515 0.13951 0.10251 0
0.686 0.515 0.125351 0.10391 0
0.687 0.515 0.14002 0.103513 0
0.688 0.516 0.127465 0.101396 0
0.689 0.516 0.126238 0.0988672 0
0.69 0.518 0.129331 0.103408 0
0.691 0.519 0.125352 0.112617 0
0.692 0.52 0.1275 0.1062 0
0.693 0.52 0.121699 0.107642 0
0.694 0.525 0.115469 0.111877 0
0.695 0.529 0.11981 0.112556 0
0.696 0.529 0.11116 0.115946 0
0.697 0.531 0.116773 0.104866 0
0.698 0.544 0.107921 0.117269 0
0.699 0.545 0.112706 0.118362 0
0.7 0.547 0.102387 0.115655 0
0.701 0.548 0.0986231 0.110399 0
0.702 0.548 0.10037 0.110349 0
0.703 0.556 0.104381 0.112142 0
0.704 0.556 0.0984378 0.106241 0
0.705 0.557 0.104672 0.111869 0
0.706 0.558 0.10743 0.114878 0
0.707 0.559 0.109894 0.117647 0
0.708 0.559 0.111345 0.114759 0
0.709 0.559 0.106228 0.110778 0
0.71 0.559 0.109716 0.116875 0
0.711 0.563 0.108377 0.115298 0
0.712 0.567 0.11553 0.118009 0
0.713 0.569 0.122682 0.12112 0
0.714 0.569 0.12274 0.109827 0
0.715 0.569 0.121943 0.121245 0
0.716 0.569 0.126038 0.115733 0
0.717 0.569 0.131237 0.108747 0
0.718 0.569 0.129819 0.114515 0
0.719 0.57 0.122559 0.116235 0
0.72 0.572 0.117244 0.119359 0
0.721 0.573 0.125959 0.117378 0
0.722 0.573 0.112911 0.123179 0
0.723 0.577 0.116673 0.12295 0
0.724 0.579 0.103972 0.124122 0
0.725 0.579 0.100271 0.134126 0
0.726 0.579 0.100056 0.122415 0
0.727 0.584 0.103755 0.125378 0
0.728 0.586 0.108352 0.132321 0
0.729 0.586 0.14718 0.116702 0
0.73 0.587 0.154363 0.113943 0
0.731 0.589 0.146918 0.113866 0
0.732 0.589 0.155555 0.118623 0
0.733 0.59 0.154616 0.11921 0
0.734 0.592 0.151333 0.11656 0
0.735 0.593 0.162522 0.111589 0
0.736 0.596 0.162364 0.109513 0
0.737 0.597 0.163542 0.116374 0
0.738 0.598 0.168128 0.113381 0
0.739 0.602 0.165111 0.115272 0
0.74 0.602 0.169523 0.113201 0
0.741 0.605 0.172445 0.113808 0
0.742 0.605 0.179786 0.113697 0
0.743 0.605 0.186141 0.112167 0
0.744 0.605 0.181183 0.114653 0
0.745 0.605 0.1873 0.117165 0
0.746 0.605 0.183463 0.117758 0
0.747 0.605 0.178769 0.120322 0
0.748 0.609 0.175996 0.117201 0
0.749 0.612 0.177808 0.11619 0
0.75 0.615 0.202452 0.111177 0
0.751 0.616 0.201667 0.0997173 0
0.752 0.617 0.193085 0.10384 0
0.753 0.618 0.195101 0.107655 0
0.754 0.621 0.190592 0.109406 0
0.755 0.624 0.204899 0.105641 0
0.756 0.624 0.193614 0.11772 0
0.757 0.625 0.190472 0.117289 0
0.758 0.626 0.190837 0.115408 0
0.759 0.626 0.186439 0.117416 0
0.76 0.626 0.180099 0.109799 0
0.761 0.627 0.186646 0.116866 0
0.762 0.628 0.178105 0.121853 0
0.763 0.635 0.177057 0.123691 0
0.764 0.64 0.191733 0.119152 0
0.765 0.641 0.137882 0.147355 0
0.766 0.641 0.143348 0.139648 0
0.767 0.649 0.146682 0.150863 0
0.768 0.649 0.150358 0.149266 0
0.769 0.649 0.187572 0.12118 0
0.77 0.649 0.196073 0.132193 0
0.771 0.649 0.21685 0.122545 0
0.772 0.65 0.227684 0.11629 0
0.773 0.651 0.213233 0.127833 0
0.774 0.651 0.208427 0.1251 0
0.775 0.652 0.212133 0.124441 0
0.776 0.652 0.211384 0.12526 0
0.777 0.655 0.214217 0.118118 0
0.778 0.655 0.225041 0.116605 0
0.779 0.656 0.224709 0.111951 0
0.78 0.657 0.233492 0.108438 0
0.781 0.658 0.242857 0.114828 0
0.782 0.658 0.242755 0.11135 0
0.783 0.659 0.233792 0.117013 0
0.784 0.66 0.235835 0.114003 0
0.785 0.66 0.234265 0.108729 0
0.786 0.66 0.238591 0.114957 0
0.787 0.66 0.247854 0.110843 0
0.788 0.661 0.244487 0.108969 0
0.789 0.661 0.244461 0.109698 0
0.79 0.661 0.239135 0.117827 0
0.791 0.662 0.252338 0.114307 0
0.792 0.664 0.24471 0.106012 0
0.793 0.665 0.238106 0.113756 0
0.794 0.666 0.255096 0.108773 0
0.795 0.666 0.291789 0.0997075 0
0.796 0.666 0.274028 0.101964 0
0.797 0.666 0.27647 0.104984 0
0.798 0.667 0.279328 0.103327 0
0.799 0.668 0.284541 0.0995836 0
0.8 0.668 0.329296 0.0820516 0
0.801 0.669 0.333103 0.077092 0
0.802 0.669 0.341238 0.0736609 0
0.803 0.669 0.342713 0.0706051 0
0.804 0.671 0.338374 0.0680396 0
0.805 0.671 0.33789 0.0741949 0
0.806 0.672 0.345417 0.0712997 0
0.807 0.672 0.338164 0.0734609 0
0.808 0.674 0.338445 0.0748879 0
0.809 0.676 0.333511 0.0748257 0
0.81 0.676 0.333416 0.0757441 0
0.811 0.677 0.336915 0.0776575 0
0.812 0.677 0.345767 0.0725516 0
0.813 0.677 0.350771 0.0736946 0
0.814 0.677 0.35266 0.0716568 0
0.815 0.677 0.354953 0.0730339 0
0.816 0.677 0.364283 0.0692633 0
0.817 0.677 0.37269 0.0715016 0
0.818 0.677 0.374231 0.066882 0
0.819 0.678 0.372485 0.0711243 0
0.82 0.678 0.375504 0.07246 0
0.821 0.68 0.384346 0.0711609 0
0.822 0.681 0.38188 0.0688867 0
0.823 0.684 0.381826 0.0735978 0
0.824 0.686 0.379644 0.0671184 0
0.825 0.687 0.376927 0.0718783 0
0.826 0.687 0.387672 0.0672645 0
0.827 0.687 0.387496 0.0725523 0
0.828 0.687 0.398488 0.0658649 0
0.829 0.687 0.408993 0.066394 0
0.83 0.687 0.409265 0.0634663 0
0.831 0.689 0.415405 0.0618946 0
0.832 0.69 0.41127 0.0677532 0
0.833 0.69 0.423059 0.0693456 0
0.834 0.692 0.416297 0.0663932 0
0.835 0.692 0.417859 0.0700598 0
0.836 0.692 0.413969 0.0673133 0
0.837 0.692 0.428741 0.0658903 0
0.838 0.695 0.42627 0.0647652 0
0.839 0.696 0.428082 0.0638751 0
0.84 0.696 0.422937 0.0628622 0
0.841 0.696 0.428048 0.0672697 0
0.842 0.696 0.427553 0.0620444 0
0.843 0.698 0.415987 0.0664496 0
0.844 0.698 0.41264 0.0617104 0
0.845 0.698 0.433528 0.0658922 0
0.846 0.698 0.428793 0.0591612 0
0.847 0.698 0.427849 0.0564949 0
0.848 0.698 0.432778 0.0560319 0
0.849 0.698 0.453687 0.0528405 0
0.85 0.699 0.455975 0.0610305 0
0.851 0.701 0.455178 0.0543757 0
0.852 0.702 0.462241 0.0535627 0
0.853 0.703 0.463433 0.0573364 0
0.854 0.703 0.465512 0.0553382 0
0.855 0.71 0.461643 0.05736 0
0.856 0.71 0.4603 0.0599855 0
0.857 0.711 0.466249 0.0548723 0
0.858 0.713 0.461809 0.0558371 0
0.859 0.714 0.463023 0.0561651 0
0.86 0.714 0.463168 0.0589402 0
0.861 0.714 0.464466 0.061221 0
0.862 0.714 0.467585 0.0564848 0
0.863 0.714 0.46893 0.057104 0
0.864 0.714 0.471987 0.0565642 0
0.865 0.715 0.46809 0.0589627 0
0.866 0.716 0.469199 0.054082 0
0.867 0.716 0.467812 0.0542056 0
0.868 0.717 0.470794 0.0546854 0
0.869 0.717 0.474353 0.054374 0
0.87 0.717 0.476689 0.0516246 0
0.871 0.725 0.481195 0.0526638 0
0.872 0.725 0.488886 0.0479829 0
0.873 0.725 0.483117 0.0506024 0
0.874 0.725 0.487389 0.0511507 0
0.875 0.725 0.48828 0.0525256 0
0.876 0.725 0.491354 0.047449 0
0.877 0.732 0.485257 0.0548272 0
0.878 0.732 0.486864 0.0556948 0
0.879 0.733 0.486308 0.0557462 0
0.88 0.733 0.487073 0.0566145 0
0.881 0.734 0.492222 0.0538858 0
0.882 0.743 0.482085 0.0526331 0
0.883 0.744 0.488071 0.0570694 0
0.884 0.749 0.485622 0.0558074 0
0.885 0.749 0.485273 0.0523307 0
0.886 0.749 0.522627 0.0448041 0
0.887 0.75 0.520669 0.0465484 0
0.888 0.751 0.52664 0.0423454 0
0.889 0.757 0.515095 0.0427106 0
0.89 0.758 0.513467 0.0408897 0
0.891 0.758 0.511404 0.0415841 0
0.892 0.758 0.511927 0.042657 0
0.893 0.759 0.508546 0.0405956 0
0.894 0.766 0.519571 0.0469642 0
0.895 0.766 0.5158 0.0531592 0
0.896 0.766 0.518338 0.0523757 0
0.897 0.766 0.516865 0.0530169 0
0.898 0.766 0.517971 0.0511045 0
0.899 0.766 0.518058 0.055528 0
0.9 0.766 0.517062 0.0548663 0
0.901 0.766 0.51976 0.0521666 0
0.902 0.767 0.516599 0.0533128 0
0.903 0.768 0.524672 0.0529253 0
0.904 0.768 0.522624 0.0506639 0
0.905 0.768 0.523869 0.0541973 0
0.906 0.768 0.533842 0.0464837 0
0.907 0.768 0.520441 0.0523131 0
0.908 0.768 0.524922 0.0515495 0
0.909 0.769 0.5169 0.0532181 0
0.91 0.77 0.522825 0.0552531 0
0.911 0.77 0.523986 0.0496293 0
0.912 0.77 0.526402 0.0526152 0
0.913 0.77 0.534926 0.0517941 0
0.914 0.77 0.535345 0.0525777 0
0.915 0.774 0.528098 0.0528847 0
0.916 0.775 0.532344 0.0484705 0
0.917 0.775 0.533035 0.0471661 0
0.918 0.775 0.537267 0.0481801 0
0.919 0.775 0.53417 0.0477335 0
0.92 0.776 0.529949 0.0507734 0
0.921 0.778 0.532887 0.0451459 0
0.922 0.778 0.529444 0.0492571 0
0.923 0.779 0.531975 0.048175 0
0.924 0.78 0.520146 0.0543333 0
0.925 0.781 0.51871 0.0482583 0
0.926 0.781 0.517207 0.0498521 0
0.927 0.781 0.521682 0.0499837 0
0.928 0.781 0.522437 0.04629 0
0.929 0.781 0.525926 0.0487072 0
0.93 0.781 0.523748 0.048285 0
0.931 0.782 0.518469 0.050047 0
0.932 0.782 0.52325 0.0468469 0
0.933 0.783 0.52107 0.0464922 0
0.934 0.783 0.519118 0.0472539 0
0.935 0.784 0.52172 0.0465384 0
0.936 0.785 0.518379 0.0493687 0
0.937 0.785 0.52055 0.0501369 0
0.938 0.787 0.518648 0.0500133 0
0.939 0.788 0.521002 0.0539742 0
0.94 0.788 0.524078 0.0524178 0
0.941 0.789 0.524977 0.0492451 0
0.942 0.789 0.524838 0.0543497 0
0.943 0.789 0.526697 0.0527879 0
0.944 0.789 0.523304 0.0525052 0
0.945 0.79 0.52942 0.0495134 0
0.946 0.79 0.534037 0.0457051 0
0.947 0.79 0.539772 0.0463378 0
0.948 0.79 0.537564 0.0479988 0
0.949 0.79 0.535511 0.0449297 0
0.95 0.791 0.534496 0.0469077 0
0.951 0.794 0.535617 0.0521376 0
0.952 0.794 0.537166 0.0453767 0
0.953 0.794 0.535493 0.0478131 0
0.954 0.794 0.540359 0.0478024 0
0.955 0.794 0.539196 0.0455152 0
0.956 0.794 0.53909 0.0490145 0
0.957 0.794 0.553354 0.0446094 0
0.958 0.795 0.555732 0.0435923 0
0.959 0.795 0.565935 0.0392551 0
0.96 0.795 0.567615 0.0372701 0
0.961 0.795 0.569129 0.0410781 0
0.962 0.797 0.571643 0.039417 0
0.963 0.798 0.572531 0.0389145 0
0.964 0.802 0.564974 0.0424743 0
0.965 0.802 0.571044 0.0463528 0
0.966 0.802 0.56878 0.0394205 0
0.967 0.802 0.578826 0.0449559 0
0.968 0.802 0.58827 0.035543 0
0.969 0.802 0.599447 0.0402275 0
0.97 0.802 0.591292 0.0352992 0
0.971 0.802 0.596207 0.0387119 0
0.972 0.803 0.605693 0.03412 0
0.973 0.803 0.607098 0.0410882 0
0.974 0.803 0.610326 0.0310183 0
0.975 0.805 0.612976 0.040523 0
0.976 0.805 0.610122 0.0329631 0
0.977 0.806 0.619505 0.038708 0
0.978 0.806 0.618956 0.0338056 0
0.979 0.806 0.627195 0.0374335 0
0.98 0.806 0.624208 0.0350671 0
0.981 0.806 0.625093 0.0413066 0
0.982 0.807 0.623458 0.0344016 0
0.983 0.807 0.62816 0.0384402 0
0.984 0.807 0.623423 0.034988 0
0.985 0.807 0.636922 0.0371782 0
0.986 0.807 0.646114 0.0306049 0
0.987 0.807 0.649933 0.0329753 0
0.988 0.807 0.65148 0.028808 0
0.989 0.807 0.651075 0.0317033 0
0.99 0.811 0.652097 0.0271797 0
0.991 0.811 0.658339 0.0347793 0
0.992 0.811 0.66427 0.0264073 0
0.993 0.811 0.664752 0.0313755 0
0.994 0.812 0.665255 0.026738 0
0.995 0.812 0.667338 0.031307 0
0.996 0.813 0.667531 0.0195933 0
0.997 0.813 0.666917 0.0297417 0
0.998 0.813 0.670694 0.0299211 0
0.999 0.813 0.67681 0.0291284 0
1 0.813 0.68058 0.0249682 0
1.001 0.813 0.679386 0.0279215 0
1.002 0.813 0.678453 0.0254167 0
1.003 0.813 0.681036 0.0286039 0
1.004 0.813 0.675524 0.0249132 0
1.005 0.814 0.679719 0.0255146 0
1.006 0.814 0.681567 0.0214637 0
1.007 0.814 0.684605 0.0290803 0
1.008 0.814 0.680446 0.0308175 0
1.009 0.815 0.68335 0.0280215 0
1.01 0.819 0.680309 0.0278089 0
1.011 0.82 0.681846 0.0235844 0
1.012 0.821 0.688403 0.0285554 0
1.013 0.821 0.68051 0.0220893 0
1.014 0.823 0.68596 0.0293282 0
1.015 0.823 0.680444 0.0252992 0
1.016 0.824 0.682578 0.0208641 0
1.017 0.824 0.683211 0.0300055 0
1.018 0.824 0.683802 0.0180646 0
1.019 0.824 0.679733 0.030488 0
1.02 0.824 0.681385 0.0193937 0
1.021 0.825 0.682039 0.0320632 0
1.022 0.826 0.688808 0.0227612 0
1.023 0.827 0.690456 0.0303568 0
1.024 0.827 0.689564 0.0209533 0
1.025 0.827 0.688762 0.0262936 0
1.026 0.827 0.690808 0.0199761 0
1.027 0.828 0.697859 0.0262955 0
1.028 0.829 0.694817 0.0289502 0
1.029 0.83 0.701065 0.0273118 0
1.03 0.831 0.694787 0.0205154 0
1.031 0.836 0.702653 0.0265149 0
1.032 0.836 0.697854 0.019993 0
1.033 0.836 0.69738 0.0235767 0
1.034 0.836 0.699483 0.0236269 0
1.035 0.836 0.699443 0.0247337 0
1.036 0.837 0.702049 0.024195 0
1.037 0.837 0.69991 0.0218146 0
1.038 0.838 0.703063 0.0213235 0
1.039 0.838 0.699971 0.0240277 0
1.04 0.838 0.702524 0.0219896 0
1.041 0.838 0.702778 0.0234669 0
1.042 0.838 0.704575 0.0227025 0
1.043 0.84 0.705566 0.021078 0
1.044 0.84 0.707717 0.0240447 0
1.045 0.84 0.705557 0.0222899 0
1.046 0.84 0.70637 0.023928 0
1.047 0.84 0.705005 0.0206471 0
1.048 0.84 0.706175 0.0240428 0
1.049 0.84 0.70806 0.020106 0
1.05 0.841 0.707395 0.0259372 0
1.051 0.841 0.708449 0.0167309 0
1.052 0.841 0.709495 0.0237486 0
1.053 0.841 0.705903 0.0204572 0
1.054 0.841 0.705748 0.0230401 0
1.055 0.841 0.70893 0.0202414 0
1.056 0.841 0.710372 0.0240414 0
1.057 0.841 0.71201 0.0213892 0
1.058 0.841 0.710614 0.0236517 0
1.059 0.841 0.707292 0.0199374 0
1.06 0.843 0.71026 0.0232735 0
1.061 0.843 0.71101 0.0297211 0
1.062 0.843 0.711534 0.0183348 0
1.063 0.843 0.712995 0.0267403 0
1.064 0.843 0.71053 0.0182309 0
1.065 0.843 0.712862 0.0256637 0
1.066 0.844 0.71243 0.0182524 0
1.067 0.845 0.716663 0.0259896 0
1.068 0.845 0.715945 0.0177915 0
1.069 0.845 0.717229 0.0274833 0
1.07 0.845 0.71724 0.0162268 0
1.071 0.845 0.726263 0.0251215 0
1.072 0.845 0.726086 0.0179151 0
1.073 0.845 0.736638 0.0252606 0
1.074 0.848 0.73747 0.0152756 0
1.075 0.848 0.742505 0.0217235 0
1.076 0.848 0.739645 0.0132576 0
1.077 0.848 0.743153 0.0250819 0
1.078 0.849 0.738969 0.0155452 0
1.079 0.849 0.741461 0.024465 0
1.08 0.849 0.739695 0.015572 0
1.081 0.851 0.742717 0.0254107 0
1.082 0.851 0.741307 0.0174747 0
1.083 0.851 0.743017 0.0216168 0
1.084 0.851 0.741552 0.0139835 0
1.085 0.851 0.742578 0.0210679 0
1.086 0.852 0.743163 0.0174287 0
1.087 0.852 0.746204 0.0203992 0
1.088 0.858 0.744187 0.0139632 0
1.089 0.858 0.743224 0.0137969 0
1.09 0.859 0.746074 0.0159061 0
1.091 0.859 0.745061 0.0179124 0
1.092 0.859 0.745794 0.015476 0
1.093 0.859 0.744475 0.0154515 0
1.094 0.859 0.74811 0.0150825 0
1.095 0.859 0.751734 0.0154581 0
1.096 0.859 0.749765 0.0162126 0
1.097 0.859 0.750798 0.0159345 0
1.098 0.859 0.750319 0.0155196 0
1.099 0.859 0.750542 0.0176895 0
1.1 0.859 0.748953 0.0169367 0
1.101 0.86 0.752305 0.0160645 0
1.102 0.86 0.750406 0.0155097 0
1.103 0.861 0.752686 0.0143475 0
1.104 0.861 0.752434 0.013276 0
1.105 0.861 0.749802 0.0134591 0
1.106 0.861 0.752059 0.0151069 0
1.107 0.861 0.751727 0.0153641 0
1.108 0.861 0.75139 0.0153197 0
1.109 0.861 0.752072 0.0141224 0
1.11 0.862 0.752553 0.0154963 0
1.111 0.862 0.751259 0.0135352 0
1.112 0.862 0.753428 0.0138443 0
1.113 0.862 0.757676 0.0158973 0
1.114 0.866 0.763823 0.0137822 0
1.115 0.866 0.76373 0.0154951 0
1.116 0.866 0.758582 0.0163631 0
1.117 0.866 0.762039 0.0189441 0
1.118 0.866 0.761466 0.0168236 0
1.119 0.866 0.764367 0.0165917 0
1.12 0.866 0.766459 0.0170884 0
1.121 0.866 0.767148 0.0177623 0
1.122 0.866 0.765307 0.0176249 0
1.123 0.866 0.767532 0.0189881 0
1.124 0.866 0.768648 0.0188441 0
1.125 0.866 0.769501 0.0182469 0
1.126 0.867 0.771204 0.0165442 0
1.127 0.867 0.769521 0.0176362 0
1.128 0.867 0.770699 0.017504 0
1.129 0.867 0.7707 0.0182074 0
1.13 0.868 0.770011 0.0179335 0
1.131 0.868 0.770445 0.0181985 0
1.132 0.869 0.772648 0.0168197 0
1.133 0.869 0.774576 0.0166039 0
1.134 0.869 0.777104 0.0169085 0
1.135 0.869 0.778377 0.0166055 0
1.136 0.87 0.77567 0.0170019 0
1.137 0.87 0.774451 0.0155598 0
1.138 0.871 0.775419 0.016128 0
1.139 0.871 0.779468 0.0152923 0
1.14 0.871 0.778968 0.0135777 0
1.141 0.871 0.779725 0.013282 0
1.142 0.871 0.776609 0.0126984 0
1.143 0.871 0.778904 0.0150889 0
1.144 0.871 0.778835 0.0144126 0
1.145 0.871 0.781207 0.0124495 0
1.146 0.871 0.778491 0.0121709 0
1.147 0.872 0.777089 0.0139036 0
1.148 0.872 0.780851 0.014579 0
1.149 0.872 0.780316 0.0157498 0
1.15 0.872 0.77707 0.0148215 0
1.151 0.872 0.778281 0.0156551 0
1.152 0.872 0.779125 0.0153238 0
1.153 0.872 0.781723 0.0145079 0
1.154 0.872 0.781927 0.011901 0
1.155 0.872 0.780365 0.0137665 0
1.156 0.872 0.780681 0.0129479 0
1.157 0.872 0.780584 0.0161804 0
1.158 0.873 0.782733 0.0147682 0
1.159 0.874 0.784168 0.0200889 0
1.16 0.874 0.78263 0.0134487 0
1.161 0.874 0.785229 0.0235225 0
1.162 0.875 0.785294 0.0127266 0
1.163 0.875 0.787219 0.0188392 0
1.164 0.875 0.786571 0.0161546 0
1.165 0.875 0.789268 0.0197062 0
1.166 0.876 0.788218 0.0127806 0
1.167 0.876 0.789657 0.0219379 0
1.168 0.876 0.789065 0.0136124 0
1.169 0.876 0.791077 0.0208459 0
1.17 0.877 0.789757 0.0127519 0
1.171 0.877 0.791631 0.0177484 0
1.172 0.877 0.791961 0.0141403 0
1.173 0.877 0.793326 0.0210587 0
1.174 0.877 0.793995 0.0177367 0
1.175 0.878 0.792035 0.02241 0
1.176 0.878 0.793083 0.0140026 0
1.177 0.879 0.794877 0.0164364 0
1.178 0.88 0.795097 0.0123097 0
1.179 0.88 0.797364 0.0161644 0
1.18 0.88 0.79566 0.0130189 0
1.181 0.882 0.800194 0.0129512 0
1.182 0.883 0.797293 0.0121183 0
1.183 0.883 0.798383 0.0145885 0
1.184 0.883 0.800985 0.0104476 0
1.185 0.883 0.801323 0.014878 0
1.186 0.883 0.798986 0.0110847 0
1.187 0.883 0.809565 0.0125128 0
1.188 0.883 0.809308 0.0126394 0
1.189 0.883 0.812652 0.0117297 0
1.19 0.883 0.809196 0.0116979 0
1.191 0.883 0.810514 0.0120055 0
1.192 0.883 0.815725 0.0108 0
1.193 0.883 0.814223 0.012871 0
1.194 0.883 0.813703 0.0116393 0
1.195 0.883 0.815167 0.012502 0
1.196 0.883 0.814498 0.0101727 0
1.197 0.884 0.8129 0.0127583 0
1.198 0.884 0.816721 0.0116202 0
1.199 0.884 0.81516 0.022787 0
1.2 0.885 0.816042 0.00991538 0
