# Node_nr = 100
# K <r> sigma_r(sig not of average! divide by sqrt(n))
0 0.02 0.0911922 0.0475774 0
0.03 0.02 0.0876717 0.0437576 0
0.06 0.03 0.0903575 0.0450104 0
0.09 0.04 0.0890201 0.0478099 0
0.12 0.04 0.0857905 0.0431665 0
0.15 0.05 0.0894976 0.0453169 0
0.18 0.05 0.0899025 0.0456665 0
0.21 0.05 0.0891054 0.0469337 0
0.24 0.05 0.0831316 0.0449689 0
0.27 0.06 0.0854202 0.0465662 0
0.3 0.08 0.0882186 0.0443877 0
0.33 0.08 0.0898579 0.0462503 0
0.36 0.09 0.0911409 0.0466565 0
0.39 0.09 0.0933354 0.0487532 0
0.42 0.1 0.0907241 0.0477582 0
0.45 0.13 0.0922368 0.0465492 0
0.48 0.16 0.0860426 0.0459827 0
0.51 0.17 0.0943424 0.0477726 0
0.54 0.26 0.093301 0.0476642 0
0.57 0.41 0.0960677 0.0498339 0
0.6 0.41 0.0980822 0.0522589 0
0.63 0.47 0.0984095 0.053552 0
0.66 0.57 0.0989816 0.0510477 0
0.69 0.58 0.098509 0.0491895 0
0.72 0.64 0.0970991 0.049905 0
0.75 0.68 0.0994736 0.0510455 0
0.78 0.71 0.0970832 0.049413 0
0.81 0.73 0.0996588 0.0499713 0
0.84 0.74 0.100724 0.0511361 0
0.87 0.74 0.10511 0.0528788 0
0.9 0.75 0.103425 0.0523896 0
0.93 0.75 0.0998952 0.049494 0
0.96 0.75 0.0980167 0.0515167 0
0.99 0.76 0.10495 0.0546203 0
1.02 0.77 0.0972506 0.0515881 0
1.05 0.79 0.101663 0.0528104 0
1.08 0.81 0.101239 0.0525096 0
1.11 0.81 0.101366 0.051563 0
1.14 0.81 0.101985 0.0515052 0
1.17 0.82 0.107196 0.0566993 0
1.2 0.82 0.103341 0.0556818 0
1.23 0.83 0.101556 0.0539728 0
1.26 0.83 0.109265 0.0576329 0
1.29 0.83 0.107728 0.0559405 0
1.32 0.85 0.10676 0.0578078 0
1.35 0.85 0.111254 0.0582369 0
1.38 0.85 0.118654 0.060914 0
1.41 0.85 0.11154 0.0566072 0
1.44 0.85 0.115862 0.0567234 0
1.47 0.87 0.113529 0.0568405 0
1.5 0.9 0.115692 0.0583101 0
1.53 0.9 0.117493 0.0596375 0
1.56 0.9 0.117798 0.061011 0
1.59 0.9 0.115316 0.0601487 0
1.62 0.9 0.121237 0.0611529 0
1.65 0.91 0.117385 0.0598731 0
1.68 0.91 0.117195 0.0601971 0
1.71 0.92 0.120717 0.0588936 0
1.74 0.92 0.118551 0.0619713 0
1.77 0.93 0.120942 0.0607564 0
1.8 0.94 0.115877 0.0591408 0
1.83 0.94 0.118335 0.0625627 0
1.86 0.94 0.118449 0.0587901 0
1.89 0.94 0.116343 0.0600947 0
1.92 0.94 0.117545 0.0596798 0
1.95 0.94 0.121904 0.0613951 0
1.98 0.94 0.117361 0.0607608 0
2.01 0.95 0.117593 0.058884 0
2.04 0.95 0.116298 0.0568566 0
2.07 0.95 0.116508 0.0599237 0
2.1 0.96 0.120983 0.0615791 0
2.13 0.96 0.118471 0.0604654 0
2.16 0.96 0.117971 0.0621006 0
2.19 0.96 0.117181 0.0615516 0
2.22 0.96 0.12427 0.0645903 0
2.25 0.96 0.120746 0.0626014 0
2.28 0.96 0.123246 0.0645513 0
2.31 0.96 0.126018 0.0672334 0
2.34 0.96 0.129472 0.0670944 0
2.37 0.96 0.127654 0.068244 0
2.4 0.96 0.124995 0.0644811 0
2.43 0.96 0.130921 0.0672389 0
2.46 0.96 0.129579 0.0689098 0
2.49 0.96 0.129136 0.0669512 0
2.52 0.96 0.126663 0.0641361 0
2.55 0.98 0.128973 0.0675608 0
2.58 0.98 0.131569 0.0691391 0
2.61 0.98 0.132882 0.064548 0
2.64 0.98 0.131812 0.0671076 0
2.67 0.98 0.128279 0.0679907 0
2.7 0.98 0.125106 0.0663363 0
2.73 0.98 0.125568 0.0642762 0
2.76 0.98 0.123833 0.0641973 0
2.79 0.98 0.120218 0.0613375 0
2.82 0.98 0.124713 0.0642514 0
2.85 0.98 0.123157 0.0649911 0
2.88 0.98 0.130194 0.0665512 0
2.91 0.98 0.123431 0.0660137 0
2.94 0.98 0.124117 0.0662461 0
2.97 0.98 0.122015 0.0591508 0
3 0.98 0.12146 0.0634765 0
