# Relevant parameters to reproduce this network:
# node_nr=500	 k_max=500
# initial_seed=11	 delta_t=0.1	 max_steps=50	 in_between=10
# fg_m=1	 fg_alpha=-19.7	 fg_t_min=0	 fg_t_max=249	 fg_t_number=124500	 fg_achlioptas_k=2	 fg_weff_lower_frequency=-1e+08	 fg_weff_max_steps=50	 fg_weff_in_between=10
# K Giant_component <r> sigma_r*sqrt(NODE_NR) clustering
0 0.004 0.0383664 0.0135271 0
0.002 0.004 0.0345815 0.0206224 0
0.004 0.004 0.0282779 0.0145543 0
0.006 0.004 0.0354228 0.0183247 0
0.008 0.004 0.044124 0.0161552 0
0.01 0.004 0.0359491 0.0179924 0
0.012 0.004 0.0416294 0.0216441 0
0.014 0.004 0.0414874 0.0148155 0
0.016 0.006 0.0490272 0.0270843 0
0.018 0.006 0.0454033 0.0173322 0
0.02 0.006 0.0375641 0.0221399 0
0.022 0.006 0.0293756 0.016394 0
0.024 0.006 0.0423593 0.0297843 0
0.026 0.006 0.033497 0.0125922 0
0.028 0.006 0.0369351 0.0170838 0
0.03 0.006 0.0526193 0.0220485 0
0.032 0.006 0.0229088 0.0121926 0
0.034 0.008 0.0542006 0.0215909 0
0.036 0.008 0.0335821 0.0173625 0
0.038 0.008 0.0349605 0.0158764 0
0.04 0.008 0.0332469 0.0189915 0
0.042 0.008 0.0396947 0.0194155 0
0.044 0.01 0.0362633 0.0128676 0
0.046 0.01 0.0524756 0.0281208 0
0.048 0.01 0.0375494 0.0196675 0
0.05 0.01 0.054064 0.0207159 0
0.052 0.01 0.0320584 0.0182342 0
0.054 0.01 0.0371015 0.0211279 0
0.056 0.014 0.0428983 0.0272472 0
0.058 0.014 0.0537153 0.0224649 0
0.06 0.014 0.0400712 0.0172985 0
0.062 0.014 0.0367147 0.023569 0
0.064 0.014 0.0435636 0.0245135 0
0.066 0.014 0.0363216 0.0149071 0
0.068 0.014 0.0418917 0.0210041 0
0.07 0.014 0.0367155 0.0266671 0
0.072 0.014 0.0375491 0.0202954 0
0.074 0.014 0.0352567 0.0217095 0
0.076 0.014 0.0397777 0.0229856 0
0.078 0.014 0.0674541 0.0196909 0
0.08 0.014 0.0408717 0.0180303 0
0.082 0.014 0.0464244 0.0166393 0
0.084 0.014 0.0393915 0.015162 0
0.086 0.014 0.031911 0.0208134 0
0.088 0.014 0.037796 0.0198719 0
0.09 0.018 0.0377935 0.0195411 0
0.092 0.018 0.0423165 0.0241238 0
0.094 0.018 0.0507685 0.0233075 0
0.096 0.02 0.051477 0.026719 0
0.098 0.024 0.0558035 0.0223436 0
0.1 0.024 0.0425402 0.0263857 0
0.102 0.024 0.0360571 0.0210432 0
0.104 0.024 0.0379727 0.0158346 0
0.106 0.024 0.0366744 0.0223582 0
0.108 0.024 0.0232206 0.0100296 0
0.11 0.024 0.0485366 0.0239264 0
0.112 0.024 0.0390103 0.0189823 0
0.114 0.024 0.0436684 0.0207856 0
0.116 0.032 0.0445037 0.0204364 0
0.118 0.032 0.0429906 0.0265761 0
0.12 0.036 0.0433278 0.0180062 0
0.122 0.036 0.0428845 0.0268281 0
0.124 0.036 0.0463472 0.0106773 0
0.126 0.038 0.0385375 0.0168942 0
0.128 0.038 0.0351053 0.0170632 0
0.13 0.05 0.0275829 0.0156323 0
0.132 0.05 0.0436061 0.0237468 0
0.134 0.05 0.0519745 0.0214792 0
0.136 0.05 0.0616917 0.0265099 0
0.138 0.05 0.0462786 0.0293382 0
0.14 0.05 0.0530744 0.021098 0
0.142 0.052 0.0504125 0.0257748 0
0.144 0.054 0.0388194 0.0176023 0
0.146 0.056 0.0459004 0.0183305 0
0.148 0.1 0.0484227 0.0227275 0
0.15 0.102 0.0498717 0.0206548 0
0.152 0.108 0.0398672 0.019587 0
0.154 0.11 0.0518535 0.0261833 0
0.156 0.11 0.0477569 0.0208074 0
0.158 0.11 0.0535634 0.025614 0
0.16 0.11 0.037634 0.0255639 0
0.162 0.112 0.0379818 0.0149538 0
0.164 0.114 0.0380045 0.01514 0
0.166 0.114 0.0511658 0.0210353 0
0.168 0.116 0.0619316 0.0303356 0
0.17 0.118 0.0560211 0.0300039 0
0.172 0.118 0.0584371 0.0186379 0
0.174 0.12 0.0519683 0.0308186 0
0.176 0.12 0.0437566 0.0229433 0
0.178 0.12 0.0583291 0.0293248 0
0.18 0.12 0.0522475 0.0275603 0
0.182 0.12 0.0513902 0.0330918 0
0.184 0.122 0.045583 0.025783 0
0.186 0.122 0.0572874 0.0190123 0
0.188 0.124 0.0483055 0.015484 0
0.19 0.124 0.0480039 0.0245169 0
0.192 0.124 0.0342051 0.016394 0
0.194 0.126 0.047925 0.0187255 0
0.196 0.126 0.0494381 0.021237 0
0.198 0.126 0.0424837 0.0210111 0
0.2 0.126 0.051094 0.0208082 0
0.202 0.132 0.0647593 0.0260014 0
0.204 0.132 0.045908 0.0161814 0
0.206 0.134 0.0507324 0.0184994 0
0.208 0.136 0.0546435 0.0268863 0
0.21 0.146 0.0671813 0.0321948 0
0.212 0.146 0.0653525 0.0248415 0
0.214 0.146 0.0442065 0.0214091 0
0.216 0.148 0.0433239 0.0197074 0
0.218 0.15 0.0483257 0.016518 0
0.22 0.15 0.056558 0.02631 0
0.222 0.152 0.0529331 0.0218225 0
0.224 0.154 0.0398752 0.0216712 0
0.226 0.154 0.0530114 0.0312043 0
0.228 0.156 0.0558238 0.0216933 0
0.23 0.156 0.0345157 0.0141076 0
0.232 0.156 0.0510452 0.0309725 0
0.234 0.156 0.067855 0.0396841 0
0.236 0.156 0.0472528 0.0210306 0
0.238 0.156 0.0514209 0.0217425 0
0.24 0.158 0.0503564 0.0177012 0
0.242 0.158 0.0430538 0.0201034 0
0.244 0.158 0.0346184 0.0149192 0
0.246 0.178 0.0451509 0.0254444 0
0.248 0.178 0.0484096 0.0218099 0
0.25 0.18 0.0537878 0.0307473 0
0.252 0.182 0.0727381 0.0208442 0
0.254 0.182 0.0425619 0.0132792 0
0.256 0.184 0.053535 0.0224362 0
0.258 0.184 0.0619343 0.0267732 0
0.26 0.184 0.0383001 0.027105 0
0.262 0.184 0.0452776 0.0198076 0
0.264 0.184 0.0569352 0.0308442 0
0.266 0.186 0.0579522 0.020162 0
0.268 0.188 0.0509636 0.0236086 0
0.27 0.188 0.0739864 0.0302222 0
0.272 0.188 0.0645694 0.0386184 0
0.274 0.19 0.0622091 0.0276693 0
0.276 0.196 0.0409681 0.01617 0
0.278 0.196 0.0601714 0.0241563 0
0.28 0.196 0.0515866 0.0277402 0
0.282 0.198 0.0345184 0.0229738 0
0.284 0.198 0.0531127 0.0249978 0
0.286 0.198 0.0321932 0.0202916 0
0.288 0.202 0.0633259 0.0217497 0
0.29 0.204 0.0298262 0.0132615 0
0.292 0.204 0.0452198 0.0257397 0
0.294 0.208 0.0561652 0.0263027 0
0.296 0.21 0.0438795 0.0199343 0
0.298 0.214 0.0597527 0.0285332 0
0.3 0.214 0.0400135 0.0210395 0
0.302 0.214 0.0564329 0.0247717 0
0.304 0.214 0.0496929 0.0298721 0
0.306 0.218 0.0711864 0.0297739 0
0.308 0.218 0.0589746 0.0349442 0
0.31 0.218 0.0527859 0.0303738 0
0.312 0.218 0.0519794 0.0206126 0
0.314 0.22 0.0430297 0.0220549 0
0.316 0.22 0.0587676 0.0296734 0
0.318 0.22 0.0493048 0.0262703 0
0.32 0.22 0.0614973 0.0239357 0
0.322 0.22 0.0510002 0.0225367 0
0.324 0.222 0.0491039 0.0164168 0
0.326 0.222 0.0629985 0.0233411 0
0.328 0.222 0.0688251 0.036762 0
0.33 0.224 0.0401392 0.0214528 0
0.332 0.226 0.0648682 0.0531226 0
0.334 0.228 0.0663192 0.0314414 0
0.336 0.228 0.0548555 0.0301004 0
0.338 0.228 0.053791 0.0267601 0
0.34 0.228 0.0494541 0.0184678 0
0.342 0.228 0.0353837 0.0160016 0
0.344 0.228 0.0498639 0.0177685 0
0.346 0.228 0.0516268 0.0207418 0
0.348 0.228 0.0596751 0.0408556 0
0.35 0.23 0.0645451 0.0264175 0
0.352 0.23 0.05892 0.0367676 0
0.354 0.232 0.0522474 0.0226347 0
0.356 0.232 0.0570202 0.0288393 0
0.358 0.234 0.0525104 0.0351829 0
0.36 0.236 0.0582044 0.0228922 0
0.362 0.236 0.0444237 0.0257626 0
0.364 0.236 0.0445834 0.0272281 0
0.366 0.244 0.0753415 0.0313337 0
0.368 0.244 0.049228 0.0283107 0
0.37 0.244 0.0606302 0.0288524 0
0.372 0.244 0.0374048 0.0180728 0
0.374 0.248 0.0589952 0.0256229 0
0.376 0.248 0.0629639 0.0256133 0
0.378 0.248 0.0413167 0.0218267 0
0.38 0.252 0.101444 0.0297248 0
0.382 0.252 0.0437242 0.0214432 0
0.384 0.254 0.0858055 0.0427765 0
0.386 0.254 0.0583257 0.0297797 0
0.388 0.272 0.0588179 0.028129 0
0.39 0.272 0.0586702 0.0277016 0
0.392 0.276 0.0608677 0.0276609 0
0.394 0.276 0.0404933 0.0213488 0
0.396 0.278 0.0817274 0.0432254 0
0.398 0.278 0.052745 0.0288617 0
0.4 0.278 0.0506032 0.0220581 0
0.402 0.278 0.0688363 0.0306156 0
0.404 0.278 0.0609738 0.0361677 0
0.406 0.278 0.0525231 0.0196019 0
0.408 0.278 0.0829819 0.0333608 0
0.41 0.278 0.0544352 0.020179 0
0.412 0.28 0.0777585 0.0171457 0
0.414 0.28 0.0560268 0.0239175 0
0.416 0.28 0.0558165 0.0285329 0
0.418 0.28 0.0843303 0.0351265 0
0.42 0.282 0.0466653 0.0207728 0
0.422 0.282 0.0956118 0.0400136 0
0.424 0.282 0.0332546 0.020844 0
0.426 0.282 0.0903468 0.045577 0
0.428 0.282 0.0607552 0.0317876 0
0.43 0.282 0.0733482 0.0249868 0
0.432 0.282 0.0844031 0.0197667 0
0.434 0.282 0.0798184 0.0374311 0
0.436 0.282 0.0609294 0.021078 0
0.438 0.282 0.0552261 0.023456 0
0.44 0.282 0.0797979 0.0243343 0
0.442 0.282 0.0670964 0.0266247 0
0.444 0.282 0.0776312 0.0279109 0
0.446 0.282 0.0480449 0.0204596 0
0.448 0.282 0.0840778 0.0226445 0
0.45 0.282 0.065026 0.0246672 0
0.452 0.282 0.0646315 0.028285 0
0.454 0.282 0.0492467 0.0217478 0
0.456 0.282 0.0676959 0.0303301 0
0.458 0.282 0.0810662 0.0352592 0
0.46 0.282 0.0720975 0.0282665 0
0.462 0.284 0.0556056 0.0217982 0
0.464 0.284 0.0578365 0.0210761 0
0.466 0.284 0.060406 0.0206585 0
0.468 0.284 0.078354 0.0267901 0
0.47 0.284 0.0610125 0.0309735 0
0.472 0.288 0.0536659 0.0197922 0
0.474 0.288 0.0790581 0.0306108 0
0.476 0.288 0.0704009 0.0226133 0
0.478 0.288 0.0550121 0.0121181 0
0.48 0.288 0.0532205 0.0252009 0
0.482 0.288 0.0906527 0.0359534 0
0.484 0.288 0.0553699 0.0284963 0
0.486 0.292 0.080096 0.0383995 0
0.488 0.292 0.0762 0.0421774 0
0.49 0.292 0.0666804 0.0363002 0
0.492 0.292 0.0879316 0.0375557 0
0.494 0.292 0.0613861 0.039596 0
0.496 0.292 0.0571642 0.0290237 0
0.498 0.292 0.0667782 0.0242725 0
0.5 0.292 0.073623 0.0306677 0
0.502 0.292 0.0721382 0.0344318 0
0.504 0.292 0.0541671 0.0192611 0
0.506 0.292 0.108432 0.0266828 0
0.508 0.292 0.0374942 0.016255 0
0.51 0.294 0.102665 0.0358735 0
0.512 0.296 0.0525892 0.0291735 0
0.514 0.296 0.0861973 0.0377179 0
0.516 0.296 0.0610211 0.0251044 0
0.518 0.296 0.0883206 0.0384622 0
0.52 0.296 0.0557422 0.0168832 0
0.522 0.296 0.088259 0.0396237 0
0.524 0.296 0.0519945 0.0322651 0
0.526 0.296 0.0956125 0.0308129 0
0.528 0.296 0.0487365 0.0306574 0
0.53 0.298 0.115683 0.0388651 0
0.532 0.298 0.0379755 0.021111 0
0.534 0.298 0.0813945 0.0325788 0
0.536 0.298 0.0651265 0.0361161 0
0.538 0.298 0.0915321 0.0384275 0
0.54 0.3 0.0580551 0.0259943 0
0.542 0.3 0.0780833 0.027933 0
0.544 0.3 0.0677847 0.0429398 0
0.546 0.3 0.0891783 0.0475876 0
0.548 0.3 0.0670859 0.0390076 0
0.55 0.3 0.0623647 0.0305954 0
0.552 0.302 0.101115 0.0313945 0
0.554 0.302 0.0565921 0.024555 0
0.556 0.302 0.099188 0.0447654 0
0.558 0.302 0.0587451 0.033857 0
0.56 0.302 0.11728 0.0240016 0
0.562 0.304 0.0589316 0.0240955 0
0.564 0.304 0.0845935 0.0319263 0
0.566 0.304 0.080222 0.0482441 0
0.568 0.306 0.0652635 0.0314196 0
0.57 0.306 0.0927403 0.0514829 0
0.572 0.306 0.0429109 0.0140672 0
0.574 0.306 0.114193 0.0292168 0
0.576 0.308 0.063313 0.0323043 0
0.578 0.308 0.0921153 0.052798 0
0.58 0.31 0.0438444 0.0283342 0
0.582 0.31 0.0878611 0.0374508 0
0.584 0.31 0.0845056 0.0330951 0
0.586 0.312 0.0440977 0.0250551 0
0.588 0.312 0.113828 0.0267914 0
0.59 0.312 0.0752422 0.0321177 0
0.592 0.312 0.0470946 0.0321387 0
0.594 0.312 0.118252 0.0424601 0
0.596 0.312 0.0545587 0.0381543 0
0.598 0.312 0.090995 0.0431369 0
0.6 0.312 0.050669 0.0274439 0
0.602 0.312 0.0880157 0.0390989 0
0.604 0.312 0.0737778 0.0425827 0
0.606 0.312 0.059571 0.0292649 0
0.608 0.312 0.120497 0.0388466 0
0.61 0.312 0.0548874 0.0331847 0
0.612 0.312 0.0869227 0.0340831 0
0.614 0.312 0.0824899 0.0335159 0
0.616 0.312 0.0436539 0.0195153 0
0.618 0.312 0.100183 0.0431307 0
0.62 0.312 0.0533666 0.0193532 0
0.622 0.312 0.0785727 0.0307144 0
0.624 0.312 0.110135 0.0276292 0
0.626 0.312 0.0569603 0.0208943 0
0.628 0.32 0.077943 0.0412529 0
0.63 0.324 0.104697 0.0419373 0
0.632 0.328 0.0701878 0.0308855 0
0.634 0.328 0.0862009 0.0402756 0
0.636 0.328 0.0752517 0.0393304 0
0.638 0.328 0.0801737 0.0535413 0
0.64 0.328 0.0889901 0.0319893 0
0.642 0.328 0.0551034 0.0298116 0
0.644 0.328 0.112833 0.0380056 0
0.646 0.328 0.0992016 0.0438172 0
0.648 0.328 0.0501373 0.0235452 0
0.65 0.33 0.110268 0.0290105 0
0.652 0.33 0.0920428 0.0267136 0
0.654 0.33 0.057713 0.034397 0
0.656 0.33 0.117685 0.0261484 0
0.658 0.33 0.0885787 0.0290276 0
0.66 0.33 0.0463694 0.0246605 0
0.662 0.33 0.113864 0.0302639 0
0.664 0.332 0.113527 0.0283026 0
0.666 0.332 0.0682959 0.0229664 0
0.668 0.332 0.0837451 0.0270725 0
0.67 0.332 0.114443 0.0239589 0
0.672 0.334 0.108274 0.0351577 0
0.674 0.334 0.104835 0.0302124 0
0.676 0.334 0.0721223 0.0211414 0
0.678 0.334 0.0421986 0.0230265 0
0.68 0.334 0.123495 0.0427188 0
0.682 0.334 0.0988825 0.040292 0
0.684 0.336 0.0766542 0.0328517 0
0.686 0.336 0.058854 0.0183092 0
0.688 0.336 0.0934457 0.0409056 0
0.69 0.336 0.113273 0.0204712 0
0.692 0.336 0.101299 0.0453496 0
0.694 0.336 0.0874978 0.034659 0
0.696 0.336 0.102916 0.028534 0
0.698 0.336 0.0900441 0.039651 0
0.7 0.336 0.100251 0.0322519 0
0.702 0.338 0.10036 0.0322622 0
0.704 0.338 0.109561 0.0354102 0
0.706 0.342 0.127014 0.0233287 0
0.708 0.344 0.103766 0.0225962 0
0.71 0.344 0.115973 0.0287304 0
0.712 0.344 0.093366 0.0316848 0
0.714 0.344 0.117145 0.0333729 0
0.716 0.344 0.121647 0.0417366 0
0.718 0.344 0.125238 0.0401696 0
0.72 0.344 0.114286 0.0250714 0
0.722 0.344 0.110082 0.0271487 0
0.724 0.344 0.117555 0.0289912 0
0.726 0.344 0.116504 0.036483 0
0.728 0.344 0.120085 0.0329608 0
0.73 0.344 0.107534 0.0254616 0
0.732 0.344 0.122116 0.0338179 0
0.734 0.344 0.132406 0.0198218 0
0.736 0.344 0.124388 0.0338245 0
0.738 0.344 0.117974 0.0191339 0
0.74 0.344 0.117774 0.0297496 0
0.742 0.344 0.131612 0.0347282 0
0.744 0.344 0.122018 0.0181706 0
0.746 0.344 0.121122 0.0266431 0
0.748 0.344 0.125235 0.0266851 0
0.75 0.344 0.122928 0.0283915 0
0.752 0.344 0.134165 0.0294303 0
0.754 0.344 0.141474 0.0345865 0
0.756 0.344 0.122422 0.0226625 0
0.758 0.344 0.119273 0.0283313 0
0.76 0.346 0.130437 0.0295227 0
0.762 0.346 0.140563 0.0366086 0
0.764 0.346 0.125451 0.0219629 0
0.766 0.346 0.123948 0.0321347 0
0.768 0.346 0.129037 0.0381782 0
0.77 0.346 0.140708 0.0391147 0
0.772 0.346 0.129705 0.0243188 0
0.774 0.346 0.134079 0.0263894 0
0.776 0.346 0.135122 0.0317796 0
0.778 0.346 0.147434 0.0317677 0
0.78 0.346 0.138997 0.0347724 0
0.782 0.346 0.142335 0.0234391 0
0.784 0.346 0.137265 0.0227137 0
0.786 0.346 0.143594 0.02892 0
0.788 0.346 0.140236 0.034228 0
0.79 0.346 0.143741 0.034216 0
0.792 0.35 0.13424 0.0506264 0
0.794 0.352 0.123791 0.0408578 0
0.796 0.352 0.159459 0.0178317 0
0.798 0.352 0.138437 0.0362657 0
0.8 0.352 0.133646 0.0261952 0
0.802 0.352 0.135094 0.0223928 0
0.804 0.352 0.147888 0.0223009 0
0.806 0.352 0.138998 0.0261936 0
0.808 0.352 0.139662 0.0310579 0
