# Node_nr = 200
# K <r> sigma_r(sig not of average! divide by sqrt(n))
0 0.01 0.0673253 0.034167 0
0.005 0.01 0.0669326 0.0293998 0
0.01 0.01 0.0633683 0.036754 0
0.015 0.015 0.0641795 0.0346123 0
0.02 0.015 0.0682918 0.0344535 0
0.025 0.015 0.0632162 0.0337803 0
0.03 0.015 0.0692546 0.0315601 0
0.035 0.015 0.0606997 0.0332326 0
0.04 0.02 0.0682881 0.0356214 0
0.045 0.02 0.0676326 0.0371816 0
0.05 0.02 0.0641777 0.0376357 0
0.055 0.02 0.0661532 0.0340081 0
0.06 0.02 0.0706147 0.0361158 0
0.065 0.02 0.0688164 0.0322487 0
0.07 0.02 0.0662072 0.0322961 0
0.075 0.02 0.0665613 0.0356829 0
0.08 0.02 0.0667231 0.0322724 0
0.085 0.02 0.0650745 0.0373987 0
0.09 0.02 0.0575106 0.0306786 0
0.095 0.02 0.0686239 0.0373184 0
0.1 0.02 0.0712818 0.0339689 0
0.105 0.02 0.070773 0.0343388 0
0.11 0.02 0.0719665 0.0306993 0
0.115 0.02 0.0792644 0.0410551 0
0.12 0.02 0.0816611 0.0395335 0
0.125 0.02 0.0741174 0.0372135 0
0.13 0.02 0.0781276 0.0409622 0
0.135 0.02 0.078961 0.0400574 0
0.14 0.02 0.0723702 0.0424748 0
0.145 0.025 0.0662755 0.0315851 0
0.15 0.025 0.0713116 0.0398016 0
0.155 0.025 0.0721249 0.0403233 0
0.16 0.025 0.0770926 0.0365404 0
0.165 0.025 0.0727384 0.0385884 0
0.17 0.025 0.0840687 0.0437839 0
0.175 0.025 0.0714253 0.0343114 0
0.18 0.025 0.0936898 0.0468371 0
0.185 0.025 0.0790458 0.0395361 0
0.19 0.025 0.0798101 0.0409322 0
0.195 0.025 0.0842237 0.0373432 0
0.2 0.025 0.0745834 0.0407474 0
0.205 0.025 0.0877386 0.0410918 0
0.21 0.025 0.0789123 0.0398056 0
0.215 0.03 0.079846 0.0382842 0
0.22 0.03 0.0737585 0.0383225 0
0.225 0.03 0.077305 0.0427551 0
0.23 0.03 0.0961703 0.0469624 0
0.235 0.03 0.0806767 0.0386461 0
0.24 0.03 0.0798801 0.0403878 0
0.245 0.03 0.0978113 0.0526254 0
0.25 0.03 0.101527 0.0591769 0
0.255 0.03 0.0824483 0.0388661 0
0.26 0.03 0.0763691 0.038525 0
0.265 0.03 0.100064 0.0410851 0
0.27 0.03 0.0852289 0.0425022 0
0.275 0.03 0.0811225 0.0369539 0
0.28 0.035 0.0842299 0.0510144 0
0.285 0.035 0.076019 0.0405988 0
0.29 0.035 0.0878191 0.0475614 0
0.295 0.035 0.082609 0.0552393 0
0.3 0.035 0.0961871 0.0470469 0
0.305 0.035 0.0850464 0.0454679 0
0.31 0.035 0.0856748 0.0500943 0
0.315 0.035 0.0779677 0.0529567 0
0.32 0.035 0.0995839 0.0540794 0
0.325 0.035 0.0960003 0.0463383 0
0.33 0.035 0.0772453 0.0377983 0
0.335 0.035 0.0940579 0.0546112 0
0.34 0.035 0.0926531 0.0423411 0
0.345 0.035 0.0886756 0.0411159 0
0.35 0.035 0.0823588 0.0402077 0
0.355 0.035 0.102683 0.0471523 0
0.36 0.04 0.114698 0.0655586 0
0.365 0.04 0.0886819 0.0418112 0
0.37 0.04 0.0926065 0.0609515 0
0.375 0.04 0.0951557 0.0441933 0
0.38 0.04 0.0880943 0.0520338 0
0.385 0.04 0.0986429 0.0368235 0
0.39 0.04 0.0938448 0.0509853 0
0.395 0.04 0.0916187 0.0473573 0
0.4 0.04 0.0917122 0.041263 0
0.405 0.04 0.09786 0.0474879 0
0.41 0.045 0.118406 0.066343 0
0.415 0.045 0.105947 0.0604451 0
0.42 0.045 0.106171 0.0599737 0
0.425 0.045 0.0906296 0.0440902 0
0.43 0.045 0.0954732 0.0492805 0
0.435 0.05 0.107308 0.0460753 0
0.44 0.05 0.106476 0.0482424 0
0.445 0.055 0.0982634 0.0414967 0
0.45 0.055 0.112933 0.0553661 0
0.455 0.055 0.0843594 0.0498573 0
0.46 0.055 0.11118 0.0543873 0
0.465 0.055 0.0995716 0.0607298 0
0.47 0.055 0.0978415 0.0468669 0
0.475 0.06 0.136011 0.0646733 0
0.48 0.06 0.115179 0.0609061 0
0.485 0.06 0.0764986 0.039235 0
0.49 0.06 0.103146 0.0569717 0
0.495 0.06 0.0924162 0.0518748 0
0.5 0.06 0.118119 0.0544916 0
0.505 0.06 0.158993 0.0541777 0
0.51 0.06 0.130173 0.0731545 0
0.515 0.06 0.0938411 0.0534669 0
0.52 0.06 0.12739 0.0556281 0
0.525 0.06 0.115532 0.0517134 0
0.53 0.06 0.134635 0.0624092 0
0.535 0.06 0.10472 0.0508939 0
0.54 0.06 0.108282 0.0571608 0
0.545 0.06 0.137904 0.0494152 0
0.55 0.065 0.117508 0.0590806 0
0.555 0.065 0.116704 0.0626491 0
0.56 0.065 0.148662 0.0718261 0
0.565 0.065 0.131092 0.0624263 0
0.57 0.065 0.147765 0.0681201 0
0.575 0.065 0.094965 0.0546451 0
0.58 0.065 0.12958 0.0581165 0
0.585 0.065 0.129509 0.0649927 0
0.59 0.065 0.160227 0.0888187 0
0.595 0.065 0.131005 0.0763862 0
0.6 0.065 0.150346 0.0786145 0
0.605 0.065 0.104564 0.0591198 0
0.61 0.065 0.104822 0.0614966 0
0.615 0.065 0.107913 0.0537745 0
0.62 0.065 0.151335 0.0805989 0
0.625 0.065 0.164566 0.0849529 0
0.63 0.065 0.149793 0.0749015 0
0.635 0.125 0.128165 0.0785906 0
0.64 0.125 0.157518 0.0706715 0
0.645 0.125 0.175275 0.0938884 0
0.65 0.13 0.152539 0.0637287 0
0.655 0.135 0.14004 0.0690434 0
0.66 0.135 0.164658 0.0819029 0
0.665 0.18 0.157249 0.0843343 0
0.67 0.18 0.17181 0.0951602 0
0.675 0.18 0.16216 0.0874731 0
0.68 0.18 0.138365 0.0664968 0
0.685 0.18 0.213133 0.0933948 0
0.69 0.18 0.176586 0.0643443 0
0.695 0.26 0.117372 0.0539727 0
0.7 0.26 0.109677 0.0572865 0
0.705 0.26 0.106905 0.0596986 0
0.71 0.26 0.149698 0.0662678 0
0.715 0.26 0.120296 0.0636621 0
0.72 0.26 0.131968 0.053493 0
0.725 0.26 0.143984 0.0642389 0
0.73 0.285 0.103405 0.0463223 0
0.735 0.345 0.110623 0.0493572 0
0.74 0.345 0.118887 0.0523405 0
0.745 0.345 0.155214 0.0876542 0
0.75 0.345 0.137916 0.0724966 0
0.755 0.345 0.130143 0.0624938 0
0.76 0.345 0.145141 0.0644121 0
0.765 0.36 0.15484 0.0773479 0
0.77 0.415 0.144861 0.0694476 0
0.775 0.53 0.177378 0.084026 0
0.78 0.53 0.174792 0.0775585 0
0.785 0.535 0.170948 0.0590423 0
0.79 0.535 0.217244 0.0673319 0
0.795 0.535 0.231109 0.0694859 0
0.8 0.535 0.204053 0.095511 0
0.805 0.61 0.178434 0.0567898 0
0.81 0.615 0.200024 0.0798033 0
0.815 0.615 0.21247 0.0505343 0
0.82 0.615 0.155875 0.0408318 0
0.825 0.625 0.170237 0.0516135 0
0.83 0.625 0.132648 0.0634681 0
0.835 0.625 0.164404 0.0636965 0
0.84 0.625 0.168019 0.0614247 0
0.845 0.625 0.263553 0.0608886 0
0.85 0.625 0.221076 0.0713895 0
0.855 0.625 0.214955 0.0775765 0
0.86 0.63 0.198149 0.104259 0
0.865 0.63 0.12037 0.0614793 0
0.87 0.64 0.142523 0.060613 0
0.875 0.655 0.10305 0.0518652 0
0.88 0.655 0.350391 0.0604956 0
0.885 0.705 0.33923 0.0803597 0
0.89 0.715 0.318664 0.0503786 0
0.895 0.715 0.351429 0.0467069 0
0.9 0.715 0.318806 0.0542775 0
0.905 0.775 0.225433 0.0576781 0
0.91 0.775 0.160493 0.0345288 0
0.915 0.78 0.179974 0.0624453 0
0.92 0.815 0.151932 0.0535522 0
0.925 0.815 0.15215 0.0616713 0
0.93 0.815 0.199189 0.0487915 0
0.935 0.815 0.174446 0.0708461 0
0.94 0.815 0.331515 0.0399384 0
0.945 0.82 0.358433 0.0248691 0
0.95 0.82 0.337441 0.0298132 0
0.955 0.83 0.393289 0.0324459 0
0.96 0.83 0.453866 0.0285502 0
0.965 0.83 0.448214 0.0269999 0
0.97 0.835 0.47755 0.0285968 0
0.975 0.835 0.463702 0.0301878 0
0.98 0.845 0.468437 0.0276438 0
0.985 0.845 0.588465 0.0453499 0
0.99 0.845 0.615609 0.0264103 0
0.995 0.855 0.607938 0.0239673 0
1 0.865 0.598143 0.0225085 0
1.005 0.865 0.599916 0.0240782 0
1.01 0.865 0.599249 0.0320202 0
1.015 0.865 0.597932 0.031953 0
1.02 0.87 0.618859 0.0338563 0
1.025 0.87 0.627275 0.025833 0
1.03 0.88 0.643364 0.0299647 0
1.035 0.88 0.648457 0.0295096 0
1.04 0.915 0.61132 0.0307363 0
1.045 0.915 0.605821 0.0168757 0
1.05 0.915 0.673567 0.0207657 0
1.055 0.915 0.677328 0.0132826 0
1.06 0.915 0.618938 0.0199533 0
1.065 0.915 0.640679 0.0137956 0
1.07 0.915 0.656332 0.015656 0
1.075 0.915 0.6623 0.0176039 0
1.08 0.92 0.679008 0.0173246 0
1.085 0.925 0.685257 0.017189 0
1.09 0.925 0.782772 0.0364379 0
1.095 0.925 0.797416 0.0132294 0
1.1 0.925 0.802427 0.0177175 0
1.105 0.925 0.801959 0.0164511 0
1.11 0.925 0.805205 0.0146875 0
1.115 0.925 0.804088 0.0157222 0
1.12 0.925 0.807434 0.0145974 0
1.125 0.925 0.809617 0.0134541 0
1.13 0.925 0.816804 0.0135196 0
1.135 0.925 0.818271 0.0180772 0
1.14 0.925 0.823281 0.0170968 0
1.145 0.925 0.829717 0.0120015 0
1.15 0.925 0.829658 0.0140464 0
1.155 0.935 0.831694 0.0129286 0
1.16 0.935 0.839106 0.0149758 0
1.165 0.935 0.839205 0.0147368 0
1.17 0.935 0.836469 0.0161291 0
1.175 0.935 0.838335 0.0146814 0
1.18 0.935 0.864113 0.0164764 0
1.185 0.935 0.864675 0.0140439 0
1.19 0.935 0.865995 0.0124806 0
1.195 0.935 0.867138 0.0131706 0
1.2 0.935 0.869639 0.0158998 0
1.205 0.935 0.867532 0.0147473 0
1.21 0.935 0.871764 0.0151191 0
1.215 0.935 0.872333 0.0161661 0
1.22 0.935 0.87042 0.0168428 0
1.225 0.935 0.872493 0.0117682 0
1.23 0.94 0.870211 0.0111895 0
1.235 0.94 0.879378 0.0129528 0
1.24 0.94 0.880064 0.014068 0
1.245 0.94 0.880192 0.0133459 0
1.25 0.945 0.884123 0.0149124 0
1.255 0.945 0.883521 0.0167009 0
1.26 0.95 0.884456 0.0149896 0
1.265 0.95 0.885604 0.0115452 0
1.27 0.95 0.885302 0.0122185 0
1.275 0.95 0.887818 0.014633 0
1.28 0.95 0.886221 0.0131849 0
1.285 0.95 0.886024 0.0118687 0
1.29 0.95 0.890788 0.0129806 0
1.295 0.95 0.891065 0.0162578 0
1.3 0.95 0.894717 0.0145695 0
1.305 0.95 0.895164 0.0124514 0
1.31 0.95 0.900149 0.0111896 0
1.315 0.95 0.898853 0.0122243 0
1.32 0.955 0.904493 0.0092194 0
1.325 0.955 0.906422 0.0100598 0
1.33 0.955 0.904535 0.0128383 0
1.335 0.965 0.91409 0.0110224 0