# Relevant parameters to reproduce this network:
# node_nr=200	 k_max=20
# initial_seed=1557414222	 delta_t=0.1	 max_steps=3000	 in_between=0
# fg_m=1	 fg_alpha=0.1	 fg_t_min=0	 fg_t_max=1.2	 fg_t_number=240	 fg_weff_lower_frequency=-1e+08	 fg_weff_max_steps=3000	 fg_weff_in_between=0
# K Giant_component <r> sigma_r*sqrt(NODE_NR) clustering
0 0.01 0.0567762 0.0302041 0
0.005 0.01 0.0610547 0.0320046 0
0.01 0.01 0.0570763 0.0296461 0
0.015 0.01 0.0667993 0.0358768 0
0.02 0.01 0.0657944 0.0328146 0
0.025 0.01 0.0621581 0.0346024 0
0.03 0.01 0.0660571 0.0344802 0
0.035 0.01 0.0727153 0.0380067 0
0.04 0.01 0.0693666 0.032598 0
0.045 0.01 0.0630154 0.0289418 0
0.05 0.01 0.0658293 0.0340684 0
0.055 0.01 0.0698396 0.0364189 0
0.06 0.015 0.065069 0.0344962 0
0.065 0.015 0.0699159 0.0355052 0
0.07 0.015 0.0676838 0.0327661 0
0.075 0.015 0.0644894 0.0311732 0
0.08 0.015 0.0596765 0.0360298 0
0.085 0.015 0.0723012 0.0347344 0
0.09 0.015 0.0676127 0.0409937 0
0.095 0.015 0.0686386 0.0329376 0
0.1 0.015 0.0736008 0.0393563 0
0.105 0.015 0.0695476 0.037683 0
0.11 0.015 0.0743612 0.0347063 0
0.115 0.015 0.0707888 0.0374726 0
0.12 0.015 0.0717609 0.0338178 0
0.125 0.015 0.0703961 0.0396515 0
0.13 0.015 0.0669793 0.0331745 0
0.135 0.015 0.0751016 0.0380445 0
0.14 0.015 0.0734766 0.0366611 0
0.145 0.015 0.0796613 0.0462361 0
0.15 0.015 0.0713497 0.0359572 0
0.155 0.015 0.0789345 0.0392769 0
0.16 0.02 0.075907 0.0411819 0
0.165 0.02 0.0758312 0.0418068 0
0.17 0.02 0.077984 0.0382784 0
0.175 0.02 0.0752346 0.0406854 0
0.18 0.02 0.0810755 0.0480527 0
0.185 0.02 0.0774004 0.0343581 0
0.19 0.02 0.0794131 0.0485012 0
0.195 0.02 0.0748315 0.0400843 0
0.2 0.02 0.0775864 0.0392953 0
0.205 0.02 0.073688 0.037713 0
0.21 0.03 0.0695516 0.0369331 0
0.215 0.03 0.0830839 0.0423639 0
0.22 0.03 0.0722749 0.0435025 0
0.225 0.03 0.0757832 0.0396031 0
0.23 0.04 0.086058 0.0492738 0
0.235 0.04 0.0891426 0.0390659 0
0.24 0.04 0.0888183 0.0370585 0
0.245 0.04 0.0892291 0.0406125 0
0.25 0.04 0.0936396 0.0425124 0
0.255 0.04 0.0809584 0.0484106 0
0.26 0.04 0.0794156 0.0409857 0
0.265 0.05 0.110025 0.0449171 0
0.27 0.055 0.113456 0.0559976 0
0.275 0.055 0.091506 0.0443738 0
0.28 0.055 0.10297 0.0442472 0
0.285 0.055 0.107091 0.0470761 0
0.29 0.055 0.0864848 0.0436634 0
0.295 0.055 0.0994358 0.0511693 0
0.3 0.055 0.0830388 0.0428458 0
0.305 0.055 0.0817147 0.0408238 0
0.31 0.055 0.0899859 0.0505353 0
0.315 0.055 0.097165 0.047197 0
0.32 0.055 0.0998115 0.0528318 0
0.325 0.06 0.0917851 0.0436608 0
0.33 0.06 0.0874355 0.0452591 0
0.335 0.06 0.0923137 0.0449824 0
0.34 0.06 0.086438 0.0457923 0
0.345 0.065 0.10105 0.042956 0
0.35 0.08 0.123864 0.0603227 0
0.355 0.09 0.121003 0.045722 0
0.36 0.09 0.0961204 0.0418791 0
0.365 0.09 0.127433 0.0532671 0
0.37 0.095 0.116891 0.0537662 0
0.375 0.095 0.112269 0.0519135 0
0.38 0.105 0.122412 0.0477582 0
0.385 0.105 0.110316 0.0603297 0
0.39 0.105 0.124612 0.0509596 0
0.395 0.105 0.125757 0.060153 0
0.4 0.105 0.108586 0.0487189 0
0.405 0.105 0.131322 0.0701289 0
0.41 0.105 0.118587 0.0509269 0
0.415 0.105 0.17194 0.0553042 0
0.42 0.125 0.129146 0.0508419 0
0.425 0.13 0.154279 0.0662857 0
0.43 0.135 0.139298 0.0518677 0
0.435 0.135 0.148661 0.0749449 0
0.44 0.135 0.133327 0.062197 0
0.445 0.135 0.141196 0.0611899 0
0.45 0.135 0.147751 0.0625519 0
0.455 0.135 0.140789 0.0638886 0
0.46 0.135 0.157537 0.0694917 0
0.465 0.135 0.13705 0.0549331 0
0.47 0.135 0.14716 0.0643277 0
0.475 0.135 0.149056 0.0583208 0
0.48 0.135 0.143581 0.0619485 0
0.485 0.135 0.146221 0.0569374 0
0.49 0.145 0.140596 0.0655413 0
0.495 0.165 0.145273 0.0587898 0
0.5 0.165 0.139258 0.0679097 0
0.505 0.165 0.129885 0.0687765 0
0.51 0.165 0.143016 0.0807998 0
0.515 0.17 0.159375 0.0672242 0
0.52 0.175 0.181238 0.0734022 0
0.525 0.185 0.177052 0.0752515 0
0.53 0.185 0.196579 0.0751704 0
0.535 0.185 0.20546 0.0800194 0
0.54 0.185 0.187039 0.0717906 0
0.545 0.195 0.207105 0.0623795 0
0.55 0.195 0.204593 0.084225 0
0.555 0.195 0.20394 0.0747136 0
0.56 0.195 0.205372 0.0668831 0
0.565 0.195 0.204309 0.0801467 0
0.57 0.195 0.193847 0.0751724 0
0.575 0.29 0.158788 0.0697727 0
0.58 0.315 0.163717 0.0784144 0
0.585 0.315 0.16457 0.0995082 0
0.59 0.33 0.143363 0.0781462 0
0.595 0.335 0.167258 0.0898004 0
0.6 0.335 0.167339 0.0905768 0
0.605 0.35 0.174316 0.104671 0
0.61 0.375 0.176044 0.101941 0
0.615 0.375 0.203974 0.0881139 0
0.62 0.395 0.198024 0.0915375 0
0.625 0.395 0.180243 0.0975133 0
0.63 0.405 0.208154 0.104533 0
0.635 0.405 0.193778 0.117206 0
0.64 0.445 0.174825 0.100727 0
0.645 0.445 0.198368 0.0934557 0
0.65 0.445 0.203466 0.098325 0
0.655 0.455 0.198404 0.081447 0
0.66 0.46 0.1734 0.0793796 0
0.665 0.475 0.192992 0.10881 0
0.67 0.485 0.192825 0.113799 0
0.675 0.49 0.192128 0.105191 0
0.68 0.495 0.221662 0.0969728 0
0.685 0.5 0.180892 0.107846 0
0.69 0.505 0.219875 0.0997102 0
0.695 0.505 0.203208 0.0918719 0
0.7 0.51 0.218901 0.108605 0
0.705 0.51 0.227602 0.0988241 0
0.71 0.525 0.240275 0.111111 0
0.715 0.525 0.189526 0.0877437 0
0.72 0.525 0.192829 0.0843181 0
0.725 0.525 0.188753 0.0888302 0
0.73 0.565 0.163183 0.102689 0
0.735 0.57 0.180986 0.100054 0
0.74 0.57 0.177492 0.0859488 0
0.745 0.57 0.171861 0.096754 0
0.75 0.575 0.151633 0.0751612 0
0.755 0.58 0.151771 0.0887876 0
0.76 0.59 0.160358 0.0816971 0
0.765 0.59 0.166638 0.0870987 0
0.77 0.59 0.241392 0.059931 0
0.775 0.59 0.294186 0.0643925 0
0.78 0.59 0.309161 0.0561479 0
0.785 0.59 0.366704 0.0611811 0
0.79 0.59 0.359898 0.0578579 0
0.795 0.59 0.350401 0.0492519 0
0.8 0.595 0.360445 0.0534419 0
0.805 0.595 0.365324 0.0570795 0
0.81 0.595 0.365626 0.0550367 0
0.815 0.655 0.344402 0.0555129 0
0.82 0.66 0.341653 0.0385261 0
0.825 0.665 0.331024 0.0357077 0
0.83 0.68 0.38161 0.0382455 0
0.835 0.74 0.377228 0.0359188 0
0.84 0.74 0.436587 0.0388152 0
0.845 0.745 0.431492 0.0398891 0
0.85 0.765 0.42437 0.0326992 0
0.855 0.765 0.435306 0.0408564 0
0.86 0.765 0.445859 0.0334946 0
0.865 0.765 0.448697 0.0337946 0
0.87 0.765 0.467597 0.0342762 0
0.875 0.765 0.454949 0.0366473 0
0.88 0.765 0.457487 0.0343578 0
0.885 0.795 0.412842 0.0255432 0
0.89 0.795 0.404719 0.0329342 0
0.895 0.8 0.414193 0.0276879 0
0.9 0.805 0.399457 0.0244898 0
0.905 0.805 0.403423 0.0264693 0
0.91 0.805 0.41053 0.0246711 0
0.915 0.805 0.439613 0.0203151 0
0.92 0.81 0.452503 0.0259901 0
0.925 0.81 0.467195 0.0246579 0
0.93 0.81 0.515215 0.0181915 0
0.935 0.815 0.498897 0.0272233 0
0.94 0.82 0.50198 0.0210521 0
0.945 0.82 0.544111 0.0251298 0
0.95 0.82 0.546494 0.0208924 0
0.955 0.82 0.547185 0.0212072 0
0.96 0.83 0.556824 0.0215036 0
0.965 0.83 0.582849 0.0172255 0
0.97 0.835 0.592493 0.0193693 0
0.975 0.835 0.626957 0.0244444 0
0.98 0.84 0.629051 0.0241605 0
0.985 0.85 0.618426 0.02099 0
0.99 0.855 0.626231 0.0174775 0
0.995 0.855 0.628823 0.0194627 0
1 0.855 0.657401 0.0270611 0
1.005 0.855 0.65532 0.0209674 0
1.01 0.855 0.663184 0.0189945 0
1.015 0.855 0.656246 0.0142064 0
1.02 0.86 0.671507 0.0164424 0
1.025 0.86 0.665091 0.0250252 0
1.03 0.86 0.691262 0.01829 0
1.035 0.86 0.68377 0.0202183 0
1.04 0.86 0.694173 0.0227564 0
1.045 0.86 0.687127 0.0182702 0
1.05 0.86 0.688016 0.0215503 0
1.055 0.865 0.701481 0.0202501 0
1.06 0.87 0.702987 0.0169129 0
1.065 0.875 0.706673 0.0217498 0
1.07 0.875 0.707889 0.0167863 0
1.075 0.875 0.707169 0.0174584 0
1.08 0.875 0.706416 0.0175892 0
1.085 0.875 0.753504 0.0207419 0
1.09 0.88 0.754736 0.0160329 0
1.095 0.885 0.754931 0.0166384 0
1.1 0.885 0.771433 0.0191982 0
1.105 0.885 0.776905 0.0189765 0
1.11 0.885 0.78087 0.0161856 0
1.115 0.89 0.783052 0.0186136 0
1.12 0.89 0.785931 0.0185742 0
1.125 0.89 0.787334 0.0197576 0
1.13 0.895 0.788458 0.0208135 0
1.135 0.905 0.793598 0.0133946 0
1.14 0.905 0.794212 0.0180894 0
1.145 0.905 0.801636 0.0168377 0
1.15 0.91 0.804774 0.0153685 0
1.155 0.91 0.813387 0.0134009 0
1.16 0.91 0.817726 0.015007 0
1.165 0.91 0.818897 0.0142587 0
1.17 0.915 0.826654 0.0135265 0
1.175 0.915 0.827634 0.0136972 0
1.18 0.915 0.828957 0.0131749 0
1.185 0.915 0.829481 0.0152046 0
1.19 0.915 0.832196 0.0173049 0
1.195 0.915 0.832561 0.0159013 0
1.2 0.915 0.835225 0.0153622 0
