# Relevant parameters to reproduce this network:
# node_nr=200	 k_max=20
# initial_seed=1557414222	 delta_t=0.1	 max_steps=3000	 in_between=0
# fg_m=1	 fg_alpha=-1	 fg_t_min=0	 fg_t_max=1.2	 fg_t_number=240	 fg_weff_lower_frequency=-1e+08	 fg_weff_max_steps=3000	 fg_weff_in_between=0
# K Giant_component <r> sigma_r*sqrt(NODE_NR) clustering
0 0.01 0.0567762 0.0302041 0
0.005 0.01 0.0610547 0.0320046 0
0.01 0.01 0.0570763 0.0296461 0
0.015 0.01 0.0667993 0.0358768 0
0.02 0.01 0.0657944 0.0328146 0
0.025 0.01 0.0621581 0.0346024 0
0.03 0.01 0.0660571 0.0344802 0
0.035 0.01 0.0727153 0.0380067 0
0.04 0.01 0.0693666 0.032598 0
0.045 0.01 0.0630154 0.0289418 0
0.05 0.01 0.0658293 0.0340684 0
0.055 0.01 0.0698396 0.0364189 0
0.06 0.01 0.0621696 0.033011 0
0.065 0.01 0.0704827 0.0318857 0
0.07 0.01 0.0681798 0.0328442 0
0.075 0.01 0.0632928 0.0321096 0
0.08 0.01 0.0601332 0.0377445 0
0.085 0.01 0.073796 0.0379619 0
0.09 0.01 0.067491 0.0389997 0
0.095 0.01 0.0697698 0.0320483 0
0.1 0.015 0.0715742 0.0350143 0
0.105 0.015 0.0753111 0.0407922 0
0.11 0.015 0.0761615 0.0362994 0
0.115 0.015 0.0718911 0.0343466 0
0.12 0.015 0.0767077 0.0358229 0
0.125 0.015 0.0723076 0.0329736 0
0.13 0.015 0.0701539 0.0337336 0
0.135 0.015 0.078201 0.0365092 0
0.14 0.015 0.0722278 0.038022 0
0.145 0.015 0.0780071 0.042368 0
0.15 0.015 0.0711489 0.0367802 0
0.155 0.015 0.0729867 0.0369158 0
0.16 0.02 0.0740552 0.0380256 0
0.165 0.02 0.0730939 0.0323018 0
0.17 0.02 0.0747469 0.0409359 0
0.175 0.02 0.0732184 0.0354467 0
0.18 0.02 0.0773264 0.0399377 0
0.185 0.02 0.0813382 0.0423201 0
0.19 0.02 0.0870746 0.0380463 0
0.195 0.02 0.071217 0.0353508 0
0.2 0.035 0.0874395 0.041633 0
0.205 0.035 0.0840301 0.0447081 0
0.21 0.045 0.0757929 0.0369591 0
0.215 0.045 0.0871531 0.0415435 0
0.22 0.045 0.0842033 0.0457925 0
0.225 0.045 0.0797795 0.0400894 0
0.23 0.045 0.0964666 0.0514961 0
0.235 0.045 0.0880973 0.046851 0
0.24 0.045 0.0891788 0.035277 0
0.245 0.045 0.0863994 0.0416909 0
0.25 0.045 0.0887502 0.0476225 0
0.255 0.045 0.0834651 0.0426254 0
0.26 0.045 0.0873296 0.0422732 0
0.265 0.045 0.0818737 0.0431026 0
0.27 0.045 0.0844265 0.0415552 0
0.275 0.045 0.0701205 0.0425517 0
0.28 0.05 0.0791079 0.0426186 0
0.285 0.05 0.0913095 0.0423671 0
0.29 0.05 0.0938606 0.0399962 0
0.295 0.05 0.0832227 0.0480042 0
0.3 0.05 0.0918329 0.0471438 0
0.305 0.05 0.091805 0.0481867 0
0.31 0.05 0.0812036 0.0447888 0
0.315 0.05 0.0895659 0.045393 0
0.32 0.055 0.0915862 0.04919 0
0.325 0.055 0.0993949 0.0488485 0
0.33 0.065 0.10327 0.0552258 0
0.335 0.065 0.103355 0.0417362 0
0.34 0.065 0.106026 0.0456678 0
0.345 0.07 0.10284 0.0415502 0
0.35 0.085 0.106872 0.0528039 0
0.355 0.1 0.102347 0.0511312 0
0.36 0.1 0.112822 0.0591361 0
0.365 0.1 0.113689 0.0426059 0
0.37 0.105 0.117691 0.0637579 0
0.375 0.105 0.118921 0.0504136 0
0.38 0.125 0.118453 0.0493043 0
0.385 0.125 0.115412 0.0607142 0
0.39 0.125 0.135456 0.0580394 0
0.395 0.125 0.106584 0.0517577 0
0.4 0.125 0.136347 0.0685045 0
0.405 0.125 0.107283 0.0513891 0
0.41 0.125 0.119666 0.0519739 0
0.415 0.125 0.116796 0.0605857 0
0.42 0.17 0.0925003 0.0431095 0
0.425 0.175 0.0945242 0.044179 0
0.43 0.175 0.0967096 0.0502395 0
0.435 0.175 0.112669 0.0579025 0
0.44 0.195 0.126063 0.0701649 0
0.445 0.195 0.139819 0.058985 0
0.45 0.195 0.101112 0.0552511 0
0.455 0.195 0.103366 0.0507224 0
0.46 0.195 0.126882 0.0566002 0
0.465 0.2 0.128371 0.0589628 0
0.47 0.2 0.135051 0.0549595 0
0.475 0.2 0.138108 0.0519062 0
0.48 0.2 0.129389 0.0643298 0
0.485 0.205 0.139397 0.0617811 0
0.49 0.205 0.109342 0.055716 0
0.495 0.225 0.119509 0.0625885 0
0.5 0.23 0.102518 0.0661621 0
0.505 0.23 0.135131 0.0543755 0
0.51 0.23 0.114786 0.045408 0
0.515 0.235 0.120971 0.0595856 0
0.52 0.235 0.122527 0.0649258 0
0.525 0.245 0.132608 0.0502612 0
0.53 0.245 0.15857 0.0592527 0
0.535 0.265 0.127479 0.0579411 0
0.54 0.265 0.123639 0.0546418 0
0.545 0.265 0.1668 0.0779163 0
0.55 0.265 0.195061 0.0668687 0
0.555 0.28 0.16651 0.0643572 0
0.56 0.285 0.130843 0.0673564 0
0.565 0.29 0.100803 0.0525588 0
0.57 0.29 0.144852 0.0586513 0
0.575 0.29 0.0760552 0.0378504 0
0.58 0.29 0.150568 0.0694854 0
0.585 0.305 0.188609 0.0767876 0
0.59 0.325 0.14719 0.0821731 0
0.595 0.33 0.152553 0.0776802 0
0.6 0.335 0.161742 0.0739214 0
0.605 0.335 0.149454 0.0629547 0
0.61 0.335 0.148432 0.0854984 0
0.615 0.35 0.175937 0.0779915 0
0.62 0.35 0.162315 0.0833285 0
0.625 0.35 0.200634 0.0738833 0
0.63 0.49 0.208334 0.0805945 0
0.635 0.495 0.205048 0.0847387 0
0.64 0.495 0.172967 0.0813202 0
0.645 0.495 0.207256 0.0601626 0
0.65 0.495 0.203139 0.0660241 0
0.655 0.495 0.208422 0.0534486 0
0.66 0.495 0.217438 0.0598269 0
0.665 0.51 0.205034 0.0589785 0
0.67 0.51 0.113457 0.0702841 0
0.675 0.515 0.0809251 0.033921 0
0.68 0.515 0.0835211 0.0430676 0
0.685 0.515 0.0767347 0.0416442 0
0.69 0.52 0.0881238 0.0421203 0
0.695 0.56 0.0961685 0.0476679 0
0.7 0.565 0.0697712 0.0372321 0
0.705 0.565 0.0741992 0.0364706 0
0.71 0.59 0.0674137 0.0362591 0
0.715 0.59 0.0892342 0.0421766 0
0.72 0.59 0.0839061 0.0360165 0
0.725 0.595 0.0802222 0.0349544 0
0.73 0.605 0.0645533 0.0351067 0
0.735 0.61 0.056252 0.0254761 0
0.74 0.615 0.0551815 0.0282245 0
0.745 0.615 0.0617851 0.0329815 0
0.75 0.615 0.0572486 0.0292808 0
0.755 0.625 0.06491 0.0292916 0
0.76 0.625 0.0574533 0.0327453 0
0.765 0.625 0.168647 0.0630651 0
0.77 0.625 0.214327 0.0444277 0
0.775 0.625 0.287629 0.0489294 0
0.78 0.625 0.288659 0.0478296 0
0.785 0.625 0.328226 0.0409623 0
0.79 0.63 0.259916 0.0413374 0
0.795 0.655 0.247806 0.0392582 0
0.8 0.66 0.23176 0.0356984 0
0.805 0.67 0.246533 0.0405423 0
0.81 0.67 0.244982 0.0345456 0
0.815 0.7 0.317263 0.0312925 0
0.82 0.7 0.328558 0.0301816 0
0.825 0.705 0.335365 0.0328335 0
0.83 0.705 0.370951 0.0308406 0
0.835 0.705 0.3511 0.034798 0
0.84 0.73 0.372249 0.0296062 0
0.845 0.745 0.413375 0.0332179 0
0.85 0.745 0.404937 0.0320748 0
0.855 0.745 0.410293 0.0328203 0
0.86 0.745 0.405166 0.0314997 0
0.865 0.745 0.449792 0.0312639 0
0.87 0.745 0.461179 0.0321514 0
0.875 0.745 0.486848 0.0326263 0
0.88 0.745 0.49161 0.0305913 0
0.885 0.745 0.51974 0.0351426 0
0.89 0.75 0.527196 0.0281638 0
0.895 0.755 0.529871 0.031466 0
0.9 0.755 0.525288 0.0330417 0
0.905 0.755 0.527708 0.0302642 0
0.91 0.755 0.521565 0.0329716 0
0.915 0.755 0.576563 0.0368869 0
0.92 0.76 0.591751 0.032296 0
0.925 0.76 0.597882 0.0338278 0
0.93 0.77 0.608589 0.0304218 0
0.935 0.77 0.615394 0.0330686 0
0.94 0.775 0.619495 0.0304063 0
0.945 0.775 0.624385 0.0244467 0
0.95 0.775 0.623803 0.0259953 0
0.955 0.785 0.619996 0.0252377 0
0.96 0.79 0.623564 0.0243136 0
0.965 0.79 0.629248 0.0258408 0
0.97 0.79 0.620009 0.0264236 0
0.975 0.79 0.628882 0.0263063 0
0.98 0.795 0.63686 0.0221096 0
0.985 0.805 0.644781 0.0242519 0
0.99 0.81 0.645223 0.0230104 0
0.995 0.81 0.657012 0.0220171 0
1 0.81 0.664356 0.0239151 0
1.005 0.815 0.647394 0.0261624 0
1.01 0.815 0.634681 0.0238692 0
1.015 0.83 0.657824 0.0203729 0
1.02 0.835 0.663648 0.02037 0
1.025 0.84 0.661421 0.0247658 0
1.03 0.84 0.67705 0.0213282 0
1.035 0.84 0.670209 0.0217833 0
1.04 0.84 0.667499 0.0217243 0
1.045 0.84 0.680097 0.0194017 0
1.05 0.84 0.694209 0.0171182 0
1.055 0.845 0.690254 0.0226725 0
1.06 0.845 0.691428 0.0206442 0
1.065 0.85 0.688055 0.0206914 0
1.07 0.85 0.687708 0.0213193 0
1.075 0.86 0.706463 0.0177978 0
1.08 0.865 0.711917 0.0201778 0
1.085 0.875 0.716816 0.017876 0
1.09 0.88 0.721031 0.0164944 0
1.095 0.885 0.727148 0.0189833 0
1.1 0.885 0.73393 0.0177403 0
1.105 0.885 0.73348 0.0176703 0
1.11 0.885 0.732544 0.0186772 0
1.115 0.885 0.736408 0.0134221 0
1.12 0.885 0.736479 0.0175164 0
1.125 0.885 0.737583 0.0199066 0
1.13 0.89 0.74197 0.0167915 0
1.135 0.89 0.741603 0.0173454 0
1.14 0.89 0.743018 0.0144911 0
1.145 0.89 0.744608 0.0201637 0
1.15 0.895 0.746792 0.0160551 0
1.155 0.895 0.748251 0.0171645 0
1.16 0.895 0.751786 0.0182141 0
1.165 0.895 0.755147 0.0159105 0
1.17 0.895 0.756013 0.0194282 0
1.175 0.895 0.756007 0.0178045 0
1.18 0.895 0.760117 0.0154684 0
1.185 0.905 0.771609 0.0180227 0
1.19 0.91 0.777628 0.0147322 0
1.195 0.91 0.78027 0.0158466 0
1.2 0.91 0.780862 0.0168854 0
